27	255	20	10
25	255	19	10
24	256	18	10
22	255	20	10
20	256	19	10
20	255	18	10
18	255	20	10
17	255	19	10
15	255	20	10
15	254	19	10
14	255	19	10
13	255	19	10
13	254	19	11
12	256	18	10
12	255	18	11
11	255	19	11
10	255	20	10
10	255	20	10
10	256	20	10
10	255	20	10
10	255	20	10
10	256	20	10
9	255	20	10
9	256	20	10
9	255	20	12
11	256	18	10
10	255	18	11
10	256	19	10
11	256	19	10
11	255	19	11
11	256	20	10
12	257	19	10
13	256	19	11
15	257	18	10
16	256	18	11
15	257	19	10
17	257	19	10
18	257	19	11
19	257	20	10
19	257	19	10
21	256	19	11
22	258	20	10
23	257	19	11
24	258	20	10
26	257	19	10
27	257	19	10
29	258	19	10
31	257	19	11
31	258	20	10
34	257	19	11
35	258	20	10
37	258	19	10
39	258	18	10
41	259	18	10
43	257	18	11
44	257	19	10
46	258	19	10
49	258	18	10
50	258	18	10
51	257	20	11
53	258	20	10
57	257	19	10
58	258	19	10
60	257	18	11
62	257	19	10
64	257	19	10
66	257	19	10
69	257	19	10
72	257	19	11
73	258	20	10
76	257	19	10
78	257	19	11
81	258	20	10
83	256	19	11
86	258	20	10
88	257	20	11
91	258	19	10
94	256	19	11
96	257	20	10
100	258	19	10
103	257	19	11
104	258	20	10
108	258	19	10
110	257	20	10
113	258	19	10
116	258	20	11
119	258	20	10
122	258	19	10
125	259	18	10
127	257	20	11
130	258	20	10
135	258	19	10
137	258	20	10
139	258	19	10
142	258	18	10
145	259	20	10
149	259	19	10
152	259	20	10
155	259	19	10
159	259	18	10
161	257	20	11
164	259	20	10
167	258	19	10
171	258	20	10
174	258	19	10
176	258	20	10
179	259	19	10
184	259	18	10
186	258	20	11
189	258	20	10
192	259	19	10
195	258	18	11
198	257	19	11
201	258	20	10
204	258	19	10
207	257	19	11
209	256	20	12
213	258	18	10
215	258	20	11
218	258	20	10
223	257	19	11
225	258	20	10
228	256	19	11
232	257	20	10
234	256	19	11
236	256	20	12
240	257	19	10
244	256	19	11
246	257	20	10
249	257	19	11
251	257	20	12
255	256	19	13
258	257	19	10
261	256	19	11
263	256	20	12
266	256	21	13
271	256	19	11
273	256	20	12
276	256	19	12
280	256	19	12
281	256	21	12
286	256	18	11
288	256	19	11
292	256	18	12
295	256	20	12
298	255	19	12
301	256	18	10
305	256	19	11
306	256	20	12
311	256	18	10
313	256	19	11
316	255	20	12
320	256	18	12
321	257	20	11
326	255	19	12
328	256	20	12
333	257	18	10
335	256	19	11
338	256	20	12
341	256	18	12
344	256	20	12
348	256	19	11
351	256	20	12
354	255	19	12
357	255	18	12
359	255	19	12
363	257	18	10
366	256	18	11
369	255	19	11
371	255	20	12
375	257	18	10
378	256	19	11
380	255	20	12
385	256	18	12
385	256	20	10
390	256	19	11
392	255	20	12
397	256	18	13
399	256	18	11
401	256	20	12
405	257	18	10
407	256	19	11
410	255	20	12
413	257	18	10
416	257	19	11
420	257	18	10
423	257	18	11
425	256	19	11
427	257	20	10
431	256	19	11
432	257	20	12
435	257	18	10
439	257	19	11
442	257	20	12
444	256	18	12
447	258	18	10
451	257	18	11
453	256	19	11
456	258	18	10
459	258	18	11
462	257	17	11
464	257	19	11
467	257	18	12
470	257	18	12
472	257	20	12
476	258	18	10
478	258	19	11
481	257	20	12
484	257	18	12
487	257	17	12
490	257	18	12
491	257	19	11
495	258	17	10
498	258	18	11
501	257	19	11
503	257	18	12
506	258	19	11
509	259	18	10
510	259	18	11
513	259	19	10
516	259	19	11
519	259	18	10
522	258	18	10
524	259	18	11
526	258	19	11
528	259	18	10
531	259	18	11
533	260	19	10
536	260	19	10
539	261	18	10
542	260	18	10
544	261	18	10
547	261	18	10
549	261	18	10
551	261	18	10
554	261	18	10
556	261	18	10
559	260	16	10
560	260	17	10
563	259	18	10
565	260	16	11
568	260	16	11
569	260	16	10
570	260	16	10
572	259	16	10
573	260	16	10
576	260	15	10
577	260	16	10
578	260	17	10
579	260	16	10
580	260	16	10
581	260	16	10
582	260	16	10
583	260	16	10
584	259	16	10
584	260	16	10
586	259	15	10
585	258	17	13
586	259	16	12
586	259	16	11
586	259	16	11
586	258	16	13
586	259	17	12
587	259	15	11
586	258	16	11
587	258	16	11
586	257	16	11
586	258	16	10
586	258	17	10
585	258	17	10
586	258	18	10
586	258	18	10
585	257	18	10
585	258	18	10
584	257	18	10
584	257	18	10
585	258	16	10
584	257	17	10
582	256	17	10
583	255	16	10
583	256	17	10
583	256	15	10
583	255	17	10
582	256	17	10
582	256	16	10
582	255	17	10
582	255	15	10
583	254	17	10
582	255	17	10
583	254	16	10
582	254	17	10
583	254	15	10
582	253	17	10
583	253	15	10
582	253	17	10
582	252	17	10
584	251	16	10
583	252	17	10
584	251	16	10
584	250	17	10
585	250	15	10
583	251	17	10
584	250	16	10
584	249	17	10
584	248	16	10
584	249	16	10
584	248	16	10
585	248	16	10
585	248	16	10
584	249	18	10
584	247	16	14
583	245	16	15
584	246	16	16
583	245	16	16
584	245	16	16
584	245	17	17
583	245	17	17
583	244	17	17
583	244	17	17
583	246	18	14
584	244	16	16
584	244	16	16
583	244	16	16
583	244	17	17
582	244	17	17
582	244	17	17
582	246	17	14
583	245	16	16
583	244	16	16
581	245	16	16
581	244	16	16
580	245	17	17
580	246	17	17
580	245	17	17
579	245	17	17
579	246	18	18
579	245	18	18
580	247	16	14
578	247	15	15
578	247	16	16
578	247	16	16
577	247	16	16
577	247	16	16
576	248	17	13
577	247	16	15
576	246	16	16
575	247	16	13
575	248	17	15
575	249	16	13
575	249	16	11
575	248	16	14
575	249	15	12
574	250	16	11
572	249	18	13
573	249	15	12
572	250	16	10
572	251	17	10
571	250	18	10
572	251	16	11
572	252	16	10
570	252	17	10
570	252	16	10
568	252	17	10
569	252	16	10
568	253	15	10
567	253	16	10
567	253	15	10
566	253	17	10
566	254	15	10
564	254	17	10
564	253	17	10
564	253	16	10
563	254	15	10
563	255	14	10
561	254	16	10
561	255	15	10
560	254	15	10
559	255	16	10
559	255	14	10
557	255	16	10
557	255	15	10
556	255	15	10
556	255	15	10
554	254	15	10
554	255	15	10
552	255	15	10
552	255	14	10
551	255	14	10
549	255	16	10
547	254	15	10
546	255	14	10
545	254	14	10
544	256	14	10
544	254	14	10
542	256	14	10
541	255	14	10
539	255	14	10
538	255	13	10
536	255	15	10
536	255	14	10
534	255	14	10
532	255	16	10
531	255	14	10
530	255	14	10
528	255	14	10
526	255	16	10
525	254	14	10
523	256	14	10
523	255	14	10
520	255	16	10
518	255	15	10
516	254	16	10
514	255	15	10
513	254	15	10
512	255	14	10
510	255	16	10
508	255	15	10
507	255	15	10
505	255	15	10
503	255	15	10
501	254	15	10
500	254	14	10
497	254	14	10
494	254	16	10
494	254	14	10
493	255	14	10
490	254	14	10
488	254	14	10
487	254	14	10
485	254	14	10
482	254	14	10
481	254	14	10
479	253	14	10
476	252	16	10
474	252	14	10
473	252	14	10
471	252	16	10
469	252	14	10
466	252	16	10
465	252	14	10
463	251	14	10
461	252	14	10
458	251	14	10
457	252	14	10
454	251	14	10
452	252	16	10
451	251	14	10
448	251	14	10
447	250	14	10
444	250	16	10
442	250	14	10
440	251	14	10
437	249	16	10
435	249	15	10
433	249	14	10
432	249	14	10
428	250	16	10
427	248	13	10
425	249	13	10
423	249	14	10
420	248	16	10
418	248	13	10
417	248	14	10
415	248	14	10
412	247	14	10
409	248	14	10
408	247	13	10
404	248	15	10
402	246	14	10
401	247	14	10
398	247	13	10
395	247	15	10
392	246	14	10
391	246	14	10
389	246	14	10
386	245	14	10
384	246	14	10
381	245	14	10
379	246	13	10
376	244	15	10
375	244	13	10
372	244	14	10
370	244	14	10
368	244	13	10
364	243	14	10
362	242	13	10
360	243	15	10
357	243	14	10
354	242	14	10
353	242	13	10
350	242	15	10
346	240	14	10
344	241	14	10
343	241	13	10
340	240	13	10
336	241	15	10
335	240	14	10
332	240	14	10
330	240	14	10
327	240	13	10
323	239	15	10
322	240	14	10
319	238	14	10
317	239	12	10
312	239	14	10
310	237	14	10
308	238	16	10
305	237	14	10
303	237	14	10
300	237	13	10
298	236	13	10
295	236	13	10
293	237	13	10
289	235	14	10
287	236	13	10
283	234	15	10
282	234	14	10
279	234	14	10
274	234	16	10
273	233	14	10
272	233	14	10
267	233	14	10
265	233	14	10
262	232	14	10
261	231	12	10
256	233	15	10
255	232	13	10
251	231	13	10
249	231	14	10
246	230	14	10
243	231	14	10
240	230	14	10
239	230	14	10
235	230	13	10
232	229	14	10
229	228	14	10
227	228	14	10
224	227	16	10
222	227	13	10
218	228	16	10
217	226	14	10
214	227	14	10
211	226	16	10
209	226	14	10
206	225	14	10
204	225	14	10
201	225	14	10
198	225	14	10
196	223	14	10
194	224	13	10
190	223	14	10
188	223	14	10
185	223	14	10
182	223	16	10
180	222	14	10
177	221	14	10
174	221	16	10
173	221	14	10
171	220	14	10
168	219	14	10
166	219	14	10
164	218	14	10
161	218	14	10
158	217	16	10
155	217	15	10
154	216	14	10
152	216	14	10
149	215	16	10
146	215	14	10
144	215	14	10
143	214	14	10
139	214	16	10
138	213	14	10
137	212	14	10
135	213	14	10
134	211	14	10
130	210	14	10
128	210	16	10
126	210	14	10
124	209	14	10
123	209	14	10
120	208	16	10
119	208	15	10
118	208	14	10
116	207	14	10
114	207	16	10
113	206	14	10
111	206	14	10
110	204	14	10
109	204	14	10
107	204	16	10
106	203	14	10
104	203	15	10
104	203	15	10
103	201	14	10
101	201	16	10
100	201	15	10
99	199	15	10
97	199	16	10
97	199	14	10
95	199	16	10
96	199	14	10
95	197	14	10
95	197	14	10
95	197	13	10
93	196	13	10
92	195	15	10
92	194	14	10
92	195	14	10
91	193	14	10
90	193	14	10
90	192	14	10
89	193	14	10
88	192	14	10
89	191	14	10
89	190	14	10
88	190	14	10
87	190	16	10
87	188	15	10
87	187	15	12
87	188	15	10
86	186	15	10
86	187	16	10
87	185	15	10
87	184	15	10
87	185	15	10
87	183	15	10
86	183	17	10
87	183	15	10
87	182	17	10
87	182	15	10
87	181	14	10
86	181	16	10
86	181	14	10
85	180	16	10
86	179	14	10
85	177	16	12
85	177	16	11
84	176	16	11
84	176	15	10
84	177	15	10
83	176	17	10
83	174	16	10
82	175	15	10
80	174	16	10
81	173	15	10
79	173	17	10
79	173	16	10
78	172	16	10
78	172	15	10
77	171	17	10
76	171	15	10
76	170	16	10
73	170	17	10
73	169	17	10
72	169	18	10
71	168	16	10
71	168	15	10
71	167	15	10
69	167	16	10
68	166	17	10
67	165	17	10
68	163	16	10
67	164	16	10
66	162	17	13
66	163	16	10
65	161	17	10
65	161	16	11
64	160	18	11
64	160	16	10
64	158	17	10
65	159	15	10
65	157	15	13
64	155	16	14
64	156	15	12
64	155	16	11
63	153	18	13
64	154	16	12
64	152	16	14
65	152	17	12
65	152	17	12
65	152	16	10
65	150	17	10
66	151	18	10
66	151	18	10
67	149	18	10
67	148	18	10
68	149	18	10
69	147	18	11
71	146	17	11
71	145	17	11
70	144	17	11
71	144	19	10
72	144	18	10
73	144	18	10
74	143	18	10
75	143	18	10
75	142	18	10
75	141	18	11
78	140	17	11
78	139	19	11
80	139	18	10
82	139	18	10
81	138	18	11
82	138	19	10
83	139	19	10
85	138	18	11
86	137	17	11
88	137	19	10
89	136	18	11
90	137	19	10
91	137	19	11
93	137	18	10
95	136	18	10
97	137	18	11
98	137	19	11
98	138	20	12
100	138	19	13
102	138	19	10
103	139	19	10
104	139	20	10
106	139	19	11
108	139	20	12
110	140	19	10
112	140	19	10
113	141	20	11
115	141	20	10
118	141	19	10
120	141	20	11
122	143	20	10
123	143	21	10
126	142	19	11
127	142	20	10
129	143	21	10
133	143	19	10
134	143	20	10
137	143	21	10
140	143	19	10
142	144	20	10
145	143	21	10
148	144	19	10
150	143	20	10
151	143	21	10
151	143	21	10
151	143	22	10
151	143	22	10
151	143	22	10
151	144	22	10
151	144	22	10
151	144	22	10
151	143	22	10
150	144	22	10
151	144	22	10
152	142	22	12
151	143	22	11
151	143	21	10
152	142	20	12
151	142	21	13
151	143	22	13
152	142	21	14
152	142	21	14
151	142	23	13
126	140	72	18
197	139	38	20
226	140	22	18
230	142	22	16
236	141	22	19
240	141	22	16
244	142	22	15
248	141	22	19
253	141	22	16
257	142	22	19
263	143	21	17
266	142	22	19
271	144	23	16
275	143	22	20
281	143	23	21
286	143	22	22
290	142	23	23
295	143	23	23
300	144	23	23
304	143	23	23
310	144	24	24
314	144	24	24
319	145	24	24
324	144	24	24
329	144	23	25
334	147	24	19
338	148	25	22
344	148	23	23
349	150	24	19
355	150	21	19
359	150	22	23
364	151	23	23
369	150	23	23
374	151	23	23
378	152	24	24
383	152	24	24
388	152	24	24
391	154	24	24
397	146	27	33
393	150	34	30
407	158	26	21
412	160	24	19
418	158	23	21
421	159	25	23
426	159	24	24
431	160	24	24
436	161	24	24
441	162	25	25
445	163	25	25
448	163	25	25
453	165	25	25
459	165	23	26
462	167	24	22
467	168	23	23
471	167	23	23
475	168	24	24
480	169	24	24
484	169	24	24
488	169	24	24
491	173	25	20
497	174	24	18
500	175	24	18
503	176	24	17
508	176	23	20
512	175	24	22
516	178	23	19
520	179	23	17
524	180	23	16
527	182	23	15
531	183	23	15
536	184	22	15
538	185	22	18
541	184	22	20
545	185	21	17
548	188	22	15
552	188	21	19
554	188	23	20
557	190	22	17
561	190	22	19
564	193	21	17
566	192	22	15
569	193	22	18
571	194	22	16
574	194	21	15
576	196	21	14
579	197	21	14
581	197	21	14
584	198	21	14
586	199	21	14
588	200	21	14
590	200	21	17
592	202	21	15
593	202	21	14
595	202	20	14
597	203	20	14
598	205	20	13
599	205	20	13
600	206	22	13
602	207	19	13
603	208	20	13
603	207	20	13
605	208	19	13
605	207	20	16
605	208	20	14
607	209	20	14
607	210	20	13
608	208	20	17
607	209	21	18
608	210	20	16
608	212	20	14
608	211	20	17
608	210	21	22
608	211	21	21
607	210	22	22
609	211	20	22
608	211	21	21
607	212	21	21
607	213	22	19
608	213	21	21
607	212	21	21
605	214	21	19
605	213	20	20
604	216	20	16
604	214	21	18
603	215	20	16
602	215	19	14
601	215	19	13
599	216	22	13
598	215	20	14
597	217	20	11
595	218	20	12
594	218	21	10
593	219	20	10
592	219	21	10
590	220	21	10
587	219	21	10
587	220	21	10
585	220	21	10
584	220	19	10
583	219	21	11
582	220	21	10
581	220	20	12
579	219	21	12
578	220	22	11
578	220	21	12
576	220	22	11
576	220	21	12
575	221	22	13
575	221	20	11
575	220	20	15
574	221	20	14
573	223	21	14
573	222	19	13
572	222	20	13
572	224	19	11
571	224	20	10
570	223	21	11
571	224	21	12
569	225	22	13
571	225	20	11
571	225	20	10
570	226	21	11
571	226	21	12
569	226	22	11
569	227	21	10
571	226	20	12
570	227	21	10
571	227	20	12
570	229	21	10
571	228	20	12
570	229	21	10
570	229	20	10
571	229	21	10
572	231	19	10
571	231	21	10
572	230	19	10
571	231	21	10
571	232	21	10
571	231	21	10
572	232	19	10
574	232	19	10
573	233	21	10
573	232	21	11
573	233	21	10
574	233	20	10
574	234	21	10
575	234	19	11
574	234	20	10
574	235	21	10
574	236	21	10
574	236	21	10
574	235	21	10
575	236	19	10
575	236	20	10
576	237	21	10
577	237	19	10
577	237	20	10
578	239	19	10
578	239	21	10
579	238	19	10
580	239	19	10
580	239	20	10
581	238	19	11
580	239	20	10
581	240	19	11
580	239	20	15
580	239	20	17
580	239	19	15
581	241	19	14
579	240	19	16
580	240	19	14
579	240	19	13
579	242	19	13
578	242	19	13
577	243	21	12
577	244	20	11
576	245	20	10
575	246	21	10
575	246	19	10
574	246	19	10
573	246	20	10
571	247	21	10
570	247	21	10
570	247	19	10
569	247	20	10
567	248	21	10
567	247	19	10
567	249	19	10
566	249	20	10
565	249	19	10
565	249	20	10
564	248	21	11
563	250	21	10
563	250	20	10
563	251	20	10
562	251	19	11
562	252	20	10
561	252	21	10
561	253	19	10
560	253	20	10
561	253	19	10
560	254	20	10
560	254	21	10
560	255	19	10
560	255	20	10
560	255	19	10
560	255	20	10
560	256	19	10
559	256	21	10
560	257	19	10
560	258	20	10
561	258	19	10
560	258	20	11
560	258	20	10
559	259	21	10
561	260	19	10
560	260	20	10
560	260	21	10
561	261	19	10
560	261	20	10
560	262	21	10
561	262	19	10
561	263	20	10
561	263	19	10
560	264	20	10
560	264	19	10
561	265	20	10
561	265	19	10
561	265	20	10
561	265	19	10
561	265	20	10
560	266	19	10
561	266	20	10
561	265	21	11
561	266	21	10
562	266	20	10
560	266	20	10
562	266	19	10
561	266	20	10
563	266	19	10
562	266	20	10
562	265	21	10
562	264	19	10
563	264	19	10
562	263	20	10
562	262	19	10
562	262	21	10
563	261	19	10
563	260	20	10
564	259	19	10
563	257	20	11
564	256	20	10
564	256	19	10
563	255	20	10
564	253	19	10
564	252	20	10
565	250	19	10
564	249	20	10
565	248	19	10
566	247	18	10
564	244	20	11
564	244	20	10
565	242	20	10
564	241	21	10
565	239	19	10
565	239	20	10
566	237	19	10
565	235	20	10
566	234	19	10
565	233	20	10
566	231	19	10
566	230	18	10
565	228	20	10
567	227	19	10
566	225	20	10
566	224	19	10
567	223	20	10
567	221	19	10
567	219	20	10
566	218	21	10
567	217	19	10
567	215	19	10
566	214	20	10
566	211	19	10
566	211	20	10
566	209	19	10
566	207	20	10
566	206	21	10
566	205	19	10
566	202	20	11
566	201	20	10
567	200	19	10
566	199	20	10
567	197	19	10
566	196	20	10
567	194	19	10
566	192	20	11
566	191	20	10
567	190	19	10
566	188	20	11
566	187	20	10
566	185	21	11
566	182	21	15
566	183	20	10
566	182	21	10
567	180	19	11
566	180	20	10
567	180	19	10
566	179	20	11
566	179	20	12
566	178	21	13
566	178	20	11
566	177	20	12
566	177	21	13
567	177	20	13
567	175	20	16
566	176	21	16
566	176	21	16
566	175	20	16
567	176	20	15
567	175	20	14
565	174	21	17
566	176	22	15
566	176	21	14
566	176	20	14
567	174	19	17
567	175	20	15
567	174	20	14
566	176	20	13
566	175	20	13
567	174	20	16
567	174	20	14
565	173	21	17
566	173	21	15
565	172	20	14
566	173	20	10
566	173	19	10
566	172	21	11
566	173	20	10
567	172	19	11
566	173	20	10
566	171	21	14
565	171	20	14
565	171	20	11
565	171	20	10
566	171	19	11
565	171	20	10
565	170	19	11
565	171	20	10
566	169	19	11
566	170	20	10
566	169	19	11
565	169	20	10
566	167	19	14
565	167	19	17
564	169	20	15
564	168	20	14
565	168	19	17
563	168	21	15
564	167	20	14
564	166	20	17
564	167	20	15
564	166	20	14
564	166	20	17
564	167	19	15
564	166	20	17
564	167	20	12
565	167	19	11
564	165	20	12
563	166	21	10
564	165	20	10
564	166	20	11
565	164	20	12
563	165	21	10
564	164	20	12
564	165	21	10
563	164	20	12
563	164	21	13
563	162	20	13
563	163	22	11
563	163	21	10
564	163	20	10
563	162	21	11
563	161	21	12
563	163	22	11
562	162	21	15
563	161	20	14
563	161	20	14
564	161	20	13
562	161	20	13
563	159	19	16
563	160	20	14
563	160	20	14
563	159	19	13
563	160	20	13
562	160	22	13
563	159	19	13
563	159	20	13
562	158	22	16
562	159	21	12
564	159	19	11
563	158	20	10
563	160	20	10
562	159	21	10
562	159	21	10
562	157	21	11
562	157	21	10
563	157	20	12
562	157	21	10
563	156	20	12
562	156	21	10
563	155	20	12
562	156	21	10
563	156	20	10
563	156	21	10
564	155	19	11
564	156	20	10
562	154	21	11
562	154	21	10
563	154	20	10
563	154	21	10
564	155	19	10
564	153	20	11
563	153	20	10
564	154	19	10
563	153	20	11
563	154	20	12
562	152	21	16
563	152	20	15
564	153	20	16
563	151	20	18
564	152	19	15
564	151	20	17
563	151	21	17
562	151	21	17
563	152	21	17
563	151	21	17
562	149	21	19
563	150	20	18
563	149	19	19
564	147	19	19
563	148	21	19
563	147	20	20
563	146	21	21
562	146	21	21
561	146	21	21
561	145	21	21
561	147	22	17
561	145	19	19
560	145	20	20
559	144	20	20
559	144	20	20
557	144	20	20
556	144	21	16
556	145	19	15
554	143	20	19
554	142	20	20
552	144	20	13
551	144	19	13
550	143	19	16
548	141	20	18
547	143	19	15
546	142	20	17
545	142	19	15
542	140	19	19
540	140	20	16
538	141	20	14
537	140	20	14
535	141	19	13
532	140	20	13
529	140	22	13
528	139	20	13
527	139	19	13
524	138	19	13
522	138	21	13
520	138	20	13
517	137	20	13
514	137	22	13
512	137	20	13
509	137	20	13
507	136	20	13
503	136	22	13
501	135	20	14
498	135	22	17
496	135	21	15
492	134	21	15
491	135	20	14
488	135	21	11
485	134	21	12
482	133	22	13
480	133	20	11
476	133	20	12
473	133	21	10
471	132	20	12
467	131	21	13
465	133	20	11
461	131	20	12
458	133	21	10
456	131	20	12
451	131	21	10
448	130	20	12
445	130	21	13
443	130	21	11
440	130	20	12
437	129	21	13
435	129	20	13
432	129	22	13
431	127	20	14
429	127	19	13
427	127	19	18
425	127	19	15
423	127	20	17
420	126	19	19
419	126	19	19
418	126	19	19
416	125	19	19
414	127	20	16
411	127	20	18
411	126	19	17
409	125	21	18
408	127	20	17
406	126	21	16
406	125	21	19
405	128	20	16
404	125	20	18
403	125	19	19
403	126	20	16
401	127	20	16
400	126	20	16
400	125	21	18
400	126	20	16
399	125	20	18
398	126	19	15
397	126	20	14
396	126	20	13
396	125	20	16
395	126	21	14
395	125	20	14
394	124	20	17
395	125	19	15
393	124	20	13
393	122	20	17
393	125	20	12
392	123	21	16
391	123	21	15
391	122	20	18
390	123	21	15
389	121	21	18
389	121	20	16
389	123	20	14
387	121	21	17
388	121	19	15
388	121	20	15
386	121	20	14
387	120	20	17
386	121	20	15
385	119	20	18
385	120	21	15
384	121	21	16
383	120	20	16
383	119	21	16
383	119	20	16
382	119	20	16
382	119	20	15
381	118	20	18
380	118	19	15
380	119	20	14
380	118	20	17
378	118	20	15
378	117	20	17
377	116	21	19
377	116	20	16
376	117	20	10
376	118	21	12
374	116	21	13
374	115	22	13
375	116	20	14
373	114	20	17
372	114	20	19
371	113	20	13
371	114	19	11
371	114	20	12
370	113	21	15
368	112	21	18
368	111	20	13
368	112	22	11
367	112	21	15
365	111	21	18
365	110	20	16
365	111	19	14
363	111	20	17
362	110	20	18
361	111	19	17
361	110	20	15
360	109	20	17
358	110	21	15
358	110	20	14
356	108	20	17
356	109	21	15
354	107	20	14
354	106	20	17
352	107	22	15
352	106	21	12
350	106	21	13
351	107	20	11
349	106	20	12
347	106	21	13
347	105	21	11
345	106	20	10
344	105	21	11
344	106	21	10
343	105	20	12
340	106	21	10
339	106	20	10
338	105	21	11
337	106	21	10
337	105	20	12
335	106	21	10
334	106	20	12
332	106	21	12
330	106	22	11
330	106	21	10
329	106	20	12
327	105	21	12
325	106	22	11
324	106	21	12
322	106	22	13
321	107	20	11
320	106	20	12
318	106	21	13
316	106	22	13
315	107	21	11
314	106	21	12
312	107	22	11
311	107	21	12
308	107	22	11
307	107	21	12
305	106	22	13
304	107	21	11
303	107	21	12
300	106	22	13
299	108	20	11
297	108	20	12
295	107	21	13
292	108	22	11
291	108	21	13
290	108	21	11
288	107	20	12
286	108	21	10
284	109	20	10
283	108	21	11
281	108	21	12
279	110	22	11
278	109	21	10
277	110	20	10
275	109	21	11
273	110	21	12
271	108	22	16
269	110	21	12
266	110	22	13
266	110	20	13
263	111	22	13
262	109	20	17
259	111	22	15
258	110	21	14
256	111	21	14
255	110	21	14
254	111	20	11
251	111	20	10
250	112	19	11
248	112	20	10
247	112	19	10
244	111	21	11
242	111	21	12
240	112	22	11
240	112	21	12
237	111	22	16
236	112	21	15
234	111	20	16
232	113	21	14
230	111	21	17
229	112	21	15
228	113	21	15
225	112	20	16
224	112	20	14
222	113	20	14
221	112	19	17
219	113	20	15
217	112	20	14
216	114	20	10
213	113	21	11
212	114	21	10
212	113	20	12
209	114	21	12
208	114	22	13
207	115	20	13
204	114	22	17
205	114	19	13
