339.000	273.000	64.000	35.000
300.911	270.917	65.828	42.155
261.117	271.961	66.172	41.538
242.438	272.409	62.096	42.109
246.633	273.665	60.957	41.835
247.494	274.800	60.828	40.983
243.435	275.669	62.765	42.169
243.142	276.806	61.997	41.743
242.314	277.912	61.470	41.700
242.202	278.777	61.145	41.836
241.717	279.856	61.048	42.070
241.146	281.045	61.330	41.767
240.604	281.782	61.207	42.195
241.077	282.842	60.858	41.658
240.413	283.701	61.443	41.883
240.795	284.527	60.858	41.561
245.488	284.797	62.352	41.368
265.068	284.478	62.955	42.433
266.258	285.117	61.009	42.001
261.528	285.519	63.153	41.133
263.257	285.806	61.070	41.913
263.717	285.906	61.546	41.731
262.499	285.935	61.957	41.704
262.966	285.884	61.626	41.576
263.897	286.383	59.981	41.410
263.141	285.432	60.709	40.581
262.773	265.946	61.633	42.849
262.214	249.904	62.257	41.163
262.809	248.098	62.341	40.605
262.760	248.375	61.327	41.859
262.918	248.942	60.805	41.788
262.302	249.589	61.513	41.195
262.514	249.471	61.324	41.437
262.543	249.850	61.422	41.032
263.116	249.808	61.047	41.156
262.705	249.717	60.383	41.209
263.289	249.507	61.171	41.385
262.735	249.421	61.536	41.474
262.973	249.659	60.835	41.197
271.567	249.907	63.350	41.209
306.264	249.751	66.896	41.640
345.444	249.758	65.286	41.527
360.325	249.841	62.868	41.338
355.659	249.350	62.552	42.089
357.708	249.712	61.157	42.042
358.503	249.801	60.832	41.299
359.088	249.675	60.854	41.547
358.794	249.775	60.793	41.175
359.219	249.647	60.244	41.115
359.185	249.512	60.243	41.350
359.382	249.500	60.623	41.279
358.842	249.523	60.548	41.266
359.249	249.588	60.275	41.216
358.781	249.562	60.490	41.110
358.966	249.585	60.188	41.077
359.187	249.677	60.376	41.213
359.427	249.615	60.775	41.191
359.101	249.892	60.602	40.649
359.147	249.810	60.332	40.894
359.052	249.868	61.046	40.717
359.528	249.818	60.349	40.977
359.160	249.845	60.781	40.845
358.879	249.919	61.118	40.877
359.158	249.944	61.595	40.703
359.318	249.931	61.346	40.637
359.089	249.799	61.384	40.675
359.854	249.545	60.932	40.958
359.244	249.434	61.198	40.782
360.163	249.207	60.773	41.217
359.030	248.967	61.290	41.680
359.541	248.775	60.944	41.255
359.389	248.682	61.275	41.061
359.723	248.533	60.806	40.850
359.411	248.336	60.892	41.358
359.769	248.074	60.176	41.268
359.192	248.016	61.144	41.175
358.856	247.732	61.082	41.304
359.367	247.805	60.664	41.479
358.749	247.798	61.078	41.476
358.837	247.685	61.112	40.983
358.551	247.612	61.078	40.754
358.882	247.625	60.799	41.128
358.658	247.330	61.327	41.035
358.229	247.301	61.316	40.654
358.796	247.012	60.817	41.558
358.620	247.112	60.913	40.839
358.814	246.851	61.075	40.925
358.391	246.927	61.003	41.084
358.892	246.686	60.696	41.277
357.858	246.817	61.369	40.833
358.604	246.771	61.115	40.964
358.099	246.614	61.265	40.974
358.690	246.299	61.406	41.162
358.557	246.111	61.333	41.430
359.125	246.164	60.099	40.411
358.764	245.633	60.771	40.821
359.453	245.701	60.353	40.823
359.063	245.711	60.173	40.692
359.314	245.195	60.315	41.266
358.995	244.992	60.500	41.279
359.455	244.764	61.055	41.641
359.431	244.931	60.569	40.325
359.816	244.905	60.247	41.100
360.101	244.683	59.756	40.578
359.713	244.555	60.290	40.861
359.933	244.369	60.201	41.373
359.503	243.993	60.593	41.413
360.354	243.883	59.457	41.456
359.600	243.592	60.631	41.736
359.400	243.464	60.530	41.487
358.318	243.072	60.059	41.776
357.870	242.659	60.832	42.198
356.618	242.310	60.092	42.983
355.528	241.911	60.502	42.821
353.194	241.567	60.286	42.801
351.904	241.530	60.636	42.878
349.858	241.465	59.866	43.136
348.201	241.286	60.121	42.895
344.636	241.236	61.279	43.266
341.805	241.032	61.275	42.707
338.350	241.039	61.625	42.326
335.568	241.044	61.753	42.325
332.590	241.317	61.862	41.903
329.020	241.264	62.636	41.433
325.650	241.199	62.672	41.178
322.236	241.087	62.730	42.966
318.723	240.917	62.884	43.654
316.042	241.277	62.383	44.049
313.249	240.886	62.906	42.035
313.820	240.839	61.840	40.919
336.202	240.702	67.507	41.074
372.782	240.100	66.308	42.240
405.508	238.991	63.189	41.835
410.645	238.658	61.253	42.971
403.681	238.678	61.315	42.737
400.580	238.836	61.739	42.767
397.956	238.832	61.464	41.755
395.414	238.875	61.541	42.561
390.992	238.868	62.148	41.337
387.728	239.288	61.641	42.302
384.730	253.439	61.597	44.228
380.950	267.665	61.213	42.879
376.983	266.955	62.114	40.774
373.123	266.705	62.879	40.696
370.407	265.655	62.012	40.970
366.907	265.469	62.467	43.724
363.302	265.489	61.890	42.819
360.117	265.805	62.401	40.544
356.200	265.587	62.901	39.261
353.189	266.277	63.315	39.214
350.812	265.656	61.688	39.425
348.109	265.855	62.219	39.124
345.056	265.508	63.546	39.408
343.365	265.220	62.956	39.849
340.753	265.068	63.221	39.814
339.313	264.901	62.511	40.120
339.858	264.673	61.570	39.710
362.105	264.634	66.443	41.956
380.118	263.347	62.804	41.723
374.590	262.992	62.825	40.977
373.331	262.955	62.668	40.350
374.384	262.811	62.184	41.273
373.367	262.784	61.900	40.715
373.156	262.359	62.450	41.440
372.495	262.051	62.023	40.891
372.408	261.715	62.328	41.461
372.602	261.490	61.355	41.231
372.162	261.350	61.749	40.799
371.237	261.250	62.155	39.366
371.822	260.768	61.063	40.814
370.462	260.593	62.115	40.274
370.345	260.359	62.404	40.538
370.141	260.031	62.005	41.030
369.908	260.124	61.700	40.583
370.232	259.831	60.563	40.198
369.478	259.762	61.876	40.598
370.166	259.625	60.742	39.890
369.444	259.485	60.937	39.732
369.592	259.177	60.263	40.693
369.728	259.318	59.523	40.671
369.885	259.037	59.749	43.036
369.802	259.316	59.911	39.866
370.131	258.966	59.140	40.710
369.572	259.087	59.171	40.836
369.426	259.088	59.284	39.963
369.541	258.807	59.324	40.975
368.438	258.966	60.046	40.207
369.614	258.851	59.107	40.241
369.104	258.832	59.468	40.209
368.742	258.728	59.870	40.329
369.170	258.467	59.091	40.597
368.867	258.683	59.631	40.435
369.508	258.245	58.580	41.432
369.737	258.538	58.075	40.695
369.456	258.200	58.820	41.043
369.133	257.774	58.811	41.403
369.696	257.796	58.177	40.519
369.579	257.705	58.530	40.982
369.043	257.766	58.931	41.183
368.885	257.744	58.816	40.568
369.076	257.399	58.552	41.078
369.463	257.438	58.513	40.994
369.260	256.893	59.097	40.763
368.948	256.822	59.198	40.735
368.779	256.380	58.885	41.053
368.687	256.365	58.607	41.299
368.334	256.253	58.909	40.654
366.804	255.958	59.366	41.228
367.262	255.985	58.556	41.110
366.013	255.687	58.694	41.513
364.614	255.327	58.035	41.381
363.484	255.356	58.525	41.422
362.187	255.316	58.274	41.373
360.800	255.388	58.790	41.776
358.116	255.217	58.693	41.784
357.308	255.514	58.415	41.994
354.851	255.699	58.906	41.613
353.367	255.207	58.902	41.899
349.974	255.007	59.405	42.731
348.128	255.057	58.454	42.388
344.509	255.021	59.869	42.256
342.068	254.962	59.659	43.372
338.865	254.776	59.363	42.538
336.342	254.900	58.727	43.175
333.051	255.047	58.555	42.600
329.688	254.963	58.725	43.526
325.529	255.158	59.546	43.687
321.856	255.109	59.629	44.118
317.569	254.975	59.814	43.086
314.192	255.234	59.895	43.318
332.678	255.321	63.226	42.423
368.123	255.027	62.425	42.874
401.178	255.131	62.572	42.227
410.887	255.042	59.539	42.804
402.291	254.911	58.407	42.156
396.803	255.622	58.420	42.778
392.406	255.710	58.516	42.166
388.119	255.716	58.546	43.593
382.076	255.186	59.071	44.156
376.278	255.380	59.006	43.594
370.382	255.481	59.161	42.915
364.490	255.790	59.087	43.529
358.101	256.472	59.458	42.208
352.038	256.842	59.364	42.412
345.833	257.189	59.530	42.455
339.143	257.524	59.203	42.736
332.614	257.683	60.139	43.353
326.042	257.609	60.246	43.675
319.844	257.681	60.320	44.561
334.488	258.638	61.491	42.188
366.622	258.744	62.989	42.287
395.966	258.901	60.730	42.476
397.183	259.407	59.423	40.990
385.931	259.902	58.410	42.328
379.039	260.126	59.576	42.459
372.964	259.843	59.369	42.548
366.375	259.921	59.481	42.571
359.214	260.442	59.520	42.557
351.600	260.555	59.673	42.829
344.110	261.163	59.905	43.059
336.421	261.473	59.452	42.495
329.276	261.604	58.690	43.084
321.495	262.149	59.714	42.429
314.033	262.625	59.842	42.325
306.526	262.472	59.959	42.626
298.584	262.911	60.277	42.193
290.993	263.194	59.792	42.149
283.508	263.476	59.621	42.111
275.946	263.757	59.648	42.792
273.049	264.504	60.324	42.386
297.132	265.261	61.786	40.722
328.847	264.926	62.984	41.939
357.009	265.421	61.702	41.204
380.328	265.550	60.026	41.756
375.451	265.599	59.374	42.285
365.553	266.350	58.510	42.077
358.260	266.603	57.583	42.062
350.626	267.537	57.823	41.116
343.127	267.476	57.642	41.707
336.831	267.925	58.302	42.023
355.783	268.303	61.762	40.683
387.953	268.393	60.635	41.529
417.159	268.849	59.866	40.571
445.063	269.104	57.779	39.724
473.033	269.619	58.035	39.799
502.463	269.919	56.732	39.418
530.962	270.134	56.813	40.142
549.555	270.180	55.807	40.614
541.434	270.571	54.465	39.666
532.332	271.114	54.245	39.585
525.878	271.591	53.779	38.985
519.636	272.152	53.641	38.859
513.044	272.755	53.301	38.295
506.630	273.035	53.694	39.078
499.552	272.861	53.932	38.063
482.479	272.980	57.008	37.235
441.346	272.620	59.596	37.864
421.609	272.057	56.761	40.007
421.024	272.207	56.384	39.081
415.723	271.830	56.691	41.075
409.259	272.219	56.408	39.436
404.438	272.014	56.182	40.919
399.567	272.190	57.530	39.325
395.973	272.102	56.320	40.090
391.853	272.010	56.496	41.293
387.237	272.097	57.319	40.125
384.824	271.919	56.876	40.723
380.901	272.277	57.656	41.253
377.359	272.549	58.033	39.961
374.165	272.458	57.927	40.674
370.076	272.676	58.261	40.258
367.271	272.383	57.371	40.542
364.471	272.289	57.428	41.432
360.494	272.642	58.479	40.394
358.035	272.552	57.440	40.955
354.169	272.608	57.471	41.065
351.514	272.750	57.793	40.689
347.074	272.490	58.164	41.056
344.170	272.402	58.982	40.576
341.036	272.417	57.992	41.228
338.451	272.466	57.971	40.784
335.662	272.446	58.314	40.669
333.138	272.434	56.988	41.724
330.637	272.363	56.724	41.079
327.838	272.714	57.430	40.972
324.947	272.607	57.881	41.055
321.835	272.400	58.277	42.036
327.887	272.343	60.108	40.527
359.338	272.369	61.796	40.542
386.003	272.140	59.517	41.372
381.666	272.128	58.658	40.565
376.967	272.097	58.444	40.642
377.340	272.171	56.837	40.300
374.100	272.209	56.851	40.935
372.224	272.107	56.551	40.755
369.426	271.923	57.280	41.547
366.187	271.716	57.465	40.882
363.155	271.459	58.223	42.226
361.055	271.600	57.319	40.795
357.178	271.608	58.176	42.109
353.881	271.554	58.156	41.055
350.806	271.507	57.866	41.697
348.004	271.368	58.398	41.414
344.175	271.501	58.044	41.320
341.330	271.048	57.889	41.576
337.452	271.005	58.361	41.531
334.473	270.785	57.183	41.626
330.817	270.797	57.292	42.198
336.542	271.400	58.763	40.500
367.726	271.073	62.148	41.497
399.153	270.886	58.920	41.685
399.357	271.349	57.559	40.809
392.322	271.205	57.003	40.965
389.957	271.173	56.196	41.668
386.485	271.425	57.195	41.389
383.078	271.622	57.313	41.551
378.844	271.824	58.405	40.969
374.848	271.837	57.959	41.153
370.673	272.003	58.098	41.587
366.578	272.165	58.328	41.217
362.543	272.156	58.557	41.078
358.998	272.068	57.910	41.966
354.973	272.201	57.814	41.914
351.346	272.207	57.699	42.038
346.699	272.180	58.196	42.116
342.694	272.321	58.128	42.119
337.896	272.563	58.290	41.221
334.166	272.436	56.704	42.486
328.874	272.631	57.856	42.117
324.612	272.587	57.730	42.961
319.887	272.646	58.706	42.780
315.585	272.748	58.421	41.663
311.536	272.734	57.726	42.823
306.720	272.599	57.991	42.553
301.904	272.747	58.550	42.851
296.963	272.786	57.602	41.603
292.259	272.927	57.600	41.862
287.365	272.914	58.053	41.452
282.410	272.934	57.865	41.041
277.752	272.629	57.449	42.547
272.610	272.403	58.550	42.704
267.519	272.475	58.478	41.533
262.654	272.691	58.232	42.802
257.379	272.874	58.376	41.260
253.137	272.565	57.587	42.486
247.244	272.684	57.923	42.374
242.283	272.801	58.006	41.190
236.970	272.403	58.379	42.774
231.185	272.465	58.438	42.079
226.701	272.225	57.404	42.351
221.647	272.238	57.828	42.264
215.941	272.274	58.217	41.380
210.893	272.162	57.715	41.127
205.763	271.908	57.199	41.682
200.037	271.911	58.029	41.411
195.336	271.970	56.216	41.369
190.464	272.442	56.576	41.799
184.556	272.610	57.281	40.458
179.231	272.181	57.335	41.264
173.661	272.210	56.107	40.883
168.173	272.085	56.067	41.807
162.593	272.285	55.739	40.787
157.955	272.100	54.849	41.468
152.101	272.295	54.645	40.651
146.591	271.974	54.120	41.443
140.722	271.803	55.095	41.457
137.192	271.745	55.320	40.658
157.489	271.792	58.761	40.043
189.628	271.338	61.034	40.769
220.219	270.858	61.580	41.555
250.908	270.733	61.098	41.974
281.204	270.906	61.286	41.463
312.320	270.874	62.079	41.063
342.346	270.596	61.667	41.368
358.891	270.383	58.123	41.886
350.399	270.399	58.023	41.647
343.569	270.408	58.159	41.636
338.523	270.373	57.943	41.659
333.106	270.289	57.538	42.278
327.392	270.434	58.023	42.130
321.821	269.864	58.737	42.626
316.489	269.683	58.693	42.335
310.905	269.636	58.927	42.251
305.262	269.772	58.247	42.327
299.144	270.025	58.969	42.166
293.909	270.200	57.787	41.228
287.994	270.183	57.796	41.278
282.742	270.432	57.556	42.092
276.567	270.699	58.573	42.025
270.818	270.999	58.901	41.481
268.393	271.236	57.578	42.016
287.739	271.593	62.672	40.890
322.564	271.630	61.550	41.446
355.233	271.651	60.977	41.505
385.289	271.839	60.232	41.876
413.950	272.468	58.053	41.121
416.892	273.016	56.762	40.512
407.983	273.397	55.786	40.143
401.846	273.586	56.414	40.317
397.631	273.311	56.153	41.673
391.760	273.751	57.562	41.977
385.867	274.231	57.764	40.323
381.111	274.592	57.931	41.741
375.583	274.560	57.737	41.208
370.496	274.631	57.581	42.624
364.961	274.904	57.597	41.148
360.185	275.168	57.385	42.299
353.986	275.468	57.898	41.259
348.677	275.656	58.334	42.475
342.873	276.006	58.061	41.823
337.884	276.625	58.466	42.344
332.730	276.616	57.912	42.329
327.684	276.745	57.990	43.125
322.522	277.098	58.014	42.441
317.054	277.426	58.477	42.476
311.901	277.551	58.399	41.778
307.050	277.907	57.800	42.324
301.354	278.572	58.233	41.622
296.123	278.901	57.214	41.624
292.032	278.957	56.945	42.470
308.038	279.382	59.663	40.957
340.528	279.335	61.704	41.034
364.124	279.077	58.968	41.511
357.424	279.370	59.562	40.918
351.040	279.192	57.856	41.565
347.355	279.277	57.591	41.198
342.392	266.784	56.935	43.455
337.084	248.236	57.490	42.751
332.413	240.481	57.402	41.093
326.398	240.916	58.246	41.864
320.685	241.229	59.028	41.984
315.362	241.428	58.738	41.575
309.838	241.670	58.463	41.160
304.446	241.344	58.443	42.618
299.161	241.151	58.670	42.736
293.450	241.335	58.824	41.932
288.426	241.217	58.834	43.011
283.181	241.309	58.415	42.384
277.595	241.447	58.446	41.905
272.759	241.410	58.058	42.474
266.942	241.708	58.373	41.610
261.445	241.539	58.655	41.656
256.097	241.560	57.932	41.707
250.340	241.105	58.839	42.351
244.457	241.333	58.857	42.051
246.246	241.897	57.076	41.536
271.211	241.999	61.413	41.574
305.574	241.060	62.430	42.342
337.751	241.274	60.459	41.812
367.815	241.235	61.109	42.104
381.764	241.353	57.203	42.130
373.068	241.903	57.007	41.577
366.232	242.037	57.192	41.878
361.436	241.891	58.184	41.911
356.457	241.826	57.878	41.426
351.590	241.897	57.468	41.945
346.123	242.266	57.814	41.300
341.713	242.130	57.430	42.714
336.057	242.496	57.571	41.689
330.678	242.345	58.208	41.801
325.394	242.156	57.719	41.942
319.963	241.900	58.148	41.900
314.673	241.499	58.272	41.389
309.939	240.998	58.025	42.940
303.886	240.854	58.584	41.606
298.769	240.652	58.577	42.020
293.398	240.488	58.672	42.560
288.001	240.477	58.601	41.956
286.079	240.374	56.803	41.996
305.406	241.171	62.325	40.264
340.483	240.775	61.891	40.667
372.365	240.383	61.486	41.346
400.946	240.200	59.230	41.427
404.446	240.506	57.706	41.016
395.514	240.092	57.465	41.241
389.891	239.856	57.628	41.890
384.717	239.630	57.705	41.645
379.818	239.192	57.897	41.841
374.505	239.001	57.838	41.627
368.652	238.577	58.281	41.596
363.479	238.406	58.383	42.329
357.828	237.898	58.201	42.075
352.266	237.729	58.803	42.722
346.489	237.844	58.160	42.558
340.747	238.061	58.583	42.338
334.689	237.893	59.188	42.143
329.017	237.837	57.890	42.570
323.445	237.905	57.667	42.196
316.856	238.135	58.160	41.515
311.180	238.226	58.473	41.661
305.234	238.136	57.935	42.525
299.274	237.814	58.610	42.904
292.945	237.329	58.245	42.478
287.166	237.368	58.293	42.725
281.042	237.467	57.784	42.852
275.260	237.623	58.789	43.386
269.243	237.883	57.987	42.991
264.046	238.145	57.377	43.367
257.723	238.672	58.171	41.943
251.644	238.758	58.092	42.667
248.026	239.334	58.171	41.497
268.228	239.661	61.382	41.209
302.564	239.585	60.930	41.770
334.616	239.624	60.788	41.583
362.580	239.794	58.258	41.767
364.381	239.746	58.057	41.697
354.226	239.678	58.070	41.742
348.327	239.858	58.240	41.798
343.015	239.929	57.761	42.062
336.685	239.848	57.637	42.092
330.188	240.030	56.906	41.852
323.534	239.829	57.781	42.145
316.836	239.550	58.304	43.088
310.480	239.599	58.281	42.536
304.069	239.344	57.806	42.466
297.434	239.041	58.459	43.283
290.617	238.819	59.174	43.488
284.019	238.771	57.848	43.388
277.124	238.969	57.856	43.237
270.409	238.787	57.508	43.099
263.320	238.917	57.380	43.069
258.740	238.738	57.483	43.486
277.593	238.967	61.188	42.561
310.690	239.094	61.145	42.467
341.421	238.918	60.102	42.628
369.273	239.461	60.702	42.618
397.993	239.569	60.689	42.017
412.657	239.502	57.112	42.168
400.749	240.131	56.801	41.682
392.521	240.193	55.932	42.268
385.523	240.224	56.861	42.399
377.832	240.493	56.896	42.481
370.125	240.626	57.204	42.344
362.507	240.864	57.250	42.442
354.915	241.425	56.584	42.293
346.922	241.816	56.924	42.049
339.020	241.511	57.077	43.031
330.577	241.763	57.658	42.609
321.852	242.021	57.996	42.172
314.273	242.263	57.135	42.516
306.227	242.695	56.718	42.367
297.586	242.604	56.854	43.865
289.077	242.848	57.831	43.997
280.584	243.482	57.440	42.665
272.777	243.599	57.719	43.595
266.208	244.160	58.172	43.170
285.027	244.780	61.125	41.709
317.537	245.030	60.467	42.432
345.400	245.207	57.584	42.131
347.137	245.724	56.964	41.826
334.855	245.967	56.296	42.021
326.709	246.376	56.035	41.864
318.457	246.143	57.415	42.403
309.667	246.634	57.275	41.942
300.227	246.674	57.710	42.476
291.950	246.777	58.304	42.011
283.718	246.846	57.543	42.143
275.457	246.936	57.886	43.096
266.821	247.288	57.569	42.309
257.986	247.821	57.454	42.266
248.807	248.061	57.681	41.830
239.932	248.100	57.446	41.981
231.860	248.033	56.661	41.919
223.923	248.047	56.470	42.870
232.529	248.535	58.370	40.595
261.876	248.273	60.442	41.485
291.467	247.996	60.309	41.764
319.363	248.391	59.743	42.070
346.477	248.344	59.783	41.837
365.122	248.294	58.248	42.547
355.752	248.362	57.348	41.599
344.896	249.000	56.896	40.922
336.798	248.973	56.907	41.721
328.767	249.323	56.376	41.343
320.688	249.166	56.140	42.010
311.636	249.891	56.365	41.240
302.548	249.908	56.463	41.324
293.294	249.938	57.328	42.421
284.442	249.795	57.335	41.982
275.681	250.125	57.937	42.186
266.954	250.166	57.624	41.386
268.272	250.490	57.955	42.067
294.280	250.709	60.962	41.004
325.399	250.836	59.877	41.597
353.185	251.106	59.267	41.405
380.994	251.494	59.352	41.883
408.152	251.477	59.512	40.594
435.481	252.125	58.810	40.137
462.389	252.583	55.480	39.226
463.136	253.106	53.592	39.364
449.116	252.920	55.120	39.023
440.986	253.200	54.862	39.863
433.630	253.113	54.580	40.033
424.489	253.240	55.884	40.190
416.648	253.244	55.621	40.469
407.149	253.906	56.752	40.083
399.457	254.366	55.279	41.261
391.175	255.596	54.975	41.786
382.893	256.653	56.684	41.752
374.422	257.499	56.177	41.927
366.000	258.254	56.447	40.859
357.225	258.628	56.955	41.424
348.982	259.265	56.897	40.407
339.786	259.665	57.357	41.461
332.029	260.167	56.733	41.922
323.309	260.753	57.418	42.305
315.326	261.043	56.754	41.622
307.288	261.665	56.735	42.371
298.520	262.020	56.863	41.148
294.490	262.753	57.535	42.290
317.894	263.987	59.977	41.118
349.226	264.404	60.559	41.121
377.577	264.622	60.898	40.870
390.217	264.450	57.621	42.133
379.723	264.805	57.725	41.582
370.010	265.429	57.483	41.892
362.869	265.661	56.559	41.356
355.203	265.928	56.334	41.320
346.640	265.872	56.384	41.356
338.912	266.388	55.939	41.336
330.211	266.418	57.048	41.578
322.426	266.222	56.585	42.656
313.673	266.340	56.952	41.986
305.648	266.183	56.933	42.641
296.932	266.066	56.849	41.500
289.075	266.198	56.910	42.043
280.561	266.228	57.032	42.157
271.809	266.648	57.531	42.239
263.468	266.619	57.571	41.378
255.600	266.864	57.215	42.464
246.710	266.827	57.498	41.407
253.157	267.057	58.185	41.116
283.010	267.064	60.810	41.355
312.973	267.005	60.227	41.313
340.700	267.322	60.191	40.262
368.505	267.005	60.169	41.386
381.279	266.890	58.435	42.295
370.097	267.254	56.871	41.013
359.970	267.658	57.025	41.476
352.726	267.628	56.670	40.964
345.113	267.775	56.243	40.924
337.162	268.223	55.605	41.052
328.642	268.293	55.950	41.737
319.804	268.482	56.740	41.701
311.522	268.363	56.739	42.195
302.421	268.747	56.790	41.156
293.798	268.893	56.160	41.361
285.414	268.968	56.734	41.242
276.773	268.950	56.851	41.668
267.835	269.292	56.972	41.331
260.300	269.307	56.798	41.181
252.317	269.085	56.069	42.137
243.318	269.454	56.801	41.140
233.751	269.655	57.481	41.837
225.540	269.888	56.743	42.213
217.335	270.311	56.627	41.978
209.597	270.629	55.990	40.939
201.503	270.755	56.699	41.854
214.456	271.254	57.993	40.089
243.462	271.265	61.142	41.809
272.921	271.156	60.794	41.396
301.167	271.368	59.710	42.228
328.439	271.632	60.446	42.104
353.388	271.756	59.552	41.411
352.901	271.971	58.064	41.631
341.206	272.926	56.965	41.281
333.452	273.138	56.298	41.698
325.360	273.512	56.327	41.497
317.190	273.544	56.787	41.819
308.694	273.584	56.842	41.918
299.953	273.860	56.520	42.117
291.413	274.221	56.330	41.709
283.126	274.861	56.772	41.509
274.810	274.993	56.423	41.315
266.331	274.915	56.661	42.452
271.455	275.786	59.000	41.042
301.692	276.276	60.531	40.926
330.326	276.445	60.376	41.166
357.885	276.784	59.890	41.123
385.898	276.892	59.538	40.801
413.789	277.947	58.945	39.601
442.725	278.240	56.159	38.943
471.071	278.975	55.094	39.097
488.896	278.776	54.413	39.583
479.404	279.460	54.223	39.393
468.861	279.842	52.991	39.082
460.493	280.159	53.921	39.153
452.071	280.305	54.309	39.211
442.924	280.588	54.176	39.256
434.915	280.590	53.901	39.729
425.992	281.230	54.447	39.441
418.314	281.621	53.850	39.287
408.606	282.276	54.887	38.944
400.756	282.445	53.769	39.392
392.178	282.780	53.784	39.568
382.425	282.945	55.020	40.012
373.795	282.909	55.871	40.199
364.537	283.194	56.074	41.331
356.025	283.649	56.273	40.787
346.663	284.540	56.753	39.985
338.201	284.460	56.268	40.993
329.474	284.909	56.287	41.267
320.288	285.371	56.586	41.168
311.919	285.678	56.566	41.675
303.533	286.115	56.438	41.401
294.053	286.516	57.067	40.949
284.515	270.828	57.187	40.972
275.278	252.765	58.345	41.514
266.771	235.110	58.069	42.693
256.993	228.689	58.811	40.765
249.162	229.418	57.145	42.334
242.399	230.179	57.479	41.927
260.451	230.952	60.672	40.934
292.795	230.765	59.857	41.723
321.233	231.602	59.918	40.988
333.884	231.588	57.008	41.553
322.643	232.360	55.859	41.415
312.849	232.309	57.335	42.030
305.006	233.219	56.779	42.152
296.294	233.006	57.711	42.546
287.877	233.604	57.683	41.372
279.607	233.683	57.505	42.376
276.248	234.434	57.583	40.957
299.768	234.813	59.677	40.926
331.342	234.908	60.595	41.802
359.392	235.350	59.752	41.340
374.250	235.833	56.738	41.778
362.438	236.107	57.617	40.741
353.505	236.444	57.008	41.347
345.987	236.475	56.907	41.026
338.333	236.585	57.398	42.081
330.182	236.719	56.634	40.745
321.830	236.799	57.291	41.862
313.389	236.701	58.288	42.577
305.437	237.260	57.020	42.329
296.980	237.419	57.343	42.807
289.045	237.625	57.867	43.198
280.203	237.954	58.357	42.281
272.599	238.082	57.616	42.361
264.687	238.324	57.569	42.884
256.934	239.173	57.156	41.683
248.720	239.153	56.852	42.117
240.849	239.920	56.656	41.780
234.482	239.856	57.727	42.020
253.765	240.609	59.822	40.510
286.138	240.741	60.891	41.595
315.680	240.914	60.437	41.717
343.864	241.297	59.899	41.647
371.940	241.849	59.207	41.670
399.690	241.752	60.735	41.348
426.201	242.394	58.558	41.204
427.197	242.745	57.185	40.195
415.661	243.287	56.333	40.300
408.370	243.236	55.845	40.790
400.768	243.493	56.662	41.595
392.967	243.601	56.877	41.191
385.484	244.319	56.555	41.139
378.363	244.743	55.131	41.280
370.434	245.321	55.269	41.172
362.565	245.125	55.327	40.921
354.383	245.360	55.839	41.403
346.645	245.545	55.322	41.421
339.134	245.747	55.251	41.813
331.600	246.465	55.112	41.400
323.349	246.961	55.355	40.976
315.437	247.141	56.088	41.743
307.697	247.664	55.774	41.193
299.749	247.560	56.032	42.480
292.204	248.048	56.290	42.618
298.401	248.418	57.719	41.146
329.578	248.906	58.946	40.861
360.183	249.300	58.961	41.213
388.761	249.623	58.366	41.038
417.074	250.304	58.083	40.190
431.186	250.323	53.605	40.875
419.916	251.087	54.128	39.757
411.151	251.655	53.924	40.023
403.721	251.720	54.823	40.840
396.407	252.435	53.790	40.453
388.604	252.698	55.013	41.028
381.144	253.507	54.719	40.732
373.168	253.538	55.047	40.937
365.766	253.946	55.046	40.875
357.976	254.630	54.896	40.357
350.477	255.106	54.710	40.562
342.199	255.526	54.899	40.363
334.386	255.646	55.016	41.586
326.559	255.784	55.242	42.191
318.934	256.535	55.487	41.554
311.150	257.003	55.491	41.357
303.483	257.583	55.450	41.181
305.732	257.979	55.845	40.798
332.846	258.303	58.665	41.275
364.632	258.147	58.352	41.327
392.457	258.703	57.924	41.141
412.324	258.958	56.170	40.941
405.365	259.503	54.830	40.893
396.225	260.085	54.709	40.806
389.221	260.611	54.289	40.854
381.881	260.429	54.813	41.987
374.357	261.090	54.889	41.398
366.624	261.216	54.999	41.021
359.143	261.399	54.791	41.324
351.436	262.157	54.624	40.489
343.634	262.469	54.176	41.067
335.671	262.753	54.577	41.983
328.025	263.168	54.735	41.760
320.186	263.344	55.174	42.398
312.486	264.304	55.421	41.246
304.789	264.514	55.299	41.393
297.443	264.797	54.706	41.610
289.802	265.484	54.289	41.135
282.240	266.092	54.953	41.776
274.275	266.647	55.465	41.857
266.597	266.948	55.535	41.930
258.600	267.287	55.729	41.267
251.132	267.476	55.534	42.085
242.749	267.938	55.546	41.734
234.756	268.395	55.163	41.897
242.110	268.956	56.378	41.329
271.780	269.631	59.034	40.818
303.309	269.713	57.963	40.970
326.096	269.736	55.403	42.514
321.206	270.195	56.275	41.387
310.594	270.580	56.340	40.448
303.768	270.690	54.471	40.468
296.300	271.091	54.086	40.692
288.737	271.281	54.295	40.772
281.061	271.351	54.741	41.706
273.278	271.732	54.450	41.723
265.357	272.053	55.546	42.479
257.679	272.800	55.739	42.215
248.957	273.373	55.698	42.186
241.029	273.929	55.435	41.365
233.388	274.453	55.189	41.628
225.554	275.094	55.404	41.128
217.516	275.496	55.045	40.789
210.025	275.730	54.381	41.123
202.725	275.996	54.247	41.226
215.317	276.933	56.296	39.502
245.188	276.970	57.859	40.619
275.118	276.704	58.241	41.156
303.337	276.974	57.793	41.362
330.757	277.183	58.060	40.704
358.859	277.022	58.282	41.560
383.113	277.278	55.956	41.947
377.573	278.321	55.424	41.543
367.363	279.278	54.235	40.402
359.814	279.590	55.017	40.940
352.695	280.134	55.021	40.022
344.492	280.899	54.816	40.027
336.997	281.093	54.286	40.433
329.131	281.227	53.793	40.983
321.371	281.212	54.503	41.166
313.685	281.488	54.276	41.374
305.448	282.171	54.499	40.650
297.290	282.692	54.352	40.273
289.292	282.821	54.086	40.565
280.574	283.218	55.038	40.892
273.374	283.371	53.670	41.100
274.556	283.896	55.411	40.181
301.778	284.272	57.822	40.178
332.198	284.222	57.935	40.101
360.715	284.473	57.534	39.457
388.179	284.891	57.516	39.643
417.504	285.105	55.149	39.174
447.153	285.456	53.231	38.915
465.781	285.484	51.829	39.244
456.679	285.855	51.539	38.728
446.540	286.179	51.022	38.762
439.318	286.211	51.351	39.224
430.813	286.709	52.081	38.392
422.798	287.110	52.398	38.965
414.004	287.370	53.094	38.969
406.913	286.982	52.555	39.852
398.969	287.418	52.649	39.401
390.919	287.530	53.121	39.916
382.539	277.503	52.905	41.388
373.596	259.726	55.095	40.865
366.061	241.969	54.773	41.072
358.122	233.920	55.185	40.253
350.953	234.758	54.713	41.448
342.967	235.892	54.759	40.677
335.058	236.876	54.714	41.499
327.141	237.126	54.470	40.197
331.822	237.783	55.921	40.523
360.642	238.215	57.956	40.069
376.773	238.453	55.007	41.114
366.173	238.777	53.963	40.624
357.046	238.940	54.512	40.716
350.421	239.355	55.443	40.080
343.440	239.582	55.051	41.014
335.930	239.729	55.359	41.667
328.603	240.532	55.088	41.572
320.698	241.059	55.400	40.939
313.047	248.316	55.845	42.322
306.674	266.267	55.167	42.852
298.992	284.640	55.977	42.081
291.775	292.026	55.050	39.986
284.875	292.216	53.826	40.555
277.203	292.724	54.458	39.963
269.706	292.537	54.514	39.756
262.339	292.621	54.745	39.878
254.605	293.037	55.031	39.924
247.484	293.321	54.679	40.040
240.141	293.185	54.605	40.574
232.515	293.749	55.175	40.892
227.006	293.717	56.036	40.588
245.198	294.535	60.539	39.508
279.915	294.336	58.776	40.452
309.902	294.390	57.522	40.430
338.055	294.570	57.398	40.269
362.214	294.727	57.071	40.635
358.172	294.729	55.631	40.243
348.734	295.415	54.644	40.066
341.905	295.562	54.317	40.309
335.051	295.780	55.337	41.357
328.065	295.605	54.637	40.735
321.266	283.385	53.931	42.646
313.333	265.621	55.579	40.303
306.525	257.890	55.340	39.594
299.869	258.070	55.299	40.835
292.412	258.729	55.736	41.024
285.469	258.956	55.297	41.727
278.349	259.322	54.966	40.845
271.369	259.140	54.425	41.380
264.596	258.978	54.905	42.610
279.012	259.605	58.097	40.415
310.145	259.640	59.327	40.872
340.931	259.190	56.960	41.639
346.861	259.424	56.139	41.499
336.120	259.809	54.705	41.383
329.056	260.028	55.074	42.441
322.537	260.078	55.362	41.472
315.419	260.449	55.194	40.987
322.830	260.608	56.593	40.489
353.042	260.427	58.206	40.186
375.627	260.332	54.979	40.952
367.927	260.449	54.707	40.384
358.465	260.410	55.564	40.432
352.101	260.140	56.089	41.593
345.001	260.328	55.431	40.045
338.483	259.883	54.929	42.020
331.629	260.127	55.091	40.937
325.440	260.374	54.415	41.119
318.222	260.455	55.243	40.607
320.855	260.844	55.562	40.583
348.627	261.385	58.022	39.647
380.479	261.126	57.681	40.640
394.556	261.258	55.410	40.922
383.441	261.743	54.980	40.313
376.176	261.954	54.272	40.292
370.432	261.943	54.927	40.426
363.846	262.004	55.401	40.266
356.824	262.093	55.361	40.663
350.037	262.713	54.918	40.659
343.089	262.954	55.292	41.090
336.010	263.428	54.770	40.648
329.263	263.605	54.569	41.732
322.367	263.569	55.721	41.644
