254.000	16.000	20.000	17.000
253.005	17.677	20.210	15.923
252.042	18.555	20.626	15.812
250.962	19.435	19.998	15.801
249.776	19.844	20.206	16.171
248.491	20.757	19.719	15.699
247.257	21.806	20.126	15.516
245.732	22.399	20.249	15.992
244.173	23.315	20.291	15.720
242.476	24.339	20.349	15.629
240.879	25.445	20.137	15.589
239.122	26.445	19.548	15.501
238.290	27.639	18.092	15.090
235.797	28.991	19.362	14.706
233.614	30.124	19.765	15.044
231.770	31.145	19.223	15.367
229.631	32.252	19.454	15.682
227.551	33.724	19.472	15.469
225.215	35.018	19.666	15.187
222.904	36.295	19.671	15.330
220.943	37.813	19.076	14.901
218.427	39.389	19.167	14.950
215.972	40.615	19.614	15.033
213.455	41.667	19.349	15.511
211.030	43.842	18.931	14.521
208.606	45.958	18.958	14.140
206.097	47.224	18.641	14.301
203.393	48.156	18.808	14.854
200.707	49.953	19.031	14.357
198.029	51.714	18.631	14.099
195.389	53.288	18.686	14.187
192.477	54.575	18.702	14.468
189.944	56.411	17.791	13.949
187.072	57.956	17.828	14.227
183.936	59.555	18.118	14.254
181.116	61.303	18.200	14.055
178.375	62.682	18.398	14.233
175.371	64.910	18.030	13.448
172.244	66.054	17.983	13.952
169.539	67.541	17.874	13.734
166.712	69.134	17.901	13.968
163.809	70.640	18.209	14.083
161.041	72.093	17.667	14.170
158.273	73.577	17.051	14.302
155.029	75.474	17.467	13.900
152.017	77.676	17.229	13.046
149.289	79.320	16.527	13.436
146.256	80.604	16.411	13.390
143.245	82.526	16.490	13.465
140.390	84.203	16.500	13.444
137.583	86.008	16.320	13.616
134.664	87.465	16.956	13.758
131.954	88.526	16.379	14.177
129.272	90.651	16.091	13.574
127.024	92.198	15.819	13.453
124.546	93.859	16.595	13.112
122.034	95.476	16.478	13.209
119.518	96.755	16.531	13.704
117.546	98.679	15.523	13.147
115.190	100.200	16.116	12.928
112.851	101.954	16.398	12.904
111.175	102.975	15.820	13.828
108.671	104.733	16.196	13.116
106.909	105.955	15.864	13.406
105.031	107.805	15.704	12.862
103.482	109.129	15.321	12.984
101.427	110.821	15.360	13.206
99.812	111.921	15.685	13.256
98.169	113.533	14.910	13.175
96.782	115.212	14.958	12.543
95.183	116.514	15.098	12.346
94.017	117.953	14.401	12.298
92.191	119.167	14.585	12.469
90.727	120.153	14.798	12.978
89.490	121.393	14.738	12.681
87.980	122.689	14.815	12.712
86.983	124.130	14.501	12.049
86.136	125.137	13.917	12.085
84.579	126.114	14.708	12.349
83.963	127.139	13.761	12.472
82.813	128.516	13.946	11.916
81.848	129.091	13.626	12.379
80.545	129.941	13.535	12.310
80.150	130.893	13.036	12.268
79.049	131.620	13.566	12.170
78.324	132.374	13.261	12.359
76.918	133.614	13.764	11.839
75.548	134.339	14.655	11.928
75.234	134.916	13.931	12.062
74.729	135.715	13.637	12.337
73.857	136.138	13.504	12.418
73.328	137.184	13.298	12.151
72.761	137.910	13.105	12.538
72.191	139.138	12.968	12.222
71.652	140.280	13.162	11.842
70.926	141.116	13.463	11.880
70.601	141.708	12.755	11.747
70.498	142.340	12.202	11.744
69.771	143.077	12.594	11.527
69.507	143.659	12.582	11.850
69.244	144.187	12.253	12.202
68.755	145.558	12.209	11.370
68.586	146.076	11.973	11.753
68.073	146.888	12.650	11.177
68.005	146.930	12.327	11.445
67.473	147.383	12.532	11.168
67.431	148.021	11.895	10.901
67.361	148.578	12.382	11.024
67.148	148.793	12.190	11.233
66.745	149.218	12.492	10.833
66.620	149.546	12.264	10.797
66.463	149.789	12.483	10.806
66.544	150.115	12.230	10.847
66.550	150.498	12.079	10.589
66.239	151.124	12.254	10.641
66.472	151.398	12.068	10.904
66.478	151.999	12.339	10.282
66.719	152.281	11.897	10.007
66.565	152.420	11.961	10.035
66.653	152.584	12.242	9.804
66.594	152.564	12.408	10.384
66.694	152.451	12.378	10.897
66.928	152.652	12.218	11.091
66.984	152.852	12.084	11.036
67.283	152.922	11.743	11.275
67.470	153.560	12.066	10.526
67.509	153.936	12.039	10.432
68.238	154.262	11.027	10.330
68.229	154.471	11.357	10.461
68.346	154.870	11.452	10.196
68.975	155.321	11.347	9.996
68.886	155.441	11.254	9.884
69.129	155.585	10.985	9.678
69.742	155.839	10.863	9.763
69.876	155.503	10.873	10.464
70.219	155.613	10.980	10.334
70.614	155.794	11.067	10.152
71.221	156.071	10.752	10.204
71.595	155.987	10.442	10.238
71.652	156.168	11.330	10.134
72.311	156.367	10.989	9.981
72.680	156.346	11.272	9.951
73.441	156.295	11.635	9.886
74.517	156.032	11.060	10.273
75.399	155.805	10.900	9.979
76.502	155.519	10.835	10.079
77.174	155.429	11.234	10.048
78.644	155.414	10.418	10.280
79.546	155.296	10.515	10.015
81.187	155.668	10.137	9.587
82.174	155.348	10.616	10.216
83.923	155.354	10.738	10.289
84.717	155.425	11.132	10.021
86.223	155.525	11.078	10.071
88.299	155.498	10.042	9.949
89.735	155.474	10.145	10.124
91.592	155.644	10.245	10.009
93.125	155.680	10.338	10.018
94.933	155.766	10.234	9.871
96.782	155.719	10.166	9.838
98.707	155.678	9.959	9.895
100.654	155.900	9.895	9.575
102.712	156.109	9.548	9.448
104.267	155.838	10.410	9.754
106.159	156.078	10.224	9.766
108.131	155.983	10.328	9.621
110.701	155.747	9.490	9.441
112.939	155.924	9.491	9.477
114.507	155.834	10.146	9.708
116.603	156.162	10.149	9.380
118.378	156.515	10.320	9.419
120.964	156.454	9.714	9.405
122.912	156.628	10.027	9.359
124.991	157.021	10.105	9.245
127.380	157.007	10.108	9.410
129.606	156.923	10.294	9.515
131.715	157.204	10.667	9.464
134.405	157.740	10.020	9.027
136.876	157.849	9.594	8.836
138.987	158.142	9.927	9.096
141.117	158.378	10.312	9.223
143.548	157.969	10.008	9.224
146.194	158.460	9.839	9.215
148.859	158.574	9.433	9.667
150.951	158.786	10.169	9.537
153.458	159.069	9.817	9.609
156.152	159.390	9.593	9.343
158.170	159.620	10.169	8.873
160.933	159.653	9.576	9.504
162.735	159.843	10.727	9.024
164.970	159.611	11.303	9.485
167.814	159.457	10.335	9.480
170.905	159.879	10.029	9.014
173.111	160.437	10.140	8.967
175.992	160.240	9.734	9.312
178.156	160.974	10.172	9.009
180.990	161.120	10.331	8.910
183.332	160.684	10.072	9.361
185.869	160.647	10.515	9.060
188.300	160.558	9.901	9.375
191.151	160.824	10.021	9.658
192.855	161.658	10.956	9.102
196.107	162.220	10.140	9.467
198.792	162.300	9.658	9.761
201.110	162.297	10.346	9.018
203.578	162.111	10.567	9.079
206.568	162.227	10.159	8.796
209.013	163.023	10.095	8.963
211.594	163.389	10.285	9.173
214.704	163.626	9.731	9.898
217.073	164.047	9.493	9.790
219.854	163.993	9.233	9.357
221.658	163.972	10.422	8.885
224.517	163.754	9.973	9.341
227.352	164.541	9.958	9.049
229.884	165.127	10.209	8.652
232.484	165.604	9.335	9.042
234.888	165.805	10.318	8.716
238.462	165.299	9.087	9.295
240.867	165.075	8.905	9.164
243.013	165.091	9.651	9.162
245.379	166.004	9.859	8.820
248.218	166.234	9.025	9.184
251.042	167.288	8.960	8.528
253.132	166.801	10.030	9.248
255.973	166.891	9.969	9.040
257.973	166.758	10.301	8.515
260.896	166.947	9.204	9.234
263.411	167.546	9.428	8.712
266.384	168.076	8.739	8.856
268.596	168.709	9.280	8.828
271.370	168.559	9.402	8.689
273.973	168.743	9.244	8.628
276.362	168.859	9.143	8.431
278.653	168.665	9.435	8.629
280.742	169.069	9.653	9.316
283.673	170.190	9.781	8.319
286.628	170.021	10.006	9.178
288.723	170.748	9.767	8.923
290.749	170.746	10.384	8.840
294.603	171.017	8.589	8.946
296.872	171.379	8.966	8.886
299.072	171.844	9.680	8.689
301.866	172.215	8.875	9.289
304.443	172.579	9.177	8.947
306.361	172.975	10.717	8.209
309.374	173.370	9.481	8.845
311.202	173.364	9.902	9.337
313.279	174.075	11.082	8.343
316.255	173.974	10.364	8.922
317.783	174.391	11.135	9.217
322.663	175.110	8.287	9.192
324.480	175.830	8.946	8.352
327.102	175.593	9.067	8.878
329.551	176.399	9.375	8.984
331.925	177.123	9.542	8.299
334.297	176.802	9.825	9.318
337.040	177.919	9.291	8.821
339.184	178.026	10.001	8.884
341.997	178.606	9.255	8.987
344.197	178.925	9.062	9.433
346.726	179.412	9.835	8.865
349.027	179.619	9.452	8.692
351.402	180.306	9.847	8.477
354.058	180.598	9.225	9.012
356.464	181.414	9.404	8.634
359.193	181.576	8.798	8.888
361.254	181.737	9.493	9.284
363.785	182.364	9.118	8.716
365.958	182.778	9.307	8.839
368.217	182.998	9.253	9.083
370.261	183.399	9.717	8.931
372.227	184.251	10.042	8.505
374.281	184.425	10.684	8.677
376.802	184.325	10.714	8.637
379.484	184.434	9.867	9.717
382.934	186.005	8.836	8.490
385.225	186.704	8.428	7.524
387.133	187.221	9.567	8.529
389.741	187.489	8.848	8.843
391.578	188.126	9.283	8.643
393.730	188.406	9.901	9.219
396.062	188.841	9.493	8.460
399.191	189.441	8.363	7.971
401.277	190.240	8.312	8.398
403.028	190.488	9.383	8.269
405.400	190.710	9.243	8.622
407.925	190.819	8.730	8.629
409.918	191.799	9.268	8.356
411.772	192.065	8.952	8.535
414.195	192.928	9.403	8.376
415.931	192.776	9.962	9.135
418.598	194.014	9.686	8.490
420.838	194.020	9.724	8.595
423.547	194.858	8.723	8.630
425.224	194.742	9.120	9.428
426.241	195.435	10.978	8.815
429.442	195.662	9.758	9.164
431.392	196.711	10.745	8.652
433.455	196.557	10.547	9.654
435.853	197.633	9.444	8.678
438.283	198.741	9.474	7.916
440.706	198.424	8.422	8.541
442.627	199.168	8.772	8.308
444.751	199.217	9.054	8.768
446.925	199.787	9.218	8.469
449.094	200.068	8.579	8.049
450.776	201.175	10.142	8.161
452.620	200.881	9.374	8.081
454.517	201.461	9.294	8.346
455.488	201.783	10.008	8.721
457.676	202.758	10.515	7.775
461.473	203.213	9.238	8.979
463.537	203.536	8.691	8.604
464.874	204.577	9.032	7.980
467.408	204.800	8.989	8.679
469.208	205.184	9.916	8.626
471.696	206.175	7.929	7.769
473.267	205.770	8.376	9.154
475.198	206.494	8.875	9.106
476.864	207.012	9.544	8.947
479.219	207.555	9.180	8.430
481.125	208.266	9.298	8.006
483.207	208.592	8.805	8.433
484.750	209.148	9.370	8.377
487.098	209.348	8.788	8.995
488.756	210.376	8.753	8.115
490.791	211.295	8.727	7.445
493.168	211.188	8.421	7.917
494.966	211.743	9.402	8.653
496.962	212.132	8.254	8.585
498.363	212.692	9.461	8.768
500.400	213.557	9.003	7.447
502.488	213.764	8.874	8.212
504.041	214.155	8.985	8.492
505.818	214.571	8.700	8.802
507.548	215.327	9.677	8.282
509.953	216.080	8.460	7.796
511.681	216.275	8.552	8.228
513.095	216.181	9.278	8.393
515.334	216.781	8.964	8.102
516.861	217.483	8.636	7.442
518.909	217.698	8.719	8.116
520.810	218.230	8.296	8.007
522.224	218.621	8.206	7.939
524.421	219.521	8.003	8.212
526.000	219.707	8.365	8.633
527.759	220.691	8.538	8.029
529.777	220.933	8.060	8.412
530.887	221.558	9.666	8.024
532.818	222.185	8.782	7.979
534.920	222.065	8.461	8.109
535.818	221.383	8.471	8.941
537.908	223.299	7.535	7.495
539.081	223.521	8.360	7.821
540.932	223.844	8.443	8.236
542.885	224.181	7.619	8.227
544.056	224.681	8.381	8.197
545.968	224.339	7.664	9.252
547.188	225.385	9.117	8.410
548.392	226.333	9.197	7.713
549.916	225.971	10.441	8.025
551.982	226.445	8.953	8.645
551.825	226.366	10.369	9.525
555.225	227.946	9.161	8.508
557.083	228.176	8.404	8.709
558.902	228.703	9.088	8.654
560.793	229.433	7.608	8.098
561.971	230.093	8.152	7.508
563.465	230.609	8.728	8.148
564.778	231.214	8.577	8.031
566.261	231.141	8.474	8.185
567.461	232.230	8.370	7.904
568.347	231.482	9.093	7.788
569.857	232.150	9.239	8.000
571.894	232.963	8.670	7.643
573.341	232.385	8.465	9.043
574.896	233.974	8.464	7.534
576.593	234.534	7.422	7.638
577.977	235.396	7.397	6.211
578.671	235.827	7.726	7.292
580.337	235.821	8.194	8.308
580.781	236.564	8.365	7.745
582.127	236.612	8.513	8.034
583.863	236.387	7.475	7.916
584.867	237.408	6.911	8.146
584.385	236.672	8.660	9.227
584.284	237.552	8.912	8.196
585.959	238.326	8.026	6.854
586.924	238.340	7.181	7.677
587.606	238.423	7.791	7.401
587.810	238.231	8.239	7.690
587.705	238.518	8.413	8.185
586.122	238.346	9.606	8.137
588.084	238.677	8.110	8.340
587.358	238.710	8.608	8.392
587.040	238.964	8.994	8.478
587.976	239.565	8.136	7.847
587.135	239.086	8.801	8.399
586.971	239.326	8.505	8.126
586.654	239.566	8.027	8.442
586.209	239.747	7.937	8.260
585.445	239.924	9.266	8.322
584.275	239.393	8.569	7.865
583.290	239.871	8.518	8.729
582.204	239.927	9.855	7.777
581.610	240.569	10.289	7.829
578.843	240.067	10.544	7.114
578.813	240.523	7.161	6.911
577.456	240.437	7.464	7.004
575.177	240.515	8.279	7.249
574.473	240.089	7.770	7.355
571.223	240.771	9.010	7.434
569.062	240.333	8.999	7.515
567.280	240.045	9.847	8.027
563.846	239.806	9.710	7.600
562.905	240.348	9.526	7.549
560.695	240.455	8.935	7.341
557.934	240.345	9.828	7.460
555.059	240.572	9.935	6.978
553.341	239.937	11.883	7.909
551.212	239.410	13.638	8.955
546.874	239.181	12.060	8.422
544.931	238.540	10.866	9.008
542.291	239.123	9.633	8.823
539.731	238.454	8.979	7.837
535.972	238.370	7.729	6.907
532.442	238.859	8.215	6.640
530.316	237.941	9.196	7.151
526.810	237.953	12.157	7.184
521.972	237.234	10.503	7.220
519.435	237.074	12.426	8.411
514.555	236.489	11.481	7.449
510.963	235.419	12.680	7.595
508.198	234.050	12.185	8.819
503.951	233.919	10.060	7.548
499.089	233.109	9.794	7.476
496.082	233.291	9.014	7.851
493.509	232.891	9.153	8.386
489.143	233.151	8.471	6.954
484.417	232.337	11.386	7.627
481.783	231.907	12.835	8.737
477.063	231.618	11.602	7.846
473.038	230.812	12.765	8.704
468.593	230.079	12.444	8.573
466.270	229.672	11.817	7.823
462.813	226.949	10.364	8.919
457.547	226.781	8.389	7.186
454.658	227.275	9.622	5.890
450.951	224.746	9.590	8.175
447.093	224.085	9.319	7.673
444.418	223.968	8.041	8.112
439.592	223.567	8.676	6.915
438.373	222.437	7.790	7.530
435.630	221.836	9.195	8.942
432.848	221.760	7.392	7.531
430.948	220.598	12.012	11.841
426.679	219.638	12.122	7.268
422.621	218.060	10.781	8.561
422.414	217.923	9.566	8.083
419.497	218.470	8.512	6.455
417.353	217.652	10.877	8.203
415.216	216.384	10.307	8.915
414.346	216.670	10.622	9.339
411.042	215.654	8.651	7.801
409.565	216.161	8.256	7.885
408.215	214.879	8.656	8.127
406.930	214.409	7.894	7.976
405.644	214.573	8.569	7.288
404.281	213.663	10.105	7.907
402.455	213.162	7.928	8.891
401.737	213.690	8.288	8.106
400.446	213.156	8.738	7.692
400.166	213.287	8.671	7.556
399.992	212.242	8.886	7.964
397.663	211.311	11.168	10.404
398.193	210.594	9.800	9.662
398.522	210.815	9.678	9.033
398.222	210.597	8.545	8.692
395.657	210.474	9.528	8.179
396.527	209.875	8.174	6.929
394.986	209.400	8.778	7.766
393.947	208.963	9.934	7.831
393.413	208.695	10.226	8.299
394.351	209.292	9.379	7.422
394.861	208.281	8.887	7.759
396.198	207.616	7.980	7.379
394.169	206.930	9.509	7.235
395.963	206.615	7.457	7.600
395.038	206.178	9.065	8.323
395.646	205.979	8.576	8.208
395.914	206.194	8.683	7.301
395.837	206.418	7.154	6.301
395.023	205.133	8.586	7.367
395.598	204.167	8.217	8.764
396.230	204.420	7.768	7.961
395.565	203.844	7.779	7.393
396.534	203.967	7.279	6.618
395.448	202.942	8.162	7.502
393.942	201.985	10.840	8.144
396.462	202.211	9.821	7.065
396.046	201.199	9.009	7.432
395.878	201.686	9.924	7.519
395.519	201.064	10.285	7.392
395.790	200.526	10.224	8.139
396.677	200.282	10.511	7.808
396.100	201.355	11.412	6.873
395.660	201.264	10.490	6.512
396.624	200.364	9.118	6.075
397.492	200.522	8.098	7.124
397.716	200.615	8.676	6.712
397.650	200.117	8.102	7.034
397.933	200.546	8.568	6.548
397.887	199.728	8.550	6.574
397.914	199.598	8.197	7.170
398.175	198.579	8.208	7.749
398.611	199.321	7.908	7.294
399.147	199.368	7.597	7.184
399.328	198.826	7.705	6.921
399.213	198.621	7.541	7.480
399.919	198.680	7.428	6.790
399.495	198.227	7.836	7.224
399.159	198.489	8.093	7.566
398.876	198.001	8.687	8.014
400.088	197.661	8.100	8.062
399.899	198.236	7.734	7.886
400.389	198.215	7.511	7.626
400.554	197.785	7.116	7.558
400.123	197.783	7.941	6.958
399.914	197.193	8.199	7.976
400.187	196.489	8.297	8.039
400.720	196.569	7.648	8.595
400.917	196.808	7.428	7.846
400.939	196.857	7.984	8.035
400.985	196.646	7.824	7.814
400.985	196.613	7.924	7.976
400.931	196.360	8.035	8.203
401.424	197.195	7.380	7.793
401.077	196.828	7.946	7.442
401.085	196.769	7.764	8.086
401.821	196.924	6.975	7.286
401.257	196.610	7.769	7.349
401.611	196.452	7.890	7.893
401.806	196.537	7.775	7.552
402.149	197.583	7.481	7.188
401.423	197.106	8.216	8.110
401.943	197.848	7.905	7.574
402.152	198.060	7.728	6.843
401.761	198.042	8.213	7.106
402.624	198.669	7.349	6.997
401.822	198.728	7.587	7.995
402.670	199.183	6.973	7.652
401.710	199.417	8.148	7.092
402.654	199.299	7.271	7.755
402.062	199.560	7.929	7.839
402.043	200.247	8.252	7.804
401.617	199.816	8.833	7.397
402.244	201.020	8.607	7.533
401.581	201.297	9.112	7.484
402.018	200.442	8.573	7.388
402.001	201.855	8.536	6.960
402.078	202.782	7.680	6.789
402.830	203.432	6.745	7.826
402.123	204.009	7.666	8.241
402.088	203.778	7.652	8.407
402.839	205.610	6.880	7.840
401.316	205.204	8.481	7.987
402.884	206.812	7.613	7.551
401.939	207.544	7.927	7.378
402.275	208.331	7.437	7.189
401.462	208.224	8.112	8.024
402.080	209.139	7.479	7.674
402.458	210.287	7.279	7.544
402.228	211.462	7.472	6.868
402.365	211.223	7.107	7.277
402.264	212.307	7.305	7.949
400.660	212.326	8.869	8.821
400.967	213.457	8.618	8.877
400.862	214.397	8.959	7.999
401.351	214.773	8.454	8.831
401.296	216.287	8.307	7.681
400.371	217.381	9.659	6.557
402.067	217.235	8.587	7.741
401.648	218.043	8.059	5.643
402.124	217.725	7.237	7.430
402.937	219.705	7.324	6.496
402.287	219.779	6.823	8.373
402.682	220.908	6.393	7.523
400.329	221.949	8.825	7.708
401.992	222.969	7.260	7.299
401.639	223.382	7.657	8.058
402.217	225.129	7.586	6.948
401.450	225.319	8.011	7.194
401.896	225.875	7.380	7.541
402.795	226.948	6.984	7.282
401.623	227.726	7.834	6.665
402.388	228.683	6.957	7.798
402.172	229.637	7.083	7.890
402.215	230.220	7.196	7.892
401.110	230.947	7.777	7.445
401.778	230.472	9.511	8.373
400.990	231.665	10.030	8.018
401.109	232.763	8.045	7.714
401.917	234.130	7.496	7.123
401.812	234.644	7.587	8.101
401.551	235.680	7.525	8.127
400.940	235.756	7.937	8.819
401.882	237.460	7.059	7.431
401.825	237.563	7.653	8.447
401.672	238.771	7.416	7.738
401.988	239.693	7.095	8.393
400.575	241.325	7.996	7.076
401.840	242.188	7.160	7.055
401.363	242.772	7.578	7.362
401.395	242.864	7.904	7.670
400.790	243.526	8.185	9.808
401.736	244.125	7.071	8.681
400.971	245.324	7.744	8.228
400.514	245.955	8.612	8.691
401.728	247.420	6.693	8.380
400.450	247.611	7.879	9.011
401.395	248.688	7.583	7.180
400.606	249.241	8.315	7.596
401.966	250.410	6.960	7.570
401.411	250.783	7.225	7.365
400.538	251.610	8.318	8.111
401.401	252.413	7.501	8.020
401.033	252.161	8.005	9.167
401.266	253.250	7.966	8.793
401.024	254.656	7.911	7.973
401.600	254.395	7.346	9.097
402.405	256.264	7.028	8.116
401.716	257.013	8.272	7.406
402.165	257.949	7.497	7.098
402.689	258.572	7.873	6.811
402.532	258.932	7.015	7.501
401.578	257.632	8.718	8.985
403.120	260.144	7.640	7.880
403.255	259.384	8.448	10.056
403.327	259.451	8.928	9.235
403.486	261.428	8.338	7.820
403.454	262.080	9.495	8.681
404.155	261.844	8.852	8.753
405.766	263.398	6.639	7.809
405.388	263.843	7.860	8.704
405.271	263.660	7.916	7.574
405.398	264.297	7.572	7.839
405.925	265.134	7.709	8.307
406.884	266.453	7.001	6.189
406.627	266.763	8.561	7.065
407.488	267.625	7.215	6.634
406.769	267.702	8.089	8.703
408.039	268.500	8.331	7.507
408.098	268.435	7.936	7.695
408.198	269.978	7.792	7.333
408.142	270.439	8.685	7.403
409.635	270.159	7.348	8.494
410.096	271.299	6.941	7.677
410.673	271.232	7.294	7.869
409.392	272.500	8.410	7.599
411.022	273.881	7.020	6.150
411.862	273.882	7.359	6.935
412.129	273.834	8.121	7.159
412.169	274.151	8.049	7.832
412.187	274.491	9.151	7.013
413.933	274.692	8.389	7.633
413.545	275.346	8.602	9.275
415.262	275.676	7.089	6.642
415.172	275.906	7.864	7.867
416.091	275.927	8.484	8.376
416.085	275.819	8.306	8.701
417.286	275.960	7.405	9.147
418.006	278.066	6.915	7.066
418.412	278.225	7.184	7.360
419.288	277.861	7.922	7.828
419.595	278.224	8.252	8.142
420.441	278.257	7.321	8.739
420.006	278.014	7.730	9.203
420.876	278.370	8.661	8.233
421.294	278.439	8.759	8.474
423.450	279.818	6.778	7.323
423.907	279.421	7.787	7.855
424.668	279.503	7.284	7.677
424.164	280.145	8.145	6.241
425.461	279.769	7.569	6.995
426.092	279.945	7.727	7.528
426.525	279.383	7.510	7.960
427.543	280.195	8.780	8.847
428.061	280.464	8.039	8.081
428.542	280.316	8.633	7.421
429.831	280.772	7.073	7.112
430.772	281.024	7.514	6.796
431.620	280.672	9.236	7.824
431.609	281.327	7.613	6.333
432.565	281.812	7.157	5.848
433.778	281.320	7.272	6.393
433.935	281.185	8.257	6.593
433.992	280.491	9.143	6.879
435.421	281.121	9.327	7.478
434.966	281.164	9.897	7.963
436.727	281.056	8.642	6.892
438.405	281.225	7.698	6.910
438.136	280.852	8.419	7.520
439.614	281.444	8.435	7.121
440.830	280.785	6.937	7.359
441.432	281.162	7.394	7.515
442.306	281.565	7.598	7.555
443.183	281.284	8.024	7.838
442.594	280.679	8.694	7.734
444.066	281.087	8.076	8.456
445.856	281.017	8.109	9.319
444.390	281.217	9.351	9.202
446.755	281.983	8.842	7.313
446.628	281.578	8.661	7.407
448.279	281.427	8.937	8.570
449.523	280.287	8.852	8.455
449.924	282.148	7.868	7.383
450.615	282.228	9.789	7.707
452.109	282.296	8.681	6.673
452.181	281.786	9.186	7.566
453.906	281.618	8.145	8.440
453.912	281.337	9.256	8.789
455.529	281.176	8.351	7.916
456.423	281.697	7.186	7.557
456.290	281.062	8.779	8.508
458.972	281.401	7.752	8.280
459.426	281.656	7.869	9.714
458.352	280.491	11.268	9.020
459.876	281.306	10.846	8.674
461.670	281.536	9.128	7.948
463.401	281.762	7.644	7.565
464.617	281.651	7.265	7.401
463.952	280.989	10.461	9.419
466.270	281.266	9.482	7.523
466.884	280.354	10.570	8.641
466.788	280.362	12.365	9.743
466.929	280.631	11.149	8.597
470.838	280.635	9.623	8.940
471.051	281.356	8.497	8.376
472.821	281.425	8.294	7.406
473.501	281.365	9.369	6.909
473.931	280.697	9.187	7.864
473.930	280.602	10.419	7.797
474.169	281.237	11.903	8.236
478.436	280.635	9.144	7.275
479.675	281.785	8.209	7.033
481.727	280.796	7.969	6.915
482.020	280.892	8.013	6.919
483.716	280.505	9.415	7.705
484.260	280.804	8.835	7.220
484.599	280.660	8.745	6.878
486.398	280.043	9.193	7.416
486.553	280.044	9.042	7.674
488.311	279.660	7.897	7.878
489.959	279.302	8.898	7.651
489.749	279.638	9.396	7.580
493.559	278.968	8.009	9.307
493.436	277.506	8.775	10.990
494.973	278.106	9.613	8.473
495.624	278.248	9.009	9.347
496.844	277.798	8.369	8.722
498.132	276.692	9.912	8.943
498.332	276.344	11.944	9.582
501.284	275.309	10.351	12.134
503.621	275.486	8.244	8.114
505.340	274.986	7.958	6.883
505.306	273.787	8.937	8.207
506.021	271.761	10.637	9.728
508.758	270.011	9.664	9.273
511.243	270.681	8.591	9.766
511.011	270.908	9.569	6.868
510.907	268.392	10.533	8.628
513.885	265.759	10.167	7.859
515.779	265.270	9.100	7.680
517.163	264.471	9.367	8.637
519.025	263.650	9.006	7.250
520.575	261.388	9.564	8.057
520.675	259.595	10.740	9.518
523.426	258.635	8.941	8.524
524.810	257.369	8.569	7.684
527.028	255.766	8.279	8.098
528.211	254.310	9.003	7.866
530.501	252.097	8.613	7.521
529.907	251.112	9.995	7.861
529.989	248.928	10.557	10.283
531.781	246.861	10.297	11.763
530.921	244.167	13.880	12.240
537.259	241.172	11.883	10.939
539.422	240.737	9.034	9.661
540.117	238.457	9.320	10.630
541.592	236.962	11.312	12.579
542.264	233.706	11.190	13.783
544.288	231.131	11.972	9.545
545.516	228.579	11.033	10.740
544.010	226.591	13.716	12.041
547.117	223.942	12.580	16.280
546.631	221.981	15.411	14.781
554.067	218.507	10.956	10.647
556.547	216.243	9.481	9.933
559.164	214.033	8.489	7.605
560.638	210.754	8.870	9.251
561.792	208.507	9.605	9.261
563.672	207.686	8.125	9.494
564.844	206.443	8.459	8.984
568.219	203.642	7.531	7.809
568.914	200.985	8.605	9.534
571.165	199.544	9.089	7.790
572.762	198.612	8.812	7.345
575.464	196.343	8.059	7.920
576.996	195.069	8.474	7.707
579.188	193.181	8.867	7.933
580.829	193.173	8.733	7.928
582.193	191.983	9.451	7.951
584.750	190.900	8.627	7.784
587.129	190.188	8.363	7.492
588.770	187.760	8.614	8.339
591.241	186.819	8.427	7.094
592.954	184.757	8.533	8.598
594.954	183.689	8.959	8.254
596.696	182.646	8.870	8.087
598.685	181.532	8.939	8.312
599.745	180.460	9.473	8.116
602.077	179.637	9.047	8.203
604.059	178.636	8.821	7.897
606.097	177.348	8.693	9.059
607.854	176.663	8.459	8.666
609.829	176.077	8.262	9.036
610.808	175.928	9.357	8.270
612.831	174.913	9.301	8.849
614.674	174.496	9.020	8.729
616.634	174.225	8.417	9.055
617.928	173.687	8.977	7.790
619.204	173.072	9.013	8.647
621.304	171.806	8.534	9.674
623.344	171.474	8.655	9.447
622.960	171.313	10.376	9.612
625.540	171.443	8.854	8.551
627.388	170.946	9.233	8.980
628.841	170.282	10.084	8.468
628.946	170.001	10.436	9.768
631.701	169.725	8.296	8.782
632.592	168.479	7.209	9.691
634.122	167.980	5.878	10.664
633.061	168.174	6.939	10.880
0.000	0.000	0.000	0.000
0.000	0.000	0.000	0.000
0.000	0.000	0.000	0.000
0.000	0.000	0.000	0.000
0.000	0.000	0.000	0.000
0.000	0.000	0.000	0.000
0.000	0.000	0.000	0.000
0.000	0.000	0.000	0.000
0.000	0.000	0.000	0.000
0.000	0.000	0.000	0.000
0.000	0.000	0.000	0.000
0.000	0.000	0.000	0.000
0.000	0.000	0.000	0.000
0.000	0.000	0.000	0.000
0.000	0.000	0.000	0.000
0.000	0.000	0.000	0.000
0.000	0.000	0.000	0.000
0.000	0.000	0.000	0.000
0.000	0.000	0.000	0.000
0.000	0.000	0.000	0.000
0.000	0.000	0.000	0.000
0.000	0.000	0.000	0.000
0.000	0.000	0.000	0.000
0.000	0.000	0.000	0.000
0.000	0.000	0.000	0.000
0.000	0.000	0.000	0.000
0.000	0.000	0.000	0.000
0.000	0.000	0.000	0.000
0.000	0.000	0.000	0.000
0.000	0.000	0.000	0.000
0.000	0.000	0.000	0.000
0.000	0.000	0.000	0.000
0.000	0.000	0.000	0.000
0.000	0.000	0.000	0.000
0.000	0.000	0.000	0.000
0.000	0.000	0.000	0.000
0.000	0.000	0.000	0.000
0.000	0.000	0.000	0.000
0.000	0.000	0.000	0.000
0.000	0.000	0.000	0.000
0.000	0.000	0.000	0.000
0.000	0.000	0.000	0.000
0.000	0.000	0.000	0.000
0.000	0.000	0.000	0.000
0.000	0.000	0.000	0.000
0.000	0.000	0.000	0.000
0.000	0.000	0.000	0.000
0.000	0.000	0.000	0.000
0.000	0.000	0.000	0.000
0.000	0.000	0.000	0.000
0.000	0.000	0.000	0.000
0.000	0.000	0.000	0.000
0.000	0.000	0.000	0.000
0.000	0.000	0.000	0.000
0.000	0.000	0.000	0.000
0.000	0.000	0.000	0.000
0.000	0.000	0.000	0.000
0.000	0.000	0.000	0.000
0.000	0.000	0.000	0.000
0.000	0.000	0.000	0.000
0.000	0.000	0.000	0.000
0.000	0.000	0.000	0.000
0.000	0.000	0.000	0.000
0.000	0.000	0.000	0.000
0.000	0.000	0.000	0.000
0.000	0.000	0.000	0.000
0.000	0.000	0.000	0.000
0.000	0.000	0.000	0.000
0.000	0.000	0.000	0.000
0.000	0.000	0.000	0.000
0.000	0.000	0.000	0.000
0.000	0.000	0.000	0.000
0.000	0.000	0.000	0.000
0.000	0.000	0.000	0.000
0.000	0.000	0.000	0.000
0.000	0.000	0.000	0.000
0.000	0.000	0.000	0.000
0.000	0.000	0.000	0.000
532.741	47.475	93.441	74.492
546.900	52.544	86.787	81.051
562.851	88.394	71.692	60.704
609.055	137.035	30.397	27.243
617.171	141.481	22.028	18.868
622.509	142.432	16.179	15.567
622.827	143.320	14.586	11.046
621.112	142.915	11.348	9.416
618.313	143.802	9.561	8.184
615.516	142.695	10.931	8.602
613.987	141.630	9.734	10.034
611.309	141.600	9.768	7.538
608.797	140.267	10.211	7.673
606.506	139.114	9.907	8.262
602.204	138.720	9.653	8.030
599.502	137.258	10.367	8.324
596.613	136.902	11.707	8.201
592.533	136.023	10.622	8.776
590.575	134.843	10.281	8.267
587.664	134.562	9.946	8.891
582.971	133.376	9.456	8.532
579.795	132.138	10.296	8.371
575.516	130.825	9.579	8.469
572.184	130.350	10.127	7.664
568.334	129.319	9.496	7.983
564.560	128.654	9.769	8.328
560.052	128.235	9.380	8.387
556.039	126.921	10.580	7.844
552.015	126.447	8.448	7.875
546.953	124.991	9.135	8.473
542.372	124.066	10.805	8.772
537.602	123.713	9.247	8.245
533.284	122.933	10.927	7.777
527.722	121.852	10.057	8.681
522.675	121.044	12.685	8.038
517.909	120.044	13.415	8.771
512.215	119.618	10.649	8.199
507.210	118.981	10.575	8.148
501.529	118.506	10.528	7.797
496.490	117.978	10.361	8.708
489.934	117.164	10.775	7.991
484.401	116.743	11.572	8.162
478.988	116.127	10.705	7.743
472.866	115.058	11.243	7.623
467.294	113.773	10.448	8.253
462.306	113.384	9.719	7.951
454.978	112.321	9.800	7.732
448.473	111.639	10.695	7.544
442.395	110.676	11.264	7.676
436.981	109.870	11.832	7.282
431.022	107.856	10.680	8.637
425.423	107.629	14.125	8.247
419.290	106.720	12.962	8.200
414.210	105.188	11.421	8.427
408.120	103.868	11.939	8.472
403.115	103.704	10.148	7.669
397.984	103.020	10.013	7.192
392.669	102.153	9.036	7.509
387.005	101.479	12.070	7.913
382.330	100.669	10.972	7.653
376.306	100.031	9.937	7.225
370.899	99.393	13.695	7.030
366.346	97.984	10.682	8.177
361.608	97.824	11.683	8.638
356.828	96.585	10.472	9.111
352.282	95.742	11.230	10.166
347.099	95.248	11.453	9.536
343.647	94.722	9.812	9.994
339.644	93.951	9.250	10.008
335.750	92.573	9.491	10.146
330.900	92.651	11.352	9.457
327.874	91.876	10.235	9.583
323.401	91.201	10.803	10.413
320.198	90.921	10.521	9.263
317.040	91.001	10.202	9.671
313.862	90.595	9.610	10.096
310.934	90.184	9.670	10.324
307.431	90.233	10.589	9.999
304.493	90.286	10.377	9.354
302.165	90.009	10.131	9.562
299.150	89.619	10.443	10.152
296.980	89.850	10.261	9.430
294.566	90.145	10.310	9.318
292.017	89.378	11.482	10.151
290.331	89.691	10.495	9.732
288.429	89.947	11.046	9.094
287.053	90.334	10.185	9.246
285.144	90.210	11.013	9.075
283.831	90.252	11.346	10.220
283.383	90.621	10.803	8.825
281.878	91.011	10.482	8.877
280.877	91.222	10.775	8.902
279.404	91.293	11.091	8.956
279.096	91.598	10.472	8.790
278.549	91.745	10.482	8.905
277.823	91.769	10.924	8.875
277.543	92.066	11.167	8.573
277.466	92.345	10.768	8.047
277.099	92.693	10.897	8.178
276.886	92.680	11.167	8.092
276.678	92.694	11.165	7.845
276.591	92.607	11.218	8.108
276.340	92.691	11.696	8.025
276.459	92.649	11.491	7.765
276.523	92.432	11.637	7.875
276.491	92.170	11.772	7.775
277.345	91.359	10.345	8.130
277.491	91.095	10.878	7.562
277.989	90.724	10.174	7.215
277.883	90.166	10.784	7.047
278.604	88.768	10.194	8.189
278.932	88.042	10.066	8.801
279.190	87.358	9.841	9.697
279.406	87.273	10.369	9.648
279.602	87.542	10.509	9.480
279.708	87.701	10.800	9.380
280.402	87.982	10.511	9.665
281.097	88.626	9.886	9.935
281.527	90.025	10.069	9.787
281.651	91.630	10.332	9.704
282.268	93.905	10.244	8.943
282.782	95.418	10.225	9.602
282.606	97.824	11.502	9.517
282.954	99.685	11.191	10.177
283.634	102.811	10.511	10.094
284.328	105.968	9.733	9.879
285.518	110.166	8.660	9.809
285.343	113.300	10.141	10.075
286.214	117.168	9.395	11.004
285.661	121.124	9.792	10.849
287.080	126.459	8.961	10.001
287.266	130.094	9.282	10.915
287.512	135.406	9.331	9.572
287.774	139.635	9.550	9.887
287.863	144.409	8.935	9.818
288.314	149.100	9.796	10.301
288.902	154.293	8.674	9.918
288.929	159.196	9.261	10.068
289.072	163.944	9.867	10.402
289.475	169.212	9.103	8.936
289.722	173.988	10.085	9.835
291.208	179.065	8.693	8.882
290.851	184.088	9.362	8.807
291.229	189.137	9.097	9.065
291.731	194.043	8.754	9.429
291.416	199.157	9.053	9.109
292.426	203.985	8.072	9.329
292.102	208.835	8.711	9.175
291.829	213.999	9.608	8.075
291.784	219.146	9.740	8.620
291.911	224.113	9.705	9.118
292.057	228.958	9.313	8.002
291.724	233.454	10.367	8.875
292.201	238.615	9.694	8.926
292.220	243.499	9.708	8.465
292.431	248.482	9.548	8.463
292.183	253.780	9.008	8.772
292.387	259.566	9.083	7.747
291.978	264.175	9.128	7.215
292.128	270.120	9.228	7.141
291.859	274.125	10.139	7.750
291.942	279.290	9.537	8.379
292.088	284.714	9.485	8.717
291.884	290.063	9.604	8.189
291.718	295.010	9.161	8.622
291.519	300.353	9.297	8.021
290.820	304.488	9.937	7.877
291.947	309.345	9.772	9.336
291.367	315.110	10.399	9.192
291.196	320.704	10.801	8.159
290.702	323.293	10.711	10.846
290.495	328.407	11.131	10.903
290.533	334.379	11.009	9.641
287.431	338.095	16.482	11.715
0.000	0.000	0.000	0.000
0.000	0.000	0.000	0.000
0.000	0.000	0.000	0.000
0.000	0.000	0.000	0.000
274.988	337.466	24.065	12.203
275.045	337.664	25.412	11.766
274.572	337.448	24.449	12.550
275.037	337.545	26.061	12.142
273.132	338.784	28.707	14.050
321.922	331.530	9.037	12.826
321.323	333.314	13.236	10.502
322.190	333.734	12.000	10.526
320.419	333.921	12.634	9.770
321.776	333.805	13.056	10.255
320.610	334.261	12.824	9.500
323.021	334.218	12.238	9.705
321.708	334.671	12.399	9.661
321.969	334.434	12.719	9.462
322.572	334.161	12.179	9.508
322.806	333.842	11.816	9.380
322.321	334.083	11.631	9.634
322.045	334.140	12.292	9.056
322.186	334.058	12.072	9.640
322.589	334.035	11.904	9.700
322.067	334.150	12.372	9.650
322.117	333.852	13.344	9.684
321.818	334.001	12.318	9.478
322.031	333.861	12.618	9.751
322.055	333.847	12.170	9.789
321.923	333.674	12.606	10.127
321.919	333.977	11.809	9.797
322.146	334.105	12.372	9.717
322.059	334.056	11.995	10.033
321.915	334.297	12.144	9.812
322.096	334.227	11.964	9.755
321.902	334.444	12.301	9.571
322.164	334.224	12.765	9.957
322.369	334.590	12.102	9.542
322.335	334.709	12.232	9.326
321.338	334.677	12.434	9.323
321.953	334.691	13.386	9.502
321.584	334.677	12.907	9.404
322.074	334.844	13.156	9.021
322.003	334.564	12.511	9.383
322.232	334.244	12.115	9.796
322.434	334.572	11.744	9.213
322.326	334.824	11.813	9.218
322.390	334.573	11.764	9.204
322.364	334.586	11.852	9.371
322.363	334.648	11.610	9.094
322.211	334.575	11.560	9.677
322.100	334.590	11.681	9.624
321.965	334.598	12.470	9.169
322.051	334.367	12.153	9.624
321.972	334.243	12.149	9.581
321.871	334.057	11.961	9.951
322.074	334.318	12.342	9.835
321.905	334.442	11.493	9.866
321.888	334.172	11.369	10.230
322.093	334.161	12.407	10.057
321.898	334.315	11.956	9.778
321.959	334.295	12.888	9.662
322.706	334.412	12.112	9.317
322.504	334.256	11.605	10.045
321.777	334.315	11.704	9.827
322.078	334.262	11.647	9.914
320.740	334.450	12.661	9.649
321.139	333.983	12.298	10.099
321.777	333.968	13.479	9.814
322.402	334.010	11.568	9.935
322.531	333.924	11.730	10.127
321.924	334.118	10.652	9.873
322.437	333.912	12.234	9.820
322.835	333.980	11.962	9.710
322.238	333.769	11.883	10.172
322.432	333.934	11.885	10.005
340.739	333.383	10.007	6.489
341.320	333.681	8.506	5.460
341.540	333.548	8.526	7.464
341.014	333.920	9.587	11.255
340.107	331.754	12.832	10.588
340.799	332.638	11.277	12.089
340.851	332.076	10.765	10.366
340.656	333.499	9.977	10.614
340.445	333.864	10.386	7.787
341.224	333.677	8.911	5.891
341.042	333.582	8.778	7.308
341.205	333.040	9.541	8.660
341.188	333.116	9.112	7.784
340.623	332.825	12.491	12.440
338.805	331.376	13.526	9.551
322.293	333.741	11.717	10.520
321.189	334.083	12.655	9.540
321.901	334.038	12.463	9.953
322.427	334.215	11.755	9.844
322.625	334.193	11.651	9.667
322.834	334.218	12.090	9.154
323.148	333.989	11.631	10.208
323.412	333.825	10.969	9.722
322.571	333.851	11.932	10.058
322.311	333.822	12.490	10.082
322.012	334.079	13.079	10.158
322.306	333.798	12.948	10.396
322.528	333.940	12.009	10.027
323.639	333.409	11.551	10.405
307.077	353.947	13.345	7.066
305.496	354.745	11.630	11.216
302.292	355.281	11.060	12.348
303.664	356.778	12.157	12.643
305.200	355.380	13.468	12.613
304.724	357.056	11.618	13.082
305.942	355.066	12.939	13.519
306.032	358.241	11.665	12.810
306.351	357.639	11.400	14.364
306.867	358.175	10.802	13.292
305.094	355.305	11.434	14.727
304.741	354.082	12.133	11.890
305.118	353.458	11.151	11.779
303.712	354.324	9.764	10.641
320.477	339.033	9.507	4.819
322.871	335.482	12.906	8.339
322.791	333.669	12.970	9.276
322.471	333.383	11.907	10.165
322.556	333.698	12.418	8.749
323.090	332.961	13.195	8.964
306.201	353.579	14.321	7.457
304.211	354.078	12.463	9.872
305.074	353.538	11.905	11.223
304.495	353.590	12.001	12.200
303.649	353.406	11.875	13.956
306.360	354.501	11.335	13.060
305.863	354.245	10.781	13.571
304.668	352.468	10.303	14.449
313.320	373.829	14.049	11.121
314.287	374.341	12.820	12.151
314.406	374.437	12.888	12.331
314.263	374.361	13.020	12.449
314.432	374.524	13.104	12.665
314.597	374.642	12.894	12.849
314.290	374.541	13.111	12.709
314.386	374.567	13.090	12.889
314.262	374.564	12.972	12.906
314.196	374.497	13.235	12.885
314.169	374.800	13.529	12.745
314.340	375.340	12.899	12.590
314.605	374.865	12.736	12.740
314.103	375.502	13.091	12.077
314.915	375.086	12.509	12.433
314.872	374.940	12.666	12.897
314.217	374.911	13.319	12.666
315.147	375.021	12.789	13.534
314.426	374.502	13.788	14.462
314.529	374.777	12.991	13.993
314.697	374.791	12.735	13.606
314.421	374.523	13.091	13.801
313.859	374.696	13.002	13.803
314.614	374.529	13.035	13.672
314.316	374.524	13.171	13.671
314.194	374.599	13.302	13.569
314.179	374.690	13.309	13.177
314.202	374.791	13.084	12.480
314.289	374.863	13.092	12.339
314.360	374.858	13.025	12.419
314.236	374.778	13.272	12.518
314.401	374.785	13.052	12.556
314.381	374.798	13.046	12.403
314.331	374.639	13.017	13.029
314.696	374.391	12.593	13.715
314.204	374.785	13.022	13.232
314.242	374.371	13.232	13.727
314.862	374.352	12.560	13.965
314.246	374.611	13.016	13.301
314.074	375.259	12.671	12.804
315.049	374.267	12.590	13.889
314.033	375.323	12.789	12.734
314.791	374.381	12.823	13.739
313.242	375.234	13.435	12.785
315.293	374.535	12.016	13.631
314.245	374.328	12.970	12.801
314.329	374.324	12.870	12.842
313.398	374.327	13.952	13.670
313.614	374.707	13.598	13.344
315.009	374.283	12.521	13.730
313.715	374.903	13.528	13.511
314.280	374.274	13.263	13.924
314.101	374.216	13.535	13.626
313.385	374.463	13.880	13.615
314.050	374.216	13.289	13.936
314.247	374.657	13.296	13.800
314.177	374.324	13.665	14.121
314.261	374.144	13.827	14.666
313.974	374.728	13.858	13.959
314.154	374.345	13.350	14.285
314.006	374.247	13.990	14.317
313.884	374.357	14.293	13.914
313.079	374.438	15.331	13.972
309.336	374.442	17.196	14.265
314.014	373.935	14.363	14.992
312.115	374.410	15.463	14.246
313.762	374.659	14.090	14.431
312.621	374.579	14.965	13.578
313.667	374.640	13.719	14.072
313.165	374.727	14.071	13.885
313.511	375.184	13.519	13.253
314.049	374.427	13.347	13.897
313.633	374.977	13.723	13.548
314.363	374.500	13.157	13.332
314.191	374.921	12.985	12.907
314.438	374.613	13.015	13.404
314.400	375.161	12.771	12.450
314.513	374.734	12.959	13.000
314.465	374.748	12.817	13.383
314.273	374.816	13.166	13.191
314.555	374.463	12.833	13.392
314.311	374.859	12.992	12.731
314.562	374.593	12.727	12.841
314.484	374.951	12.709	12.249
314.341	374.646	12.975	12.298
314.151	375.025	13.075	12.363
314.019	374.979	13.250	12.372
314.320	374.791	12.958	12.513
311.190	374.764	16.051	12.706
314.460	374.442	12.971	13.191
310.384	375.057	16.957	12.836
314.452	374.777	13.055	13.085
314.193	374.758	13.195	13.340
314.160	375.031	13.006	12.718
314.305	374.677	12.988	13.490
314.193	374.938	12.996	13.124
314.314	374.523	13.066	13.787
314.368	374.610	13.121	13.912
314.344	374.900	13.181	13.554
314.274	374.883	13.206	13.423
314.250	374.916	13.223	13.374
314.256	374.325	13.388	13.930
314.288	374.889	13.093	13.177
314.262	374.573	13.009	13.285
313.792	374.628	13.496	13.743
314.292	374.677	13.217	13.632
313.652	374.517	13.388	13.632
314.309	374.553	13.150	13.741
314.266	374.397	13.370	13.553
314.285	374.173	13.160	13.734
314.179	374.382	13.388	12.938
314.286	374.603	13.119	13.142
314.167	374.465	13.221	13.420
314.197	374.564	13.263	13.210
314.422	374.563	13.036	12.952
314.510	374.038	13.025	14.052
309.765	375.263	15.260	14.110
305.634	353.602	15.166	16.774
305.690	353.438	14.757	14.077
305.752	353.939	14.958	14.077
306.493	353.954	13.525	12.388
306.151	354.108	12.926	10.805
306.860	354.365	13.015	11.108
307.210	354.701	11.123	10.450
306.039	354.212	11.870	9.952
304.497	353.697	11.919	8.782
304.927	353.794	9.422	9.752
320.430	337.998	9.562	5.208
322.460	333.153	12.970	9.295
323.476	332.614	13.392	10.301
324.673	333.914	11.311	10.544
322.187	334.100	13.131	8.739
323.723	332.940	13.133	9.549
323.404	333.040	12.758	9.230
323.415	334.191	12.861	10.214
323.042	333.953	11.978	8.941
322.892	333.856	12.715	9.503
322.702	333.711	14.152	10.173
322.127	333.881	12.169	9.025
323.358	333.670	11.620	10.309
324.280	333.674	11.313	9.780
322.825	333.577	11.836	10.278
323.186	333.268	12.893	9.838
323.874	333.897	12.194	10.324
307.081	353.548	13.151	8.465
304.502	353.551	12.010	9.005
302.925	353.782	11.527	8.949
303.580	353.712	10.731	8.474
304.796	353.748	10.036	9.268
302.418	353.744	10.343	8.140
302.877	353.511	10.210	9.462
304.298	353.231	7.293	9.697
303.794	353.814	7.281	9.283
303.939	353.673	6.993	9.442
303.752	353.135	7.865	9.403
303.805	354.137	8.404	9.140
303.060	353.454	9.375	8.597
302.832	354.135	9.246	8.940
303.517	353.576	9.643	9.280
303.218	353.334	8.955	9.506
303.538	353.985	7.986	8.715
303.365	353.813	8.836	9.053
303.342	353.862	8.950	9.199
304.243	355.074	10.085	8.910
320.072	339.027	9.925	4.601
323.322	334.012	11.825	9.283
307.141	353.594	13.121	7.442
305.684	354.803	11.872	8.537
303.093	354.077	9.878	8.522
304.375	353.640	9.747	9.364
303.827	353.891	9.121	8.773
304.893	353.469	9.503	9.233
305.083	353.843	10.332	9.387
302.752	353.939	10.492	7.759
305.324	354.129	8.545	8.977
320.310	338.001	9.680	5.445
322.941	334.380	12.670	8.841
306.068	353.761	14.077	8.263
305.552	354.845	13.101	11.076
304.837	355.939	10.804	11.604
307.536	360.593	10.450	11.772
307.173	358.901	10.278	11.527
307.180	358.804	10.392	12.505
307.492	361.772	10.589	9.985
307.847	361.293	10.005	9.867
308.084	361.612	9.852	9.985
308.535	361.940	9.356	9.440
308.741	361.684	11.150	9.295
308.733	361.692	10.750	9.468
308.716	361.804	10.905	9.196
308.700	361.918	10.537	9.597
308.782	362.035	10.275	8.860
308.630	361.887	10.198	8.985
308.496	362.197	10.465	8.959
308.789	362.295	10.091	9.095
308.485	362.619	9.958	8.462
308.276	362.304	9.931	8.965
308.152	362.092	10.087	9.026
308.108	362.051	10.158	9.085
308.689	362.003	9.976	10.929
308.087	361.517	9.650	11.901
308.096	360.697	10.603	12.568
307.467	356.587	10.215	16.092
303.718	354.168	11.314	10.626
303.523	353.292	8.908	8.860
303.723	354.002	9.351	10.048
320.207	337.990	8.750	5.335
323.315	333.773	11.189	9.611
324.091	332.692	12.059	9.070
322.188	333.328	12.480	10.216
323.445	333.999	13.233	9.789
321.704	333.671	12.004	10.404
322.754	333.706	11.678	9.713
323.500	333.558	11.957	9.566
322.028	333.777	12.350	10.221
322.653	333.686	11.898	9.663
323.408	333.323	12.204	9.113
323.296	333.533	11.933	10.479
323.252	333.047	13.005	8.786
322.677	333.149	12.762	10.354
323.508	333.571	12.342	9.673
322.460	333.378	12.506	10.322
323.598	333.619	12.348	9.591
324.087	333.689	11.949	10.340
322.138	333.694	12.804	9.486
323.636	334.005	11.855	10.252
321.875	333.874	12.389	9.026
323.751	333.651	11.306	9.900
322.670	333.667	11.616	9.842
323.828	333.466	11.722	9.377
323.854	333.868	11.264	10.179
323.613	333.646	11.019	9.278
322.373	333.727	12.068	9.986
323.030	334.008	11.534	10.107
323.428	333.894	11.536	9.083
322.028	334.268	12.313	9.595
323.190	333.757	11.830	9.181
323.477	333.888	11.827	10.062
321.786	333.913	12.499	10.086
323.109	333.870	12.094	9.356
323.218	333.768	11.841	10.214
322.377	333.824	12.329	10.163
322.812	333.902	11.958	10.030
322.969	333.650	12.216	9.512
323.274	334.022	11.738	10.076
323.087	333.818	11.924	10.093
323.543	333.885	11.977	10.483
322.367	333.803	12.497	10.218
322.513	333.893	12.433	9.797
322.585	333.813	11.967	10.019
322.445	333.833	12.174	10.039
322.118	333.681	11.907	9.619
322.496	333.697	11.844	10.190
322.737	333.679	12.218	9.780
323.069	333.720	11.684	10.103
322.644	333.663	12.525	10.126
322.741	333.821	12.148	9.753
322.326	333.547	12.549	10.296
322.425	333.808	12.399	10.265
323.906	333.506	12.652	8.965
323.182	333.567	12.194	9.411
324.098	333.620	11.652	10.235
322.518	333.753	12.094	9.988
320.075	332.732	15.821	9.001
323.372	333.542	12.411	9.920
322.695	333.593	11.659	10.269
319.787	333.493	15.220	8.462
322.413	333.957	12.282	10.073
323.470	333.794	11.115	9.757
322.065	333.760	10.911	10.380
322.145	333.894	11.086	9.991
