214.000	317.000	15.000	13.000
221.907	318.163	13.882	10.474
227.595	316.738	13.503	11.204
228.186	316.712	13.782	11.211
224.026	316.237	14.372	11.238
220.471	316.224	12.736	10.985
217.445	315.737	13.897	10.689
219.287	315.364	13.095	11.059
223.588	314.243	14.526	10.656
231.341	313.747	15.345	10.317
240.182	313.103	14.719	11.047
241.158	313.463	14.042	10.273
234.527	312.901	13.528	10.091
227.805	312.146	14.569	9.876
226.393	310.907	14.350	11.322
226.820	310.956	13.831	11.214
229.294	310.517	13.647	11.160
236.622	309.962	14.611	11.139
246.965	308.556	15.444	11.730
252.776	308.347	13.164	11.780
246.897	308.145	14.638	11.330
241.935	307.766	14.693	11.192
252.451	307.195	15.533	11.241
262.591	307.203	14.385	11.026
270.782	307.063	13.806	10.689
270.331	306.743	13.424	11.226
263.168	306.712	14.204	11.118
260.555	306.165	13.787	11.768
259.944	305.201	13.159	12.090
257.691	305.264	13.759	11.559
255.297	305.104	14.046	11.758
259.138	304.814	14.412	11.585
269.518	304.201	15.325	11.647
277.999	303.748	15.020	11.524
281.434	303.419	14.820	11.660
275.701	303.049	14.329	11.009
272.273	302.717	14.717	10.874
270.915	302.314	14.526	11.195
267.877	301.678	14.569	11.424
266.130	300.601	13.594	11.821
265.451	300.991	12.159	11.515
262.287	300.448	13.319	10.693
260.056	300.347	13.607	10.691
257.816	299.198	13.659	11.507
255.529	299.096	14.069	11.346
255.120	298.515	15.805	10.892
264.679	298.299	15.940	11.108
273.863	297.901	15.731	10.541
283.150	297.608	15.886	10.328
290.143	297.204	14.113	11.007
284.486	296.647	13.732	10.305
280.641	295.807	12.736	11.400
279.349	295.370	12.818	10.681
276.984	295.022	12.268	10.959
274.028	294.522	13.348	11.383
272.168	294.488	13.634	11.105
269.629	294.496	13.569	10.702
267.467	294.442	13.344	10.302
265.188	293.972	13.434	10.307
262.668	293.374	14.045	11.537
260.665	293.516	13.697	11.291
259.129	293.611	13.539	11.001
256.485	293.196	13.813	10.964
254.258	292.291	13.412	11.544
252.572	291.694	13.376	11.565
250.215	291.826	14.147	11.283
248.186	291.176	13.939	11.815
246.047	291.036	14.206	11.715
243.560	290.318	13.852	11.817
241.658	290.053	13.746	11.345
240.461	289.386	13.081	11.292
238.249	288.759	13.063	11.371
236.187	289.142	13.115	10.924
233.518	288.677	13.965	10.689
231.880	287.375	13.522	11.868
229.956	287.346	13.237	11.731
228.361	286.796	13.366	11.803
225.812	286.846	13.874	11.638
223.382	287.630	13.273	10.957
221.135	288.413	13.037	9.945
219.483	288.269	13.372	10.045
216.977	287.478	13.612	9.885
214.957	286.533	12.976	10.000
212.830	285.608	13.120	10.392
210.959	285.020	13.410	10.293
209.561	284.518	13.268	10.441
207.739	284.293	13.256	10.710
204.813	283.373	14.393	11.185
203.760	282.936	13.669	10.645
202.742	282.571	13.476	10.382
200.806	281.975	13.580	10.768
197.367	281.460	15.699	10.711
196.720	281.212	14.544	11.087
195.401	280.830	13.523	11.436
193.735	280.296	14.918	12.215
195.036	280.165	12.565	11.846
195.214	279.580	10.633	10.400
191.755	279.794	11.277	11.033
187.815	279.690	13.122	9.920
186.635	280.275	13.187	12.468
183.995	278.057	13.409	12.184
184.328	278.285	13.349	11.869
183.186	278.259	14.219	12.202
181.446	277.253	15.009	12.134
179.704	277.142	14.563	11.793
178.262	276.819	15.289	12.048
178.540	276.526	14.273	12.023
177.386	276.712	14.830	12.196
176.213	276.350	14.279	12.665
174.678	276.535	14.743	11.571
174.437	276.214	13.556	11.704
173.912	276.099	13.416	12.056
172.248	275.925	14.802	11.801
174.284	276.612	15.404	11.401
185.573	276.398	16.664	11.084
196.854	275.771	16.127	11.725
201.562	275.396	15.627	11.636
196.567	275.346	16.063	11.945
194.157	275.620	15.176	11.570
194.497	275.740	14.241	11.204
193.467	275.834	13.275	10.571
193.328	276.066	13.462	10.463
201.496	276.655	14.677	9.617
212.902	276.499	13.750	9.417
210.864	276.889	13.197	9.317
205.039	276.910	12.833	9.167
205.487	277.003	13.150	9.131
205.764	276.970	13.426	8.780
204.298	276.401	13.413	9.621
203.408	276.449	12.739	9.407
203.738	276.400	12.018	9.279
203.609	276.244	12.274	9.074
203.188	275.925	12.324	9.123
202.950	275.574	11.651	9.075
201.847	275.200	12.085	9.103
201.441	275.390	12.267	9.066
201.660	275.308	11.985	8.877
201.784	275.349	11.846	8.734
208.215	274.829	14.963	8.362
221.505	274.595	12.606	9.521
225.163	274.233	12.381	9.187
220.456	274.277	12.319	9.060
218.904	274.134	11.985	9.324
219.640	273.894	11.654	9.682
218.883	274.196	12.170	9.449
217.455	274.256	13.353	9.277
217.814	274.177	12.852	9.283
218.528	274.355	12.339	9.212
216.934	274.297	13.467	9.246
216.968	274.100	12.968	9.618
217.054	273.909	12.386	10.040
216.916	274.320	12.552	9.709
216.774	274.398	12.589	9.489
216.755	274.403	12.661	9.540
216.628	274.420	12.351	9.607
215.155	274.465	13.147	9.334
215.589	274.504	12.576	9.341
215.640	274.574	12.588	9.105
219.482	274.596	13.417	9.112
230.498	275.080	14.348	8.875
234.635	274.838	12.294	9.083
228.735	274.948	13.282	8.941
225.175	274.879	12.858	9.356
228.006	275.138	12.367	8.894
228.098	275.206	12.347	8.867
227.333	275.161	12.032	9.660
227.365	275.587	12.310	9.597
227.928	275.610	12.360	9.632
227.604	275.822	12.385	9.648
227.195	275.943	12.999	9.009
227.586	275.871	12.760	9.336
228.229	276.175	12.488	9.586
228.247	276.293	12.302	9.317
228.262	276.356	12.584	9.735
228.100	277.004	12.648	9.544
228.443	277.398	12.501	9.601
228.898	277.785	12.170	9.661
228.737	277.682	12.327	10.058
228.513	277.893	12.392	9.733
228.535	277.962	12.267	9.750
228.409	278.462	12.441	9.154
228.259	278.529	12.751	9.825
228.701	278.659	12.370	9.686
228.729	278.773	12.358	9.794
228.231	278.772	12.480	9.325
228.180	278.846	12.300	9.414
228.351	278.907	12.099	9.738
228.652	278.954	12.178	9.696
228.373	279.180	12.673	9.868
228.154	279.213	12.756	9.999
228.377	279.477	12.552	9.780
228.282	279.630	12.411	9.810
228.538	280.211	11.857	9.246
228.750	280.529	11.727	9.088
228.540	280.904	11.858	8.742
228.622	280.822	12.074	8.946
228.559	281.013	12.298	9.169
227.652	281.419	12.719	9.436
227.822	281.981	12.588	9.561
227.924	282.177	12.340	9.977
227.953	282.668	12.400	9.958
227.977	283.617	12.353	9.661
227.904	283.883	12.389	9.437
227.827	283.912	12.711	9.702
227.957	284.367	12.164	9.278
227.787	284.465	12.529	9.771
227.746	284.683	12.471	10.100
227.233	285.177	12.792	9.527
227.499	285.409	12.356	9.474
227.471	285.774	12.358	9.519
227.594	286.275	11.913	9.305
227.606	286.356	12.143	9.582
227.629	286.426	12.208	9.628
227.750	286.277	11.893	9.871
227.589	286.194	11.948	10.062
227.174	286.395	11.873	10.164
227.428	286.722	11.838	9.918
227.618	286.846	11.602	9.709
227.323	287.318	11.849	8.984
226.871	287.433	12.434	9.254
226.701	287.665	12.439	9.133
226.581	287.632	12.448	9.459
226.540	287.950	12.383	9.332
226.514	288.145	12.385	9.823
226.886	288.553	12.144	9.375
226.590	288.823	12.497	9.787
226.379	289.441	12.796	9.753
226.593	290.265	12.545	9.453
225.871	290.503	13.177	9.540
225.976	290.642	13.176	9.610
225.766	290.810	13.203	9.449
225.095	291.494	13.237	9.500
225.220	291.885	12.907	9.684
225.349	291.952	12.846	9.767
225.332	291.838	12.813	9.554
225.154	291.784	12.785	9.822
225.212	292.045	12.512	9.724
225.021	291.912	12.850	9.610
225.000	291.834	12.737	10.010
225.125	292.295	12.500	9.571
224.367	292.585	12.898	9.320
224.236	292.215	12.732	9.728
224.134	292.189	12.778	9.748
223.706	292.237	12.737	9.544
223.677	292.199	12.936	9.521
223.375	292.194	13.072	9.540
223.737	292.272	13.074	9.413
223.679	292.282	12.999	10.211
223.277	292.588	12.689	10.092
223.238	293.002	12.645	9.819
223.052	293.603	12.141	9.325
222.736	293.912	12.709	9.951
222.888	294.311	12.539	10.071
222.782	294.643	12.688	9.881
222.594	294.683	12.458	10.070
222.613	295.205	12.155	10.201
222.579	295.273	12.201	10.211
222.265	295.342	12.490	10.324
222.716	295.866	12.345	9.350
222.765	295.744	12.345	9.326
222.610	295.975	12.024	9.584
222.544	295.948	11.804	9.827
222.477	295.964	11.493	9.762
222.380	296.273	11.720	9.560
222.577	295.767	12.533	9.623
222.148	295.862	12.966	9.511
221.904	296.010	12.915	9.715
222.349	295.949	12.241	9.790
222.434	296.479	12.367	10.305
222.251	296.656	12.608	9.221
222.305	296.595	12.279	9.425
222.383	296.747	12.511	9.047
222.270	296.632	12.540	9.440
222.226	296.679	12.280	9.367
222.386	297.242	11.984	8.738
222.334	297.214	12.189	9.190
222.394	297.176	12.070	9.589
222.511	297.256	11.851	9.226
222.317	297.316	11.584	9.182
222.141	297.466	11.942	9.161
221.861	297.495	12.241	9.118
221.468	297.746	12.318	9.976
221.438	298.118	12.468	9.528
220.766	297.912	12.445	9.531
220.938	297.661	12.477	9.811
220.957	297.880	11.661	9.554
220.993	297.895	11.640	9.645
220.868	298.088	11.786	9.209
220.746	297.995	11.731	9.436
220.779	297.955	11.698	9.485
220.230	297.882	12.488	9.319
220.010	298.013	12.380	8.996
219.929	298.004	12.301	9.179
219.907	298.034	12.308	9.046
219.943	297.915	12.304	9.588
219.752	298.100	12.513	9.198
219.508	298.092	12.401	9.091
219.549	298.142	12.403	9.058
218.884	297.941	13.253	9.278
219.121	297.803	13.112	9.930
219.055	298.248	12.699	9.511
219.023	298.165	11.768	9.476
218.944	298.226	12.098	9.671
218.795	298.226	12.605	9.314
219.036	298.680	12.281	9.065
219.041	298.909	12.429	9.450
218.912	298.996	12.499	9.151
218.894	299.098	12.496	9.395
218.869	299.160	12.598	9.228
218.811	299.326	12.688	9.521
218.992	299.375	12.602	9.467
218.785	299.656	12.864	9.223
219.135	299.725	11.904	9.111
217.416	299.936	13.619	8.887
217.570	299.899	13.735	9.289
217.661	299.795	13.656	9.514
218.230	299.921	13.283	9.057
218.281	300.148	12.966	9.211
218.254	300.230	12.992	8.985
217.479	300.161	13.833	8.944
217.841	300.320	13.073	8.857
217.645	300.221	13.423	8.955
218.188	300.143	13.099	9.229
218.185	300.487	13.352	8.963
218.039	300.217	13.039	9.085
217.938	300.095	13.115	9.561
218.077	300.182	13.106	9.148
218.280	300.329	12.821	9.109
218.043	300.344	13.367	8.585
218.399	300.452	12.140	8.412
218.591	300.126	12.286	8.480
218.577	299.906	11.950	8.834
218.357	300.078	12.616	8.565
218.370	300.194	12.785	8.799
218.425	300.088	13.149	9.284
218.742	300.123	12.584	9.680
218.590	300.127	12.896	9.176
218.479	300.061	13.000	9.499
218.302	300.006	13.203	9.774
218.464	300.160	13.076	9.235
219.392	299.644	12.477	10.048
219.738	299.636	12.573	9.740
219.685	299.606	12.663	9.509
219.252	299.697	13.011	9.130
219.505	299.594	12.763	9.624
219.908	299.528	12.562	9.456
219.850	299.547	12.667	9.321
219.968	299.158	12.373	9.655
219.891	299.167	12.472	8.971
220.061	299.046	12.253	8.707
220.023	298.867	12.275	9.150
220.041	298.747	12.494	9.231
220.289	298.117	12.344	10.019
220.748	298.225	12.062	9.719
220.365	298.019	12.144	9.656
220.337	298.247	11.997	9.493
220.431	297.983	12.113	9.491
220.768	297.851	12.068	9.653
220.798	297.926	12.035	9.491
220.332	297.372	12.086	10.123
219.557	297.416	12.760	9.655
219.773	297.514	12.730	9.697
220.265	297.442	12.482	9.593
220.440	297.387	12.874	9.775
220.661	297.273	12.497	9.381
220.738	297.247	12.449	9.583
220.676	297.247	12.548	9.657
220.664	297.471	12.695	9.747
220.582	297.459	12.716	9.616
220.836	297.523	12.476	9.520
220.980	296.859	12.387	9.139
221.281	296.920	12.141	8.851
221.143	296.699	11.945	8.869
222.166	296.447	11.646	9.223
222.317	296.174	11.308	9.279
222.269	296.154	11.625	9.132
222.261	296.056	11.528	9.266
222.354	295.834	11.595	9.249
222.302	295.279	12.038	9.683
222.465	294.876	11.867	9.906
222.555	294.973	11.894	9.903
222.610	295.123	12.071	9.345
222.492	294.701	12.383	9.934
222.522	294.675	12.296	9.852
222.597	294.813	12.141	9.687
222.933	294.756	11.991	9.607
222.999	294.802	11.808	9.416
223.173	294.683	11.864	9.722
223.599	294.643	12.083	9.172
223.296	294.602	11.674	9.576
223.460	294.623	11.866	9.374
223.789	294.674	12.168	8.873
224.064	294.561	12.528	9.478
224.123	294.553	12.365	9.484
223.972	294.688	12.543	9.501
224.210	294.493	12.288	9.726
224.305	294.558	12.130	9.552
224.621	294.681	12.409	9.496
224.738	294.556	12.691	9.816
225.210	294.919	12.578	9.318
225.339	295.061	12.298	9.156
225.249	294.928	12.010	9.456
225.403	294.942	11.886	9.512
225.280	295.005	12.307	9.606
225.202	294.886	12.345	9.286
225.230	294.870	12.326	9.389
224.340	294.786	13.104	9.477
224.798	294.812	12.525	9.587
224.563	294.747	12.856	9.519
225.076	294.764	12.405	9.454
225.042	294.900	12.553	9.436
224.981	294.941	12.610	9.291
224.994	295.110	12.506	9.516
225.061	295.073	12.467	9.238
224.979	295.031	12.546	9.521
225.140	295.333	12.445	9.239
225.090	295.567	12.561	9.609
224.907	295.593	12.882	9.512
225.107	296.121	12.537	9.279
224.996	296.312	12.610	9.125
224.746	296.366	12.525	9.158
224.610	296.524	12.561	8.971
224.473	296.865	12.613	8.889
224.362	297.025	12.756	9.266
224.415	297.295	12.941	9.283
224.388	297.649	13.107	9.050
224.461	297.655	12.488	9.345
223.674	297.672	12.998	9.956
224.194	298.059	12.216	9.746
223.869	298.275	12.702	9.972
223.662	298.486	12.953	9.943
223.333	298.408	13.049	9.594
223.088	298.874	12.685	9.458
223.249	298.947	12.605	10.021
223.052	299.366	12.025	9.882
223.226	299.819	11.721	9.451
222.753	299.724	11.720	9.555
222.604	299.708	11.978	9.367
222.727	299.712	11.561	9.573
222.773	299.660	12.110	10.271
222.630	299.730	12.220	10.153
222.752	299.847	11.932	10.245
222.693	300.199	12.091	10.137
222.618	300.416	12.075	10.409
222.566	300.474	12.027	10.383
222.625	301.110	12.243	9.379
222.591	301.108	12.156	9.856
222.654	301.216	12.196	9.934
222.373	301.140	12.315	9.948
222.510	302.224	11.457	9.432
222.469	302.410	12.008	9.504
222.432	302.578	11.666	9.050
222.350	302.544	12.041	9.639
222.205	302.713	12.281	9.296
222.242	302.769	12.038	9.795
222.330	302.743	11.816	9.763
222.319	303.356	11.884	9.677
222.573	303.837	11.973	9.165
232.270	303.585	14.077	9.554
244.090	303.342	14.623	9.747
255.333	303.246	14.335	9.453
267.034	303.942	14.105	9.276
274.099	303.567	12.467	9.960
271.073	304.246	12.764	9.576
265.762	304.204	12.372	9.563
265.741	304.516	11.938	10.054
267.099	304.570	12.802	9.434
267.515	304.670	12.812	9.902
266.375	306.834	13.724	9.811
266.702	310.994	12.780	9.944
266.559	309.672	13.275	10.527
266.494	307.808	13.321	10.441
266.566	307.887	13.233	10.541
266.663	308.020	13.088	10.421
267.016	308.497	12.855	10.196
271.551	308.772	13.564	9.883
284.559	308.570	14.229	9.412
295.801	308.795	14.079	9.197
306.013	308.751	13.927	9.923
309.768	309.073	13.490	9.801
305.394	309.300	13.180	9.873
301.265	309.752	13.457	9.501
301.368	309.796	12.402	9.524
303.006	310.103	12.125	9.340
303.116	310.515	12.062	9.071
302.453	310.429	12.459	9.847
302.471	310.487	12.066	9.851
302.332	310.922	11.764	9.668
302.021	311.122	12.010	9.181
301.209	310.947	12.292	9.064
301.501	310.947	11.731	9.404
301.130	311.097	11.944	8.695
300.842	311.057	12.231	9.098
300.777	310.917	12.120	8.985
300.708	311.071	12.092	9.368
300.483	311.354	11.805	9.488
302.142	311.387	12.348	9.357
312.278	311.503	14.722	8.726
324.278	311.486	14.928	8.756
335.971	311.113	14.587	9.260
346.661	310.551	13.371	10.187
348.652	310.529	12.305	10.425
344.062	310.396	12.674	10.322
340.846	310.485	12.095	11.004
341.105	310.688	12.261	10.202
342.673	310.686	12.283	10.207
342.739	311.147	12.342	10.212
341.107	311.245	12.478	10.398
341.007	311.672	11.691	10.254
340.618	311.665	12.209	10.364
340.521	311.671	12.213	10.982
340.250	311.811	13.021	10.511
345.911	312.331	14.237	9.399
357.674	312.025	14.392	10.899
361.876	312.530	13.839	9.411
357.478	312.189	13.651	10.139
352.351	311.791	12.701	11.010
350.418	311.818	13.038	11.080
351.481	312.145	13.986	10.599
352.965	312.170	13.598	10.317
351.744	312.251	13.647	10.210
350.687	311.848	13.392	10.648
350.273	311.609	12.745	10.889
349.225	311.870	12.394	10.204
348.699	311.694	12.478	10.384
348.488	312.041	12.365	9.899
347.887	311.515	12.363	10.264
347.872	311.330	12.396	10.694
346.049	311.106	13.046	11.036
345.722	311.710	13.239	10.380
344.711	312.348	12.856	9.990
344.367	312.489	12.576	9.682
343.874	312.533	12.296	10.270
343.556	313.161	12.024	9.906
342.803	313.274	11.668	9.741
342.102	313.341	11.570	10.449
341.444	313.647	12.265	10.037
340.249	313.719	12.516	9.996
338.626	313.654	13.493	10.278
337.697	313.724	13.326	10.040
337.018	313.969	12.873	10.456
336.687	314.556	12.878	9.564
335.616	314.459	12.683	9.883
334.850	314.643	12.582	10.200
333.423	314.884	12.982	9.987
332.968	315.370	12.079	9.640
331.701	315.563	12.710	9.423
331.133	315.531	12.249	9.657
329.699	315.698	12.666	9.769
329.517	315.714	12.283	10.383
328.802	315.957	11.779	9.718
327.376	316.225	12.779	9.632
325.396	316.510	13.913	9.692
324.877	316.685	12.301	9.894
323.913	316.804	12.412	9.607
322.980	317.032	12.226	9.616
321.813	317.220	12.620	9.538
321.330	317.125	11.970	10.008
319.595	317.174	12.484	9.943
318.863	317.474	12.061	10.194
316.926	318.228	13.308	9.290
317.077	318.401	11.577	9.663
316.003	318.536	12.284	9.698
314.418	318.586	12.332	10.390
313.439	318.279	12.141	11.681
310.738	319.126	13.521	11.096
310.403	319.310	13.274	11.799
309.837	319.864	11.906	11.200
306.666	319.562	13.798	10.999
306.643	319.912	13.614	11.051
304.590	320.083	15.231	11.872
303.171	320.344	14.542	14.421
280.996	333.236	7.342	11.536
275.420	333.446	14.367	10.226
275.898	326.941	18.583	15.123
267.736	330.427	20.432	14.493
264.398	331.908	17.208	17.195
262.768	337.927	18.295	20.219
260.730	343.952	15.321	16.655
268.290	344.749	15.662	15.121
271.131	332.742	16.731	13.862
267.416	333.158	17.475	12.221
269.645	332.646	16.692	11.524
267.606	333.256	17.888	13.974
269.127	332.873	18.021	12.507
267.359	331.889	19.871	13.282
266.309	330.700	21.278	15.230
264.983	330.793	22.690	18.584
261.325	331.354	26.157	16.109
260.660	331.037	26.395	13.812
258.589	331.222	25.951	17.020
262.115	329.712	28.349	15.661
261.356	331.481	25.058	16.275
264.863	330.160	24.009	15.776
264.629	332.097	22.894	13.355
263.882	329.786	23.951	16.938
260.632	330.414	28.101	14.872
267.458	324.528	20.643	14.570
264.046	331.200	21.393	17.223
263.977	328.813	23.187	17.250
262.412	328.751	24.017	19.410
258.655	332.131	24.611	24.540
251.595	331.175	35.330	17.197
253.127	326.587	33.082	18.393
257.542	331.658	26.713	18.136
256.603	327.299	27.834	18.499
248.811	332.439	30.315	15.843
254.235	328.022	28.663	15.005
257.647	325.126	27.814	20.361
250.901	327.475	32.984	15.970
250.708	327.489	31.535	19.206
245.411	328.191	34.559	15.451
242.377	326.762	36.886	18.681
237.819	327.687	34.293	17.066
230.192	331.412	29.468	16.650
223.960	334.147	18.277	12.369
225.645	335.183	13.913	12.036
227.856	335.900	11.178	10.371
227.683	336.400	10.894	8.734
227.951	336.326	9.869	8.752
227.299	336.367	9.793	9.435
227.434	336.320	9.978	9.964
227.697	335.850	10.111	10.798
227.808	335.729	10.215	11.324
227.397	335.834	10.757	10.315
227.609	334.634	10.922	11.112
228.460	335.543	10.606	10.515
228.026	333.520	12.040	11.963
226.379	333.694	12.677	11.502
225.262	332.652	12.776	11.895
224.538	331.684	13.177	13.780
222.223	332.313	15.578	13.103
221.062	331.768	15.479	14.027
218.743	332.084	14.186	12.215
216.638	332.318	14.523	11.500
216.038	332.798	13.669	10.930
214.792	333.064	12.424	9.436
213.432	333.113	12.494	9.892
212.200	332.925	11.935	9.511
210.663	332.688	12.340	9.924
208.995	332.217	12.531	10.347
207.469	332.237	12.743	10.550
206.013	331.619	12.850	10.790
204.065	331.540	13.251	11.152
202.694	331.224	13.932	11.506
201.418	330.877	13.310	11.739
200.641	330.736	12.413	12.070
198.538	331.152	12.985	11.630
197.133	331.143	12.267	11.412
195.854	331.705	13.314	10.080
194.385	331.369	12.658	10.656
192.629	331.040	13.149	11.330
190.915	331.191	13.017	11.011
190.574	331.350	11.587	10.600
189.234	331.292	10.959	10.484
187.267	331.447	12.033	10.279
185.574	331.189	12.351	10.585
183.243	330.813	12.374	9.980
182.088	330.799	12.338	9.388
176.012	332.398	15.160	10.541
172.103	330.863	18.422	11.943
167.883	330.924	22.576	15.428
166.810	331.869	24.328	16.062
166.366	330.830	25.923	17.027
165.572	330.837	26.883	16.873
166.609	331.605	25.714	15.906
167.716	330.804	26.209	16.263
178.936	334.116	24.980	12.684
191.637	333.907	20.343	12.698
202.426	332.878	22.851	14.122
212.173	332.552	20.534	16.637
212.394	331.263	24.320	15.399
208.001	331.015	25.210	15.853
203.537	330.143	23.192	17.166
203.552	330.685	26.606	16.456
202.448	330.008	23.922	17.897
201.223	330.088	13.974	17.670
200.485	330.546	13.499	14.975
198.789	330.528	13.476	10.584
198.123	330.358	11.428	8.931
197.116	330.286	11.872	9.417
195.814	330.288	12.009	9.822
194.665	330.057	12.335	9.073
193.481	330.170	12.808	9.381
192.262	329.944	13.284	9.500
191.210	329.659	13.275	9.158
190.582	329.212	12.523	9.412
189.707	329.086	12.020	9.435
188.670	328.892	12.812	9.248
187.321	328.722	13.794	9.371
187.284	328.057	12.636	10.070
186.994	327.900	11.967	9.842
185.903	327.186	12.539	10.131
184.782	327.183	12.997	9.879
183.812	326.801	13.513	9.763
183.543	326.536	12.824	9.552
182.842	326.079	12.407	9.665
182.523	326.017	11.991	10.049
180.783	325.431	13.495	9.937
180.106	325.242	12.914	9.951
179.353	324.928	12.803	10.111
179.030	325.086	12.813	9.486
177.953	324.293	13.133	9.615
177.898	323.812	12.472	10.669
177.271	323.798	12.384	9.836
177.986	322.998	12.652	9.974
187.080	322.986	13.690	9.247
199.469	322.815	13.507	9.139
210.221	322.036	13.593	9.358
221.059	321.015	12.777	9.993
223.879	321.199	12.508	10.037
219.213	320.870	12.879	9.518
215.188	320.726	12.735	10.020
215.390	319.991	12.523	10.329
216.090	319.393	13.461	10.006
215.934	318.655	12.698	11.049
215.092	318.936	11.990	10.405
214.722	318.738	12.035	10.131
214.810	318.615	11.942	9.920
214.638	318.381	12.095	9.823
213.579	317.527	12.360	9.934
213.238	317.460	12.119	9.601
213.077	316.864	11.940	9.993
212.898	316.720	12.329	9.758
212.598	316.328	12.251	9.706
212.351	316.200	12.502	9.770
212.501	315.530	11.862	10.137
211.923	315.036	12.811	10.281
212.372	314.392	12.756	9.818
212.493	313.938	12.309	10.193
212.737	313.866	12.199	9.356
212.976	313.778	12.024	9.479
212.869	313.580	12.172	9.186
213.165	313.038	11.868	9.728
213.468	312.591	11.928	10.246
213.719	312.484	11.826	10.061
213.790	312.545	12.090	9.909
213.747	312.050	12.354	10.460
214.224	311.251	12.239	10.608
214.931	311.102	11.242	10.617
215.161	310.808	11.773	10.189
215.730	310.157	12.088	9.873
216.309	309.274	11.935	9.788
216.766	308.462	11.714	10.264
217.060	307.960	12.564	10.110
217.280	307.820	12.689	10.299
217.533	306.659	13.142	11.017
217.680	306.210	12.923	10.560
217.998	305.713	13.069	10.362
218.397	305.390	13.151	10.418
218.669	304.682	13.032	10.869
219.115	304.245	12.549	10.305
219.358	303.594	12.694	10.425
219.980	302.619	12.372	10.610
220.495	302.151	12.425	10.395
221.068	301.275	12.129	10.733
221.382	300.509	12.129	9.939
221.824	300.049	12.240	10.564
222.143	299.605	12.363	10.251
222.542	298.589	12.396	11.575
222.690	298.645	13.124	10.724
223.195	297.689	12.937	11.133
223.481	297.900	13.483	10.131
224.086	297.339	13.387	10.303
224.828	296.863	13.404	10.803
225.940	296.132	13.202	10.377
226.537	295.749	13.073	10.431
229.771	295.468	13.259	9.822
241.789	295.202	14.424	9.040
253.676	294.458	14.823	9.463
260.423	293.548	12.671	9.710
257.176	293.341	13.537	10.219
254.125	292.181	12.978	11.253
254.335	292.451	13.362	10.458
256.823	292.125	13.664	10.144
257.699	291.545	13.666	10.448
257.675	290.950	13.255	10.984
257.986	290.049	13.106	10.967
258.252	289.994	13.742	10.729
258.633	289.647	13.511	10.834
259.417	289.220	13.244	10.789
259.990	288.739	13.190	10.725
260.203	287.865	13.417	10.764
261.206	287.872	13.383	10.587
261.832	287.762	13.461	10.691
262.467	287.495	13.546	10.260
263.846	287.207	13.222	10.794
264.572	287.227	13.282	10.362
265.881	287.102	13.399	10.195
266.612	286.969	13.622	10.294
267.424	286.502	13.324	10.586
268.029	286.488	13.402	10.577
268.903	286.413	13.785	10.354
269.993	286.378	13.492	10.478
270.848	286.205	12.954	10.254
271.651	285.784	13.354	10.212
272.232	284.831	13.562	10.696
273.144	284.682	13.781	10.519
274.059	284.473	13.481	10.561
274.758	284.234	13.833	10.479
276.118	283.648	12.916	10.766
277.194	283.169	12.697	11.017
277.710	283.064	13.245	10.487
279.082	283.030	13.256	9.711
280.294	282.514	12.403	10.154
280.851	282.020	13.382	10.537
282.080	281.370	13.509	10.927
283.340	280.929	12.883	11.110
284.258	280.434	12.823	10.766
285.394	280.268	12.662	9.822
286.167	280.167	12.499	9.994
286.982	279.565	12.997	10.284
288.177	279.436	13.108	9.889
289.522	278.758	13.232	10.366
290.676	278.834	13.424	10.161
291.456	278.480	13.505	10.200
292.638	278.296	12.722	10.536
293.810	278.223	13.359	10.574
294.843	277.671	13.217	10.690
295.498	276.967	13.567	11.090
296.420	276.890	13.417	10.838
297.684	276.391	13.108	11.105
298.723	275.664	13.098	11.154
299.854	275.619	13.253	10.940
300.825	274.912	13.668	11.293
302.444	274.642	12.777	11.590
303.101	274.258	13.172	11.118
303.910	273.897	13.249	11.224
305.062	273.745	13.007	11.080
305.652	273.486	13.227	10.809
306.759	273.180	13.266	10.621
307.625	272.415	13.253	10.719
308.589	272.420	12.973	10.394
309.590	271.805	12.525	10.422
310.478	271.451	12.587	10.771
311.352	271.395	12.559	10.565
311.523	271.052	13.157	10.428
312.233	270.829	12.926	10.545
312.567	270.358	13.553	10.466
313.326	270.067	13.596	10.391
313.742	268.989	12.912	11.299
314.024	269.217	13.365	11.188
314.371	269.123	13.620	10.482
314.661	269.048	13.650	10.520
315.303	268.644	13.853	10.681
315.940	268.385	13.415	10.654
316.634	268.084	13.382	10.669
317.548	268.199	13.177	10.376
318.390	268.167	13.055	10.119
318.913	267.465	12.906	10.981
318.850	267.651	13.148	10.778
319.416	267.646	13.838	10.280
320.178	267.465	13.561	10.777
320.590	267.746	13.553	10.381
321.452	267.349	13.560	10.360
322.290	266.557	13.144	11.265
322.739	266.490	13.380	10.830
323.470	266.021	12.974	10.918
323.863	266.151	13.171	10.587
324.561	265.332	12.769	10.236
325.879	265.466	11.887	10.595
326.446	265.172	11.801	10.397
326.709	265.019	12.998	10.317
326.901	264.679	13.926	10.799
328.309	264.445	13.452	11.186
328.996	263.646	13.090	10.910
329.770	263.736	13.116	10.830
330.034	263.446	13.987	10.692
330.886	263.283	13.379	10.259
331.012	263.192	14.143	10.260
331.824	262.790	13.699	10.833
338.307	262.927	15.877	10.771
351.036	262.751	17.016	10.956
363.382	262.413	16.616	11.019
375.773	262.297	15.336	10.540
383.148	262.228	13.995	10.310
380.425	262.269	13.316	10.178
375.950	262.067	14.125	10.505
376.306	262.101	13.909	10.452
378.263	261.518	13.303	10.526
378.636	261.453	12.783	10.779
378.041	260.844	12.622	10.539
377.903	260.807	13.673	10.858
378.057	260.502	13.475	11.137
378.302	260.463	12.884	10.801
378.636	259.912	13.341	10.768
378.600	259.849	13.391	10.965
378.485	259.545	14.092	10.686
379.044	258.984	13.475	10.918
386.028	258.762	14.808	10.668
397.872	258.790	16.665	10.544
410.882	258.183	14.617	10.348
419.226	257.877	14.086	10.149
418.138	257.823	14.102	10.217
413.329	257.881	14.173	9.976
412.027	257.113	14.273	10.531
413.809	256.936	14.062	10.540
414.407	256.635	13.167	11.094
413.471	256.506	13.856	10.795
413.768	256.447	13.061	10.675
413.063	256.175	13.750	10.286
413.143	256.259	13.333	10.226
412.377	255.955	13.789	10.347
412.434	255.394	13.020	10.759
412.734	255.154	12.461	10.668
412.532	255.273	12.736	10.566
412.479	255.119	12.295	10.656
412.293	254.939	12.405	10.416
411.578	254.749	12.708	10.343
411.250	254.606	13.298	10.417
411.411	254.279	12.644	9.849
411.355	254.039	13.037	10.431
411.307	253.622	13.261	10.478
410.582	253.141	13.443	10.991
410.658	252.890	13.058	10.670
410.774	252.868	12.794	10.431
410.415	252.530	13.158	10.857
409.521	252.057	13.650	10.915
409.216	251.687	13.488	10.894
408.817	251.179	13.610	10.947
408.634	250.821	13.396	10.222
408.356	250.787	13.505	10.398
408.314	250.476	13.542	10.551
407.898	250.436	13.670	10.475
407.877	250.012	12.712	10.751
407.223	249.406	13.027	11.415
406.851	249.666	13.126	10.379
406.216	249.049	13.192	11.114
405.416	249.303	14.455	10.825
405.410	248.787	12.623	11.062
405.110	248.852	12.610	10.830
404.444	248.881	13.416	10.629
403.797	248.473	13.821	11.202
402.978	248.557	13.882	10.380
402.650	248.491	13.941	10.804
402.342	248.434	13.798	11.012
401.987	248.225	13.648	10.974
401.725	248.165	13.644	10.091
399.983	248.161	14.624	10.387
400.040	247.934	13.779	10.251
399.126	248.098	14.392	9.902
398.991	247.573	14.319	10.178
398.349	247.730	13.988	10.253
397.250	247.491	14.291	10.400
396.124	247.356	13.882	10.462
395.817	247.279	13.513	10.385
395.068	246.796	13.559	11.483
394.781	246.891	13.319	10.823
394.166	247.055	12.943	10.752
393.653	246.861	12.437	10.605
392.825	247.008	12.828	10.692
392.448	247.082	13.326	10.257
391.119	246.946	14.156	10.507
390.983	246.772	13.642	10.811
389.753	246.636	14.194	10.899
388.951	246.354	13.205	11.054
388.687	246.550	13.008	10.791
388.275	246.684	12.532	10.411
387.477	246.703	13.123	10.597
386.897	246.681	12.605	10.732
386.095	246.639	12.943	10.921
384.630	246.646	14.216	10.740
384.330	246.758	13.739	10.849
383.867	246.609	14.062	10.970
382.759	247.071	13.947	10.504
382.423	247.080	13.179	10.636
380.929	247.320	13.391	10.074
380.791	247.103	13.068	10.611
379.697	247.298	13.112	10.226
378.765	247.490	13.894	10.569
377.759	247.336	13.690	11.590
377.395	247.494	13.529	11.063
377.041	247.678	13.041	11.086
375.854	247.892	13.871	10.795
374.457	247.805	14.073	10.300
373.230	247.891	13.794	10.836
371.929	247.851	13.803	10.943
371.739	247.951	13.498	10.841
371.092	248.391	13.646	10.488
369.578	248.389	13.723	10.857
368.721	248.639	13.798	10.794
367.889	248.598	13.575	11.222
367.135	248.951	13.636	11.164
366.770	249.049	13.170	11.294
365.484	249.644	12.877	11.112
364.406	250.047	13.171	11.075
362.921	250.157	13.742	11.198
362.327	250.337	13.705	11.282
361.600	250.647	13.529	11.131
360.221	250.969	13.661	11.288
359.173	251.229	14.216	11.170
358.852	251.570	13.447	11.257
357.725	252.034	13.748	11.004
356.819	252.308	13.340	11.081
355.725	252.464	13.267	12.054
354.952	252.670	13.509	11.739
353.407	252.734	13.877	11.560
352.913	253.089	13.379	11.731
351.970	253.618	13.242	11.809
351.006	254.314	13.417	10.965
349.195	254.572	13.929	10.972
348.061	254.465	14.400	11.136
346.981	254.538	14.040	11.349
345.665	254.726	14.391	11.184
344.633	254.631	14.542	11.349
343.550	254.765	14.425	11.087
342.468	255.033	13.961	11.423
341.103	254.870	14.497	11.270
340.297	255.106	13.444	11.795
338.422	255.275	14.448	11.649
337.582	255.258	14.461	11.634
335.713	255.617	14.650	11.586
335.419	255.915	13.854	11.970
334.832	255.963	14.339	11.208
333.349	255.876	13.840	11.802
332.101	256.457	13.676	11.488
330.740	256.626	14.375	11.435
329.845	256.927	14.107	11.422
328.561	257.088	14.529	11.224
327.569	257.262	14.457	11.539
326.934	257.833	14.953	10.899
325.273	258.200	14.653	11.000
325.050	258.226	13.654	11.391
323.918	258.611	13.700	11.828
322.859	259.022	14.063	11.569
322.084	259.562	13.953	11.286
320.992	259.852	14.133	11.207
319.564	260.359	14.414	11.021
319.256	260.311	14.040	10.937
318.588	260.107	14.052	11.214
317.063	260.348	14.720	10.907
316.577	260.454	14.106	11.354
315.506	260.477	14.085	11.162
314.637	260.833	14.135	11.422
313.385	260.880	14.679	11.339
313.095	260.875	14.291	11.271
312.077	260.904	14.272	11.388
310.792	260.990	14.511	11.843
310.410	261.220	14.228	11.687
309.798	261.070	14.799	11.788
307.774	261.439	14.752	11.813
307.285	261.906	14.251	11.348
306.391	262.048	14.759	11.025
305.128	262.103	14.867	11.309
305.153	262.412	14.471	11.262
303.584	262.690	14.984	11.221
303.039	262.749	14.295	11.695
300.979	262.571	15.638	11.454
300.371	262.636	15.077	12.315
299.338	262.693	15.387	12.724
298.686	263.338	14.684	12.297
297.674	263.891	13.801	12.171
297.042	264.447	13.966	11.888
294.827	264.758	14.833	11.609
295.649	264.769	15.886	11.394
306.216	265.035	16.098	10.696
316.985	265.297	16.850	10.802
326.003	265.071	17.669	11.130
335.907	264.932	17.383	11.407
344.313	265.221	15.931	11.211
341.631	264.919	16.756	11.623
335.365	264.908	16.660	11.285
333.378	264.884	15.454	11.680
334.444	265.020	14.695	11.272
333.502	264.907	15.504	11.801
331.214	265.041	15.147	11.217
329.276	265.115	15.495	11.041
328.228	265.428	14.022	10.843
326.926	265.479	14.017	10.702
325.899	265.586	14.011	11.029
324.050	265.704	14.062	11.099
322.755	265.864	14.209	10.961
321.460	266.044	14.243	11.377
319.635	265.810	14.746	11.653
318.899	266.182	13.913	11.145
317.086	266.292	14.250	11.314
315.949	266.513	14.143	10.935
314.169	266.371	14.755	11.048
313.127	266.335	14.323	10.971
311.194	266.170	14.909	10.960
310.838	265.920	14.493	11.813
308.819	266.023	14.802	11.840
307.227	266.144	14.540	11.543
306.413	266.027	14.337	11.577
305.063	265.904	14.024	11.657
303.732	266.309	13.887	11.286
302.623	266.193	13.719	11.140
300.796	265.845	14.080	11.343
299.064	265.890	14.214	11.241
298.165	265.587	13.742	11.204
296.878	265.381	13.921	11.179
294.899	264.882	14.759	11.721
293.076	264.699	14.772	11.831
291.158	264.209	14.850	11.972
290.805	264.170	13.923	12.132
288.685	263.989	15.042	11.354
287.789	263.597	14.654	11.804
286.441	263.623	14.211	11.639
284.665	263.507	14.013	11.609
283.224	263.570	13.806	11.301
281.567	263.927	14.640	10.589
280.295	263.747	14.366	10.584
278.848	263.561	13.999	11.312
277.243	263.512	14.104	11.623
276.181	263.829	13.778	11.861
274.311	263.584	14.070	12.306
272.832	263.657	14.416	12.094
271.371	263.555	14.474	11.322
269.223	263.484	14.487	11.782
267.920	263.628	14.933	11.183
266.247	263.579	14.795	11.110
265.631	263.376	13.999	11.370
262.891	263.388	15.248	10.963
261.346	262.829	15.146	11.293
260.814	262.475	14.657	11.165
259.396	262.562	14.330	11.143
257.750	262.425	15.672	11.245
255.761	262.064	15.475	11.308
254.133	261.933	15.766	11.507
252.637	261.198	15.825	11.566
251.504	261.048	14.989	11.903
249.773	260.857	14.130	11.984
247.817	260.736	14.361	11.777
245.770	260.367	14.298	11.058
245.249	260.124	14.012	11.937
243.575	260.163	14.062	11.589
242.301	260.257	13.958	11.696
240.782	259.963	14.001	11.889
239.300	259.505	14.301	11.451
237.729	259.662	14.029	11.337
236.607	259.738	14.764	11.186
234.999	259.712	14.556	11.462
234.319	259.353	13.127	11.782
231.836	259.787	14.567	11.014
230.654	259.424	14.151	11.528
228.793	259.391	15.485	11.055
227.987	259.181	13.709	11.330
226.239	259.157	14.118	11.165
224.443	259.207	14.188	10.960
223.489	259.063	13.563	11.229
222.735	258.723	13.084	11.291
220.771	258.625	13.526	11.481
219.192	258.704	13.841	10.929
217.408	258.257	14.379	11.427
215.917	258.097	14.411	11.632
214.661	257.963	13.823	11.656
213.690	257.880	14.044	11.111
211.640	257.532	14.161	11.128
209.992	257.224	14.622	11.329
209.023	256.962	14.181	11.366
208.319	257.259	13.094	11.250
206.701	256.846	14.111	11.475
205.006	256.834	14.112	11.470
203.319	256.639	14.067	11.777
201.925	256.759	14.420	11.584
201.001	256.848	13.535	11.568
200.072	256.929	13.192	11.370
198.613	256.382	13.346	11.416
196.504	256.500	13.426	11.090
195.601	256.464	13.328	11.208
193.993	256.358	13.928	11.392
192.059	256.341	14.528	11.057
191.064	256.107	13.955	11.299
189.378	256.236	13.786	11.001
187.809	256.133	13.918	11.408
185.753	256.034	14.662	10.926
185.143	255.966	13.664	11.220
184.318	255.871	13.518	11.434
182.431	255.853	13.756	10.961
180.614	255.548	13.997	10.853
179.013	255.314	14.123	10.765
177.120	255.179	14.849	10.773
175.933	254.704	14.383	11.074
173.937	254.707	14.565	11.324
172.524	254.745	14.341	10.908
171.579	254.685	13.514	10.724
170.181	254.456	13.602	11.203
168.091	254.499	14.503	11.285
166.895	254.311	14.207	11.344
165.173	254.167	13.880	11.285
163.466	253.722	14.285	11.545
161.448	254.234	14.373	11.157
160.358	253.994	14.440	11.245
158.847	253.624	14.692	11.260
157.694	253.615	13.945	10.613
156.150	253.573	13.832	11.372
153.975	253.751	14.633	10.672
152.707	253.134	14.388	11.981
151.366	253.183	14.330	11.525
150.834	253.342	13.133	11.319
148.648	253.234	13.385	10.833
146.839	253.137	13.986	11.002
145.542	253.071	13.889	11.589
143.814	253.660	14.016	11.722
142.101	253.698	14.664	11.310
139.962	252.976	15.591	11.514
138.604	251.863	14.985	12.903
136.998	251.467	15.112	11.672
135.282	250.717	15.501	11.165
133.806	249.982	14.755	12.039
132.006	249.516	15.328	11.977
134.145	249.290	16.139	12.309
145.614	248.497	18.718	12.087
155.349	247.219	18.069	12.352
164.576	246.440	17.657	12.137
168.184	246.026	16.234	12.346
163.157	245.745	17.416	12.962
157.781	245.122	16.758	12.663
156.192	244.647	16.833	13.109
156.438	244.621	16.167	12.919
155.292	244.315	16.078	13.421
152.761	244.276	16.377	13.565
151.556	243.566	15.970	13.939
150.215	243.668	16.269	13.966
149.220	243.786	15.432	13.569
148.114	243.913	15.015	13.252
146.913	243.791	14.875	13.474
144.602	243.800	16.510	13.206
143.455	243.648	16.582	13.253
142.396	243.396	16.692	13.627
140.587	242.991	17.200	13.796
139.717	242.893	17.273	13.300
139.348	242.682	16.485	13.641
138.818	242.600	16.219	13.715
137.396	242.682	16.575	13.839
136.783	242.733	16.590	13.535
135.922	242.943	16.524	13.207
134.950	242.713	16.615	13.505
134.881	242.507	16.231	13.204
134.781	242.737	17.121	13.457
133.661	242.846	16.404	12.867
133.649	243.413	15.442	12.032
133.036	243.284	14.934	12.015
132.788	243.755	14.504	11.700
132.140	244.121	15.126	11.097
132.102	244.306	15.089	10.814
132.010	244.835	13.640	10.312
131.301	244.922	14.335	9.835
130.610	244.924	14.590	10.282
130.539	244.941	14.399	10.522
130.061	245.009	14.769	10.651
130.294	245.224	14.016	9.967
130.230	245.259	14.206	9.710
129.547	245.226	14.444	9.828
129.723	245.113	13.362	10.339
129.174	245.183	13.566	10.037
128.563	245.018	14.660	10.213
129.103	245.104	13.655	10.633
128.120	245.344	14.374	10.261
127.866	245.369	14.170	10.349
127.400	245.553	14.890	10.150
127.431	245.433	14.884	10.872
127.219	245.445	14.970	10.852
127.271	245.788	14.954	10.502
126.935	245.289	14.704	10.742
126.894	245.596	14.521	10.223
126.764	245.416	14.313	10.500
126.518	245.373	14.539	10.532
126.501	245.399	14.446	10.617
126.450	245.437	14.054	10.798
126.368	245.430	13.806	10.716
126.022	245.510	13.980	10.836
126.031	245.405	14.013	11.027
125.860	245.643	14.411	10.757
125.944	245.732	14.382	10.834
125.211	245.734	15.127	10.928
125.747	246.476	14.153	10.488
125.747	246.506	14.488	10.198
125.372	246.752	14.040	10.245
125.668	246.948	13.521	10.407
125.494	247.409	13.883	10.105
125.649	247.978	13.416	10.206
125.443	248.215	13.715	10.200
125.246	248.843	13.646	10.431
125.107	249.233	14.066	10.686
125.314	250.234	14.004	10.059
125.029	251.287	14.178	9.781
125.128	251.580	14.072	9.871
125.013	252.124	13.882	10.059
125.042	252.626	13.540	9.759
125.254	253.241	13.485	9.883
125.014	253.576	13.842	9.932
125.282	254.180	13.804	10.152
124.961	254.654	14.439	10.279
125.019	255.058	13.856	10.541
124.926	255.465	13.574	10.486
125.146	255.738	13.445	10.465
125.054	256.706	13.458	10.163
125.296	257.618	13.503	10.047
125.231	258.166	13.830	9.693
125.040	258.481	13.832	10.355
124.563	258.938	13.675	11.003
124.838	259.582	13.720	11.281
124.778	260.291	14.302	11.142
124.576	260.598	14.591	10.635
124.643	261.190	14.791	10.669
124.537	261.369	14.756	11.053
124.849	262.861	14.230	10.097
125.072	263.145	14.236	9.821
125.619	264.313	13.427	9.132
125.326	265.353	14.223	7.789
125.120	265.792	14.503	7.568
125.232	266.149	13.797	10.050
125.022	266.319	14.580	9.626
125.299	267.510	13.657	12.400
126.389	271.164	11.294	9.068
126.598	272.514	10.100	8.436
125.990	272.742	10.877	9.178
125.170	273.058	11.855	10.082
125.419	273.173	11.505	10.316
126.026	273.667	11.527	10.341
126.626	274.809	10.347	11.671
125.452	276.601	12.017	10.613
125.485	277.575	11.927	10.008
125.499	278.454	10.942	9.314
126.086	279.143	11.062	9.715
127.167	280.292	8.905	9.567
125.923	280.799	10.884	9.367
126.141	280.961	10.624	9.855
126.137	281.784	10.703	9.927
126.233	283.729	10.103	10.204
125.987	284.101	10.676	9.722
126.889	283.536	9.241	10.278
126.994	285.207	9.431	11.728
126.034	286.085	11.783	12.896
125.765	287.027	11.086	11.805
125.693	288.820	10.943	10.588
125.680	289.755	10.791	8.569
120.609	290.188	17.256	14.063
124.694	291.283	9.953	13.654
126.281	291.474	9.906	10.288
124.935	292.592	11.636	10.967
122.321	295.652	17.905	13.371
120.659	296.470	14.517	18.023
119.048	297.772	15.843	16.708
122.597	296.544	18.109	17.209
128.722	305.707	20.764	18.480
129.069	315.501	19.515	11.910
128.726	316.572	18.607	9.561
133.009	316.532	16.065	11.876
131.939	314.427	17.262	11.981
137.689	316.947	15.078	13.649
138.812	315.319	13.939	12.921
133.673	315.144	15.447	12.063
128.924	315.252	15.450	9.177
128.758	314.804	14.099	8.469
129.264	314.732	12.264	9.535
131.165	314.984	13.826	11.895
134.654	317.087	13.434	12.324
138.046	315.975	13.172	11.981
140.324	317.998	13.071	11.331
141.419	316.686	12.069	10.597
141.379	316.322	11.568	10.435
141.449	316.342	11.365	10.607
142.433	316.784	10.635	10.940
143.270	318.056	10.489	10.899
141.124	321.276	14.911	12.077
138.400	315.084	17.293	17.656
133.292	310.158	21.054	20.530
116.489	298.770	20.730	14.734
115.362	300.474	15.732	13.763
115.852	300.517	16.624	13.933
111.380	301.938	19.275	12.323
109.967	300.748	19.510	14.290
116.825	299.949	16.992	14.595
117.295	297.948	15.135	14.947
116.274	301.455	16.983	12.844
115.889	300.698	16.136	12.852
116.839	300.082	17.281	13.752
114.844	299.808	18.479	15.260
117.248	296.636	19.112	19.399
113.778	298.654	21.363	16.135
120.553	297.740	17.898	19.238
129.389	314.214	18.727	12.384
118.941	298.825	14.681	12.933
119.479	300.580	14.010	13.557
117.552	301.010	18.305	20.227
116.667	299.349	17.387	15.806
117.231	298.985	16.748	17.693
116.247	299.000	19.182	18.671
116.345	299.835	17.997	18.318
116.272	300.461	17.683	18.603
124.823	312.197	19.446	14.907
130.436	314.704	16.709	11.225
129.660	314.902	15.396	9.418
129.448	315.334	15.647	9.347
130.043	315.737	17.243	9.401
132.085	315.944	16.381	9.223
133.488	315.893	13.358	11.365
136.300	315.429	13.531	13.831
133.038	315.750	15.580	11.576
133.838	316.752	13.703	12.220
133.489	311.999	15.467	16.671
131.692	313.659	17.800	18.057
129.494	315.307	18.691	13.342
130.868	315.189	15.952	13.980
130.168	312.347	15.809	19.274
129.543	315.610	17.468	11.862
130.897	316.013	14.704	11.917
132.009	314.786	12.192	14.094
131.437	314.798	13.033	13.116
137.813	318.330	12.166	11.855
142.236	318.836	10.368	12.022
139.874	317.131	13.243	12.155
141.059	316.921	17.790	13.939
134.365	312.094	20.693	13.727
131.652	314.223	18.552	13.726
134.916	314.234	15.524	11.469
135.772	315.767	17.144	11.602
135.848	315.024	15.221	14.614
133.101	311.354	17.640	16.267
130.994	311.144	16.879	17.558
133.688	316.643	18.033	14.754
136.425	312.187	20.251	19.480
128.701	314.397	18.841	12.230
130.388	311.080	16.336	18.968
130.173	315.993	18.104	11.106
132.826	317.387	16.924	11.923
130.397	316.352	17.669	9.670
135.174	316.414	14.792	12.310
131.738	315.945	17.346	9.110
140.058	318.649	11.733	12.724
142.913	318.366	12.561	13.111
138.700	316.670	14.603	9.453
139.873	317.383	12.237	11.768
141.473	317.523	13.559	13.130
133.914	315.289	16.101	10.672
137.795	316.765	14.170	11.182
142.123	316.970	13.125	12.607
141.945	316.984	13.000	12.718
139.226	316.659	14.197	11.181
140.892	318.199	11.029	11.398
142.255	317.583	12.278	12.805
141.324	317.520	12.963	12.622
138.164	315.971	14.875	10.146
140.010	317.742	10.656	10.629
141.312	317.689	13.713	12.133
138.601	315.332	13.777	10.813
142.497	318.436	12.883	11.702
141.554	317.651	11.268	11.513
140.820	316.706	11.617	9.902
138.637	316.844	10.001	7.914
139.490	318.163	13.933	12.155
136.868	316.797	16.681	13.963
134.182	312.985	19.303	16.630
131.738	311.682	19.839	12.478
119.530	297.883	14.902	12.479
118.207	297.711	17.626	17.165
119.567	297.899	23.497	23.726
128.708	311.849	21.391	16.527
127.006	315.344	21.709	11.517
128.329	315.678	20.282	11.203
130.073	314.405	16.271	13.260
129.908	313.625	14.969	13.983
131.995	314.365	16.051	13.862
130.286	315.324	18.693	10.742
130.300	315.880	18.329	10.676
129.990	316.297	19.267	9.984
130.310	316.275	18.319	9.507
129.679	316.314	19.073	9.512
129.282	315.803	19.475	10.233
130.954	316.231	18.558	10.462
129.861	316.091	19.005	9.920
132.663	316.394	16.959	9.768
129.970	316.184	17.729	8.844
129.379	316.202	18.889	9.015
128.769	315.920	19.478	9.579
132.643	316.608	16.177	8.980
136.523	317.361	13.541	8.003
139.850	317.253	11.369	9.225
139.967	317.201	10.248	7.939
142.674	317.546	9.844	9.017
141.632	317.804	12.355	10.440
137.743	317.067	14.290	8.538
137.824	317.245	13.234	11.121
141.321	318.215	13.224	12.513
143.171	317.785	14.159	12.687
142.592	317.664	13.820	13.061
142.293	317.468	11.160	12.616
141.855	317.305	10.794	11.233
141.883	318.245	10.717	9.583
144.798	319.131	11.772	10.305
145.010	318.958	12.441	11.861
144.329	318.660	12.219	13.143
140.738	317.453	12.963	10.441
144.096	318.213	11.202	12.043
142.373	318.055	10.750	11.788
142.072	318.129	10.107	11.517
144.378	318.646	11.576	11.949
142.474	318.034	14.716	13.317
139.810	317.285	15.579	12.784
