286.000,382.000,361.000,405.000
303.723,381.944,383.560,408.118
319.898,381.489,400.612,408.048
336.624,381.178,417.235,407.969
351.779,381.146,435.156,407.801
365.832,381.340,444.557,408.105
360.122,381.183,440.105,407.741
354.293,381.070,434.972,407.506
350.843,380.758,430.057,407.635
347.405,381.010,426.593,407.470
343.980,380.590,422.774,406.905
340.036,380.455,419.293,406.793
337.688,379.674,415.973,406.360
333.099,379.595,413.185,406.045
331.045,379.106,409.481,405.985
328.172,379.104,405.768,405.503
325.325,378.836,403.033,405.580
321.408,378.646,398.932,405.555
318.198,378.381,396.184,405.027
315.026,378.118,393.191,404.651
310.642,378.012,390.082,404.193
308.754,378.029,386.734,404.078
305.568,377.792,384.328,403.932
302.107,377.489,381.337,403.308
299.835,377.508,378.986,403.024
296.754,376.878,373.827,402.566
291.597,376.440,371.179,401.751
288.684,375.490,369.683,400.982
287.205,374.924,365.934,400.742
288.435,374.455,369.979,400.362
288.772,375.376,369.981,400.882
340.490,371.806,419.954,397.989
337.467,371.348,415.524,397.394
334.402,371.204,411.789,396.772
330.935,369.858,409.472,395.991
328.500,369.493,405.979,395.552
325.587,369.184,404.022,395.568
323.230,369.107,401.495,395.070
321.146,368.668,398.290,394.718
317.524,368.204,394.880,394.184
314.170,367.924,392.094,393.872
311.779,367.440,390.234,393.270
308.829,367.287,386.143,393.053
306.667,366.788,384.197,392.636
305.052,365.124,382.852,391.601
301.584,364.817,380.335,391.236
299.672,364.510,376.794,391.005
296.988,364.291,374.252,390.927
294.728,363.851,372.614,390.577
291.098,363.653,369.931,390.288
288.837,363.275,366.382,390.361
286.070,363.474,363.471,390.285
284.016,363.238,361.800,389.829
280.742,362.929,358.021,389.503
277.829,362.630,356.071,388.984
275.447,362.303,351.993,388.685
271.293,362.114,350.164,388.388
269.813,362.043,346.020,388.529
266.611,361.597,344.088,388.229
264.643,361.299,341.696,388.013
261.061,361.175,338.563,387.551
258.253,360.512,335.860,387.082
256.136,359.930,332.438,386.600
253.224,358.506,330.171,385.470
249.283,357.913,327.331,385.360
247.416,357.600,326.006,384.633
244.718,357.249,322.868,383.683
243.282,356.786,319.814,382.875
239.530,355.930,317.636,382.483
237.285,355.886,314.601,381.317
235.390,354.611,312.891,380.333
233.668,354.075,310.298,379.980
228.954,353.274,309.232,379.086
227.481,352.760,305.341,379.013
227.106,351.907,307.281,378.317
241.960,351.956,322.408,377.688
261.175,351.772,341.190,377.109
279.146,351.125,358.355,376.604
296.594,350.251,375.504,376.072
305.744,349.008,384.041,375.644
300.876,348.726,379.127,375.008
297.582,348.374,374.423,374.577
296.032,348.052,372.165,374.213
291.885,347.632,369.175,373.641
289.509,347.409,367.989,373.179
286.986,347.256,364.412,372.416
285.886,346.629,362.970,372.654
283.810,346.335,361.839,372.060
281.240,346.250,358.492,371.609
278.833,344.398,357.473,370.287
275.701,344.422,355.809,370.133
274.268,343.578,352.138,370.016
271.703,343.031,350.168,369.189
269.711,342.493,347.073,368.957
267.055,342.105,345.482,368.907
265.414,341.820,343.457,368.561
263.093,341.577,341.820,367.990
260.390,341.166,338.182,367.678
257.745,340.840,336.477,367.378
255.707,340.482,334.093,367.082
253.322,340.252,331.316,366.232
250.165,339.956,330.370,366.165
247.775,339.292,326.989,365.870
247.786,338.631,324.946,364.783
246.042,338.380,323.022,364.561
243.797,337.822,320.410,364.107
240.729,337.352,318.667,363.678
238.534,337.374,315.541,363.073
235.506,336.736,315.074,362.094
233.408,336.398,311.661,361.691
230.559,336.208,311.299,361.587
228.726,335.302,309.852,361.167
226.784,335.534,307.198,361.285
230.952,334.337,311.553,360.392
245.909,334.313,328.882,359.702
265.735,334.060,347.769,359.582
284.358,333.439,363.696,359.361
285.989,333.359,364.926,359.559
282.990,333.202,361.401,359.338
280.254,332.904,358.045,359.053
276.547,332.851,355.190,358.575
274.575,332.492,354.206,358.562
272.887,332.169,351.417,358.342
269.878,331.969,350.046,357.903
268.783,331.905,347.151,357.996
267.756,331.700,345.545,357.939
266.291,331.401,344.509,357.441
265.151,331.217,342.550,356.922
263.766,330.947,342.173,356.780
262.195,330.936,340.229,356.368
260.608,330.606,339.017,356.320
260.332,330.339,337.452,355.819
259.834,330.334,336.393,355.839
258.519,329.927,335.926,355.185
264.021,328.715,343.103,354.240
283.344,328.462,362.412,353.747
304.572,327.785,383.212,353.199
324.508,327.540,403.901,352.812
345.420,327.010,423.219,352.309
352.100,326.640,428.889,351.898
348.852,326.291,425.431,351.657
347.885,325.963,424.438,351.542
348.179,324.462,424.981,350.209
347.250,324.182,424.446,350.146
346.618,323.747,423.934,349.872
346.497,323.584,424.288,349.701
346.819,323.327,423.778,349.496
346.835,323.184,424.014,349.364
346.308,323.072,424.208,349.320
346.523,323.002,424.050,349.293
346.599,323.115,424.186,349.454
346.450,323.175,423.944,349.521
346.402,323.115,424.001,349.491
346.431,323.213,424.044,349.439
346.632,323.245,423.872,349.456
346.471,323.217,423.938,349.611
346.543,323.258,424.685,349.584
346.573,323.286,424.675,349.615
346.182,323.394,423.977,349.603
346.322,323.521,423.926,349.927
346.580,323.553,424.052,350.085
346.512,323.931,424.345,350.085
346.566,324.187,424.156,350.193
346.344,325.541,422.737,350.988
346.154,325.619,423.518,351.295
346.253,325.943,423.002,351.662
346.219,326.116,422.590,351.708
345.441,326.375,422.962,351.952
345.533,326.662,422.490,352.115
344.879,326.795,421.887,352.386
344.486,326.970,421.390,352.905
343.130,327.195,421.214,353.179
343.008,327.247,421.021,353.461
342.857,327.339,420.395,353.655
342.927,327.674,420.601,353.662
342.553,327.891,420.037,354.108
342.331,328.109,419.591,354.498
341.780,328.178,418.692,354.822
346.051,328.618,425.463,354.922
364.865,329.719,444.520,355.459
385.992,330.260,466.169,355.633
405.305,330.607,485.178,355.809
424.629,330.722,504.773,356.312
435.530,330.821,514.831,356.623
432.711,330.842,510.328,356.761
429.906,331.104,508.625,356.960
428.514,331.343,507.718,357.289
428.192,331.377,505.876,357.514
426.250,331.749,503.430,357.580
424.504,331.955,502.328,358.171
423.861,331.935,502.347,358.197
422.913,332.224,499.814,358.292
421.762,332.756,499.346,359.006
418.600,333.198,498.790,359.275
418.349,333.328,496.369,359.675
416.235,333.742,494.480,360.033
413.450,334.131,493.411,360.320
412.433,335.331,490.611,361.698
410.872,336.207,490.135,362.070
409.573,336.771,487.724,362.740
408.596,337.074,486.220,363.751
407.191,337.782,483.613,364.223
404.510,338.212,482.907,364.768
403.034,339.596,480.954,366.108
401.515,340.329,480.075,366.215
399.391,340.923,478.237,367.198
398.186,341.208,476.676,367.556
395.097,341.868,475.296,367.820
393.190,342.156,473.942,368.975
392.055,343.128,471.647,369.732
391.797,343.938,469.385,370.319
388.976,345.107,467.617,370.889
387.396,346.910,465.143,372.724
386.276,347.405,462.599,373.316
382.957,347.994,460.472,374.292
380.544,348.601,459.395,374.976
378.896,350.546,455.916,376.313
376.848,351.310,454.209,377.173
373.697,351.884,453.470,377.525
371.924,352.422,452.745,378.338
370.149,353.442,449.895,379.507
368.964,354.305,448.030,380.358
367.157,356.236,445.215,382.014
365.997,357.026,443.490,383.198
363.477,357.776,441.439,384.444
362.095,359.124,438.757,385.447
358.937,360.735,437.732,386.488
357.385,361.639,434.924,387.467
355.495,362.211,434.321,388.366
352.961,362.765,432.442,389.099
352.359,363.746,429.813,390.216
350.468,364.896,428.847,391.266
347.480,367.167,425.131,392.620
346.342,367.952,423.519,393.997
344.500,368.768,421.333,394.564
342.249,369.325,418.821,394.978
340.658,369.938,417.624,395.875
337.560,371.144,415.631,396.673
336.475,371.671,413.568,397.451
334.205,372.270,412.384,398.052
330.616,372.324,410.678,398.671
329.805,372.785,408.630,399.251
327.799,371.410,406.547,397.575
327.256,361.781,404.416,388.403
325.644,352.064,401.845,378.417
324.266,342.138,400.142,368.838
321.749,332.495,397.385,358.548
319.814,327.534,396.310,352.734
317.975,328.544,393.052,354.413
315.131,330.628,391.515,355.844
312.156,331.029,390.017,356.465
310.514,331.311,387.151,357.256
308.222,331.607,386.191,357.475
306.524,331.883,384.244,357.735
305.628,332.039,382.437,358.411
310.428,332.682,390.340,358.369
328.492,333.298,408.094,359.116
347.975,333.701,427.888,359.213
367.805,334.100,445.807,359.547
385.808,335.036,463.774,360.174
403.547,335.335,482.108,360.407
410.326,335.671,486.797,360.831
406.105,335.887,482.688,361.082
403.278,336.061,480.520,361.370
400.943,336.346,478.297,361.361
399.114,336.349,475.533,361.664
395.501,336.540,473.627,361.559
392.879,336.507,472.349,361.882
392.041,336.761,470.005,362.400
390.650,337.126,467.368,362.693
389.491,336.866,467.329,362.583
388.200,336.933,464.942,363.195
386.883,337.131,462.682,363.108
385.419,337.232,461.430,363.592
382.870,337.351,459.457,363.577
381.338,337.517,457.535,363.439
379.377,337.411,456.305,363.557
378.402,337.493,454.530,363.424
376.049,337.665,452.992,363.465
373.404,337.370,452.044,363.360
372.066,337.519,449.935,363.327
370.971,337.752,447.678,363.502
370.282,337.761,446.423,363.626
368.009,337.519,444.848,363.670
367.082,337.277,443.320,363.579
366.263,337.324,442.613,363.721
363.367,337.297,440.253,363.590
361.819,337.442,437.464,363.256
360.051,337.279,437.493,362.999
358.732,336.927,435.298,362.657
356.653,336.834,433.530,362.247
354.343,336.680,431.997,361.865
352.821,336.282,430.366,361.793
350.682,336.136,428.381,361.571
349.773,335.949,426.181,361.237
347.909,335.620,425.209,360.806
347.056,334.969,424.118,360.642
346.161,334.721,422.236,360.159
345.154,333.596,421.526,359.480
342.804,333.403,420.341,359.149
341.443,332.751,418.859,358.779
339.715,332.758,417.349,358.286
338.707,332.591,415.762,358.088
337.203,332.039,413.426,357.671
335.572,331.604,412.684,357.244
333.315,331.316,411.151,356.823
331.360,330.942,409.413,356.705
330.738,330.599,407.007,356.221
328.980,330.270,405.729,355.593
327.568,329.966,405.016,355.358
326.404,328.591,403.359,354.498
325.847,328.295,402.010,354.214
324.830,327.911,400.702,353.871
322.522,327.448,398.207,353.294
321.382,327.330,397.169,352.850
319.393,327.225,396.004,352.438
317.958,326.686,394.870,351.950
317.520,326.496,393.017,351.891
315.785,326.452,392.442,351.725
314.384,326.362,391.338,351.321
313.558,326.420,390.229,351.283
311.680,326.042,388.910,351.064
311.178,326.112,387.803,351.328
309.657,326.166,386.220,351.284
308.686,326.082,384.333,351.265
307.762,325.947,383.472,351.485
307.008,325.870,382.796,351.029
306.677,324.685,382.872,350.195
306.121,324.650,382.654,350.074
305.721,324.403,381.877,350.151
305.231,323.948,382.096,350.044
305.037,323.951,381.800,349.816
304.464,323.298,381.681,349.434
304.573,323.248,380.142,349.296
303.651,323.005,380.869,348.964
303.350,322.706,380.734,348.785
302.652,322.246,379.590,348.267
302.564,322.081,379.713,348.040
302.186,321.666,379.877,347.810
301.678,321.391,378.911,347.300
301.755,320.977,378.528,346.993
301.651,320.299,377.980,346.519
301.240,319.972,378.018,346.137
301.674,319.354,378.203,345.585
301.780,317.960,378.941,344.419
302.077,317.438,378.463,344.128
301.960,316.929,377.587,343.707
301.595,316.590,378.216,342.934
301.429,316.359,378.344,342.359
301.384,315.684,378.442,341.469
301.581,314.819,378.361,340.800
300.999,314.439,377.629,340.136
301.790,313.134,377.788,338.958
300.946,312.569,376.943,338.453
300.877,311.578,377.052,337.430
301.075,311.121,376.945,336.949
300.811,310.331,376.550,336.239
300.557,309.728,375.964,335.366
300.038,307.941,376.045,334.067
299.760,307.405,375.577,333.148
300.170,306.701,376.150,332.273
299.281,305.875,376.251,331.035
300.790,303.625,376.743,329.579
300.164,302.687,377.195,328.952
299.888,301.618,377.027,327.967
299.346,301.162,376.797,326.843
298.212,300.515,375.991,326.104
298.108,299.376,374.693,325.148
297.593,298.445,374.382,324.204
297.692,296.985,373.936,323.333
297.665,296.461,373.513,322.416
297.191,295.897,373.376,321.550
296.569,295.227,373.904,320.655
296.436,294.307,373.616,319.737
296.097,293.140,373.452,318.696
295.922,292.336,373.103,318.213
295.132,291.862,372.575,317.491
294.144,291.416,371.898,317.008
294.748,292.536,370.944,318.324
294.722,301.966,370.641,328.208
291.635,311.152,370.045,337.061
290.459,310.823,369.737,336.737
290.280,309.295,367.279,334.959
289.734,307.664,366.096,333.678
288.732,307.179,366.190,332.966
288.048,306.551,365.790,332.219
287.405,306.207,364.402,331.537
287.191,305.382,364.045,330.614
286.939,303.554,364.734,329.598
286.827,302.840,363.096,329.086
286.083,301.999,362.326,328.696
285.309,301.169,362.063,327.895
283.383,300.711,360.528,327.091
281.858,300.293,358.525,326.489
280.789,299.747,357.574,325.517
278.994,299.189,355.792,324.565
277.536,297.624,354.462,323.761
276.519,296.844,353.217,323.120
275.570,296.069,351.167,321.793
273.052,295.688,350.941,320.970
271.806,294.968,350.738,320.428
279.471,294.371,357.038,319.934
288.210,293.987,365.634,319.514
297.957,292.877,374.500,318.521
299.380,292.024,376.655,318.219
295.850,291.562,372.706,317.833
291.326,290.785,369.666,316.736
290.083,290.540,366.189,316.678
288.096,290.408,365.180,316.227
286.535,289.887,363.604,315.688
285.314,289.444,361.916,315.130
284.464,289.399,359.456,314.576
282.171,288.935,357.878,314.230
280.101,287.556,356.251,313.399
280.779,287.138,357.326,313.276
287.178,286.746,363.914,312.563
292.956,286.460,369.389,312.028
290.144,285.949,367.246,311.617
286.751,285.507,363.573,311.192
285.074,285.285,361.303,310.786
281.650,285.032,357.689,310.610
279.542,284.548,356.145,309.637
277.839,283.079,356.344,308.636
281.445,282.542,360.317,308.376
289.367,281.854,367.562,307.869
297.266,281.383,376.000,307.474
306.622,280.871,383.897,307.062
311.301,280.461,388.469,306.432
307.302,280.207,386.111,306.207
303.933,280.078,380.628,305.887
299.264,279.591,377.512,305.569
296.793,279.169,373.439,305.025
294.570,278.706,372.989,304.520
300.599,278.706,378.425,304.975
308.073,278.632,385.516,304.770
316.815,278.349,393.324,304.538
325.167,278.335,401.676,304.510
329.915,278.063,408.571,304.671
331.127,278.111,408.180,304.593
326.971,278.402,404.271,304.729
323.013,278.559,399.360,304.946
318.942,279.101,395.581,304.985
314.776,278.850,392.708,304.710
310.939,278.779,388.277,305.496
308.900,279.428,386.603,305.961
314.056,279.586,392.384,305.657
322.128,279.897,398.891,306.519
328.581,280.358,405.738,306.788
335.661,280.374,413.477,306.752
343.450,280.766,419.886,307.447
349.553,281.006,426.987,307.587
357.883,281.388,433.808,307.935
361.010,281.953,437.887,308.335
355.402,282.014,432.632,308.577
349.765,282.457,426.550,308.888
346.142,283.076,421.750,309.179
339.924,283.427,417.101,309.138
334.881,284.821,410.791,309.929
329.572,285.120,406.025,310.468
326.629,285.292,403.148,311.047
324.238,285.717,399.553,311.452
327.055,285.737,403.915,311.778
332.377,285.913,409.336,311.503
338.888,286.176,414.853,312.308
346.297,286.468,422.202,312.768
349.003,286.517,425.453,312.939
346.431,286.881,423.819,313.383
340.214,287.064,416.282,313.509
335.240,287.468,411.226,313.770
329.441,287.672,406.889,314.247
325.176,288.973,401.351,314.571
319.544,289.472,396.559,315.177
315.846,289.842,391.980,315.682
315.216,289.970,391.953,315.825
319.486,290.616,396.990,315.945
326.028,290.504,403.023,316.217
331.112,290.381,408.025,316.604
337.984,290.869,413.414,316.821
343.265,291.218,419.380,317.142
347.543,291.191,425.377,317.189
352.585,291.087,431.851,316.843
358.114,291.577,436.256,317.132
362.413,291.273,440.007,317.338
356.391,291.532,433.734,317.525
348.916,291.742,427.107,317.354
344.111,292.173,420.491,317.987
338.326,292.415,414.665,318.061
331.480,292.160,410.086,317.820
326.942,292.457,403.766,318.462
322.226,292.557,398.758,318.483
316.809,292.426,393.337,318.453
313.943,292.403,390.407,318.370
317.237,292.416,394.501,318.168
322.263,292.549,399.135,318.459
327.291,292.463,405.619,318.124
331.078,292.161,410.594,317.970
337.825,292.399,414.297,318.286
334.651,292.302,412.354,318.190
327.152,292.461,404.908,318.204
320.783,292.692,397.093,318.544
314.466,292.660,391.207,318.538
308.461,292.674,385.939,318.783
304.299,293.129,378.777,318.777
297.929,293.128,374.057,318.664
291.270,293.113,368.750,318.690
286.491,294.045,363.475,319.685
281.265,293.927,357.830,319.469
277.454,293.434,353.160,318.844
277.368,294.297,354.749,319.455
281.785,294.297,358.638,319.680
286.209,294.166,364.233,319.724
292.118,293.538,370.127,318.913
296.915,294.330,373.823,319.671
302.078,294.361,379.357,319.786
306.882,293.909,384.901,319.656
313.364,293.003,390.737,319.117
317.657,294.041,394.516,319.488
323.345,293.909,399.412,319.511
328.404,294.016,404.590,319.567
333.622,293.201,410.896,319.025
338.381,293.894,415.071,319.456
343.842,293.860,420.741,319.472
347.714,293.775,425.421,319.538
353.148,292.915,430.845,318.562
359.864,293.048,435.353,318.643
365.291,292.980,440.092,318.600
369.263,292.656,446.150,318.374
373.123,292.581,450.464,318.404
370.061,292.421,447.717,318.362
363.003,292.449,439.839,318.208
356.018,292.044,432.736,318.283
349.952,291.875,426.248,317.984
345.269,291.565,420.701,317.412
338.533,291.604,413.876,317.260
331.654,291.202,408.562,316.951
327.188,291.054,403.535,316.772
322.269,290.942,397.621,316.780
321.711,290.660,396.569,316.555
326.196,290.289,401.632,315.961
329.825,289.906,406.163,315.631
335.848,289.656,410.544,315.148
340.441,289.531,414.727,315.078
346.539,288.883,420.938,314.544
350.182,287.685,425.152,313.655
355.728,287.529,429.857,313.330
360.966,287.433,434.619,313.217
366.746,287.025,440.347,312.778
369.883,286.574,445.748,312.351
374.464,286.277,450.670,311.714
370.058,285.994,446.502,311.631
364.462,285.853,439.676,311.212
357.647,285.370,432.703,310.600
350.411,285.234,426.306,310.303
347.224,284.969,422.089,310.290
341.030,283.686,417.049,308.935
335.476,283.278,411.408,308.734
330.189,282.911,405.350,308.452
326.292,282.566,399.174,308.341
318.968,282.320,395.034,307.998
314.317,281.769,389.810,307.369
312.694,281.430,388.478,307.251
317.715,281.121,391.954,306.857
321.670,280.963,396.833,306.686
327.662,280.646,401.648,306.335
331.143,280.213,406.742,305.824
332.266,279.755,408.079,305.759
326.633,279.510,401.924,305.136
318.378,279.436,393.395,304.899
310.443,278.819,387.233,304.617
306.285,278.767,382.028,304.614
298.979,278.768,375.555,304.165
299.009,278.831,376.045,304.155
303.967,278.612,379.528,303.900
308.003,278.110,384.531,303.950
312.163,277.045,389.581,303.110
318.270,276.894,393.232,303.114
315.623,276.619,390.162,302.760
307.571,276.613,382.961,302.748
300.711,276.585,375.034,302.909
294.961,276.127,369.722,301.608
295.691,275.988,369.421,301.421
299.930,275.837,373.634,301.250
305.894,275.726,379.676,300.910
309.855,275.439,383.099,300.670
313.041,275.006,389.030,299.735
318.851,274.775,394.115,299.446
325.276,274.276,399.466,299.194
328.683,273.772,404.248,298.742
333.437,272.525,409.930,297.931
338.645,273.450,414.555,298.297
343.325,272.201,419.414,297.803
348.334,271.855,424.605,297.367
352.860,271.336,429.442,296.880
358.630,271.128,434.005,296.594
362.093,270.746,439.326,296.212
367.659,270.166,445.115,295.859
371.587,269.685,448.979,295.648
378.688,269.518,453.919,295.265
383.767,269.408,458.595,294.941
388.640,268.818,463.769,294.690
392.181,268.452,467.829,294.389
398.406,268.102,473.096,293.831
403.117,268.173,477.917,294.123
401.827,267.270,476.002,293.188
392.769,267.117,468.798,293.320
387.763,267.001,461.632,292.843
381.480,267.113,455.189,292.719
374.091,266.855,449.852,292.456
368.889,266.652,444.379,292.553
364.156,269.770,439.134,295.182
358.400,274.397,433.492,299.598
352.556,279.356,428.976,305.623
348.176,284.663,423.389,309.707
342.449,289.479,418.344,315.147
337.875,294.170,412.480,319.625
331.803,293.714,408.258,319.002
327.197,293.571,402.953,319.073
327.702,292.962,403.761,318.561
331.040,293.039,408.401,318.254
337.687,292.822,413.073,318.255
342.784,292.654,418.387,318.348
346.825,292.608,423.022,318.082
351.084,292.619,427.490,318.238
357.991,292.279,433.117,317.938
361.956,292.433,437.399,317.989
366.739,292.322,443.124,318.063
370.728,292.308,448.044,318.107
371.035,292.288,448.686,317.970
366.608,292.443,441.274,318.027
359.715,292.497,433.619,317.923
350.810,292.349,428.492,318.119
346.695,292.469,421.922,318.002
341.012,292.524,416.189,317.830
335.703,292.406,410.868,317.790
334.242,292.451,409.541,317.922
338.243,292.629,413.314,318.082
343.348,292.769,418.875,318.192
348.170,292.658,424.076,318.198
353.149,292.847,429.190,318.234
358.792,292.885,434.105,318.425
364.547,293.157,439.656,318.600
368.894,293.952,445.043,319.200
374.376,293.551,450.879,318.810
379.262,294.319,455.087,319.336
380.831,294.668,456.365,319.802
372.983,294.924,449.878,319.858
367.749,295.164,443.209,320.533
361.441,295.579,436.305,320.580
354.958,295.709,431.272,320.627
350.745,296.280,424.964,321.800
346.549,296.513,419.390,322.571
340.149,297.060,413.877,323.186
335.300,297.709,409.583,323.592
330.654,299.065,404.373,324.799
326.179,299.692,399.996,325.401
320.539,300.552,394.954,326.052
316.928,300.625,392.200,326.547
320.281,301.448,394.503,327.103
326.044,302.173,399.567,327.962
330.115,302.961,405.289,328.677
336.130,303.724,411.497,329.026
341.005,305.742,416.634,330.526
347.351,306.262,422.681,331.631
351.696,306.853,425.751,332.219
357.865,307.381,432.668,332.985
362.034,308.062,438.043,333.912
367.367,309.128,443.941,334.943
362.695,310.112,439.618,335.573
355.617,310.297,431.964,335.735
349.872,310.910,424.859,336.531
345.051,311.498,419.242,336.848
338.364,311.878,413.041,337.030
332.815,312.305,408.380,337.635
328.715,312.797,402.968,338.343
323.568,313.006,397.925,338.435
319.364,313.679,392.343,338.863
313.903,313.991,387.936,339.304
307.892,315.212,382.994,340.346
306.555,315.435,380.858,340.863
309.224,315.853,383.366,341.456
312.801,315.994,388.966,341.168
319.764,316.522,393.964,342.343
326.696,316.637,398.835,342.767
330.781,317.407,404.579,343.328
336.488,317.369,410.934,343.404
341.753,317.969,416.065,344.216
347.308,319.150,422.201,345.017
348.403,319.509,423.711,345.405
341.925,320.129,416.772,346.022
334.669,320.406,410.478,346.235
329.566,320.832,403.587,346.651
324.213,321.333,398.159,347.284
318.411,321.755,392.261,347.590
311.844,321.976,387.934,347.866
308.513,322.686,382.279,348.600
303.463,322.923,377.499,348.889
303.021,323.227,376.444,349.151
307.419,323.723,381.810,349.535
311.802,324.213,386.118,349.982
318.846,324.761,392.110,350.183
323.344,326.152,396.982,351.137
329.391,326.300,402.755,351.372
333.998,326.640,408.455,351.460
339.142,326.945,413.669,352.200
347.164,327.131,420.580,352.412
351.607,327.258,424.749,352.559
358.406,327.471,430.329,352.787
363.229,327.769,436.487,353.325
365.491,328.280,438.453,353.880
358.267,328.342,432.709,354.032
351.424,328.652,425.331,354.521
346.670,329.954,420.658,355.346
340.953,330.565,414.091,355.742
335.692,330.640,409.116,355.978
330.289,331.023,405.321,356.796
325.842,331.489,401.667,357.157
321.416,331.990,395.893,357.645
316.985,332.191,391.035,357.735
312.083,332.389,386.686,358.017
309.485,332.756,382.565,358.447
310.563,333.061,386.120,358.768
317.458,333.288,391.484,358.820
317.860,333.710,391.812,359.257
309.837,334.124,385.358,359.631
306.372,334.968,378.924,360.135
300.230,335.378,373.393,360.403
295.393,335.321,368.858,360.520
290.218,335.927,364.034,361.503
286.314,335.715,360.521,361.592
281.661,335.985,356.055,361.791
277.911,336.221,352.195,362.003
279.401,336.717,352.360,362.488
285.786,336.867,358.673,362.539
289.948,337.040,364.208,362.631
297.549,336.850,370.773,362.625
301.366,336.870,375.496,362.826
297.321,336.924,370.879,362.776
290.307,337.117,363.871,362.777
287.432,337.082,359.426,362.755
288.830,337.162,361.232,362.874
291.795,336.988,366.567,363.038
299.916,337.443,372.657,363.277
306.925,337.243,380.549,363.322
311.114,337.446,387.083,363.412
315.351,337.190,389.635,362.673
310.262,337.612,383.963,363.162
305.647,337.335,378.411,363.083
299.085,337.341,372.598,363.024
293.148,337.351,367.588,362.446
289.823,337.689,362.732,362.965
286.169,337.277,359.991,362.819
281.521,337.010,356.840,362.586
281.583,336.987,356.644,362.632
287.928,337.015,362.076,362.552
293.892,336.688,367.852,361.746
301.214,336.760,374.455,361.937
308.139,336.399,382.126,361.697
312.595,335.949,387.962,361.294
310.353,336.072,384.521,361.180
306.540,335.814,379.800,360.996
300.910,335.909,374.281,360.723
296.871,335.346,369.830,360.405
293.010,334.541,365.849,359.752
291.924,334.260,365.956,359.656
298.458,334.278,371.458,359.597
304.858,334.042,378.171,359.225
309.460,333.664,385.872,359.120
314.266,333.396,389.047,358.989
309.172,333.429,383.339,358.855
305.236,333.342,378.305,358.701
300.295,333.351,372.739,358.383
295.815,332.681,369.436,358.005
290.343,332.652,365.300,358.340
288.608,332.451,361.962,358.176
288.457,332.109,361.150,357.872
292.718,332.072,366.688,357.662
299.775,331.983,373.166,357.691
306.834,331.982,381.900,357.668
314.454,331.737,388.129,357.209
321.418,331.557,395.148,357.047
324.357,331.491,397.873,356.857
317.851,330.918,392.104,356.189
311.633,330.520,387.306,356.024
308.912,330.109,382.878,355.458
305.337,330.129,378.643,355.148
300.918,330.076,374.161,355.105
298.250,329.998,371.886,354.829
295.886,328.699,368.088,354.060
290.778,328.354,365.875,354.299
288.779,328.343,362.075,353.930
291.325,328.054,363.417,353.600
298.082,327.776,371.211,352.993
306.641,327.730,378.992,353.020
311.605,327.166,387.156,352.432
320.103,327.230,393.117,352.292
328.252,326.770,401.906,351.694
335.156,326.689,408.620,350.987
343.446,326.253,417.422,350.940
350.331,324.782,424.278,349.850
349.893,324.376,423.442,349.518
344.248,324.016,417.929,349.336
340.292,323.697,413.292,349.112
335.883,323.061,410.000,348.548
331.425,322.670,406.475,348.475
329.140,322.170,402.693,347.945
326.600,321.910,398.803,347.606
322.233,321.204,396.075,347.065
319.268,320.706,392.534,346.287
316.257,319.951,390.716,345.591
311.746,319.275,387.752,345.616
310.872,318.050,384.405,344.143
314.235,317.228,388.309,342.804
321.743,317.195,394.874,342.602
329.114,316.497,403.004,342.096
336.466,316.041,410.435,340.971
345.081,315.440,418.669,340.569
350.974,315.119,425.149,340.299
359.836,314.064,433.756,339.192
366.415,313.437,440.588,338.740
364.196,313.221,439.144,338.391
359.386,312.720,433.083,337.904
354.736,312.025,429.775,337.403
350.502,311.509,426.535,337.200
349.354,311.212,422.934,336.760
346.622,310.606,419.068,336.111
342.813,310.310,416.619,335.969
340.361,310.005,412.943,335.287
337.916,309.359,410.026,334.712
333.417,308.144,408.090,334.275
330.307,307.826,403.767,333.747
329.544,307.470,402.653,333.802
332.295,306.895,407.230,332.843
339.984,306.925,412.659,332.670
348.082,306.357,421.356,332.082
353.897,306.163,429.183,330.955
362.861,305.864,436.373,330.497
370.371,305.246,444.201,330.203
378.246,304.068,452.981,329.154
387.040,303.984,459.472,329.112
390.456,303.115,463.659,328.762
385.131,302.595,458.656,328.257
380.602,302.191,453.552,327.771
375.539,301.457,450.431,327.310
371.735,300.978,445.594,326.928
368.208,300.587,442.577,326.489
365.129,300.631,438.759,326.307
361.626,300.184,434.603,325.688
358.627,299.313,431.050,324.896
353.741,298.623,428.850,324.842
356.750,297.651,429.365,323.737
361.704,297.387,435.208,323.566
369.930,297.135,442.902,323.634
376.210,296.808,450.509,322.580
383.344,296.598,456.675,322.546
390.371,296.343,463.571,322.261
396.911,295.886,470.891,321.034
400.331,295.707,474.005,321.064
393.290,295.463,468.503,320.864
389.566,295.406,462.464,320.620
383.407,294.988,457.752,320.214
379.438,294.739,453.583,319.872
375.472,294.543,449.134,319.550
371.480,294.740,444.931,320.010
367.817,294.256,442.484,319.836
363.620,294.208,437.999,319.391
360.122,294.181,433.659,319.396
356.521,293.305,430.960,318.850
352.817,293.495,426.958,318.886
350.180,294.183,422.948,319.285
346.709,294.092,419.071,319.262
342.395,294.251,415.398,319.181
338.821,293.445,412.338,318.785
334.526,293.339,409.074,318.701
330.109,293.426,404.491,318.829
327.827,294.013,401.732,319.231
324.707,294.005,397.378,318.958
320.491,293.542,393.011,318.491
317.280,293.343,390.064,318.250
312.893,293.483,386.421,318.662
308.828,294.066,383.029,319.234
305.706,293.232,379.267,318.497
301.794,293.293,375.736,318.407
301.970,293.330,375.058,318.383
306.651,293.962,379.846,318.956
313.020,293.030,386.577,318.389
320.056,292.986,392.814,318.263
326.854,292.642,399.472,318.213
332.990,292.593,406.446,318.068
335.579,292.179,408.894,317.552
330.117,292.418,403.193,317.854
325.430,292.358,397.556,317.524
320.400,292.355,392.549,317.506
315.733,292.010,388.703,317.083
310.098,291.813,385.326,317.229
306.951,292.045,381.535,317.330
303.247,291.997,376.709,317.206
299.974,291.959,372.232,316.894
295.890,291.634,368.978,316.538
294.735,291.308,367.756,316.435
300.472,291.428,372.602,316.267
305.976,291.136,380.753,316.227
312.306,290.986,386.840,316.565
320.285,291.241,392.560,316.612
326.838,290.807,401.371,316.395
332.416,290.973,406.808,316.464
340.694,290.953,413.126,316.272
346.303,290.859,421.515,316.261
349.972,290.850,423.071,316.572
344.156,291.144,418.365,316.422
337.949,291.059,411.815,316.439
333.388,290.942,406.907,316.440
329.829,291.134,402.492,316.619
325.889,290.912,400.721,316.177
326.983,290.772,401.805,315.860
331.891,290.598,406.504,315.895
340.293,290.749,412.844,315.751
346.792,290.447,420.770,315.756
350.730,290.293,423.685,315.782
346.418,290.164,420.480,315.559
340.212,289.825,413.087,315.333
336.472,289.729,407.505,315.197
331.113,289.331,403.439,315.362
327.171,289.498,399.557,315.289
322.832,289.894,396.102,315.196
318.696,289.977,391.347,314.903
315.356,289.553,388.119,314.632
310.377,289.137,383.768,314.463
307.995,289.071,382.262,314.177
303.920,289.268,377.460,314.117
299.771,289.434,372.646,314.218
296.217,289.331,369.597,314.205
290.915,289.256,365.752,314.383
289.581,289.420,362.201,314.498
285.921,289.295,359.211,314.705
282.149,289.507,354.723,314.794
278.719,289.622,350.800,314.476
275.074,289.330,347.885,314.357
269.715,289.239,343.983,314.525
267.809,289.456,341.837,314.598
264.803,289.487,338.391,314.496
260.204,289.584,334.192,314.570
258.334,289.697,331.261,314.769
260.469,289.923,334.683,315.069
268.139,289.814,341.400,314.782
275.032,289.825,347.693,314.803
282.244,290.067,355.184,315.368
289.068,289.683,361.631,315.328
295.999,290.053,368.209,315.298
303.463,290.928,375.841,315.809
309.841,291.043,382.841,315.960
317.145,291.035,391.245,315.923
325.666,291.392,397.913,316.363
330.639,291.752,404.774,317.080
337.158,291.815,409.631,316.876
331.491,291.866,406.474,317.273
327.404,292.216,401.969,317.325
324.787,292.425,396.629,317.284
320.418,292.495,392.013,317.393
316.456,292.275,388.710,317.369
312.522,292.738,384.912,317.754
309.543,292.911,382.852,318.068
306.190,292.872,380.329,318.033
303.445,293.023,376.317,318.255
303.836,293.205,375.536,318.169
309.040,294.115,382.171,319.004
315.979,293.433,390.278,318.570
324.224,294.322,397.922,319.187
331.216,294.767,404.208,319.447
337.269,294.864,409.034,319.813
331.091,295.291,404.561,320.236
327.308,295.509,400.636,320.827
323.803,295.994,396.406,321.211
319.252,296.424,392.232,321.584
316.291,296.788,388.800,321.636
312.185,297.111,385.638,322.567
309.916,297.550,382.876,323.149
307.210,298.651,380.169,323.793
303.029,298.975,377.737,324.307
300.671,299.824,373.705,324.988
298.058,300.356,371.912,325.655
295.726,300.723,369.027,325.708
291.120,301.161,366.123,326.351
289.972,301.604,362.359,326.890
288.229,302.064,360.443,327.412
286.016,302.460,357.234,327.749
281.782,303.116,355.036,328.587
280.159,303.594,351.589,328.685
277.250,303.652,349.801,329.022
275.024,304.452,346.828,329.413
271.003,305.992,342.339,330.558
268.507,306.354,340.764,331.303
265.980,306.558,338.793,331.628
264.493,307.258,335.929,332.201
260.657,307.642,333.298,333.032
258.183,308.195,331.252,333.670
262.206,309.796,336.051,335.078
278.399,310.733,352.405,335.640
297.404,311.346,371.914,336.117
316.422,311.637,390.330,336.285
335.537,312.480,409.154,337.260
