623.000,263.000,640.000,275.000
449.587,242.262,465.344,254.112
449.422,242.187,464.899,254.056
449.400,242.119,465.118,254.134
449.319,242.116,465.451,254.131
449.459,242.153,465.668,254.165
449.281,242.101,466.277,254.417
448.968,242.140,466.241,254.590
448.644,242.061,466.106,254.622
448.433,241.944,465.950,254.657
448.471,241.869,465.924,254.718
448.745,241.701,465.946,254.563
448.843,241.885,465.914,254.464
448.948,242.000,465.853,254.450
448.933,241.925,465.875,254.418
449.026,241.877,465.878,254.287
448.971,241.934,466.051,254.358
448.920,241.846,466.179,254.388
449.064,242.026,465.802,254.409
448.849,241.729,465.721,254.434
448.869,241.760,465.813,254.419
448.840,241.787,465.934,254.503
448.830,241.751,466.124,254.460
448.652,241.738,465.871,254.526
448.899,241.563,466.796,254.590
449.023,241.689,466.594,254.570
449.120,241.616,466.392,254.458
449.145,241.683,465.950,254.414
448.886,241.678,466.192,254.575
448.993,241.641,466.267,254.445
449.089,241.663,466.022,254.356
448.885,241.626,466.053,254.390
448.876,241.772,465.971,254.536
448.846,241.760,466.244,254.422
448.838,241.750,466.088,254.372
448.986,241.727,465.832,254.345
449.077,241.615,466.029,254.478
449.181,241.737,465.925,254.578
606.854,265.501,621.623,276.338
606.148,265.448,621.912,276.638
605.254,265.493,621.422,276.413
605.020,265.522,621.064,276.201
604.451,265.332,620.490,275.690
604.055,265.438,620.143,275.982
604.326,265.701,618.818,275.165
449.216,241.860,465.969,254.241
449.148,241.785,465.869,254.302
603.179,266.506,618.034,276.257
602.224,266.300,618.686,277.274
602.533,266.632,618.345,277.029
449.516,242.177,466.029,254.185
449.746,242.192,465.615,253.953
602.562,266.890,617.417,277.052
603.158,267.252,617.334,276.817
449.511,241.933,466.056,254.155
449.582,242.156,466.021,254.198
449.565,242.123,466.158,254.229
449.499,242.098,466.140,254.231
449.550,242.090,465.953,254.109
449.611,242.193,465.757,253.953
600.586,267.965,616.601,277.706
449.763,242.126,465.625,253.678
599.750,268.293,616.054,278.224
599.448,268.266,616.036,278.327
599.699,268.357,615.833,278.151
598.322,268.460,614.992,278.496
449.755,241.945,465.760,253.835
449.468,241.947,465.970,253.979
449.534,242.057,465.791,253.872
449.366,241.986,465.724,253.928
449.309,241.941,465.794,253.826
449.408,241.935,465.937,253.898
449.372,241.696,465.950,254.081
449.435,241.848,465.644,254.050
449.227,241.972,465.707,254.165
449.314,241.954,466.356,254.294
449.278,242.048,466.034,254.275
448.979,241.878,466.241,254.305
449.045,241.850,466.407,254.273
449.108,241.833,466.419,254.286
448.956,241.475,466.320,254.273
449.112,241.628,466.218,254.393
449.231,241.682,466.080,254.344
449.023,241.820,465.997,254.287
449.053,242.067,466.128,254.782
448.961,241.998,465.979,254.656
448.843,242.010,465.779,254.559
448.826,242.155,465.757,254.670
448.915,242.123,466.127,254.767
448.736,242.210,465.972,254.773
448.962,241.763,466.192,254.600
449.015,241.841,465.921,254.600
448.941,241.866,466.302,254.745
449.022,242.058,466.074,254.696
449.074,242.168,465.982,254.797
449.021,242.181,466.265,254.877
448.798,241.988,466.026,254.753
448.619,242.215,465.537,254.450
448.654,242.262,465.577,254.487
448.636,242.304,465.450,254.318
448.682,242.380,465.238,254.192
600.328,272.620,614.022,281.516
600.031,272.499,614.268,281.666
448.683,241.853,465.653,254.449
449.118,241.755,465.586,254.222
599.790,272.401,614.458,281.592
599.918,272.412,614.487,281.508
599.822,272.427,614.408,281.717
449.121,241.924,465.340,254.189
599.349,272.739,614.273,282.111
449.191,242.055,465.429,254.186
449.019,242.058,465.492,254.382
599.677,272.814,614.357,282.043
449.463,242.196,465.419,253.945
598.787,272.455,613.278,281.899
449.340,242.057,465.595,254.142
449.087,242.035,465.548,254.414
449.117,242.076,465.818,254.455
449.397,241.792,465.694,254.141
597.789,272.161,612.944,282.117
596.387,271.675,612.654,281.894
595.952,271.626,612.770,282.259
449.263,241.373,466.055,254.378
449.508,241.463,465.890,254.208
449.307,241.882,466.091,254.802
449.423,241.772,466.266,254.699
449.375,241.660,466.032,254.493
449.348,241.583,466.033,254.519
449.249,241.543,466.017,254.400
449.388,241.458,465.946,254.309
449.529,241.589,465.912,254.269
449.492,241.630,465.879,254.265
449.193,241.548,466.275,254.401
449.218,241.642,466.597,254.379
449.261,241.634,466.675,254.461
449.290,241.620,466.604,254.492
449.153,241.507,466.824,254.431
449.074,241.421,466.638,254.270
449.193,241.706,466.586,254.382
449.147,241.486,466.589,254.481
449.408,241.823,466.172,254.407
449.248,241.742,466.272,254.479
449.221,241.936,466.268,254.483
449.004,241.840,465.999,254.538
449.234,242.038,465.750,254.734
449.419,242.088,465.649,254.573
449.139,241.859,465.622,254.597
449.182,241.633,466.183,254.380
448.885,241.610,466.588,254.393
448.892,241.618,466.599,254.439
449.019,241.652,466.528,254.461
587.843,265.285,601.010,276.513
587.377,264.232,602.150,277.299
449.221,241.982,466.197,254.132
587.849,262.792,601.929,276.538
449.366,241.918,466.394,254.040
586.172,260.779,599.723,270.216
586.113,259.857,598.560,268.557
449.090,241.733,466.409,254.339
586.733,257.306,598.311,265.830
586.534,256.232,599.080,265.341
585.322,255.392,598.183,264.252
449.443,241.899,466.256,254.272
449.647,241.964,466.274,254.105
449.339,241.731,466.699,254.350
449.424,241.672,466.880,254.441
449.465,241.769,467.201,254.483
584.753,248.576,599.197,258.381
449.651,241.883,465.977,253.867
449.548,241.815,466.190,253.975
449.611,241.834,465.917,253.996
449.762,241.867,465.793,253.850
449.295,241.804,466.484,253.881
449.113,241.719,465.847,254.146
449.213,241.891,465.712,254.217
449.194,241.811,465.736,254.203
449.054,241.713,466.179,254.339
449.369,241.907,465.903,254.282
449.234,241.818,465.909,254.140
449.283,241.863,465.604,254.041
449.563,241.751,466.559,254.255
449.511,241.738,466.746,254.275
449.731,241.877,466.236,254.073
449.809,241.771,466.401,254.099
449.745,241.855,466.261,254.056
449.556,241.612,466.893,254.236
449.356,241.710,466.409,254.251
449.443,241.714,466.625,254.201
449.436,241.754,466.361,254.139
449.505,241.891,466.325,254.105
449.197,241.710,466.439,254.204
449.073,241.648,466.473,254.369
449.007,241.716,466.618,254.431
449.081,241.917,466.490,254.507
449.086,241.925,466.509,254.591
449.180,241.973,466.515,254.585
449.224,241.909,466.249,254.533
448.995,241.910,466.446,254.156
448.954,242.053,465.637,253.986
448.921,241.934,465.929,254.078
448.677,241.829,466.829,254.374
581.712,214.870,599.167,224.910
581.050,214.528,598.933,225.342
581.497,214.887,598.903,225.405
581.607,214.996,598.371,225.098
581.411,214.867,598.203,225.005
581.118,214.820,597.707,224.384
581.104,214.688,597.603,224.522
580.779,214.698,597.846,224.623
580.953,214.650,597.742,224.567
581.202,215.091,597.988,225.206
448.847,241.985,466.422,255.416
448.845,242.023,466.687,255.587
580.027,215.147,598.436,226.787
449.107,241.957,465.722,254.460
579.532,215.185,598.015,229.456
449.274,242.081,465.837,254.122
449.306,242.157,465.851,254.023
449.248,242.153,466.062,254.154
449.149,242.030,465.713,254.250
449.072,242.081,465.840,254.279
449.292,242.157,465.431,254.005
449.256,242.003,466.219,254.127
448.853,241.887,466.393,254.204
448.733,241.957,466.130,254.308
448.825,241.786,466.008,254.188
448.826,241.751,466.136,254.221
448.647,241.641,465.907,254.258
448.562,242.034,465.766,254.253
448.585,242.033,465.931,254.298
448.804,241.949,465.348,254.137
448.919,241.910,465.806,254.200
580.279,229.144,597.024,240.383
579.973,228.995,597.174,241.999
449.142,241.965,465.739,254.275
448.991,241.928,466.026,254.295
578.748,229.091,597.083,243.018
578.705,229.256,597.162,242.886
578.772,229.569,596.831,242.701
578.367,229.598,596.955,242.921
449.309,241.627,465.801,253.989
577.709,229.885,596.418,242.302
577.723,229.832,596.160,243.231
577.530,230.219,596.075,242.646
577.520,229.541,596.137,243.531
577.322,228.905,596.497,243.221
577.143,229.005,596.005,243.068
576.895,228.844,595.555,242.594
576.781,229.010,595.703,242.632
576.962,229.387,595.489,242.060
576.802,229.612,595.615,242.188
576.430,229.772,594.873,242.197
576.779,229.188,595.728,243.595
576.640,229.149,595.517,243.580
576.559,228.955,595.661,243.550
576.573,228.968,595.879,243.621
576.563,228.932,595.897,243.667
576.009,228.784,595.504,243.424
576.416,229.021,595.583,243.348
576.372,229.148,595.695,243.618
576.403,229.189,595.684,243.507
576.141,228.972,595.758,243.522
575.907,228.787,595.869,243.642
449.414,241.820,466.786,254.401
575.610,228.598,595.952,243.314
575.693,228.708,596.097,243.392
575.816,228.542,596.287,243.200
575.875,228.637,596.271,243.210
575.731,228.469,596.129,243.210
449.366,241.864,465.813,254.226
449.494,241.955,465.665,254.150
576.487,228.865,596.306,243.573
576.416,228.482,596.425,243.103
576.533,228.908,595.804,243.172
576.513,228.733,595.989,243.310
576.359,228.889,595.946,243.449
576.515,229.222,595.875,243.131
576.702,228.746,596.381,243.187
576.565,228.690,596.462,243.268
576.451,228.758,596.319,243.424
576.925,228.902,596.781,243.499
576.985,228.985,596.369,243.363
576.714,228.715,596.205,243.395
576.404,228.513,596.316,243.461
575.823,228.119,596.104,243.285
575.970,227.916,596.138,243.313
576.204,228.146,596.097,243.272
575.785,228.587,595.970,243.363
448.949,241.581,466.511,254.161
449.150,241.492,467.093,254.120
449.084,241.628,466.806,254.212
575.784,229.047,595.090,243.378
574.857,229.015,594.958,243.589
575.217,229.356,594.950,243.507
449.076,241.310,466.727,254.055
448.570,241.252,466.896,254.630
448.988,241.304,466.698,254.047
449.235,241.196,466.642,254.666
449.250,241.330,466.415,254.740
449.305,241.347,466.359,254.699
449.663,241.739,464.807,253.921
449.802,241.864,464.908,253.885
449.814,241.879,465.109,254.014
449.863,241.907,464.842,253.938
449.749,241.807,464.944,253.861
449.916,241.907,464.820,253.767
449.948,241.995,464.859,253.735
449.934,242.012,464.967,253.800
449.904,242.154,464.794,253.820
449.498,241.905,464.955,253.884
449.355,241.906,465.268,254.102
449.413,242.012,465.121,254.038
449.417,242.140,465.182,254.037
449.428,242.061,465.722,254.159
449.460,242.143,465.664,254.177
449.518,242.205,465.917,254.245
449.624,242.257,465.782,254.255
449.491,242.281,465.634,254.469
449.162,242.113,466.069,254.574
449.142,242.131,465.901,254.721
449.191,242.089,465.829,254.650
449.268,242.222,465.866,254.690
548.780,230.516,563.348,239.871
547.061,230.212,562.724,240.289
544.980,229.985,561.408,241.630
544.531,230.570,559.374,240.617
543.172,230.588,557.632,240.693
541.772,230.377,555.945,239.876
540.563,230.245,554.026,239.426
539.337,230.017,553.577,238.968
538.637,230.084,551.634,239.224
536.861,230.436,550.403,239.637
535.154,230.667,549.691,239.401
533.374,230.372,548.286,239.237
448.698,241.938,465.916,254.198
448.828,241.914,465.693,254.113
527.826,229.832,542.646,240.186
449.010,241.501,465.806,254.386
449.161,241.465,465.822,254.356
449.143,241.605,465.682,254.329
449.431,241.839,465.945,254.277
449.073,241.707,465.622,254.251
448.832,241.733,465.969,254.528
449.009,241.739,466.128,254.441
448.963,241.821,465.943,254.425
448.910,241.715,465.896,254.465
448.965,241.456,466.142,254.466
449.021,241.827,466.115,254.229
448.979,241.782,466.016,254.207
448.997,241.841,465.884,254.286
448.799,241.915,465.802,254.159
449.210,241.875,465.649,253.861
449.115,241.741,466.140,253.902
449.105,241.562,466.319,253.952
449.061,241.512,466.652,253.955
449.116,241.610,466.090,253.875
449.250,241.614,466.348,254.049
449.284,241.667,466.314,254.008
449.364,241.639,466.836,254.110
449.373,241.553,466.453,253.787
448.984,241.781,466.110,254.261
448.959,241.789,466.756,254.280
449.017,241.864,466.160,254.180
449.156,241.906,465.888,254.053
449.139,241.803,465.709,254.069
449.364,242.061,464.949,253.934
448.735,241.784,465.431,254.096
448.917,241.952,465.452,254.052
448.881,241.842,465.472,254.012
449.121,241.900,465.683,254.036
449.090,241.850,465.291,253.975
449.436,242.070,464.963,253.864
448.522,241.773,465.406,254.424
448.017,241.504,465.901,255.094
448.706,241.692,465.942,254.268
448.282,241.462,466.691,255.180
448.506,241.463,466.446,254.752
449.173,241.779,465.847,253.819
449.190,241.817,465.718,253.803
448.878,241.590,466.176,254.578
449.227,241.733,466.004,254.019
449.072,241.803,465.737,254.153
449.288,241.893,465.562,254.152
449.347,241.894,465.619,254.058
449.210,241.772,465.494,254.211
448.953,241.736,465.311,254.883
449.059,241.779,465.227,254.783
449.149,241.837,464.942,254.653
449.127,241.813,464.920,254.768
449.085,241.889,464.743,254.750
427.401,206.609,441.154,216.183
425.414,205.862,440.512,215.987
424.060,205.355,438.321,215.116
420.386,204.622,436.825,214.771
418.872,204.066,434.252,213.914
417.046,203.509,431.758,213.219
414.690,202.491,430.028,212.846
412.820,201.449,429.557,213.792
411.108,202.097,427.748,212.803
408.895,201.991,424.845,212.960
407.225,201.825,422.533,212.277
405.422,201.635,420.637,212.533
403.964,201.782,418.455,212.107
402.335,201.677,416.676,211.745
399.449,201.463,414.609,212.283
397.741,201.415,413.176,211.969
396.979,201.618,411.551,211.690
450.037,242.127,465.704,254.161
392.468,201.385,407.638,211.124
449.598,241.994,465.635,254.364
449.512,241.946,465.713,254.441
449.575,242.047,465.809,254.403
384.533,201.354,398.477,210.595
449.515,241.937,466.015,254.630
449.462,241.962,466.029,254.596
449.489,241.756,466.317,254.485
449.785,241.953,465.831,253.874
449.450,241.498,465.939,253.902
449.400,241.022,466.688,254.393
449.076,240.999,466.704,254.450
448.796,241.430,465.835,254.801
449.304,241.775,465.572,254.280
449.361,241.879,465.836,254.194
362.291,198.406,378.291,208.890
449.815,241.610,465.422,253.850
449.525,241.359,465.527,253.877
449.679,241.412,465.333,253.869
449.517,241.395,465.442,253.987
449.694,241.726,465.565,254.131
449.660,241.802,465.384,254.077
346.691,196.114,362.949,206.784
449.820,242.179,465.652,254.192
449.485,242.029,465.613,254.146
449.495,242.065,465.490,254.156
449.469,242.073,465.566,254.198
449.438,242.077,465.644,254.279
449.671,241.924,465.697,254.345
449.512,241.865,465.803,254.415
449.137,241.809,465.780,254.462
449.147,241.704,466.000,254.548
449.179,241.759,466.130,254.602
449.100,241.607,465.805,254.283
448.945,241.712,465.541,254.178
448.975,241.724,465.859,254.249
449.105,241.518,465.256,254.132
449.323,241.715,465.643,254.218
449.270,241.930,465.806,254.333
449.509,242.056,466.468,254.415
449.471,241.915,466.310,254.291
449.264,241.845,466.207,254.477
449.412,241.728,466.491,254.394
449.346,241.621,466.589,254.585
449.352,241.884,466.262,254.304
449.305,242.102,466.224,254.186
448.891,242.072,466.181,254.258
448.936,241.949,466.168,254.280
449.144,241.827,465.931,254.139
449.390,241.883,465.988,254.016
449.114,241.735,466.089,254.083
449.238,241.581,465.796,254.075
449.378,241.443,465.655,253.987
449.380,241.538,465.492,254.005
448.950,241.279,466.411,254.576
449.427,241.555,465.637,253.894
448.859,241.222,466.205,254.560
449.424,241.494,465.247,253.862
449.504,241.495,465.220,253.799
449.668,241.677,465.053,253.725
449.617,241.647,465.139,253.760
449.658,241.665,465.065,253.804
449.420,241.412,465.476,253.999
448.980,241.234,465.908,254.602
448.909,241.237,466.236,254.692
449.133,241.277,466.313,254.117
449.334,241.342,466.003,254.130
449.286,241.248,466.140,254.096
448.959,241.252,466.184,254.686
449.289,241.424,466.032,254.055
449.111,241.551,466.080,254.190
449.162,241.612,465.847,254.050
449.139,241.462,466.100,254.295
449.034,241.476,465.936,254.213
449.095,241.570,465.820,254.130
449.336,241.635,465.390,253.954
449.193,241.513,465.515,253.962
449.110,241.589,465.675,254.030
449.137,241.567,465.813,254.079
449.108,241.578,465.677,254.190
448.778,241.428,465.632,254.915
241.909,176.052,256.068,185.637
240.105,175.154,254.457,185.773
236.820,175.638,251.780,185.423
235.572,175.058,249.387,185.321
234.170,174.711,248.583,184.537
232.561,173.983,246.960,185.200
231.055,173.578,244.709,183.515
449.305,241.655,465.565,253.879
448.760,241.314,465.908,254.611
225.634,173.222,238.679,182.275
449.206,241.606,465.521,254.030
221.663,171.837,235.556,181.552
219.506,171.237,233.548,181.265
217.481,170.986,232.566,181.397
215.658,170.564,230.389,180.542
213.534,169.224,229.742,180.963
212.382,169.167,226.877,179.678
211.127,168.556,225.073,179.117
210.102,168.396,223.066,178.004
449.517,241.817,465.866,254.190
449.487,241.888,465.815,254.237
449.621,241.904,465.615,254.053
449.774,242.054,465.656,254.005
449.833,242.114,465.228,253.905
193.941,159.556,211.951,175.475
192.089,158.309,209.967,173.886
190.139,157.327,208.246,173.151
189.374,156.896,207.768,172.559
187.742,156.491,206.520,172.144
185.983,156.267,205.740,171.908
183.747,156.285,205.594,172.382
181.618,155.845,204.771,171.734
449.313,241.859,465.368,254.259
179.430,156.744,195.016,167.332
449.190,241.630,465.613,254.238
448.788,241.215,466.108,255.147
448.806,241.225,466.017,255.126
448.927,241.148,465.690,255.062
449.356,241.260,465.754,254.984
448.941,241.204,465.406,254.964
449.106,241.269,465.604,254.981
449.175,241.342,465.515,254.902
449.168,241.338,465.526,254.979
448.925,241.468,465.058,255.073
449.266,241.791,464.839,254.458
155.482,149.501,173.712,161.072
153.750,148.741,172.185,160.672
151.823,148.083,169.973,161.158
449.148,241.778,465.292,254.387
148.251,145.130,165.890,160.272
147.147,144.719,164.289,159.383
145.515,144.290,163.219,158.868
142.472,143.514,161.582,157.538
140.563,142.818,159.389,156.819
139.342,142.615,156.674,155.538
138.223,141.817,154.988,154.630
136.570,141.297,153.319,152.920
134.703,140.638,152.067,152.795
132.857,140.511,149.165,151.386
131.339,139.673,147.879,150.600
130.264,139.627,146.421,150.104
128.835,139.372,144.567,149.712
126.342,138.819,142.555,149.138
125.165,138.782,140.831,148.438
122.225,138.048,138.792,148.307
120.053,138.098,136.351,148.516
117.198,137.207,134.494,148.577
114.746,135.081,132.895,150.049
112.941,134.137,131.960,149.938
111.443,133.718,130.352,149.805
110.041,133.736,128.512,149.161
108.738,134.666,126.838,149.389
108.023,135.911,124.945,148.028
107.006,135.516,123.573,147.213
104.369,135.695,121.157,146.573
448.899,241.522,465.649,254.222
449.031,241.578,465.727,254.185
100.286,136.428,114.551,146.741
449.024,241.865,465.696,254.293
449.182,241.992,465.754,254.120
449.074,241.889,465.956,254.260
90.577,135.716,108.671,146.717
89.280,136.229,105.670,146.398
87.065,135.915,103.174,146.295
85.727,135.723,101.610,146.283
84.326,135.556,100.619,146.303
83.167,134.748,99.462,147.148
81.177,134.676,97.715,146.379
79.848,134.920,94.518,145.636
77.671,134.205,92.713,146.819
76.362,134.431,91.425,146.619
75.932,134.668,91.258,145.588
73.196,134.325,89.824,145.926
70.874,134.388,88.243,145.460
68.409,133.998,86.619,145.704
66.957,133.538,84.926,146.151
65.307,133.696,83.147,146.063
64.236,133.857,81.666,145.478
61.534,133.052,81.765,145.882
60.453,133.959,77.081,144.574
59.149,133.938,75.546,144.712
57.626,134.286,72.354,144.995
55.749,134.102,70.644,144.837
53.353,133.958,68.952,143.834
50.816,133.123,66.860,144.541
48.620,132.162,64.604,144.150
47.823,132.609,62.703,144.229
45.964,132.346,60.763,143.127
43.655,132.413,59.282,144.736
42.622,132.617,58.330,144.493
40.500,132.330,56.827,143.778
39.228,132.595,54.034,143.381
37.668,132.137,51.578,142.187
36.000,131.282,50.177,141.625
33.814,131.218,48.377,141.231
32.122,130.966,47.456,141.279
449.075,241.970,466.508,254.623
449.098,241.975,466.539,254.626
449.344,242.010,466.222,254.423
449.223,241.936,466.699,254.533
449.135,241.703,466.909,254.593
448.785,241.488,467.158,255.324
448.907,241.653,466.930,254.546
448.741,241.243,466.363,254.913
448.666,241.225,466.681,254.987
448.874,241.291,466.609,254.758
448.963,241.349,466.411,254.813
449.530,241.777,466.163,254.270
449.443,241.767,466.159,254.271
449.422,241.764,466.167,254.275
449.326,241.696,466.054,254.326
449.378,241.636,466.090,254.444
449.436,241.681,465.984,254.364
449.605,241.732,465.240,253.946
449.525,241.594,465.378,253.978
449.660,241.942,465.391,254.013
449.633,241.943,465.532,254.008
449.483,241.902,465.541,253.902
449.652,241.789,465.916,254.007
449.468,241.603,466.019,254.068
449.435,241.589,466.043,254.073
449.494,241.582,466.069,254.118
449.532,241.509,466.135,254.106
449.524,241.572,465.862,254.205
449.524,241.561,466.036,254.160
449.544,241.614,465.900,254.240
449.442,241.657,465.663,254.130
449.545,241.624,465.554,254.232
449.651,241.769,465.394,254.254
449.684,241.799,465.623,254.298
449.649,241.749,465.586,254.300
449.598,241.727,465.621,254.278
449.628,241.739,465.637,254.259
449.571,241.640,465.687,254.280
449.629,241.690,465.676,254.327
449.618,241.648,465.851,254.234
449.731,241.512,465.434,253.964
449.831,241.570,465.350,254.047
449.904,242.034,465.229,254.192
448.761,241.557,465.262,255.046
448.902,241.594,465.412,255.107
449.277,241.861,464.844,254.215
449.266,241.936,464.738,254.108
449.352,241.925,464.859,254.202
449.360,241.900,465.167,254.266
448.906,241.544,465.709,255.035
448.794,241.361,465.581,254.806
448.748,241.356,465.621,254.822
448.758,241.249,465.459,254.658
449.243,241.813,464.963,254.122
449.306,241.845,465.309,254.107
449.748,242.413,464.500,253.863
449.848,242.396,464.629,253.872
449.879,242.369,464.689,253.769
449.838,242.292,464.680,253.866
449.749,241.972,464.877,254.009
449.613,241.929,464.793,254.016
449.595,242.082,464.759,253.961
449.662,242.196,464.891,254.092
449.260,241.849,465.517,254.440
449.242,241.808,465.454,254.335
449.281,241.704,465.485,254.343
449.290,241.731,465.320,254.265
449.528,242.043,465.188,253.938
449.693,242.103,465.006,253.818
449.797,242.115,465.393,253.895
449.510,242.016,465.572,254.087
449.461,242.101,465.522,253.961
449.555,242.019,465.592,253.879
449.667,242.010,465.284,253.571
449.860,242.099,465.319,253.450
449.796,242.021,465.333,253.666
449.489,241.877,465.421,253.829
449.418,242.002,465.330,253.679
449.326,242.041,465.419,254.153
449.167,241.766,465.996,254.378
449.153,241.747,465.958,254.303
449.322,241.680,465.592,254.065
449.356,241.687,465.737,254.141
449.350,241.713,465.653,254.184
449.368,241.780,465.539,254.065
449.223,241.852,465.918,254.296
449.221,241.995,465.418,254.273
449.363,242.130,465.348,254.148
2.044,127.033,18.095,137.913
449.295,242.046,465.595,254.239
449.185,241.936,465.801,254.256
2.909,127.525,17.145,138.398
3.302,127.162,17.496,138.618
448.293,241.516,467.607,255.501
3.110,127.016,18.104,138.646
2.646,127.025,18.497,137.969
2.418,127.001,18.447,137.824
1.829,127.009,18.411,137.908
449.399,241.781,466.368,254.543
3.238,127.495,17.716,138.610
3.212,127.465,17.948,138.658
3.272,127.309,18.071,138.759
449.576,241.637,466.436,254.243
449.377,241.912,465.900,254.245
3.504,127.601,18.106,137.502
3.880,127.663,17.972,138.090
449.579,242.230,465.801,254.301
449.597,242.501,465.807,254.559
449.477,242.436,465.965,254.615
449.226,242.340,465.906,254.590
3.614,127.609,18.345,138.853
3.739,127.566,18.568,138.730
3.555,127.771,18.625,139.131
2.716,127.150,19.174,140.103
2.900,127.496,19.443,138.724
449.169,242.013,465.853,254.641
449.288,242.111,465.688,254.562
449.306,242.065,466.064,254.446
449.442,241.863,466.118,254.314
449.771,242.075,465.754,253.982
449.575,241.925,465.776,254.065
449.548,241.792,465.787,254.084
449.398,242.077,466.053,254.160
449.790,242.094,466.072,254.177
449.787,242.193,465.900,254.152
450.051,242.385,465.577,253.982
449.798,242.157,465.459,254.045
3.777,127.564,18.470,137.937
449.410,241.880,465.600,254.196
3.605,127.494,18.638,137.773
449.289,241.868,465.837,254.415
449.641,242.064,465.891,254.144
449.324,241.763,466.488,254.190
449.572,241.797,466.456,254.129
3.196,126.929,18.702,137.648
3.798,127.571,18.053,137.552
4.347,127.733,17.674,138.035
449.228,241.766,466.515,254.432
449.205,241.869,465.777,254.281
448.757,241.803,466.035,255.349
448.934,241.886,465.674,254.696
449.059,242.082,465.647,254.745
3.599,128.526,17.386,138.713
4.061,128.136,17.699,138.759
3.707,128.179,17.672,138.954
449.817,242.167,465.940,254.305
449.795,242.142,465.849,254.586
449.558,242.297,466.315,254.722
449.288,241.935,466.075,254.623
449.509,242.075,465.784,254.326
449.749,242.000,465.413,254.037
4.465,128.406,17.793,138.578
4.384,128.490,17.688,138.688
449.020,241.837,465.789,254.460
449.033,241.741,466.213,254.504
4.769,128.561,17.838,138.816
448.955,241.575,466.650,254.593
449.062,241.647,466.434,254.447
448.933,241.684,466.569,254.681
448.951,241.635,466.673,254.775
448.413,241.540,466.769,255.528
448.464,241.440,466.571,255.436
448.472,241.695,466.730,255.631
4.672,129.631,19.266,140.849
5.159,129.930,19.110,141.537
5.008,129.854,19.449,141.599
448.832,241.579,466.141,254.573
448.850,241.896,465.842,254.384
5.052,131.686,19.552,144.332
5.263,132.088,19.913,144.875
5.368,132.377,19.924,144.704
4.945,132.935,19.880,145.191
5.104,133.236,20.116,145.360
5.754,133.775,19.941,144.546
5.779,134.575,20.151,145.593
6.343,136.051,20.744,145.969
5.708,136.430,20.402,146.679
6.117,137.556,20.167,147.382
6.211,138.854,19.760,148.606
6.046,139.415,19.726,149.105
6.904,140.975,19.953,151.050
6.537,141.889,19.696,151.870
6.578,142.802,20.903,152.812
6.341,143.635,21.067,154.142
6.689,145.480,21.095,155.979
7.049,147.367,21.361,157.550
7.481,148.584,21.405,158.953
449.621,241.761,466.359,254.260
6.164,151.166,21.881,161.787
5.938,152.416,22.210,164.554
6.191,154.567,21.971,166.562
6.691,156.954,22.402,167.198
6.812,158.628,21.925,168.332
7.066,159.949,22.041,169.388
7.791,161.629,23.363,171.650
7.508,163.091,22.946,173.008
449.499,241.274,466.826,254.016
449.265,241.077,467.511,254.391
449.274,241.112,467.415,254.464
449.451,241.682,466.506,254.177
449.454,241.512,466.536,254.175
449.449,241.558,466.377,254.054
449.568,241.482,466.281,254.022
449.428,241.421,466.344,254.042
449.517,241.496,466.447,253.951
449.510,241.411,466.261,254.001
449.515,241.388,466.286,253.960
449.554,241.486,466.052,253.857
449.536,241.379,466.031,253.847
449.379,241.412,466.257,254.036
449.338,241.319,466.331,254.049
449.480,241.649,466.362,253.928
449.492,241.663,466.313,253.920
449.427,241.526,466.440,254.015
449.451,241.401,466.045,253.826
449.557,241.596,466.008,253.753
449.535,241.481,466.119,253.825
449.650,241.550,466.397,254.004
449.653,241.675,466.310,254.080
449.498,241.718,466.176,254.148
449.492,241.841,466.313,254.030
449.820,242.165,466.115,253.890
449.545,242.100,466.122,253.911
449.590,241.548,465.966,254.024
449.720,241.637,466.104,254.039
449.639,241.647,466.187,254.034
449.331,241.583,466.192,254.150
449.365,241.549,466.218,254.213
449.263,241.385,466.150,254.207
449.328,241.576,466.097,254.152
449.250,241.360,466.254,254.245
449.655,241.557,466.474,254.176
449.590,241.543,466.464,254.132
449.603,241.407,466.578,254.136
449.640,241.498,466.540,254.141
449.474,241.723,466.080,254.288
449.480,241.690,466.193,254.367
449.595,241.797,466.151,254.279
449.627,241.765,466.042,254.209
449.705,241.813,466.038,254.062
449.649,241.657,466.029,254.121
449.757,241.789,466.234,254.004
449.066,241.612,466.259,254.338
449.173,241.652,466.093,254.308
448.764,241.542,466.739,255.053
449.153,241.630,466.334,254.370
449.181,241.688,466.301,254.406
448.774,241.575,466.472,255.071
448.806,241.540,466.509,255.043
448.860,241.550,466.647,254.995
448.732,241.583,466.488,255.022
448.621,241.417,466.539,255.101
448.688,241.466,466.375,255.027
448.618,241.351,466.387,255.103
448.921,241.434,465.993,254.374
448.873,241.398,466.213,254.407
448.740,241.410,466.538,255.092
448.689,241.478,466.339,255.134
448.745,241.534,466.390,255.085
448.851,241.616,466.215,255.002
448.847,241.561,466.215,254.995
449.119,241.630,465.769,254.265
448.904,241.533,466.168,254.861
448.923,241.571,466.213,254.881
449.013,241.629,466.146,254.977
448.889,241.537,465.949,255.043
448.892,241.557,466.088,255.038
449.246,241.584,467.030,254.297
449.392,241.758,466.587,254.225
449.290,241.646,466.123,254.371
449.471,241.905,465.735,254.132
449.011,241.759,466.858,254.203
449.183,241.698,466.487,254.006
448.824,241.420,466.742,254.420
448.625,241.262,466.320,254.484
448.791,241.209,466.541,254.650
448.757,241.227,466.458,254.727
41.561,54.214,57.219,63.261
448.792,241.208,466.253,254.812
105.049,39.702,119.157,49.130
136.389,35.950,149.887,44.732
164.968,32.797,179.245,41.828
195.585,31.555,208.687,41.073
225.781,32.111,238.081,41.705
448.995,241.491,466.583,255.007
282.020,37.961,295.229,47.480
310.719,43.148,323.923,53.009
339.072,50.235,351.326,60.324
367.470,58.218,378.915,68.635
392.345,68.649,406.335,78.604
420.284,78.262,433.565,88.555
448.681,241.217,466.688,254.777
448.672,241.089,466.955,255.258
448.868,241.155,466.627,255.196
448.837,241.076,466.301,255.212
448.879,241.014,466.194,254.824
448.873,241.072,466.023,254.732
448.815,241.115,466.150,254.749
448.761,241.068,466.273,254.822
448.791,241.139,466.052,254.848
448.953,241.062,466.243,254.813
448.849,241.176,466.178,254.924
448.877,241.228,466.216,254.881
448.683,241.084,466.297,254.945
448.848,241.335,465.992,254.873
448.948,241.307,466.216,254.973
448.804,241.274,466.152,254.998
449.350,241.546,465.992,254.287
449.581,241.802,465.965,254.192
449.466,241.671,465.999,254.301
449.507,241.740,465.907,254.252
449.421,241.768,465.832,254.201
449.358,241.836,465.455,254.212
449.391,241.881,465.524,254.182
449.379,241.800,465.565,254.214
449.371,241.632,465.850,254.262
449.436,241.759,465.634,254.353
448.671,241.329,467.838,255.419
448.683,241.384,467.966,255.337
448.961,241.513,466.719,255.588
448.940,241.521,466.729,255.366
448.766,241.413,466.692,255.295
449.914,241.915,465.767,254.269
449.458,241.620,466.303,255.215
449.392,241.586,466.368,255.078
449.859,241.804,465.556,254.210
449.538,241.449,466.310,254.900
449.853,241.723,465.784,254.179
449.912,241.844,465.605,254.149
449.947,241.747,465.594,254.174
449.805,241.555,465.528,254.168
449.129,241.464,466.718,255.258
449.194,241.470,466.924,255.221
449.241,241.486,466.736,255.237
449.122,241.417,466.441,255.124
449.133,241.566,466.708,255.234
449.137,241.462,466.700,254.976
449.247,241.488,466.803,255.039
449.260,241.522,466.975,255.060
449.633,241.773,466.524,254.278
449.566,241.696,466.220,254.259
449.672,241.982,465.874,254.327
449.389,241.392,466.579,255.027
449.515,241.422,466.105,254.771
449.606,241.535,466.157,254.710
449.436,241.455,466.227,254.687
449.537,241.400,466.317,254.655
449.325,241.444,466.180,254.853
449.844,241.795,465.757,254.010
449.946,241.895,465.934,253.960
449.915,241.868,465.855,253.956
449.368,241.511,466.217,254.714
449.292,241.488,466.221,254.813
449.364,241.575,465.892,254.749
449.577,241.569,466.033,254.684
449.322,241.395,466.535,254.980
449.285,241.387,466.638,254.955
449.267,241.434,466.640,254.999
448.891,241.413,466.658,255.053
448.976,241.363,466.606,255.023
449.069,241.356,466.690,254.935
449.111,241.336,467.013,254.935
449.041,241.354,466.987,254.975
449.037,241.390,466.920,254.989
449.054,241.380,466.939,254.978
449.130,241.385,466.831,255.009
449.114,241.359,466.557,254.985
449.239,241.284,467.116,254.359
448.678,241.194,467.483,254.864
448.668,241.214,467.274,254.903
448.963,241.280,466.738,254.169
449.011,241.321,466.570,254.160
448.715,241.269,466.879,254.750
448.877,241.197,466.692,254.779
448.806,241.080,466.840,254.922
448.932,241.283,466.640,254.846
448.943,241.500,466.751,254.906
449.145,241.499,466.483,254.748
449.134,241.465,466.697,254.748
449.072,241.482,465.814,254.080
449.166,241.553,465.698,254.118
449.134,241.522,465.720,254.172
449.142,241.521,465.624,254.139
449.127,241.629,466.090,254.322
449.181,241.714,466.162,254.217
449.063,241.673,466.245,254.341
449.102,241.754,465.959,254.354
448.944,241.749,465.739,254.247
449.100,241.848,465.975,254.386
449.134,241.878,465.991,254.396
448.532,241.377,466.265,255.268
96.149,151.906,111.634,162.515
96.346,150.572,113.395,162.653
98.386,150.598,113.723,161.343
98.972,149.687,114.881,161.276
99.518,149.023,115.593,161.278
100.268,148.554,116.308,160.441
100.916,147.861,117.344,160.071
101.531,147.895,117.396,159.546
101.972,147.334,118.572,160.231
102.450,147.521,119.847,160.865
103.294,147.539,120.734,161.092
103.942,147.475,121.765,161.520
105.678,147.576,122.977,162.016
106.379,148.330,123.090,162.814
107.009,149.032,123.266,162.542
108.249,150.251,123.399,161.875
109.325,151.260,123.695,162.230
109.546,151.790,125.181,163.422
110.035,152.243,125.901,164.846
111.592,153.773,126.081,164.475
111.800,154.758,126.284,165.072
112.220,156.508,127.407,166.667
114.209,157.857,129.071,167.890
449.621,241.932,465.477,253.855
115.024,158.759,130.993,171.528
115.414,159.396,131.567,172.630
449.391,241.438,466.896,253.793
115.156,161.517,132.988,173.337
449.202,241.437,466.411,253.974
449.315,241.688,466.177,254.017
449.320,241.392,466.914,254.131
449.407,241.753,466.215,253.942
449.185,241.753,466.113,253.983
449.147,241.637,466.663,254.038
449.315,241.771,466.749,254.008
449.203,241.730,466.453,254.071
448.762,241.237,466.588,254.680
448.849,241.289,466.359,254.841
126.868,173.180,142.172,184.061
448.801,241.236,466.472,254.788
448.710,241.251,466.475,254.853
129.838,177.239,145.234,187.587
130.560,178.395,145.715,188.874
131.477,179.270,147.018,189.842
132.744,180.435,148.079,191.496
133.959,181.678,148.926,191.653
134.756,182.615,149.486,192.816
134.753,183.553,150.979,194.024
135.638,184.404,152.024,196.442
136.379,185.269,152.446,196.582
137.374,186.435,153.165,197.451
138.454,188.265,153.664,198.691
139.512,189.225,154.715,200.172
140.002,190.230,155.678,200.690
141.034,191.307,156.225,201.410
141.753,192.209,157.662,203.073
143.089,193.358,159.178,203.725
143.710,194.606,160.241,205.342
145.135,196.012,161.383,205.773
146.547,197.747,161.113,206.468
148.007,199.042,162.076,207.601
148.690,200.257,162.992,208.593
149.926,201.209,163.106,209.783
151.258,202.571,163.872,210.918
151.789,203.499,164.751,212.011
449.090,241.359,466.892,254.698
449.071,241.284,466.658,254.609
448.942,241.306,466.664,254.694
449.420,241.542,465.916,254.010
449.364,241.582,466.011,254.189
449.036,241.375,466.607,254.894
449.198,241.209,466.421,254.366
449.521,241.647,466.409,254.083
449.639,241.782,466.382,254.164
449.748,242.048,466.389,254.097
449.776,242.092,466.266,254.042
449.344,241.539,466.516,254.089
449.423,241.461,466.582,254.041
449.212,241.255,466.653,254.066
449.247,241.261,466.592,254.198
448.894,241.181,466.927,254.722
448.591,241.257,466.599,255.025
449.146,241.503,466.112,254.281
448.932,241.517,465.990,254.334
449.029,241.544,466.697,254.301
448.949,241.479,466.496,254.260
448.474,241.374,466.861,254.985
448.572,241.204,466.825,254.872
448.693,241.236,466.685,254.884
448.789,241.234,466.693,254.863
448.784,241.266,466.557,254.791
448.900,241.295,466.705,254.841
448.953,241.099,466.639,254.716
448.886,241.041,466.337,254.597
448.930,241.074,466.178,254.512
449.032,241.099,466.178,254.541
448.758,241.258,466.498,254.754
448.857,241.207,466.178,254.726
448.883,241.169,466.175,254.726
448.928,241.184,466.096,254.717
448.879,241.278,466.116,254.748
448.849,241.328,466.596,254.609
449.321,241.532,465.755,253.935
449.316,241.661,465.375,253.874
449.332,241.695,465.445,253.969
449.347,241.718,465.686,254.036
449.433,241.721,465.497,253.886
449.374,241.674,465.560,253.912
449.634,241.796,465.360,253.738
449.635,241.796,465.360,253.739
449.637,241.799,465.355,253.739
449.636,241.798,465.359,253.741
449.636,241.798,465.359,253.741
449.636,241.798,465.359,253.740
449.636,241.798,465.359,253.740
449.636,241.798,465.359,253.740
449.174,242.125,465.751,254.168
449.057,242.187,465.674,254.130
448.985,242.247,466.091,254.180
448.830,242.117,465.790,254.311
448.748,241.697,466.777,254.389
448.616,241.788,466.486,254.371
448.519,241.549,466.428,254.317
448.566,241.585,466.301,254.299
448.755,241.670,466.387,254.422
448.690,241.795,466.362,254.371
448.896,241.859,467.062,254.429
448.845,241.818,466.744,254.436
448.877,241.886,467.023,254.395
448.892,241.808,467.197,254.336
448.971,241.648,466.742,254.348
449.097,241.749,466.615,254.349
449.289,241.703,466.422,254.149
449.278,241.619,466.440,254.158
449.282,241.902,467.000,254.261
449.285,242.173,466.131,254.165
449.357,242.403,465.584,254.053
448.968,242.442,466.140,254.333
449.177,242.459,465.884,254.245
449.111,242.255,465.641,254.098
449.182,242.220,466.000,254.079
449.634,242.069,466.005,253.888
449.468,241.811,466.372,253.985
449.368,241.775,466.101,254.001
449.348,241.753,466.326,254.380
449.281,241.728,466.573,254.480
449.330,241.674,466.648,254.420
449.385,241.637,466.757,254.398
449.183,241.768,466.712,254.445
449.159,241.603,466.926,254.429
449.081,241.787,466.997,254.621
449.190,241.861,466.770,254.641
449.351,242.228,466.679,254.617
449.450,242.202,466.543,254.556
449.250,242.405,466.420,254.557
449.679,242.349,466.166,254.088
449.187,242.099,466.443,254.386
449.574,242.421,466.560,254.400
449.536,242.302,466.317,254.177
449.640,242.264,466.133,254.126
449.666,242.197,466.341,254.222
449.408,242.276,466.590,254.200
449.271,241.717,466.262,254.338
449.388,241.824,466.568,254.309
449.282,241.798,466.813,254.393
449.400,241.714,467.127,253.936
449.350,241.875,466.575,253.875
449.462,241.955,466.493,254.028
449.373,241.715,466.583,254.118
449.360,241.602,466.781,254.125
449.444,241.709,466.617,254.060
449.413,241.734,466.400,253.978
449.493,241.616,465.931,253.927
449.508,241.681,466.091,253.931
449.664,241.854,465.893,253.942
449.696,242.015,466.143,253.943
449.461,242.130,466.209,254.474
449.208,242.013,466.750,254.525
449.160,242.093,466.678,254.531
449.343,242.233,466.682,254.426
449.753,242.601,466.482,253.999
449.727,242.640,466.151,253.918
449.664,242.562,465.994,253.946
449.643,242.389,466.338,253.979
449.727,242.408,465.999,253.875
449.727,242.252,465.978,253.914
449.282,242.025,465.904,253.967
449.055,241.856,465.652,254.003
449.067,241.839,465.661,254.096
448.926,241.907,465.655,254.055
448.995,241.937,465.786,254.116
448.901,241.734,466.116,254.258
449.529,242.196,465.966,254.089
449.282,242.082,466.271,254.219
449.244,242.075,466.317,254.193
449.169,241.968,466.201,254.282
449.239,242.100,465.935,254.276
449.265,242.149,465.746,254.221
449.402,242.224,465.513,254.094
449.171,242.112,465.622,254.236
449.195,241.957,465.749,254.251
449.103,241.930,466.125,254.528
449.116,241.575,466.581,254.650
449.237,241.766,466.205,254.471
449.341,241.805,466.290,254.466
449.352,241.904,466.313,254.407
449.385,241.996,466.158,254.396
449.378,242.073,466.015,254.402
449.409,241.943,465.965,254.400
449.539,242.038,465.858,254.342
449.522,242.091,465.657,254.336
449.603,242.001,465.552,254.210
449.515,242.003,465.547,254.252
449.511,241.910,465.234,254.136
449.676,241.887,465.529,254.117
449.558,241.923,465.524,254.140
449.663,241.659,465.831,254.278
449.641,241.676,465.852,254.243
449.600,241.531,465.834,254.197
449.727,241.751,465.473,254.151
449.659,241.544,465.637,254.111
449.670,241.505,465.966,254.226
449.630,241.375,465.970,254.254
449.601,241.385,465.876,254.234
449.632,241.368,465.846,254.267
449.156,241.013,466.198,254.940
449.784,241.530,466.354,254.157
449.675,241.351,466.766,254.310
449.849,241.573,466.352,254.148
449.910,241.745,466.080,254.205
449.865,241.803,465.922,254.310
449.801,241.792,465.884,254.255
449.721,241.702,465.959,254.295
449.652,241.679,466.053,254.258
449.636,241.554,466.229,254.277
449.628,241.709,466.369,254.236
449.818,241.774,466.068,254.158
449.749,241.801,466.052,254.266
449.735,241.744,465.985,254.193
449.803,241.854,465.850,254.152
449.571,241.564,465.536,254.314
449.594,241.549,465.353,254.284
449.582,241.514,465.425,254.258
449.594,241.421,465.704,254.349
449.615,241.538,465.726,254.306
449.697,241.448,465.873,254.243
449.849,241.499,465.727,254.071
449.794,241.524,465.705,254.048
449.743,241.547,465.691,254.172
449.805,241.691,465.635,254.276
449.778,241.737,465.597,254.313
449.393,240.977,466.680,255.218
448.432,240.768,467.322,255.380
448.573,240.842,467.313,255.368
365.770,226.116,379.956,235.831
448.374,240.857,467.134,255.331
448.251,240.839,467.148,255.355
368.659,222.627,381.790,231.585
449.052,241.369,466.179,254.712
449.051,241.352,466.146,254.711
449.091,241.351,466.284,254.743
449.055,241.508,465.868,254.522
374.970,214.870,390.132,227.510
449.087,241.759,465.768,254.381
449.404,241.738,465.790,254.194
449.525,241.788,465.596,254.086
376.893,205.631,393.318,222.060
378.520,204.911,395.083,218.598
380.537,204.596,395.807,215.793
381.115,202.990,397.393,213.382
383.176,202.138,397.784,211.729
449.617,241.542,465.867,254.302
449.835,241.678,465.831,254.162
449.811,241.725,465.679,254.286
449.838,241.661,465.615,254.224
449.833,241.602,465.764,254.131
388.609,191.942,403.662,202.204
388.520,191.283,405.072,201.749
389.071,190.201,406.083,200.996
389.435,189.515,407.495,200.628
449.555,241.100,466.257,254.333
449.559,241.131,466.184,254.313
449.534,241.271,466.539,254.367
449.540,241.209,466.214,254.260
449.521,241.145,466.430,254.125
449.511,241.226,466.207,254.161
449.585,241.191,465.953,254.046
449.289,241.304,465.913,254.178
449.241,241.406,465.949,254.197
449.321,241.428,466.066,254.277
449.414,241.377,466.074,254.193
449.291,241.490,465.979,254.243
449.492,241.601,466.023,254.066
403.637,188.766,418.509,199.963
404.518,188.641,419.541,199.364
405.567,188.905,419.406,198.873
405.523,188.722,420.851,199.498
406.289,188.793,421.935,200.791
406.741,189.168,423.125,200.913
407.207,189.494,424.159,201.467
408.324,189.781,425.189,201.546
408.352,189.662,425.899,202.600
409.639,190.320,426.664,202.161
410.057,190.601,427.806,201.886
411.754,191.133,428.029,201.212
412.388,191.027,428.995,201.583
413.605,191.011,429.613,201.849
414.133,191.228,429.859,203.034
414.546,191.500,430.057,202.445
416.122,191.928,430.892,202.649
416.629,192.258,432.381,204.551
417.421,193.314,432.815,203.675
418.959,193.667,434.534,205.898
419.708,194.371,435.607,206.235
420.440,195.888,434.501,205.932
421.072,196.983,435.471,206.522
424.002,198.409,437.304,207.174
423.811,199.283,438.097,208.095
424.248,200.024,438.837,209.847
424.640,200.896,440.043,210.617
425.611,201.765,440.876,211.366
427.261,202.557,441.731,212.173
427.429,203.434,442.228,213.022
427.758,204.007,443.458,214.087
428.390,205.106,443.592,215.089
428.342,205.859,444.759,216.192
430.265,207.502,444.188,217.086
430.317,208.031,446.015,218.485
449.905,241.873,465.232,253.826
449.809,241.915,465.589,253.922
449.775,241.873,465.685,253.976
449.764,241.728,465.917,253.944
449.800,241.630,465.795,253.891
449.882,241.457,466.082,253.922
449.844,241.394,466.236,253.982
449.834,241.532,466.115,253.948
449.582,241.287,466.735,254.091
449.348,241.197,466.886,254.144
449.517,241.272,466.699,254.117
449.804,241.493,466.238,253.859
449.728,241.391,466.427,253.930
449.369,241.205,466.572,254.009
449.251,241.158,466.727,254.049
449.193,241.036,466.482,254.018
449.136,241.169,466.341,254.025
449.615,241.182,466.082,253.753
449.545,240.910,466.368,253.847
449.962,241.184,465.744,253.530
449.720,240.496,467.372,254.608
449.764,241.091,466.433,253.731
449.828,242.062,465.759,253.891
60.201,435.515,72.320,445.049
449.073,240.362,468.070,254.612
449.585,242.531,466.221,253.704
60.320,435.666,71.058,444.700
449.330,241.563,468.984,254.900
448.898,240.891,470.591,255.105
448.158,240.928,472.302,255.015
518.827,418.542,531.120,429.862
447.593,240.182,475.178,256.875
448.953,240.927,472.158,256.184
448.511,240.813,469.540,255.401
449.123,241.573,466.814,253.811
449.103,241.386,465.940,253.688
449.177,241.361,465.761,253.538
449.105,241.127,466.023,253.665
449.206,241.349,465.686,253.618
448.639,240.947,466.714,255.041
448.586,240.981,466.531,254.913
448.707,241.030,466.337,254.872
449.219,241.415,465.890,253.977
449.149,241.427,465.651,254.083
449.405,241.604,465.696,254.059
449.213,241.520,465.604,254.108
449.113,241.310,465.853,254.207
449.209,241.361,465.843,254.120
449.318,241.390,466.148,253.993
449.294,241.392,466.110,253.888
449.158,241.317,466.013,254.034
449.129,241.422,465.895,254.158
449.166,241.351,466.188,254.311
449.081,241.320,466.238,254.388
449.159,241.493,466.204,254.404
449.036,241.417,466.332,254.389
449.132,241.732,465.855,254.262
449.096,241.576,466.127,254.378
449.013,241.528,466.028,254.375
449.023,241.485,466.160,254.367
449.016,241.466,466.037,254.315
448.879,241.413,466.206,254.300
449.011,241.604,465.880,254.169
449.044,241.638,465.811,254.152
448.965,241.559,465.920,254.174
448.998,241.455,466.272,254.284
448.944,241.211,466.137,254.278
449.233,241.427,465.954,253.934
449.372,241.470,466.374,253.882
449.110,241.467,466.108,253.902
449.248,241.391,465.879,254.005
449.233,241.381,465.829,254.129
449.481,241.512,466.000,253.828
449.351,241.568,466.533,253.673
449.105,241.438,466.588,253.758
449.588,241.667,466.436,253.559
449.546,241.511,466.572,253.580
449.435,241.513,466.380,253.745
449.309,241.475,466.436,253.868
449.210,241.322,466.622,253.905
449.335,241.387,465.801,253.816
449.386,241.423,466.302,253.938
449.426,241.492,466.503,253.949
449.441,241.508,466.545,253.991
449.379,241.559,466.344,253.927
449.357,241.378,466.212,253.893
449.421,241.381,466.391,253.815
449.390,241.421,466.624,253.876
449.266,241.294,466.694,253.819
449.318,241.310,466.472,253.817
449.336,241.373,466.353,253.799
449.538,241.510,466.317,253.618
449.383,241.383,466.235,253.847
449.384,241.288,465.997,253.958
449.177,241.282,466.117,253.901
449.183,241.256,466.162,253.786
449.092,241.265,466.130,253.876
449.079,241.129,466.293,254.056
449.258,241.054,466.468,254.077
449.188,241.125,466.324,254.048
449.144,241.203,466.077,253.921
449.484,241.319,466.069,254.195
449.514,241.432,466.057,254.063
449.470,241.352,466.330,254.046
449.688,241.726,465.016,253.598
449.691,241.808,464.948,253.497
449.749,241.691,465.065,253.465
449.679,241.695,465.200,253.457
449.911,241.847,464.862,253.348
449.902,241.992,464.986,253.290
449.752,241.832,465.337,253.466
449.832,241.909,465.279,253.472
449.786,241.930,465.152,253.576
449.592,241.939,465.257,253.689
449.574,241.917,465.426,253.741
449.712,242.020,465.385,253.651
449.422,242.013,465.759,254.155
449.550,242.043,465.421,254.134
449.340,241.938,465.428,254.219
449.259,241.939,465.488,254.368
449.381,242.069,465.202,254.284
449.287,242.016,465.324,254.340
449.254,241.970,465.188,254.284
449.510,241.966,465.444,254.135
449.800,242.011,465.202,254.045
449.687,241.831,465.591,254.257
449.633,241.882,465.557,254.320
449.613,241.867,465.609,254.306
449.370,241.510,465.870,254.339
449.434,241.597,465.850,254.273
449.306,241.511,466.034,254.382
449.306,241.510,465.857,254.367
449.361,241.555,465.759,254.226
449.622,241.770,465.373,254.093
449.186,241.512,465.651,254.266
449.150,241.689,465.333,254.336
449.148,241.705,465.292,254.455
449.171,241.834,465.517,254.235
449.167,241.858,465.391,254.295
449.222,241.837,465.889,254.250
449.529,242.054,465.639,254.256
449.586,242.155,465.549,254.244
449.223,242.199,465.935,254.397
449.135,241.801,466.158,254.595
448.997,241.710,466.312,254.680
448.951,241.767,466.137,254.516
449.389,241.864,466.348,254.406
449.424,241.914,465.917,254.344
449.256,241.747,466.292,254.175
449.148,241.419,466.622,254.471
449.050,241.372,466.505,254.386
449.015,241.263,466.419,254.366
566.061,260.296,581.346,270.083
567.193,258.015,582.526,268.884
568.243,256.383,582.664,266.891
568.890,255.381,583.593,265.311
570.215,254.325,584.170,263.340
449.508,241.621,466.092,254.315
571.244,251.061,586.131,261.578
571.630,249.475,587.310,259.393
572.822,247.625,589.545,257.828
574.105,246.415,590.441,255.885
575.893,245.223,590.557,254.357
449.474,241.525,466.136,254.354
449.268,241.862,465.702,254.291
449.561,241.902,465.765,254.160
449.569,241.960,465.611,254.164
449.558,241.929,465.796,254.210
449.535,241.938,465.940,254.354
449.522,241.957,465.772,254.368
449.518,241.970,465.854,254.310
449.512,241.925,465.706,254.208
449.433,241.852,465.934,254.220
449.342,241.532,466.439,254.309
449.415,241.601,466.464,254.265
449.348,241.668,466.416,254.130
