228.000,259.000,245.000,270.000
224.716,258.590,240.276,269.734
225.144,258.355,240.582,269.505
223.906,258.540,239.843,269.482
223.462,257.746,239.124,269.085
223.078,257.807,238.742,269.027
222.694,257.704,238.447,269.064
223.107,257.634,237.725,269.169
222.035,257.353,237.971,269.236
222.036,257.106,238.004,269.106
222.595,257.349,236.745,268.639
222.338,257.275,236.532,268.625
222.356,257.334,236.281,268.571
222.423,257.446,236.693,268.717
222.490,257.474,236.104,268.773
221.864,257.572,235.747,268.902
222.015,258.218,236.053,269.230
221.579,258.655,236.527,268.952
221.636,258.836,237.257,269.238
221.335,258.856,237.026,269.357
221.972,259.115,236.491,269.373
222.629,258.866,236.171,269.437
222.226,259.243,236.429,269.305
221.912,259.315,236.374,269.397
222.006,259.379,236.741,269.895
221.939,259.287,237.350,269.933
222.050,259.503,237.574,270.162
222.467,259.640,238.112,270.187
222.486,259.694,238.163,270.242
222.232,259.641,238.018,270.197
222.618,259.974,238.126,270.304
223.369,260.383,238.028,270.534
222.827,260.550,239.005,271.002
222.970,260.773,239.067,271.315
223.169,260.953,239.055,271.667
223.819,261.418,239.059,272.366
223.518,261.758,239.346,272.845
224.407,262.099,238.986,273.480
224.275,262.472,239.514,273.731
224.820,263.262,240.105,274.518
224.613,263.535,240.091,274.874
224.748,263.904,240.704,275.164
225.094,264.382,240.881,275.843
225.262,264.785,241.417,276.384
225.482,265.125,241.584,277.190
225.927,265.862,241.501,277.500
226.057,266.393,242.345,277.919
227.040,266.909,242.741,278.628
227.315,267.692,242.673,279.185
228.768,268.352,242.820,279.745
228.756,269.276,243.683,280.165
229.751,269.577,243.285,280.833
228.481,270.002,244.109,281.267
229.686,270.405,243.387,281.959
230.269,271.081,244.223,282.692
231.240,271.761,245.310,283.233
230.720,272.251,245.462,284.241
230.517,272.739,245.894,284.788
231.205,273.457,245.669,284.876
231.044,273.990,246.084,285.761
231.352,274.841,246.630,286.947
232.205,275.785,246.455,287.830
231.858,276.604,246.944,289.018
232.437,277.174,247.533,288.947
232.660,278.839,247.603,289.321
232.587,279.409,248.087,289.763
233.119,280.346,248.644,290.427
233.806,280.727,249.250,291.168
233.926,281.318,249.009,291.377
234.915,281.915,249.240,292.437
235.135,282.307,249.916,293.205
235.129,282.671,250.460,294.056
235.726,283.794,251.172,295.195
236.305,284.157,251.876,295.638
236.295,284.578,252.199,296.292
237.782,285.603,252.273,296.807
237.867,286.360,253.181,297.598
238.969,287.139,253.230,298.171
239.448,287.527,254.106,298.781
239.863,287.996,254.481,299.366
240.826,288.445,254.741,299.552
241.020,288.813,254.781,300.213
240.623,289.793,255.094,300.549
240.712,290.322,255.189,301.162
241.283,290.750,255.846,301.399
242.497,291.101,255.856,302.010
242.755,291.786,256.273,302.169
243.108,292.211,257.003,302.767
242.732,292.723,257.189,303.595
243.455,293.533,257.810,304.105
245.320,294.016,257.798,304.705
244.863,294.640,258.279,304.828
245.729,295.124,258.367,306.074
245.658,295.685,259.415,308.029
246.043,295.975,259.421,307.805
246.223,296.783,259.577,308.401
248.808,297.347,263.289,308.457
260.558,298.168,274.834,309.049
271.897,298.264,285.378,309.237
283.216,298.694,296.859,309.725
289.902,299.219,303.778,310.153
286.526,300.208,300.520,310.279
286.000,300.762,299.878,310.924
286.211,301.511,301.128,312.127
286.101,301.594,301.254,312.124
285.850,302.233,301.740,313.064
286.002,302.663,303.158,314.107
286.636,303.199,303.047,314.121
286.434,303.467,303.548,314.085
287.112,303.423,303.934,313.550
285.726,303.640,303.502,314.193
285.459,303.738,304.125,314.405
285.270,304.399,304.642,314.635
444.766,137.917,455.207,146.896
442.388,137.490,453.209,146.245
440.017,137.110,450.597,145.800
291.356,304.919,304.777,314.820
435.226,137.674,445.927,146.599
431.083,138.521,442.035,148.167
430.186,139.382,440.598,148.622
428.790,140.746,439.389,149.982
425.705,141.453,436.922,151.013
423.283,141.621,433.710,151.039
419.704,139.895,430.595,149.119
417.172,136.452,427.881,145.403
415.588,134.239,425.023,143.278
119.314,408.705,134.920,417.933
297.469,307.168,315.487,323.479
296.641,307.801,314.509,324.056
295.972,307.909,315.066,323.921
295.729,309.199,315.096,325.066
296.087,308.475,315.616,324.541
296.669,309.703,317.570,325.830
295.137,308.439,316.208,324.230
294.868,308.481,315.792,324.042
21.685,256.951,33.185,265.124
294.273,309.665,316.684,325.450
294.626,308.729,316.383,324.358
291.394,308.872,315.983,324.667
21.487,257.137,32.639,265.039
296.080,308.183,317.198,323.694
296.368,308.478,316.870,324.414
361.491,111.935,373.157,121.004
346.626,113.901,357.909,123.207
334.325,117.850,343.742,125.655
612.850,99.504,622.914,108.245
610.613,97.635,620.491,105.983
611.388,95.482,621.074,104.245
322.998,130.919,333.593,140.375
319.990,135.211,330.212,144.317
176.588,102.878,188.515,111.352
314.177,138.563,324.195,148.052
312.945,139.635,323.448,149.409
309.198,138.692,320.511,148.391
594.168,94.841,604.556,103.817
592.505,96.460,602.891,105.279
589.687,98.011,599.510,106.395
587.956,100.952,597.973,110.310
584.179,103.748,594.507,112.680
296.552,133.647,305.989,141.604
580.237,110.760,590.096,119.454
578.555,113.631,588.530,122.835
575.293,115.402,585.175,124.824
97.666,230.394,109.660,239.981
570.080,116.213,580.132,125.425
567.380,116.549,577.709,125.682
280.181,141.552,290.516,150.702
279.311,144.122,288.901,153.365
559.344,117.488,568.795,126.208
280.745,309.978,296.989,320.844
553.367,120.027,564.245,129.130
270.095,159.540,280.972,168.618
548.770,123.690,559.148,133.182
263.067,163.682,274.665,173.184
260.674,164.411,271.382,174.022
258.648,164.075,269.565,173.623
538.031,123.970,548.163,133.297
534.501,123.502,544.877,132.912
533.208,124.011,543.588,133.338
246.206,165.199,255.981,174.316
181.629,102.826,194.711,111.967
240.599,169.505,250.393,179.022
522.184,131.677,532.182,140.946
518.452,131.723,528.189,140.362
514.413,130.820,525.727,139.818
229.084,180.060,239.777,189.346
224.952,183.202,235.576,192.803
223.359,186.000,233.753,195.626
220.872,188.723,230.186,197.843
216.868,189.169,226.444,198.278
215.064,189.622,224.756,199.007
211.883,185.598,221.739,193.981
208.824,185.964,218.655,194.727
205.573,184.950,215.273,194.591
204.996,185.242,214.621,194.497
201.509,185.358,211.535,194.755
198.951,185.371,208.649,194.230
197.662,187.885,207.712,197.151
191.888,189.561,201.382,197.558
493.844,82.199,505.050,91.822
189.499,193.971,200.117,202.891
186.069,193.907,197.209,202.836
184.453,194.114,194.396,203.688
183.526,193.232,193.574,202.575
503.746,81.201,514.019,90.321
505.172,81.223,515.700,90.530
182.680,188.636,192.293,197.760
510.977,84.738,520.964,94.463
512.329,87.324,522.139,96.739
179.201,185.818,189.646,194.971
512.451,87.771,522.051,97.132
512.717,86.916,522.702,96.057
512.273,86.480,521.968,95.868
511.308,87.208,521.302,95.721
175.402,189.445,185.325,198.369
282.353,240.012,294.452,249.005
286.248,239.852,297.094,248.643
289.626,239.815,300.696,248.454
293.750,239.654,303.444,248.548
297.271,240.520,308.757,249.771
301.977,240.421,313.062,249.443
301.716,240.784,311.862,250.143
181.048,102.529,194.443,111.568
308.965,240.909,319.359,249.872
306.255,301.854,319.113,313.984
170.609,194.012,180.296,201.646
170.641,198.179,180.554,207.109
170.858,199.709,180.363,207.774
169.864,202.740,179.888,211.311
168.371,207.015,178.240,215.765
168.888,211.705,178.715,220.903
167.910,216.386,178.113,224.864
167.532,219.318,177.708,228.084
168.795,221.960,178.898,230.689
167.035,222.439,177.750,231.354
165.982,222.320,176.334,231.187
165.660,222.086,176.160,231.067
165.300,221.857,175.567,230.932
163.080,222.357,173.677,231.623
631.148,160.955,639.360,170.586
621.332,162.157,632.344,171.451
607.973,162.649,619.162,171.760
126.662,226.992,137.113,236.075
590.556,165.086,600.903,174.562
120.887,226.488,131.438,235.888
122.789,224.402,133.058,233.784
121.752,221.505,131.897,230.182
588.010,175.343,598.247,184.447
582.808,177.420,593.360,185.854
430.300,114.604,442.280,124.172
430.157,113.626,441.362,123.729
580.160,182.827,590.042,191.783
578.105,183.036,588.721,192.098
622.104,213.629,632.141,221.852
413.277,233.940,424.149,242.046
93.798,183.895,103.853,192.980
606.533,215.142,617.195,223.876
602.095,216.154,611.897,224.946
598.293,216.233,607.960,224.015
593.836,213.794,603.554,222.553
589.883,212.399,599.573,221.415
567.773,191.629,577.259,199.471
567.189,191.254,576.801,199.864
69.181,180.047,78.311,187.956
368.949,93.052,379.805,102.478
365.561,94.681,376.023,103.197
60.094,186.053,70.083,193.994
357.657,94.819,367.874,103.100
353.918,93.414,363.938,102.080
610.714,224.335,621.447,233.318
546.845,193.697,556.889,202.134
543.730,195.110,553.703,203.640
38.736,185.068,48.429,194.151
34.019,183.817,44.842,193.003
30.724,183.178,41.093,192.354
589.482,228.523,598.685,237.780
530.279,196.139,540.536,205.648
527.482,196.306,537.312,205.319
15.743,183.115,25.676,192.534
12.791,184.017,23.025,192.993
570.241,241.964,580.159,250.231
566.780,242.132,576.841,250.264
0.000,177.422,10.706,186.267
509.517,202.872,518.918,212.650
625.723,31.710,635.835,41.299
618.839,30.592,629.099,38.545
614.041,29.696,623.666,38.878
607.412,29.637,617.417,38.433
482.076,191.897,492.132,200.550
598.283,30.179,607.871,38.777
591.324,30.961,601.417,40.016
585.460,32.036,596.127,40.900
581.450,32.720,591.206,41.671
455.028,185.320,464.622,194.145
448.668,185.208,458.665,193.823
443.686,185.399,454.074,194.495
456.446,262.661,465.884,271.407
430.776,187.635,440.850,196.847
426.034,190.017,436.028,199.440
421.166,191.735,431.594,200.665
415.296,194.630,425.385,203.717
409.835,197.128,420.243,206.333
402.749,198.623,413.699,207.383
488.806,235.562,498.401,244.300
389.445,200.757,399.213,209.557
384.030,202.242,393.962,211.397
377.079,205.622,387.039,214.653
368.511,206.950,379.474,216.312
361.514,206.548,372.852,215.888
354.934,205.985,364.883,214.664
346.630,203.394,358.591,213.143
339.962,200.208,351.613,209.314
332.443,197.658,343.440,206.388
323.942,195.592,334.721,205.011
431.306,211.008,441.703,220.154
425.705,208.103,436.035,217.237
301.950,190.435,312.674,200.099
294.661,188.771,305.286,197.893
287.255,184.935,297.502,194.470
402.698,199.451,413.607,207.996
397.319,197.917,407.222,206.570
266.829,174.051,277.273,183.913
384.981,193.730,395.654,203.156
379.236,191.422,389.782,200.428
246.244,165.315,256.277,174.455
239.441,164.420,249.399,173.588
359.647,181.831,369.724,191.118
225.655,161.144,236.178,170.697
218.501,161.396,229.161,170.894
339.018,175.390,350.334,184.869
334.348,173.898,344.822,183.323
327.304,170.342,338.287,179.893
321.815,166.242,332.861,175.734
316.421,163.009,327.791,172.568
309.368,158.138,319.612,166.862
321.335,233.012,333.135,243.237
298.294,150.329,309.052,159.333
308.500,223.073,319.933,232.652
303.312,220.698,313.352,229.681
299.160,217.371,309.855,226.135
293.752,215.837,303.051,224.134
287.990,214.095,298.084,223.401
262.173,135.240,273.027,144.290
151.773,125.919,162.081,134.977
272.624,208.703,283.062,217.677
143.980,121.256,154.707,130.446
238.487,134.502,249.592,143.830
234.134,134.918,244.760,143.500
230.484,135.148,240.732,144.155
224.545,131.277,235.326,141.118
246.590,201.462,257.042,210.529
242.300,201.111,253.569,210.322
239.915,200.689,250.938,209.736
236.124,199.439,247.013,208.206
232.274,195.367,241.906,204.248
230.045,192.869,240.061,201.944
199.385,112.303,210.858,121.680
195.990,112.040,207.161,121.565
190.548,105.907,208.222,121.323
189.318,107.513,201.820,119.502
183.275,103.729,201.592,118.768
181.229,103.693,199.062,119.576
205.909,184.851,215.325,194.106
201.923,185.329,212.538,194.577
69.518,114.546,78.896,123.639
66.768,116.139,76.457,124.803
194.396,191.283,205.686,200.207
190.785,190.357,200.295,199.403
159.860,118.985,170.508,127.988
158.126,117.234,167.654,125.910
184.322,188.768,194.095,197.912
181.692,188.762,191.233,197.774
234.468,0.000,246.993,6.772
175.573,189.532,185.221,198.431
174.080,191.659,184.333,200.287
170.412,192.577,180.587,200.796
42.281,102.646,52.266,111.180
165.417,198.162,175.255,207.084
162.495,201.195,172.852,209.740
160.463,203.809,170.586,213.172
158.745,207.149,169.063,216.500
155.150,208.295,164.821,217.300
153.402,209.820,162.643,219.133
152.903,209.271,162.898,217.974
150.045,206.781,159.465,214.928
148.613,205.993,158.384,214.790
145.623,205.202,155.997,214.356
143.981,204.375,153.525,213.564
70.081,91.526,81.170,100.498
141.840,205.231,152.543,214.709
139.612,206.058,150.443,215.346
137.664,204.687,147.281,213.838
135.609,203.800,145.668,213.167
180.607,103.191,198.014,112.121
134.926,204.794,144.596,213.154
134.297,204.681,143.914,213.565
133.413,206.070,142.990,215.011
183.529,102.973,196.361,111.931
129.941,210.167,139.014,217.975
129.719,210.885,138.990,219.866
127.944,211.087,137.489,220.157
122.760,208.964,133.332,218.149
118.814,207.090,129.162,216.341
114.544,205.405,124.049,214.554
110.211,203.264,119.194,211.312
105.975,202.050,116.452,209.922
100.518,201.382,110.392,209.552
95.445,200.014,105.366,208.492
89.694,199.831,99.360,207.952
86.026,199.113,96.375,207.750
80.732,197.085,91.387,205.886
75.036,194.671,85.224,203.435
69.695,194.006,79.228,203.123
62.902,193.323,72.958,201.967
57.998,192.829,68.376,201.253
53.367,192.357,64.295,200.892
47.452,189.635,56.830,198.798
39.735,187.036,50.341,196.267
31.296,184.080,41.603,193.223
23.506,181.271,34.271,190.205
17.092,179.383,27.369,188.073
8.542,176.890,20.451,185.704
0.000,175.873,8.844,185.412
498.262,334.694,508.485,343.895
498.229,334.654,508.456,343.762
498.114,335.875,508.446,344.970
498.005,334.487,508.554,343.939
498.194,334.700,508.351,343.914
498.257,335.153,508.350,344.429
26.594,399.248,37.989,409.814
27.317,397.594,40.128,410.200
27.337,397.107,40.194,410.052
25.750,396.353,41.048,408.090
26.030,397.017,40.416,409.228
26.099,396.648,41.014,407.865
454.700,185.430,464.837,194.445
448.348,185.092,458.248,194.344
442.719,183.750,454.272,193.251
498.074,333.337,508.518,342.766
432.108,183.109,447.557,196.720
179.885,103.018,197.517,112.277
421.286,179.791,431.330,188.300
416.091,177.174,425.829,185.885
373.666,279.584,386.678,289.835
181.165,102.825,196.625,111.607
180.608,102.729,196.936,111.823
180.300,102.998,197.018,112.233
376.339,278.364,389.056,288.787
181.235,102.352,194.645,111.417
376.045,278.258,388.796,288.634
373.935,277.823,390.870,288.520
375.078,277.719,391.382,288.321
374.877,277.656,390.892,288.025
374.903,277.620,390.900,287.797
376.035,277.408,391.278,287.515
375.760,277.571,391.538,287.929
373.549,277.510,391.799,288.814
339.311,170.582,353.072,180.596
372.001,278.099,391.985,289.737
332.515,171.312,345.042,181.179
325.735,169.967,336.858,179.315
319.185,169.799,330.021,179.046
313.965,168.787,324.109,177.759
309.029,167.667,319.010,176.816
303.010,165.823,313.390,175.234
298.164,165.417,309.608,174.803
293.456,164.289,303.369,173.990
287.905,162.336,298.428,172.105
282.909,161.445,293.131,169.943
277.835,159.846,287.913,168.356
375.162,280.325,390.999,290.051
265.461,154.495,276.318,164.135
260.300,152.868,271.443,162.205
255.971,152.071,266.206,161.760
113.423,172.188,123.084,181.493
245.747,145.744,256.292,157.337
239.781,143.344,250.105,152.538
178.712,102.967,191.611,111.779
230.568,138.353,240.860,148.543
150.044,160.407,167.528,170.972
171.019,102.494,188.067,111.246
171.087,102.504,188.068,111.250
176.672,103.078,189.185,111.678
497.648,175.127,507.403,183.772
497.522,174.732,506.927,183.533
214.755,155.727,225.231,164.677
224.286,154.890,234.519,164.074
232.083,153.967,241.944,162.061
238.669,152.136,251.211,161.705
247.307,150.320,258.290,159.502
498.170,334.411,508.638,343.896
262.484,144.860,273.243,154.261
268.817,143.733,280.984,153.606
499.330,332.166,512.912,342.352
496.886,172.607,506.741,183.163
286.495,136.492,297.419,145.859
296.013,134.362,306.494,143.745
302.898,133.424,312.931,143.374
27.948,396.231,39.747,406.778
27.847,396.069,39.702,406.718
321.429,129.207,332.505,138.710
498.121,334.581,508.599,343.980
499.498,333.525,510.842,343.341
460.846,431.498,480.439,448.899
348.892,129.438,358.871,138.714
176.935,102.471,189.228,111.218
178.388,102.095,191.512,110.881
496.928,172.647,507.344,183.317
374.632,132.895,385.188,141.862
178.945,102.858,191.550,111.511
178.921,102.855,191.499,111.499
178.871,102.798,191.427,111.389
405.563,133.374,415.607,143.037
412.776,133.688,422.818,141.303
418.370,134.227,428.572,142.720
425.621,130.261,437.277,139.311
432.820,130.019,444.253,138.758
442.366,128.450,453.098,137.831
178.799,103.086,195.459,112.332
179.108,102.627,192.654,111.359
465.898,122.162,478.121,131.847
178.486,103.020,195.318,112.106
178.515,103.021,195.391,112.111
178.515,103.021,195.391,112.111
178.732,102.905,195.028,111.972
176.855,102.788,192.527,112.194
496.446,170.394,507.160,181.068
524.650,122.521,537.089,131.885
534.150,123.942,544.370,133.462
536.531,124.710,550.118,134.184
546.665,127.153,560.379,136.331
560.193,129.158,569.563,138.336
567.157,130.187,577.566,138.602
577.913,129.641,589.196,138.610
587.929,129.905,598.376,138.854
593.583,129.641,607.281,138.821
606.861,128.106,617.365,137.592
618.066,125.129,629.709,133.906
626.122,122.139,638.669,131.707
496.624,170.011,507.163,181.021
28.208,397.512,39.996,407.550
28.024,396.088,39.673,406.480
49.377,354.031,66.409,364.903
461.920,432.853,482.412,449.788
27.645,131.276,38.181,139.124
29.251,131.096,45.718,141.386
495.557,166.761,506.086,176.288
60.599,131.737,73.414,140.447
71.991,131.917,86.261,141.700
496.801,173.280,508.005,183.626
500.145,255.995,512.522,265.257
141.081,386.507,158.607,398.148
499.364,331.822,512.838,342.188
137.008,141.535,148.558,150.982
148.841,142.877,161.100,152.410
499.722,333.287,510.919,343.274
167.523,103.094,181.697,112.178
185.021,144.184,196.762,154.036
198.611,143.619,208.961,151.577
499.819,333.059,511.002,343.097
223.422,142.091,234.990,151.882
236.655,142.356,249.112,151.947
27.893,401.780,42.470,412.480
496.925,170.572,507.638,181.163
277.038,141.890,287.595,151.419
286.346,142.599,297.354,152.021
301.642,143.400,311.727,152.977
553.277,0.000,565.468,6.058
554.946,0.000,567.658,6.153
497.230,175.196,507.033,183.714
349.590,146.091,360.691,155.661
349.835,146.502,360.741,155.942
375.588,145.408,386.341,154.532
389.326,143.831,399.697,153.579
399.876,142.464,410.742,151.875
413.634,140.879,425.085,149.801
424.078,138.233,434.661,147.067
437.458,137.090,447.550,145.092
449.456,136.355,461.970,146.257
462.062,134.127,472.788,143.696
472.156,133.536,483.031,143.404
497.460,174.950,507.041,183.484
461.753,432.191,482.198,449.579
499.624,333.299,510.933,343.257
497.602,175.473,507.433,183.950
533.682,134.819,544.508,144.278
498.232,334.116,508.598,343.664
557.883,136.523,568.571,145.735
569.924,139.167,580.963,147.887
582.687,141.222,593.450,149.033
497.174,175.924,506.831,183.969
606.536,144.302,618.192,154.192
614.781,147.424,627.811,157.476
629.942,150.579,639.022,159.646
498.355,334.292,508.548,343.556
460.133,429.640,479.960,446.679
499.519,333.195,510.424,342.984
460.325,429.776,479.452,446.563
461.360,431.924,480.887,449.000
459.907,429.766,479.423,446.724
556.397,0.000,567.598,5.581
556.237,0.000,567.691,5.631
553.466,438.316,564.327,448.568
319.624,303.211,332.345,314.986
317.989,303.012,335.522,314.041
459.721,432.009,480.185,448.637
26.667,398.390,37.737,407.343
26.495,398.039,37.807,407.208
498.232,334.354,508.763,343.874
498.259,334.570,508.656,343.992
498.291,334.511,508.616,343.846
498.248,334.404,508.658,343.862
498.309,334.344,508.573,343.924
498.248,334.219,508.527,343.956
498.348,334.168,508.535,343.652
498.333,334.002,508.515,343.583
498.340,334.050,508.557,343.644
498.344,334.065,508.561,343.643
498.264,334.192,508.517,343.734
460.722,429.274,479.862,446.400
167.199,102.087,181.599,111.243
167.153,102.117,181.819,111.266
461.670,432.235,481.660,448.946
459.628,430.388,479.581,446.966
499.813,332.931,510.503,342.711
556.168,358.792,568.081,368.679
498.319,334.023,508.447,343.409
498.036,332.131,508.732,341.966
459.516,430.135,480.463,446.676
499.937,332.893,510.773,343.038
497.983,334.097,508.404,343.575
499.538,333.193,510.292,342.854
461.449,429.829,482.228,447.439
460.030,429.974,480.794,447.089
497.507,174.646,507.134,183.016
499.593,333.044,510.545,343.196
499.923,333.200,510.826,343.403
460.460,429.802,480.886,446.780
499.814,332.000,513.345,342.416
307.170,290.383,320.116,302.228
306.935,290.829,320.588,303.622
499.814,331.806,513.649,342.346
306.485,291.362,325.180,303.294
303.660,284.676,326.606,303.012
304.088,285.298,325.686,302.829
303.776,285.590,325.993,303.015
496.531,175.531,507.362,185.193
303.861,285.354,326.612,302.994
305.550,286.197,323.785,298.182
303.558,285.000,325.692,302.297
462.306,431.927,482.181,449.165
498.315,334.121,508.491,343.545
462.193,431.993,481.629,448.673
462.084,432.219,481.664,448.683
460.429,432.295,480.073,448.700
462.072,432.497,481.521,448.939
461.997,432.298,481.532,448.982
461.777,432.201,481.178,448.895
498.200,334.508,508.568,344.033
496.004,173.214,506.182,182.252
498.276,334.289,508.717,343.955
498.360,334.134,508.638,343.778
498.400,334.212,508.570,343.695
498.374,334.188,508.570,343.677
498.343,334.369,508.571,343.876
498.394,334.198,508.588,343.832
498.220,334.641,508.499,344.083
498.177,335.773,508.528,345.107
498.169,334.246,508.455,343.775
498.089,334.195,508.462,343.955
556.489,0.000,567.813,5.823
498.120,334.245,508.518,343.758
498.226,256.489,509.575,265.583
498.318,333.955,508.491,343.551
496.021,174.909,506.082,183.807
496.020,174.903,506.083,183.805
497.458,174.829,507.244,183.669
497.557,174.623,507.064,183.589
497.539,174.809,507.079,183.686
496.514,169.904,507.647,181.206
496.654,169.992,507.662,181.213
459.454,432.124,480.071,448.950
459.601,432.228,479.902,448.988
556.044,0.000,567.762,6.113
555.973,0.000,567.419,5.732
556.053,0.000,567.479,5.894
556.037,0.000,567.452,5.862
498.208,334.376,508.555,343.804
499.562,333.319,510.655,343.119
556.388,0.000,567.629,6.121
498.182,334.689,508.572,343.896
498.149,334.575,508.546,343.934
498.294,334.671,508.629,344.094
498.138,334.722,508.374,343.966
498.176,334.637,508.484,344.019
460.612,432.831,480.827,449.453
499.724,333.224,510.534,343.087
499.780,333.175,510.543,343.067
499.688,333.323,510.559,343.201
499.640,333.021,510.455,343.006
499.701,332.901,510.254,342.854
498.428,333.763,508.369,343.258
498.397,333.747,508.323,343.225
498.305,333.760,508.316,343.338
490.854,367.746,506.938,378.110
459.246,430.166,479.432,446.762
496.753,170.596,507.502,181.120
497.418,173.668,507.010,182.188
497.433,174.096,506.914,182.559
279.133,274.651,291.597,286.939
497.458,174.709,506.909,182.883
497.550,173.473,506.868,181.960
457.766,430.322,477.587,446.564
457.940,430.503,477.857,446.666
461.131,430.075,481.290,447.647
462.304,429.759,481.452,447.059
462.053,429.972,481.360,447.056
460.528,432.196,480.171,448.794
556.230,0.000,567.927,5.772
556.221,0.000,567.923,5.774
273.212,275.495,291.118,286.477
271.145,275.523,290.678,286.493
270.674,275.446,290.484,286.548
272.964,276.353,286.511,288.211
460.545,430.049,480.039,447.182
460.513,432.492,480.265,449.193
460.702,429.941,480.532,447.521
461.749,429.277,480.987,446.895
460.117,429.845,479.806,447.002
461.899,429.483,480.577,446.800
270.092,274.524,283.821,287.471
461.426,430.739,480.954,447.636
270.268,274.587,283.710,287.250
270.150,274.656,283.499,287.356
270.044,274.689,283.502,287.275
265.015,274.883,284.312,286.306
265.452,274.845,284.213,286.275
265.703,275.068,283.842,286.158
262.838,274.749,282.824,286.550
265.003,274.742,278.841,287.564
261.424,274.507,282.160,286.687
265.244,274.830,278.844,287.756
264.782,274.861,278.770,287.708
121.495,432.127,134.834,443.702
240.143,124.895,249.883,132.925
260.325,275.037,280.530,286.703
258.972,275.967,279.727,287.854
257.582,276.196,278.245,288.013
257.740,276.137,277.579,288.266
257.583,276.295,277.603,288.252
257.720,276.210,277.184,288.204
257.086,276.411,276.673,288.442
257.127,276.397,276.119,288.297
256.749,276.561,275.923,288.366
116.933,430.846,138.180,446.972
256.231,276.189,276.190,288.029
256.331,275.473,269.650,288.466
256.185,275.301,269.587,288.634
255.953,275.422,269.465,288.671
255.891,275.201,269.446,288.377
255.628,274.807,269.139,288.258
117.326,431.217,136.957,448.103
497.114,176.231,506.883,184.184
497.233,175.928,506.954,184.149
496.853,175.446,506.837,183.763
496.858,175.463,506.841,183.766
496.856,175.458,506.841,183.763
116.565,430.778,135.655,446.820
497.029,176.053,506.948,184.047
497.170,175.977,507.010,184.034
497.175,175.987,507.043,184.074
497.194,175.986,506.983,184.050
497.175,176.010,506.971,184.102
497.185,176.003,507.002,184.081
497.161,175.984,506.973,184.078
497.178,175.970,506.968,184.064
497.175,175.945,506.966,184.051
246.354,278.210,258.915,290.308
118.214,431.534,135.950,443.838
119.083,431.093,137.193,443.468
115.720,431.361,135.986,447.699
116.007,431.623,135.738,448.131
115.568,431.641,135.763,448.201
115.535,431.225,136.359,447.224
117.040,431.493,136.697,447.501
116.482,430.997,137.324,448.008
525.850,148.086,537.714,157.559
116.489,430.679,137.206,447.423
116.982,430.948,136.219,444.548
115.597,430.927,135.907,447.820
116.211,430.236,136.741,447.615
115.851,430.368,135.219,447.198
555.762,0.000,567.391,5.564
555.867,0.000,567.443,5.853
497.468,175.589,506.937,183.614
116.023,430.455,137.166,447.293
115.571,430.346,136.107,446.913
555.862,0.000,567.419,5.892
498.215,333.883,508.434,343.512
116.400,431.268,136.819,448.432
115.811,431.509,136.726,448.349
116.466,432.167,136.248,448.282
116.511,433.265,135.420,447.544
115.242,432.789,135.831,447.587
117.892,432.990,135.437,445.422
117.426,432.845,135.653,445.493
118.500,434.234,135.985,447.084
118.245,433.339,135.817,446.963
498.355,335.714,508.569,344.829
498.571,334.236,510.770,344.096
498.347,335.769,508.608,344.933
498.674,334.162,510.731,344.009
117.509,432.135,135.680,444.886
115.436,431.456,135.478,447.685
116.187,431.671,135.789,448.114
116.324,431.584,136.198,447.981
225.663,282.414,239.298,293.331
225.480,282.511,239.222,293.400
224.967,282.666,236.555,293.628
225.020,282.834,236.566,293.662
224.885,282.595,237.546,294.150
224.041,283.021,236.666,294.313
223.697,283.087,236.859,294.696
223.169,283.483,236.767,294.644
222.518,284.017,235.397,294.789
222.100,283.698,235.041,294.783
222.069,283.876,234.911,294.591
221.082,284.210,235.242,294.838
220.402,284.666,234.027,295.428
219.179,284.602,233.972,295.545
219.985,284.685,233.186,295.732
219.539,284.996,232.869,296.338
218.267,285.354,232.924,296.198
218.218,285.782,232.391,296.393
217.054,285.792,231.354,296.379
217.140,285.752,231.531,296.442
216.757,285.741,231.527,296.468
215.805,285.933,230.968,296.970
215.328,285.819,229.867,296.783
215.530,285.851,228.845,296.951
215.233,286.031,228.232,296.838
214.991,286.010,227.994,296.788
214.439,285.958,227.548,296.900
213.758,285.849,227.048,296.764
212.581,285.858,226.623,296.985
212.612,286.080,226.712,297.346
211.897,286.351,225.236,297.722
211.727,286.381,224.493,297.567
211.155,286.382,224.610,297.376
210.680,286.323,223.631,297.749
209.728,286.990,222.778,298.206
209.441,287.080,222.509,298.372
209.434,287.354,222.388,298.730
208.610,287.561,222.201,298.788
206.847,287.429,221.761,298.715
206.034,288.079,220.944,299.265
205.833,288.164,220.815,299.462
206.498,288.493,220.088,299.872
205.873,288.797,220.436,299.871
205.146,289.232,218.917,299.918
204.766,289.213,217.951,300.647
204.822,289.502,217.755,300.661
204.296,289.745,217.356,300.971
203.753,289.782,217.256,300.875
203.642,289.485,216.417,300.986
203.152,289.930,216.358,301.151
201.843,289.931,216.174,300.873
201.764,289.934,216.132,300.897
202.141,289.531,215.556,300.735
201.975,289.482,215.093,300.777
201.071,289.053,214.311,300.476
200.053,289.452,213.963,300.089
200.174,289.234,213.525,299.877
200.476,288.527,214.090,299.756
200.323,288.339,213.276,299.476
199.204,288.276,212.845,299.749
198.586,288.501,211.977,299.955
197.698,288.184,212.469,299.796
198.140,288.127,212.934,299.550
197.353,288.291,212.375,299.849
197.099,288.220,210.676,299.659
196.622,288.053,210.668,299.866
196.746,288.114,210.062,299.783
196.644,288.277,210.165,300.016
196.440,288.335,209.788,299.976
194.473,288.224,209.386,300.313
194.087,289.334,208.732,300.751
194.998,289.104,208.059,301.014
193.542,289.551,208.418,301.338
193.324,289.530,208.368,301.549
192.836,289.957,208.120,301.477
192.533,289.824,207.293,301.312
192.625,290.018,207.087,301.286
191.650,290.094,205.634,301.209
191.620,289.861,205.829,301.014
191.587,289.838,205.782,301.078
191.061,289.933,205.075,301.033
190.604,289.791,204.468,300.975
190.577,289.420,202.801,300.781
190.320,289.094,202.904,300.656
190.330,289.131,202.775,300.674
189.458,288.575,202.373,300.257
188.890,288.662,202.661,300.111
188.361,288.770,201.930,300.239
188.212,288.456,201.961,300.339
186.989,287.997,201.693,299.713
186.543,288.097,201.374,299.617
185.610,287.956,200.752,299.579
185.606,287.987,200.591,299.489
185.695,288.048,200.651,299.477
184.768,288.232,199.845,299.791
184.409,288.370,199.481,300.172
184.724,288.814,198.087,300.353
184.409,288.963,198.780,300.239
183.725,289.366,198.643,300.984
183.735,289.462,198.636,301.045
187.759,289.579,203.128,300.699
196.775,289.698,213.632,301.070
205.245,289.776,221.569,301.147
203.957,289.833,220.002,301.156
197.910,289.872,213.483,301.137
195.349,289.452,211.181,301.002
197.867,289.848,213.210,301.103
198.902,289.612,213.375,300.869
197.048,289.259,212.040,300.660
194.907,288.924,209.602,300.589
194.767,288.176,209.649,300.113
194.713,288.055,209.907,300.127
194.042,287.673,209.449,299.876
193.247,287.365,208.731,299.557
192.986,287.214,208.858,299.464
192.834,286.941,208.660,299.020
192.376,286.992,208.214,299.020
191.984,286.456,207.614,298.508
192.137,286.496,207.564,298.368
191.607,286.278,207.131,297.954
191.595,286.203,206.516,297.758
191.521,286.495,205.150,297.648
191.016,286.607,204.447,297.883
191.223,286.616,204.371,297.856
189.597,286.455,204.326,297.941
189.552,286.575,202.748,298.141
189.109,286.568,202.830,298.211
189.136,286.501,202.984,298.153
193.530,286.179,209.245,298.016
204.353,286.408,220.905,298.085
214.153,286.246,229.860,297.799
223.417,286.004,240.122,298.035
225.541,285.846,241.328,297.409
221.611,286.075,236.911,297.171
221.477,286.130,236.427,297.015
221.623,286.001,234.934,296.894
220.473,285.872,233.926,296.785
219.509,284.890,232.701,296.350
218.168,284.674,232.774,296.139
217.344,284.255,232.683,295.930
217.657,283.974,231.049,295.751
216.375,283.335,231.242,295.189
216.006,283.053,230.385,295.014
216.638,282.916,229.368,294.282
214.935,282.770,230.076,294.395
217.122,282.657,230.489,294.320
226.205,282.639,242.544,294.113
235.609,282.308,250.857,293.893
234.467,281.838,249.961,293.325
232.524,281.888,248.088,293.218
231.994,281.938,246.487,292.920
231.258,282.097,245.425,292.967
230.620,281.991,244.773,292.992
230.967,281.861,243.680,293.003
230.479,282.145,243.347,293.401
230.010,282.196,242.787,293.287
228.618,281.967,243.104,292.969
227.738,282.034,242.817,293.129
227.183,282.157,242.463,293.410
226.221,281.918,241.292,292.893
230.573,282.159,245.461,293.061
240.659,282.162,256.077,293.151
250.388,281.641,266.373,292.795
254.333,281.179,270.496,292.256
250.993,281.558,265.662,291.887
250.436,281.409,265.310,291.789
250.915,280.976,264.335,291.888
250.677,280.781,263.385,291.699
250.184,280.968,263.169,291.731
248.146,280.977,262.881,291.539
248.277,280.714,262.921,291.137
247.479,280.359,262.164,291.002
246.698,280.264,261.221,290.759
246.474,280.119,261.307,290.830
246.135,279.883,260.627,290.569
246.077,279.899,259.395,291.122
245.727,280.219,258.643,290.753
245.309,280.280,258.625,290.863
244.267,280.459,259.223,291.196
243.886,280.299,259.086,291.029
243.897,280.396,258.147,290.911
243.125,280.548,256.911,290.763
242.974,280.546,256.914,290.707
243.019,280.582,255.989,290.920
241.779,280.688,256.051,291.007
241.522,280.644,255.668,290.973
241.287,280.629,255.509,291.087
240.608,280.703,255.090,291.191
239.773,280.786,254.072,291.440
244.880,280.264,262.074,291.410
256.204,280.130,272.611,290.929
266.104,280.028,283.091,291.072
272.921,279.855,288.129,290.201
269.325,279.519,284.201,290.098
268.553,279.205,283.564,289.976
267.707,278.409,283.108,290.135
267.036,277.801,282.296,289.730
266.405,277.771,281.717,289.699
266.347,277.521,280.091,289.244
266.085,277.104,279.396,289.074
265.386,277.085,279.074,288.753
264.737,276.887,278.527,288.596
263.557,276.361,278.780,288.377
263.203,276.204,278.404,288.313
262.466,276.126,277.455,288.479
263.029,276.504,276.033,288.160
262.767,276.611,275.899,288.441
262.477,276.925,275.904,288.779
261.987,276.902,275.055,288.748
261.044,277.531,274.347,289.007
259.653,277.017,275.062,289.296
259.596,277.050,275.051,289.240
260.225,277.743,273.637,289.365
259.073,277.398,274.350,289.335
258.932,277.159,272.709,289.127
258.619,277.521,272.002,289.142
258.314,277.651,271.740,289.226
257.970,277.559,271.458,289.199
257.864,277.613,271.359,289.063
257.375,276.819,270.701,288.644
256.487,276.512,271.750,288.579
255.935,275.892,271.107,288.137
255.494,275.727,270.871,287.879
256.043,275.794,269.276,287.583
255.891,275.123,269.036,286.820
256.693,274.289,272.173,286.510
266.903,274.331,283.629,286.282
276.718,273.685,294.012,285.760
287.017,273.523,304.028,285.720
297.895,273.077,313.722,284.944
299.304,273.441,314.316,284.926
296.031,273.003,310.978,284.756
296.877,272.962,310.456,284.547
295.372,272.792,310.835,284.671
294.404,272.630,309.943,284.802
293.699,272.849,309.077,284.675
293.659,272.827,309.039,284.622
292.918,272.871,308.810,284.675
293.179,272.951,307.108,284.561
292.323,273.319,307.149,284.941
291.843,273.505,306.601,285.047
291.849,273.492,306.787,284.974
292.310,273.235,305.747,284.907
290.898,273.626,305.916,285.224
290.413,273.726,305.273,285.358
290.374,273.690,305.206,285.406
290.441,273.630,305.077,285.452
291.105,273.438,304.293,285.404
290.236,273.578,304.951,285.407
291.049,273.015,304.193,284.931
291.082,272.942,304.187,284.883
289.810,272.401,304.309,284.469
291.146,272.465,304.061,284.218
292.182,272.081,307.558,284.239
302.962,271.451,319.344,283.580
313.330,271.051,329.093,282.825
322.946,270.756,339.715,283.124
333.734,270.689,348.954,282.029
333.394,270.548,348.065,281.607
330.135,270.611,345.495,281.856
330.220,270.601,344.928,281.762
328.714,270.330,343.862,281.691
328.415,270.364,343.910,281.815
328.750,270.115,344.324,281.363
328.556,269.676,343.503,280.866
327.733,269.614,343.275,280.976
327.336,269.548,342.873,281.082
327.086,269.574,342.925,281.161
327.086,269.569,342.942,281.146
327.219,269.911,341.049,281.236
326.038,269.865,341.673,280.950
325.558,270.126,341.198,281.032
324.464,270.189,340.443,281.079
324.743,270.377,339.760,281.149
324.577,269.763,339.625,280.646
324.570,269.757,339.643,280.683
323.334,269.393,338.318,280.393
323.271,269.275,338.511,280.333
323.444,268.858,338.483,279.994
323.601,268.120,337.729,279.843
322.978,267.982,337.279,279.725
321.591,267.660,336.839,279.589
322.000,267.332,337.060,279.382
321.873,266.771,337.142,279.272
321.210,266.388,336.870,279.123
321.923,266.473,335.887,278.601
319.946,266.334,336.004,278.694
319.907,266.215,335.941,278.548
320.289,266.467,335.343,278.451
320.285,266.482,335.317,278.428
319.696,265.935,335.089,278.056
318.981,266.243,334.657,278.183
319.161,266.232,334.642,278.069
319.061,266.161,334.533,278.069
319.575,266.214,333.100,277.928
319.566,266.139,332.776,277.748
319.089,266.176,332.411,277.926
317.435,265.633,333.293,278.044
317.160,265.842,332.732,277.879
317.304,265.684,332.145,277.785
317.137,265.758,332.169,277.881
317.356,265.922,330.566,277.523
316.687,265.450,330.146,276.838
315.506,265.112,330.619,276.707
315.394,265.026,329.913,276.702
315.334,265.070,329.999,276.790
314.545,264.552,330.087,276.501
313.984,264.155,329.409,276.600
313.352,263.833,328.812,275.834
313.435,263.576,328.385,275.374
312.971,263.302,328.253,275.561
312.796,262.779,327.627,274.751
312.617,262.886,327.202,274.977
312.089,261.936,327.170,273.815
312.629,261.969,326.381,273.861
312.491,261.969,325.995,273.482
312.294,261.487,325.475,273.527
312.167,261.459,324.781,273.097
310.386,261.303,325.225,272.751
311.241,261.359,324.536,272.779
309.861,261.090,324.705,272.299
309.428,261.156,324.720,272.425
308.757,261.262,324.368,272.460
308.785,261.255,324.277,272.518
308.573,260.923,324.080,271.816
308.362,260.975,323.560,271.899
308.355,261.220,323.259,272.344
308.214,261.016,323.414,272.092
308.188,261.176,323.031,272.340
307.781,261.134,322.809,272.350
307.142,260.821,322.556,272.208
307.452,260.457,320.937,272.036
306.838,260.628,321.673,271.721
306.797,260.688,321.668,271.756
306.964,259.935,320.336,271.273
306.646,259.441,320.008,270.901
305.150,259.534,320.208,270.516
304.447,258.814,320.354,270.252
303.852,258.990,319.870,270.301
304.095,258.632,319.473,269.924
303.807,258.062,319.652,269.706
304.208,257.827,318.717,269.482
303.884,257.241,317.498,268.976
303.835,256.921,317.412,268.856
303.434,256.837,317.231,268.785
303.607,256.224,317.161,268.660
301.316,255.590,316.928,268.434
301.267,255.930,316.778,268.288
300.490,255.303,316.195,267.858
300.502,255.561,315.939,267.997
300.272,255.040,315.703,267.856
301.086,255.349,314.614,267.570
300.759,255.477,314.356,267.513
298.516,255.157,314.402,267.841
298.049,255.254,314.223,267.747
297.936,255.188,313.789,267.705
298.480,255.019,314.102,267.052
299.215,255.151,312.597,266.935
297.427,254.670,313.427,266.814
297.274,254.599,312.846,266.447
296.836,254.221,312.650,266.317
296.483,254.125,312.332,265.965
295.776,253.506,312.249,265.604
295.000,253.206,311.452,265.099
294.850,253.073,311.221,264.830
294.197,252.639,309.962,264.279
294.350,252.185,310.070,263.994
294.073,252.006,309.947,264.145
293.604,251.254,309.370,263.878
293.149,251.178,308.962,264.019
292.905,250.992,308.140,262.975
292.640,250.741,307.163,262.462
291.961,250.457,305.905,262.061
292.133,249.993,305.294,261.609
291.988,249.457,305.187,261.205
291.423,250.062,304.270,261.777
290.747,249.560,303.889,262.581
288.928,249.377,303.921,260.970
288.486,248.759,303.916,260.685
288.033,249.034,303.199,260.344
288.115,249.004,303.001,259.861
287.532,248.775,302.988,260.252
287.384,248.754,303.021,260.095
287.230,248.107,302.630,259.654
286.383,247.615,301.937,260.391
285.630,247.656,300.614,259.751
284.906,247.373,301.850,259.989
286.009,247.700,300.245,259.368
284.213,246.773,300.964,259.154
283.919,246.838,300.613,259.197
282.731,246.662,299.834,259.199
282.506,246.197,299.439,258.411
282.628,245.855,298.909,258.275
281.260,245.357,297.768,258.049
281.453,245.061,297.055,257.463
280.749,244.796,296.787,257.290
280.017,244.272,295.938,256.569
279.874,243.761,295.562,255.997
279.075,243.102,295.346,255.398
278.824,242.793,295.151,255.069
278.195,242.100,294.295,254.442
278.756,242.323,292.370,254.290
276.985,241.945,293.168,254.212
277.140,242.061,292.843,254.109
276.689,241.752,292.504,254.180
275.918,241.747,291.898,254.421
274.648,241.404,291.074,253.777
274.261,241.487,290.690,253.768
274.488,241.565,290.511,253.851
274.065,241.413,289.558,253.423
273.196,241.181,289.211,253.331
272.664,241.093,287.967,253.157
271.920,241.194,287.904,253.370
271.790,241.180,287.832,253.346
271.454,241.166,286.624,253.042
274.642,240.849,291.750,253.204
285.390,240.936,302.078,252.910
295.490,240.565,312.437,252.495
302.238,240.945,317.716,251.996
298.651,240.761,314.542,252.535
297.298,240.851,312.717,252.614
297.081,240.544,312.447,252.324
295.777,240.348,311.656,251.587
294.593,240.209,310.709,251.440
294.089,240.360,310.189,251.513
293.588,240.089,308.267,250.771
292.873,240.062,308.153,250.865
292.372,239.883,307.600,250.597
291.555,239.820,307.007,250.693
290.224,239.705,305.839,250.470
289.823,239.905,305.506,250.633
289.366,239.901,304.917,250.634
288.905,239.782,304.511,250.931
288.276,239.776,304.056,251.018
288.266,240.301,303.990,251.358
287.767,240.132,303.566,251.149
287.001,240.444,302.624,251.736
286.815,240.366,301.984,252.102
286.400,240.953,301.459,252.514
286.094,240.874,300.133,252.537
284.233,241.334,300.745,253.346
283.834,241.292,300.264,253.637
283.243,241.396,299.678,253.696
282.933,241.776,299.730,253.936
284.259,242.308,301.799,254.170
294.653,242.025,312.327,254.451
305.049,243.016,322.464,255.126
315.143,242.582,332.120,254.937
316.729,242.397,332.467,254.772
312.657,243.070,328.887,255.403
312.659,243.076,328.855,255.433
312.075,242.998,328.167,255.476
311.838,243.263,325.909,255.350
311.459,243.541,325.299,255.537
309.699,243.930,325.188,255.780
308.525,243.682,325.214,255.740
308.139,243.544,324.415,256.016
307.405,243.601,323.144,256.080
306.986,244.123,322.800,256.479
306.004,244.121,322.684,256.624
306.282,244.300,322.568,256.683
306.384,245.126,320.826,257.222
304.937,245.590,321.650,257.921
303.737,245.716,320.859,258.228
303.861,245.799,320.893,258.363
302.760,246.197,319.634,258.909
302.324,246.661,318.972,259.312
303.308,247.525,317.894,259.404
302.818,248.120,318.639,259.807
302.470,248.642,317.797,260.133
302.352,249.284,317.309,260.614
309.385,249.369,326.018,260.942
320.153,249.358,336.787,261.193
330.055,249.389,347.396,261.103
335.290,249.983,351.641,262.178
330.752,250.465,346.509,262.956
332.087,250.770,345.550,262.674
329.539,250.712,345.940,263.217
328.701,250.920,344.886,263.217
328.069,251.132,344.344,263.750
327.575,251.028,343.865,264.005
327.286,251.148,343.856,264.010
326.227,251.919,342.782,263.835
325.573,251.836,342.725,264.063
325.460,252.183,342.022,264.726
324.924,252.141,341.456,264.700
325.052,252.788,340.875,264.644
324.011,252.783,340.534,264.696
323.393,253.166,339.959,265.150
322.563,253.547,339.300,265.995
323.147,254.168,339.024,266.179
323.052,253.872,338.437,266.007
322.812,254.635,337.681,266.640
321.743,254.837,337.493,267.053
322.340,255.313,336.299,267.617
320.754,254.703,336.650,267.769
320.750,254.694,336.656,267.780
319.996,255.528,336.356,268.129
319.701,255.185,335.721,268.231
319.640,255.260,335.670,268.195
319.776,255.770,333.674,267.842
319.801,256.065,333.331,268.219
319.463,256.313,332.863,268.177
319.406,256.864,332.837,268.723
317.724,256.250,333.247,268.438
316.235,256.263,332.845,268.617
315.700,256.372,332.108,268.749
315.401,256.137,332.191,268.772
315.239,256.179,332.336,268.861
315.105,256.281,331.333,268.688
314.272,255.943,330.732,268.396
313.065,255.687,329.380,268.316
313.034,255.707,329.327,268.329
312.929,255.757,329.103,267.965
313.618,256.162,327.658,267.750
314.005,255.658,330.569,268.577
324.139,255.239,341.308,268.138
334.587,255.230,351.681,267.561
340.716,255.447,356.764,268.211
339.106,255.575,352.868,267.480
336.955,255.486,353.197,267.836
335.618,255.965,352.408,268.204
334.719,255.916,350.982,268.055
334.263,255.960,350.796,268.218
334.248,256.392,350.671,268.561
333.794,256.361,349.487,268.287
333.948,256.915,348.266,268.563
332.790,256.734,346.656,268.446
332.513,256.995,346.116,268.883
331.537,256.978,346.155,269.052
330.265,256.959,346.704,269.221
331.038,257.279,345.439,269.039
328.956,256.897,345.172,269.272
328.479,256.458,344.514,269.510
328.307,256.651,344.627,269.606
328.306,256.981,344.070,269.452
327.834,256.772,343.811,269.391
327.602,256.626,343.412,269.225
327.686,256.720,341.864,269.073
327.063,256.881,341.774,269.001
327.056,256.572,340.463,268.804
327.060,256.597,340.497,268.811
326.299,256.713,340.054,268.823
326.026,256.595,339.996,268.834
324.310,256.598,340.736,269.219
324.234,257.084,338.637,268.843
322.740,256.261,339.061,269.318
322.947,256.077,339.323,269.164
323.116,256.162,339.321,269.291
322.091,256.045,338.681,269.210
322.001,256.612,338.610,268.844
321.206,256.105,336.962,269.063
320.854,255.791,336.576,268.835
320.790,255.877,336.636,268.842
319.643,255.728,336.335,269.010
319.654,255.731,336.332,269.012
318.986,255.592,335.401,268.472
318.432,255.535,335.284,268.654
318.179,255.813,334.487,268.740
318.207,255.551,334.585,268.508
318.417,255.274,334.356,268.254
317.581,255.288,333.550,268.042
317.747,254.765,333.385,267.695
324.484,254.144,342.110,267.389
335.445,253.891,352.572,267.135
345.298,253.558,363.350,266.806
355.702,253.735,373.561,266.038
363.111,253.856,379.986,265.980
358.907,252.952,375.011,265.478
357.260,252.485,373.631,264.676
357.180,252.240,373.761,264.596
356.955,252.260,373.456,264.558
356.899,252.216,373.065,264.484
356.200,251.336,372.474,264.475
354.473,251.744,370.990,264.255
354.064,251.631,370.124,264.206
354.062,251.007,369.997,263.822
353.764,250.719,370.440,264.172
353.789,251.327,370.018,264.088
353.051,251.516,368.711,264.467
352.261,251.638,368.084,264.622
352.835,251.842,366.972,264.211
351.250,251.719,368.181,264.615
351.160,251.745,367.626,264.772
350.624,251.611,367.232,264.831
350.353,251.624,366.671,264.577
350.550,251.852,366.667,264.363
349.833,251.597,366.103,264.232
349.878,251.312,365.640,264.124
348.466,251.251,365.130,264.165
348.588,251.327,365.127,264.298
349.308,251.653,365.196,264.190
348.357,251.149,364.489,264.009
347.735,250.840,364.401,263.907
347.812,250.705,363.854,263.634
347.265,250.258,363.689,263.613
346.636,250.028,363.621,263.683
346.806,249.844,363.191,262.941
346.289,249.652,363.015,263.364
346.334,249.613,362.457,263.105
345.618,249.454,361.594,263.199
345.285,249.176,361.658,262.788
345.284,249.168,361.663,262.812
345.299,249.220,361.475,262.891
344.641,249.048,360.891,262.865
343.946,249.120,360.480,262.707
342.882,249.079,359.944,263.345
343.090,249.255,360.084,263.268
342.791,249.454,359.732,263.036
342.844,250.382,358.727,263.223
342.866,250.572,357.904,263.088
341.882,250.469,357.612,263.131
342.341,250.677,357.548,263.310
341.615,250.460,357.642,263.151
341.483,250.753,357.294,263.369
340.214,250.950,356.550,263.625
339.306,251.011,355.715,263.846
339.196,250.898,355.734,263.810
339.257,250.914,356.008,263.814
339.213,250.955,356.041,263.915
337.975,250.718,354.056,263.480
338.078,250.566,353.640,263.295
337.496,250.555,353.430,263.262
337.393,250.473,353.441,263.291
337.397,250.507,352.700,262.729
336.505,250.650,352.320,262.874
335.616,250.335,352.241,263.158
335.379,250.380,351.065,262.881
334.895,250.400,351.065,263.064
334.923,250.593,350.561,263.048
334.989,250.910,348.762,263.083
334.024,250.935,347.708,262.937
333.693,251.140,347.381,263.140
333.555,251.251,346.946,263.808
333.025,251.823,346.435,264.130
332.082,251.633,346.172,264.279
329.872,252.154,346.302,264.304
329.392,252.503,346.129,264.452
328.681,252.944,345.142,264.516
328.160,251.727,345.024,264.454
327.691,251.156,344.672,265.059
327.508,251.645,344.137,265.891
327.194,251.809,343.844,266.203
326.990,251.807,341.744,264.374
327.165,252.302,341.361,265.661
326.800,252.553,340.860,265.845
326.381,252.866,340.771,265.515
326.747,253.050,340.367,265.557
326.511,252.418,339.753,264.711
325.803,251.442,339.382,264.691
325.584,251.630,339.102,264.891
326.001,252.236,338.453,264.484
325.616,251.841,338.119,264.123
323.507,252.507,338.214,263.970
324.336,251.763,336.871,263.832
323.029,251.588,337.404,263.750
322.609,252.442,337.241,264.217
322.452,252.702,334.975,263.923
322.552,252.689,335.018,263.866
322.506,252.724,335.005,263.909
92.306,255.902,112.630,264.757
88.082,255.839,109.992,264.549
318.953,253.462,334.547,264.460
317.999,253.963,334.086,265.029
318.684,254.574,334.418,265.489
319.892,255.937,332.177,266.364
314.345,438.034,326.389,447.938
317.940,256.165,329.713,266.376
315.871,255.133,329.478,265.901
314.284,437.797,326.274,447.786
314.419,437.668,326.419,447.682
83.725,255.904,106.057,264.547
85.191,255.962,105.738,264.463
85.189,255.961,105.737,264.463
86.940,255.577,108.108,264.573
86.867,255.650,106.127,264.344
87.303,255.774,100.495,265.163
87.096,255.805,100.563,265.183
86.963,255.506,100.508,264.882
85.846,255.655,107.012,264.445
85.876,255.642,106.987,264.438
82.511,255.554,102.724,264.426
86.758,255.653,107.412,264.169
556.563,0.000,567.951,4.936
