0.035089
0.225323
0.222780
0.190539
0.194791
0.247565
0.251250
0.237723
0.240140
0.233449
0.225251
0.280221
0.244165
0.283637
0.299376
0.264908
0.228024
0.254863
0.240697
0.214030
0.261535
0.260604
0.267653
0.238452
0.175942
0.222044
0.251750
0.198032
0.265478
0.268010
0.232441
0.253035
0.279461
0.238575
0.304046
0.282809
0.263093
0.264988
0.209306
0.235354
0.243664
0.222570
0.219656
0.211299
0.232857
0.203562
0.255819
0.215988
0.270029
0.267011
0.211698
0.253128
0.268426
0.306318
0.317674
0.240171
0.256195
0.276532
0.313325
0.227610
0.295511
0.203785
0.220095
0.287102
0.250682
0.261672
0.189673
0.239562
0.248423
0.205793
0.207011
0.207530
0.243105
0.260837
0.222475
0.277614
0.232289
0.266294
0.247414
0.184039
0.232901
0.206557
0.228280
0.303693
0.296870
0.314987
0.291842
0.246727
0.320673
0.276048
0.245062
0.261341
0.216806
0.266152
0.225735
0.293040
0.233907
0.269825
0.243833
0.202854
0.282098
0.268705
0.284377
0.294991
0.281571
0.265702
0.265450
0.277018
0.275322
0.298220
0.256356
0.308446
0.347068
0.282630
0.274365
0.234342
0.236386
0.259545
0.207703
0.262429
0.244912
0.244077
0.218615
0.248099
0.200747
0.219911
0.239417
0.337939
0.322128
0.266009
0.291453
0.304686
0.229181
0.239479
0.233805
0.254871
0.229661
0.275274
0.276859
0.293980
0.268104
0.242887
0.232301
0.324139
0.251961
0.171660
0.237401
0.322724
0.222088
0.288984
0.194685
0.279931
0.211768
0.255367
0.271131
0.295919
0.286827
0.268897
0.321956
0.236606
0.233984
0.231235
0.259247
0.198519
0.185688
0.303476
0.327183
0.298111
0.221662
0.189098
0.220910
0.219674
0.225664
0.217704
0.269128
0.285823
0.187518
0.223822
0.211865
0.199057
0.252588
0.265554
0.242868
0.214603
0.230035
0.243161
0.277380
0.200829
0.225173
0.207814
0.193705
0.249212
0.184513
0.204143
0.198897
0.167916
0.335531
0.301765
0.312754
0.222241
0.239354
0.269227
0.219411
0.270402
0.200008
0.216969
0.221866
0.245067
0.252284
0.239039
0.288193
0.317145
0.275992
0.302540
0.261346
0.239648
0.236822
0.254952
0.194391
0.299679
0.272336
0.229175
0.216664
0.219584
0.191681
0.232833
0.177641
0.196176
0.236882
0.240614
0.201502
0.202032
0.182149
0.188787
0.236843
0.289295
0.217037
0.257221
0.268532
0.231904
0.232848
0.221838
0.225217
0.220671
0.218446
0.198397
0.207155
0.193308
0.215681
0.212400
0.201232
0.269987
0.229971
0.214650
0.216563
0.196991
0.175386
0.255361
0.229733
0.222950
0.264102
0.212993
0.177248
0.201431
0.178766
0.208066
0.185333
0.168468
0.227932
0.237204
0.231729
0.192236
0.172888
0.217706
0.216755
0.206585
0.254927
0.211438
0.223075
0.220146
0.297761
0.214123
0.223816
0.219172
0.253117
0.209328
0.156149
0.195461
0.279303
0.196966
0.176717
0.196357
0.226338
0.152167
0.184560
0.196754
0.189060
0.218206
0.294486
0.164439
0.212082
0.215251
0.240767
0.255989
0.284301
0.276779
0.231068
0.221962
0.187661
0.225503
0.203588
0.205749
0.287672
0.243135
0.196078
0.214790
0.229874
0.210088
0.250681
0.213115
0.269368
0.293497
0.283395
0.211446
0.196402
0.232296
0.248717
0.250968
0.299211
0.293880
0.261898
0.281003
0.248128
0.212542
0.207968
0.246706
0.222766
0.190854
0.197984
0.175332
0.206834
0.194690
0.251135
0.196909
0.171722
0.209558
0.226776
0.228652
0.213448
0.207600
0.199425
0.253470
0.206434
0.172010
0.198653
0.230479
0.230752
0.207306
0.232923
0.234270
0.208078
0.192750
0.224944
0.283322
0.252025
0.182942
0.185659
0.175387
0.262053
0.206048
0.220419
0.236129
0.295190
0.260538
0.220990
0.229076
0.183275
0.209631
0.262591
0.183379
0.224029
0.204268
0.257367
0.206026
0.207225
0.198615
0.211434
0.209418
0.208016
0.207160
0.221155
0.220753
0.202475
0.192699
0.224611
0.213654
0.231804
0.223215
0.261086
0.214423
0.228538
0.233979
0.269909
0.273995
0.290309
0.256618
0.241954
0.201398
0.230064
0.271896
0.205024
0.252072
0.275300
0.315480
0.228183
0.222018
0.211072
0.242124
0.210006
0.229122
0.295170
0.237762
0.206812
0.238353
0.229880
0.228143
0.171386
0.206605
0.255942
0.237791
0.226088
0.211381
0.240112
0.193429
0.211675
0.173754
0.200445
0.293255
0.235508
0.234928
0.273821
0.242663
0.216676
0.202752
0.188407
0.170445
0.221939
0.259411
0.202623
0.205950
0.242341
0.188293
0.222132
0.246444
0.245247
0.285659
0.268196
0.266106
0.304412
0.277400
0.251941
0.251332
0.229960
0.269688
0.234948
0.230590
0.235266
0.213345
0.259304
0.249385
0.227699
0.221224
0.224619
0.179701
0.258060
0.237529
0.287740
0.247676
0.278115
0.257598
0.261209
0.317132
0.244192
0.288665
0.284926
0.303549
0.246686
0.234060
0.232556
0.208938
0.209639
0.180571
0.260603
0.193976
0.254797
0.243002
0.243598
0.218766
0.208515
0.246322
0.275056
0.229914
0.212693
0.209722
0.209743
0.204233
0.248203
0.213242
0.258749
0.277775
0.291629
0.248516
0.209993
0.263203
0.275571
0.219151
0.212947
0.220855
0.248342
0.237516
0.223578
0.194979
0.204463
0.212014
0.229203
0.237237
0.210458
0.210745
0.242175
0.272815
0.295222
0.232428
0.274186
0.221991
0.261450
0.237174
0.225578
0.214516
0.185760
0.262216
0.231525
0.231441
0.224086
0.251311
0.216596
0.195816
0.198775
0.233144
0.245484
0.259683
0.220955
0.179048
0.237230
0.262103
0.297461
0.304567
0.298194
0.263315
0.253647
0.230451
0.227185
0.228702
0.194666
0.215083
0.276822
0.269694
0.268070
0.297567
0.214539
0.234067
0.244147
0.307753
0.309928
0.275554
0.339436
0.237580
0.244098
0.290484
0.239964
0.250454
0.201797
0.206057
0.192084
0.287835
0.252825
0.243084
0.250226
0.252867
0.170849
0.218253
0.209713
0.179873
0.265161
0.264889
0.229189
0.253991
0.264768
0.265720
0.270458
0.286876
0.251867
0.284750
0.238963
0.244894
0.237293
0.299317
0.313574
0.239860
0.242112
0.241010
0.309487
0.284475
0.252318
0.193425
0.281435
0.241692
0.224010
0.252512
0.210717
0.221906
0.173395
0.162944
0.201451
0.228621
0.280201
0.198301
0.216103
0.205334
0.234147
0.243840
0.236872
0.284579
0.284450
0.269641
0.247703
0.217222
0.256157
0.221733
0.235109
0.196529
0.288187
0.229572
0.218220
0.192194
0.252494
0.254862
0.252930
0.270102
0.224312
0.209950
0.223638
0.224127
0.209791
0.260052
0.253208
0.311169
0.292566
0.252802
0.264777
0.300963
0.234276
0.237538
0.230401
0.248020
0.312520
0.280833
0.218671
0.262944
0.226403
0.219103
0.316735
0.226005
0.266969
0.310072
0.215710
0.257574
0.220115
0.185824
0.228564
0.259950
0.246979
0.270198
0.230595
0.284561
0.281848
0.239370
0.275482
0.283629
0.265907
0.195444
0.229659
0.267006
0.289925
0.215883
0.225567
0.233027
0.215842
0.256617
0.259583
0.326360
0.222662
0.259427
0.249995
0.233029
0.202440
0.204204
0.211757
0.167831
0.215278
0.262769
0.221542
0.212750
0.258886
0.268059
0.281598
0.289922
0.226466
0.239772
0.196403
0.271465
0.255042
0.248780
0.208869
0.196535
0.200775
0.229226
0.218093
0.217250
0.263410
0.277992
0.281002
0.261570
0.247395
0.236035
0.222686
0.268567
0.212826
0.229104
0.311113
0.266394
0.214939
0.256664
0.205479
0.260982
0.245884
0.290766
0.272748
0.253599
0.263126
0.280171
0.270766
0.227053
0.221772
0.247947
0.234181
0.247809
0.204535
0.196096
0.231411
0.219357
0.236091
0.198982
0.234019
0.222059
0.215220
0.268704
0.211748
0.218809
0.188941
0.164945
0.225777
0.191336
0.250779
0.169269
0.244557
0.257368
0.263681
0.230997
0.246382
0.194552
0.203017
0.255634
0.199577
0.189298
0.223258
0.173804
0.267256
0.222606
0.219033
0.265194
0.204663
0.253539
0.240456
0.235767
0.241746
0.268557
0.219240
0.233885
0.307219
0.244384
0.295668
0.298899
0.250130
0.334488
0.251427
0.246914
0.200280
0.216246
0.205322
0.234596
0.274078
0.273021
0.250063
0.247293
0.339118
0.241477
0.281971
0.266013
0.251484
0.227846
0.272735
0.289877
0.240882
0.231049
0.246772
0.222661
0.257660
0.287989
0.343464
0.233287
0.295651
0.271794
0.257563
0.237340
0.278292
0.229221
0.200685
0.231960
0.215119
0.177611
0.234180
0.295570
0.270125
0.305884
0.275941
0.294166
0.275464
0.287479
0.207821
0.219888
0.232316
0.311754
0.276511
0.232668
0.325112
0.251681
0.225481
0.272359
0.246898
0.190600
0.206831
0.226887
0.215769
0.222710
0.233187
0.217154
0.242738
0.219066
0.311680
0.301128
0.281549
0.207378
0.282084
0.260591
0.217400
0.239794
0.266377
0.304676
0.286130
0.301322
0.330914
0.260061
0.281131
0.266303
0.252564
0.275578
0.208217
0.229138
0.182476
0.197329
0.203112
0.258384
0.254664
0.293717
0.292764
0.327160
0.293259
0.274261
0.197750
0.248433
0.201400
0.233318
0.226630
0.262745
0.200425
0.204316
0.170298
0.214770
0.252218
0.298892
0.261979
0.288067
0.285073
0.272428
0.211259
0.216202
0.180827
0.195168
0.281794
0.227925
0.235283
0.217663
0.216348
0.237518
0.209536
0.217473
0.198340
0.194868
0.243159
0.202053
0.207740
0.237767
0.288114
0.318731
0.240513
0.200853
0.223221
0.211133
0.258231
0.202506
0.232752
0.243205
0.229343
0.210253
0.290361
0.298198
0.299340
0.229494
0.196830
0.220013
0.231775
0.269696
0.243267
0.229419
0.214284
0.256148
0.236975
0.267612
0.276329
0.222683
0.218787
0.161796
0.172013
0.197596
0.242712
0.187716
0.214616
0.256838
0.211787
0.234480
0.174294
0.217881
0.217457
0.208572
0.190513
0.175209
0.174151
0.171231
0.206829
0.182275
0.258285
0.272099
0.220881
0.179611
0.216934
0.227367
0.233584
0.220402
0.232654
0.228335
0.207003
0.229766
0.192017
0.179152
0.255767
0.274640
0.257926
0.269120
0.262866
0.272885
