281	262	60	21
297	262	56	17
309	261	51	18
301	259	52	17
294	256	52	20
289	256	52	18
280	254	54	18
278	253	50	17
271	250	51	20
263	248	51	18
258	245	62	20
277	244	57	20
283	243	69	19
301	242	59	18
312	238	66	22
327	238	61	22
345	236	49	21
358	235	55	21
356	234	60	20
343	233	69	19
332	232	74	18
331	231	64	18
327	229	56	20
322	227	54	22
315	227	56	20
310	225	57	19
298	229	67	22
294	238	62	22
288	247	60	21
284	257	57	20
276	266	59	19
278	272	45	19
266	281	60	20
260	277	55	23
254	277	57	18
242	274	65	18
240	271	56	20
234	269	57	22
234	268	58	20
246	267	55	19
260	265	57	19
277	263	53	19
289	261	54	18
303	258	54	21
318	256	54	19
334	255	52	18
344	251	63	21
368	250	49	21
376	247	51	21
379	245	44	22
366	244	54	21
358	240	54	22
354	240	47	23
344	238	54	22
336	241	56	20
328	248	57	22
324	255	58	24
321	263	50	25
316	271	47	23
306	281	54	22
298	287	56	23
295	287	48	18
282	283	60	20
278	280	55	19
273	278	53	19
269	275	51	21
262	274	53	19
268	271	55	21
283	270	55	19
297	269	53	19
306	265	51	21
299	263	53	19
290	262	55	18
280	259	64	18
275	259	55	19
270	256	53	19
258	253	64	21
266	253	49	18
272	249	61	20
289	247	56	20
297	246	68	19
317	243	58	21
325	242	56	20
318	243	54	17
310	241	52	17
305	240	51	17
297	239	51	17
300	235	51	19
312	234	54	18
325	234	54	18
339	232	54	18
351	230	53	17
355	229	53	17
345	228	52	17
338	227	52	17
333	226	51	17
326	225	51	20
320	225	51	18
310	224	53	20
315	224	44	19
278	223	117	19
328	220	64	21
338	219	59	24
328	220	62	22
316	219	74	24
311	220	69	21
313	221	52	19
298	222	64	21
256	224	149	24
279	225	61	34
271	233	61	37
205	242	192	38
129	249	344	34
83	247	436	145
0	236	640	168
100	220	438	263
92	238	454	227
0	222	640	257
48	215	542	271
11	209	615	302
30	274	576	172
2	233	632	252
51	226	534	267
15	233	606	252
56	228	523	261
20	243	494	164
0	244	553	163
0	225	578	201
15	245	547	228
52	231	472	202
41	229	495	206
32	225	513	213
22	221	531	221
13	250	549	196
24	230	527	236
51	220	472	202
40	217	495	206
31	205	513	183
41	180	491	175
24	184	500	147
2	168	544	155
24	152	500	166
26	145	496	165
28	156	492	143
7	151	533	152
29	146	489	163
44	146	485	161
51	152	499	160
87	161	486	141
66	157	527	150
133	151	451	161
89	154	541	154
110	159	497	144
90	142	538	179
86	153	498	155
81	138	508	186
88	169	493	123
88	148	494	164
80	149	508	163
117	158	495	144
112	154	527	153
91	173	548	113
149	156	490	111
0	133	640	156
2	106	633	211
75	89	489	244
0	0	640	512
32	64	573	382
6	67	626	375
76	60	486	388
101	80	435	348
58	0	520	512
59	48	517	413
8	70	618	370
77	63	480	383
30	0	573	512
45	0	543	512
52	20	528	352
0	0	640	512
90	64	458	382
39	0	559	512
104	0	429	512
131	67	375	375
67	0	502	512
64	52	508	406
90	73	455	364
45	0	544	512
0	0	640	512
90	64	458	382
39	59	559	209
90	49	458	229
0	0	640	512
0	0	640	512
0	64	640	382
121	0	396	512
93	0	451	512
0	0	640	512
0	26	640	458
0	38	640	434
0	0	640	512
0	0	640	512
0	26	640	458
0	0	640	512
0	0	640	512
0	0	640	512
0	26	640	458
0	0	640	512
0	0	640	512
0	0	640	512
0	0	640	512
0	0	640	512
0	0	640	512
0	0	640	512
0	0	640	512
0	0	640	512
0	0	640	512
0	0	640	512
0	0	640	512
0	0	640	512
0	0	640	512
0	0	640	512
0	0	640	512
0	0	640	512
0	0	640	512
0	0	640	512
0	0	640	512
0	0	640	512
0	0	640	512
0	0	640	512
0	0	640	512
0	0	640	512
0	0	640	512
0	0	640	512
49	64	382	382
87	0	306	512
82	52	317	142
0	0	640	512
49	28	382	205
53	74	374	112
0	0	640	512
49	39	382	205
53	46	374	140
0	53	640	153
0	0	640	512
0	0	640	512
0	0	640	512
0	0	640	512
0	0	640	512
0	0	640	512
0	0	640	512
0	0	640	512
0	0	640	512
0	0	640	512
0	0	640	512
0	0	640	512
0	0	640	512
0	0	640	512
0	0	640	512
0	39	640	205
50	69	363	145
1	48	460	153
0	0	640	512
90	0	458	512
0	0	640	512
0	0	640	512
90	0	458	512
58	0	388	512
0	64	640	160
0	0	640	512
128	0	382	512
0	0	640	512
128	0	382	512
0	0	640	512
90	26	458	458
0	0	640	512
46	44	458	458
92	0	367	512
101	0	347	512
106	0	338	512
108	0	333	512
68	0	414	512
90	0	368	512
0	0	640	512
90	26	458	458
0	0	640	512
90	26	458	458
135	71	367	367
135	82	368	184
144	0	348	512
149	0	338	512
0	0	640	512
61	60	458	451
107	103	364	364
107	114	365	182
117	80	345	148
62	0	454	512
47	64	483	439
104	99	369	369
103	0	370	512
70	81	436	349
93	0	391	512
64	57	448	448
108	102	359	359
107	0	360	512
72	83	430	344
133	0	308	512
88	0	398	512
0	0	640	512
113	60	458	451
160	103	364	364
120	139	487	292
112	134	504	302
168	128	391	313
188	0	351	512
151	68	425	425
150	67	426	426
149	66	427	427
149	66	428	428
148	65	429	429
147	64	430	430
147	63	431	431
188	106	432	345
183	67	442	422
231	0	346	512
234	87	405	337
288	0	296	512
280	101	312	390
261	121	350	350
260	95	351	401
247	107	376	376
247	90	377	411
277	137	316	316
277	137	316	316
276	0	317	512
257	97	382	414
249	104	390	399
264	145	360	316
250	110	387	387
249	128	388	383
250	126	386	385
250	148	386	363
255	159	375	342
251	150	383	359
244	143	395	368
250	153	382	348
256	155	383	356
250	165	389	337
251	151	387	360
245	155	394	352
247	161	390	340
252	148	387	363
245	158	394	342
256	145	383	366
275	158	364	353
308	171	331	327
327	158	312	352
336	168	294	332
371	155	268	356
381	156	248	354
408	155	231	355
412	141	224	370
433	133	206	378
424	135	215	373
424	132	215	379
423	131	216	380
422	129	217	382
421	127	218	384
425	143	210	368
420	166	219	344
420	173	217	330
422	163	215	348
425	184	207	327
426	207	206	298
429	232	198	248
440	207	178	297
436	215	184	295
435	231	187	280
437	245	183	250
421	227	214	284
429	245	198	248
423	221	209	290
429	242	198	247
433	218	206	293
44	256	595	246
0	173	637	307
0	24	640	471
0	39	640	440
0	20	640	477
0	16	640	485
0	35	640	446
0	20	640	476
0	16	640	484
0	19	640	478
0	25	640	465
0	38	640	437
0	15	640	482
0	18	640	477
0	19	640	475
0	24	640	463
0	37	640	436
2	20	634	470
0	16	640	479
0	33	640	443
0	41	639	427
0	20	640	469
0	34	640	439
0	18	640	472
0	22	640	462
0	11	640	484
0	19	640	468
0	16	639	473
0	16	640	472
0	11	640	482
6	18	633	467
3	13	636	477
6	10	633	483
3	12	636	479
3	14	636	474
7	6	632	489
4	8	635	495
7	13	632	485
5	16	634	479
6	16	633	477
6	18	633	472
5	14	634	480
8	8	631	491
7	10	632	488
11	10	628	487
14	14	625	479
16	9	623	487
14	11	625	483
14	18	625	489
10	20	629	485
11	19	628	485
6	16	632	491
2	17	637	489
6	16	633	490
3	20	636	482
0	39	640	443
0	23	640	474
0	23	640	473
0	21	640	476
0	22	640	474
0	21	639	476
0	20	640	478
0	19	637	478
0	16	639	484
1	35	637	446
0	20	640	474
2	16	637	483
2	19	636	477
13	18	626	476
13	17	626	479
12	19	627	474
5	17	634	478
21	35	618	441
8	16	631	493
14	39	620	447
11	28	624	468
13	21	619	481
13	18	626	486
9	24	630	474
14	13	625	486
17	24	619	464
9	21	630	470
34	38	602	436
17	27	622	456
14	9	625	474
17	27	619	436
50	37	589	416
37	24	602	441
19	23	620	443
18	35	621	420
22	38	613	455
36	35	603	423
24	22	615	450
19	36	620	421
22	41	613	410
19	38	619	457
23	13	610	457
55	61	546	423
21	257	344	224
0	268	363	202
0	279	363	181
9	266	343	205
3	276	355	228
0	276	371	228
39	278	349	194
40	274	349	224
58	269	340	233
59	273	337	225
62	264	331	242
61	252	332	252
61	249	332	257
54	230	323	281
52	233	326	275
55	211	321	291
52	217	327	279
54	218	323	275
56	215	319	282
54	219	321	274
51	209	328	293
49	200	332	311
53	186	322	322
53	186	323	323
30	167	345	334
32	181	341	305
35	172	334	323
51	163	341	341
71	162	342	342
91	171	343	340
107	188	342	306
116	211	325	259
132	0	291	512
123	184	309	309
123	215	310	248
139	0	278	512
126	178	302	302
126	178	303	303
125	207	304	243
149	193	363	272
172	203	315	252
189	0	283	512
0	186	640	305
172	178	295	321
165	0	309	512
159	152	318	359
183	0	271	512
169	142	298	369
185	193	266	266
185	0	267	512
170	142	296	369
152	161	331	331
152	194	332	265
119	0	397	512
200	175	361	301
248	0	264	512
233	143	295	368
248	0	264	512
232	143	294	368
0	195	640	264
0	190	640	274
301	159	336	336
0	0	640	512
208	119	431	382
0	0	640	512
208	162	431	346
0	0	640	512
245	162	384	346
0	0	640	512
202	158	437	346
0	0	640	512
202	164	437	346
0	0	640	512
0	64	640	382
0	0	640	512
0	214	640	262
0	263	640	163
0	0	640	512
0	202	640	286
0	0	640	512
0	253	640	229
0	0	640	512
90	64	458	382
109	0	419	512
86	18	464	371
41	37	555	333
103	0	431	512
83	33	471	314
0	171	640	308
97	67	445	355
53	73	532	411
84	91	469	374
151	110	336	336
141	109	449	337
170	41	390	402
100	43	529	397
135	58	459	367
159	54	412	424
155	98	419	335
0	0	640	512
90	44	458	458
137	24	459	459
60	23	579	461
90	65	518	446
74	95	550	385
118	103	462	369
142	122	414	331
101	139	495	296
92	134	512	307
83	46	530	410
114	51	467	454
84	93	527	369
126	84	442	427
129	123	436	348
86	127	521	384
122	169	449	299
101	172	490	293
93	167	507	304
149	187	393	262
0	0	640	512
23	26	591	458
230	227	409	261
0	0	640	512
90	60	458	451
137	130	364	364
28	130	292	365
10	94	327	417
26	117	296	371
41	169	265	265
40	0	266	512
25	116	296	381
39	121	269	390
11	154	325	325
43	153	260	325
0	0	640	512
90	61	458	450
10	129	331	382
32	141	285	356
15	192	319	255
31	0	286	512
21	138	307	373
39	155	271	339
56	172	304	304
74	141	305	367
59	146	335	357
53	151	347	347
52	150	348	348
68	149	349	349
68	143	350	361
84	145	315	356
94	144	336	359
109	149	348	348
129	148	349	349
165	153	350	358
103	154	474	355
175	167	329	329
221	167	329	329
253	166	264	330
278	162	296	338
300	172	253	317
284	0	284	512
0	148	640	363
0	0	640	512
0	64	640	382
0	0	640	512
0	64	640	382
0	0	640	512
302	158	337	346
334	0	274	512
345	130	250	250
370	158	200	89
410	174	179	82
255	175	384	81
376	186	237	88
204	189	435	97
357	0	275	512
369	220	250	273
390	225	209	262
377	238	235	235
376	262	236	188
71	0	568	512
353	229	283	270
356	235	277	258
360	230	268	268
387	229	215	269
398	243	193	241
62	0	577	512
355	198	272	286
379	229	223	223
43	0	596	512
276	124	358	369
360	219	279	291
385	251	228	228
385	273	229	183
364	0	96	512
342	260	297	251
381	276	219	219
51	0	588	512
343	125	288	366
357	241	260	260
383	267	209	209
68	0	571	512
343	176	270	327
358	267	238	238
382	291	191	191
401	309	153	191
294	178	76	42
302	195	57	25
298	204	57	25
294	204	57	25
287	202	62	25
287	200	53	26
280	199	61	25
278	199	59	26
272	197	64	26
271	197	55	27
266	197	59	26
263	196	59	26
257	196	63	26
258	201	55	23
254	207	58	29
252	218	55	27
247	228	58	26
246	237	52	26
238	246	59	24
235	247	62	22
229	244	64	24
227	245	64	22
225	245	61	22
221	243	59	24
217	244	61	22
213	243	63	24
208	245	63	22
207	244	61	25
201	243	63	26
204	244	66	23
222	245	63	22
242	243	61	25
258	244	63	26
272	243	66	27
293	245	57	24
297	246	60	25
289	244	62	26
282	243	64	27
284	246	56	24
276	247	63	24
273	246	63	26
267	246	65	27
265	248	63	24
260	247	63	26
257	247	61	27
253	249	66	23
249	248	63	26
246	247	66	27
244	247	64	28
238	247	64	28
239	249	57	24
235	250	60	25
229	248	63	26
230	248	61	27
239	249	66	27
256	249	68	28
277	250	59	25
292	251	62	25
308	252	64	26
316	254	62	27
309	256	63	28
304	259	67	28
300	261	65	29
296	265	66	29
296	267	59	29
288	272	67	28
289	276	58	29
282	281	66	27
277	283	68	28
275	287	66	29
275	291	59	25
269	283	62	26
265	276	64	27
264	272	63	24
260	263	62	26
258	256	64	27
260	250	56	28
250	242	63	26
254	234	55	27
247	236	62	26
244	240	60	27
238	244	65	27
240	248	56	28
233	251	64	26
230	253	62	27
230	256	62	27
242	259	63	28
259	262	67	28
275	267	70	25
293	269	67	24
311	271	64	26
322	273	55	27
312	276	63	26
305	278	65	27
303	281	63	24
300	283	63	26
296	284	65	27
295	275	56	28
291	269	53	23
290	262	56	23
281	252	58	24
282	245	50	21
277	235	53	26
269	227	60	25
273	226	52	26
263	229	59	24
259	232	62	25
253	234	64	23
251	235	62	25
250	238	64	23
262	239	62	25
278	241	64	23
295	242	62	25
304	243	64	26
296	246	66	23
291	248	64	22
288	248	61	25
288	252	53	22
281	254	56	23
277	254	58	24
271	256	60	25
265	259	62	22
262	254	60	25
258	245	62	26
258	235	54	27
252	229	58	25
247	220	58	26
247	213	52	26
241	215	59	24
234	217	62	25
231	222	60	23
232	222	60	25
247	223	62	26
263	223	64	27
285	227	56	24
294	228	58	24
287	230	61	25
287	231	53	26
280	232	60	25
280	235	52	22
276	236	55	23
269	237	57	23
265	238	59	24
260	239	62	25
261	239	53	26
253	240	61	25
248	241	63	26
249	244	55	23
244	245	58	24
240	244	60	25
237	240	59	26
238	231	52	26
228	224	60	25
228	214	52	26
220	206	59	24
218	196	61	25
215	187	53	26
211	190	60	25
203	193	63	26
207	193	54	27
196	196	62	25
200	197	53	26
189	198	61	25
187	199	59	26
182	201	60	26
178	203	60	26
174	203	60	27
174	205	54	27
168	207	62	25
179	210	64	23
200	210	62	25
215	211	64	26
232	212	62	27
245	214	67	28
263	217	58	24
257	218	61	25
256	219	53	26
249	222	60	25
242	223	62	26
242	223	54	27
233	226	62	25
234	227	53	26
225	230	61	25
219	231	63	26
217	233	62	23
211	234	61	25
214	236	64	22
231	237	61	25
247	237	64	26
267	242	55	23
281	243	58	24
295	244	60	25
310	245	63	26
317	248	54	23
309	249	57	24
303	249	56	25
297	251	60	25
296	244	52	26
289	237	56	24
284	229	56	25
282	220	50	25
274	212	57	23
269	205	56	24
264	209	56	25
260	211	56	25
255	213	57	25
250	214	57	25
248	216	51	25
244	219	58	24
255	218	60	25
271	220	63	26
283	221	65	27
303	225	56	24
318	227	59	24
333	230	51	22
324	231	54	22
316	232	56	23
310	234	58	24
305	237	57	21
299	238	56	23
292	240	58	24
289	243	57	21
284	244	56	23
277	246	58	24
276	249	60	21
288	250	58	20
305	251	60	23
321	255	60	21
337	255	58	24
352	257	60	25
368	259	52	22
367	262	55	23
359	264	57	23
356	267	49	21
350	268	52	21
343	269	54	22
336	272	56	23
333	270	54	24
329	263	55	24
326	254	49	24
318	247	56	23
313	238	54	24
310	229	48	24
303	222	51	23
295	225	55	19
291	227	53	22
285	228	55	23
279	231	57	24
275	233	50	21
270	235	52	22
265	229	51	22
259	223	51	23
254	226	52	23
247	228	52	23
241	231	52	23
235	234	53	20
229	235	52	22
223	238	54	19
219	239	52	22
211	241	54	19
212	241	52	22
224	245	54	19
240	245	52	22
254	247	54	19
268	247	52	22
277	250	54	22
271	251	53	20
262	253	52	22
257	255	51	19
251	256	51	21
244	257	53	22
236	258	55	23
232	260	53	20
225	261	53	22
220	264	51	19
215	263	51	21
223	267	53	19
236	267	54	21
251	269	55	19
266	271	53	19
279	271	54	21
293	273	55	19
309	273	53	22
323	276	55	19
325	277	53	19
315	278	54	21
311	280	51	19
303	280	51	21
295	283	53	19
290	283	51	21
284	286	53	19
287	285	51	21
299	288	53	19
314	289	51	21
327	290	53	19
342	291	51	21
344	291	53	22
335	293	51	19
328	294	51	21
323	297	49	19
317	297	49	20
308	298	51	21
312	300	53	19
329	301	51	18
342	302	53	20
348	304	53	19
341	304	51	21
332	305	53	22
326	306	51	23
320	309	52	19
313	308	51	21
318	311	53	19
332	311	51	21
