313	228	37	25
315	228	40	24
320	228	38	25
325	228	37	25
330	228	36	24
332	229	40	24
339	228	37	25
343	229	38	24
347	228	38	24
352	229	38	24
356	228	38	24
360	229	38	24
358	228	41	24
329	230	43	21
294	231	40	20
260	230	43	23
248	228	36	25
254	228	36	24
261	229	36	24
263	229	39	23
268	229	35	24
273	229	34	23
278	229	28	22
284	229	25	20
288	230	26	18
288	228	45	18
294	221	46	23
298	167	43	131
168	302	303	82
3	26	632	485
249	194	357	317
47	182	270	218
20	151	324	162
51	140	263	184
35	158	294	147
43	0	278	512
106	180	151	151
0	0	484	512
183	180	322	236
34	152	276	167
49	150	246	172
0	0	585	512
108	209	438	302
181	188	292	243
194	203	267	213
231	0	191	512
118	175	418	323
157	187	482	299
207	184	381	304
227	198	341	122
0	266	640	96
195	214	249	199
0	0	640	512
128	202	382	205
135	167	477	276
192	183	364	242
175	171	397	330
0	208	640	202
276	164	288	288
304	193	231	231
0	199	640	83
0	168	640	278
233	204	338	255
255	241	294	116
31	0	608	512
258	193	373	287
313	198	262	218
0	0	640	512
128	202	382	205
129	254	477	102
0	0	640	512
196	198	320	205
0	214	640	114
139	163	361	216
0	214	640	224
129	208	379	150
0	0	640	512
213	187	332	205
81	203	445	174
117	166	372	223
187	182	231	192
0	198	640	282
91	172	340	257
142	181	237	237
0	205	640	190
179	183	279	233
63	0	512	512
114	186	410	228
196	197	245	204
0	210	640	179
183	186	271	226
0	0	640	512
49	180	382	327
122	241	236	127
0	0	587	512
110	190	366	197
0	180	640	215
170	193	297	133
0	229	640	199
31	197	478	95
0	188	640	285
89	191	342	214
163	190	461	217
0	196	640	240
27	178	381	206
106	188	225	187
0	0	630	512
62	176	268	227
31	191	330	197
25	187	341	204
63	174	265	319
79	205	233	129
0	0	543	512
95	178	352	264
67	221	408	109
0	0	640	512
67	185	347	254
92	198	298	229
109	207	262	209
0	0	640	512
81	172	347	286
43	189	421	252
36	203	436	149
83	191	341	102
0	0	628	512
124	117	379	343
133	168	361	241
29	189	394	118
0	0	640	512
17	173	262	328
30	172	235	98
0	0	452	512
406	301	131	192
449	317	97	159
455	147	99	364
450	290	109	218
462	307	91	101
459	302	96	64
455	176	105	317
462	337	91	102
455	303	111	86
454	307	98	78
457	170	100	341
460	285	93	218
459	109	95	402
468	285	78	214
459	290	94	173
455	290	102	211
446	286	102	222
452	296	89	201
453	128	107	383
466	287	81	214
460	130	88	381
279	239	84	49
322	234	40	26
329	233	37	26
334	234	37	25
339	234	37	24
344	234	37	24
342	234	41	24
314	234	45	25
278	234	46	25
246	233	45	27
216	234	47	25
202	233	40	28
209	234	41	27
217	234	40	27
221	233	40	26
225	233	44	26
230	234	41	27
236	233	41	27
241	233	41	27
247	233	40	27
252	233	39	26
257	233	39	26
260	234	43	25
268	233	40	26
271	233	44	26
277	232	41	27
282	233	40	27
287	233	41	26
290	233	44	26
297	234	41	25
301	232	43	26
307	233	40	27
314	233	39	26
319	233	40	26
322	233	43	26
330	233	38	27
336	233	39	26
338	233	43	25
345	233	40	26
350	233	39	26
333	234	43	26
298	233	45	27
263	232	46	28
233	233	48	29
229	233	43	27
237	233	46	27
241	233	47	28
246	233	44	29
249	233	48	29
256	234	43	27
261	234	46	27
265	234	48	28
273	235	42	27
276	235	45	27
281	234	42	28
286	235	46	28
292	235	43	26
297	235	45	27
301	235	47	28
308	234	43	29
310	235	48	28
318	236	42	27
307	236	45	27
274	235	47	28
240	236	49	26
210	235	48	29
204	237	43	25
212	237	44	26
218	237	46	27
221	238	47	26
226	236	47	28
233	235	44	29
235	238	48	26
240	236	48	28
245	239	50	25
251	236	47	28
255	237	49	29
259	239	51	25
265	238	48	26
270	237	48	28
278	239	42	25
283	238	44	26
287	237	45	27
291	237	47	28
296	238	49	26
301	237	48	26
305	238	48	26
312	236	48	28
316	238	50	25
323	237	47	28
310	238	49	26
278	237	48	26
245	238	48	26
214	238	48	26
183	239	47	23
167	236	45	27
175	237	47	25
182	236	46	28
188	237	41	26
192	237	44	26
196	236	46	27
200	236	47	26
206	237	47	25
210	235	47	28
217	236	43	26
222	235	45	27
225	234	47	28
233	237	42	24
238	236	43	25
242	235	44	26
246	235	46	27
252	234	43	28
256	235	47	28
262	235	44	26
266	234	46	27
271	233	47	28
275	235	49	26
283	234	43	26
287	234	45	27
290	233	47	28
297	234	44	26
301	233	46	27
306	233	47	28
312	234	44	26
316	234	46	27
319	235	48	26
301	234	52	26
266	235	49	24
232	233	51	28
203	235	50	25
182	234	48	26
189	234	47	26
197	233	47	28
199	233	49	29
206	233	45	25
209	232	46	27
213	232	47	28
217	233	49	26
223	231	48	29
228	234	45	25
235	233	45	27
239	232	47	28
242	233	49	26
248	233	48	26
253	232	48	29
260	232	45	27
263	231	47	28
267	231	49	29
273	232	45	25
279	232	46	27
283	232	47	26
288	232	47	28
292	232	49	26
297	232	48	26
302	231	48	29
307	232	50	27
311	232	49	27
317	231	49	26
321	231	48	29
328	232	45	25
305	231	51	27
270	232	50	25
236	230	52	28
208	231	51	25
206	231	49	26
215	230	48	29
218	231	50	27
222	230	50	27
228	230	49	26
232	230	48	26
238	229	48	29
242	230	50	27
247	229	49	29
253	230	46	28
256	231	48	26
262	230	48	26
268	228	48	28
271	229	50	27
276	229	49	26
282	228	48	29
284	229	50	27
290	228	50	27
296	227	49	29
299	229	51	25
306	227	48	29
309	228	50	27
315	227	50	27
321	227	49	26
326	228	48	26
330	227	48	29
319	228	50	27
286	229	49	24
250	229	51	25
221	228	48	26
204	229	48	26
212	229	48	26
219	227	47	28
222	227	49	26
227	228	48	26
232	227	48	29
236	228	50	27
241	228	49	27
246	227	49	29
250	228	51	25
256	226	48	29
261	227	46	27
265	227	48	26
270	228	47	26
275	226	47	28
280	227	49	26
285	228	48	26
290	226	48	29
294	227	50	27
300	227	49	27
305	228	49	26
309	227	48	26
315	226	48	29
321	227	45	27
325	227	47	28
329	226	49	29
335	226	45	30
316	227	50	27
281	228	49	27
249	227	49	26
216	227	53	26
188	226	50	27
186	225	49	29
194	227	51	25
200	225	49	29
203	225	51	27
207	226	50	27
213	226	49	27
219	225	49	29
224	226	47	27
229	225	48	29
233	225	50	27
239	225	49	27
244	225	49	26
248	225	48	26
254	225	48	26
259	224	48	28
263	224	50	27
269	224	49	26
274	223	48	29
278	224	50	27
284	224	50	27
289	224	49	26
294	223	48	29
299	223	50	27
303	223	50	27
309	223	49	26
315	222	48	29
322	223	45	27
326	223	47	28
331	222	49	26
316	222	48	26
281	222	51	26
248	223	49	24
217	222	51	25
192	221	48	26
194	220	48	29
203	221	50	27
208	221	49	27
212	221	49	26
218	222	48	26
222	221	48	26
228	221	48	26
234	219	47	28
238	220	49	26
244	218	48	29
247	220	50	27
253	220	50	27
259	218	49	29
263	219	51	28
270	217	50	27
275	218	50	27
280	218	49	26
286	216	48	29
290	218	50	27
295	217	50	27
302	217	49	26
307	215	48	29
312	216	50	27
317	216	50	27
323	216	49	26
329	215	48	29
333	216	50	27
329	216	50	27
299	216	49	26
264	216	52	26
235	215	50	27
204	215	49	26
181	214	48	29
187	214	50	27
195	213	50	30
197	216	52	26
205	214	49	29
210	215	51	28
215	214	50	27
221	214	50	27
227	214	49	26
233	214	48	29
237	213	50	27
243	214	50	27
249	212	49	29
254	213	51	28
258	213	50	27
265	212	50	27
271	212	49	26
277	211	48	29
281	212	50	27
286	212	50	27
292	212	49	26
298	211	48	29
304	211	50	27
309	211	50	27
315	212	49	26
322	211	48	29
327	211	50	27
333	211	50	27
338	211	49	26
343	211	48	29
343	209	50	30
315	212	52	26
282	213	50	25
249	210	53	28
220	211	52	26
212	211	49	26
223	210	48	29
228	212	50	25
231	210	48	28
237	212	50	27
243	211	49	29
248	213	51	25
254	211	48	29
259	211	50	27
265	211	50	27
270	210	49	29
274	212	51	25
282	212	48	26
287	212	48	26
293	210	48	28
297	211	50	27
302	212	49	26
308	210	48	29
313	211	50	27
319	210	50	30
323	211	52	28
329	211	51	28
335	211	50	27
340	210	50	30
345	212	52	26
351	211	49	29
354	212	51	28
333	212	50	27
296	213	53	25
264	212	55	26
235	213	51	25
214	211	48	29
220	212	50	27
228	213	50	27
232	212	49	26
237	211	48	29
242	213	50	27
247	210	50	30
250	211	52	28
256	210	51	28
261	208	50	30
268	209	47	28
272	209	49	29
277	208	46	30
282	208	45	30
285	207	50	30
290	208	46	28
292	209	48	29
298	207	45	30
300	208	50	30
304	209	46	28
307	208	48	29
308	208	50	30
311	209	47	28
290	208	53	29
254	209	53	29
217	209	52	28
185	207	52	31
148	209	54	29
123	211	48	26
123	210	48	28
129	210	45	30
129	210	49	29
131	211	44	28
131	211	47	28
134	212	43	26
135	211	45	27
135	210	47	28
135	211	49	26
136	212	48	26
137	210	48	29
140	211	43	27
140	211	46	27
141	211	47	28
143	213	44	24
144	211	44	26
143	211	46	27
145	210	47	28
144	212	49	26
144	210	48	29
143	211	50	27
145	210	50	27
145	211	49	26
146	212	48	26
146	211	48	26
147	210	48	28
147	210	50	27
147	210	49	26
151	211	41	24
151	211	42	25
152	210	44	26
151	210	46	27
152	209	47	28
168	209	53	26
205	210	51	25
242	209	54	26
279	208	50	27
294	208	50	27
291	208	49	26
290	206	48	29
295	207	45	27
295	207	47	28
294	206	49	26
296	207	48	26
298	206	48	29
297	206	50	27
299	206	49	27
300	206	49	26
302	204	48	29
302	205	50	27
303	205	50	27
305	205	49	26
307	205	48	26
308	203	48	29
309	203	50	27
311	204	49	27
313	202	49	29
314	202	51	27
316	204	50	30
319	220	44	28
320	220	48	28
323	219	45	30
323	219	49	29
327	219	46	28
327	217	48	29
328	218	50	27
331	218	49	27
333	217	49	26
335	216	48	29
337	215	50	27
341	215	45	27
342	214	47	28
334	215	48	26
298	214	54	26
266	214	50	25
263	213	48	28
269	212	50	27
270	212	49	26
272	213	48	26
274	210	48	29
276	212	50	25
279	210	47	28
281	211	49	26
285	210	48	29
289	209	45	27
290	210	47	28
292	210	49	26
295	209	48	29
301	211	43	25
304	210	44	26
306	209	46	27
307	209	47	28
312	209	44	26
314	209	46	27
317	208	48	28
314	208	50	27
282	207	55	29
247	209	54	27
215	210	51	25
198	210	42	24
201	210	43	25
206	209	44	26
209	210	46	25
211	208	46	27
217	210	40	23
219	209	42	25
223	208	43	26
225	209	45	27
227	210	47	25
234	210	40	25
236	210	42	25
239	209	44	26
241	209	46	27
248	209	40	26
251	209	43	26
252	208	45	27
255	207	47	28
258	209	48	24
263	207	46	27
266	205	47	28
269	208	49	24
274	206	46	28
277	206	48	26
280	206	48	26
259	206	53	26
225	206	50	25
191	207	47	23
162	205	45	27
158	204	46	28
164	204	48	29
166	205	50	27
169	205	49	27
173	203	49	29
176	205	51	25
180	203	48	29
182	204	50	27
187	202	49	29
189	204	51	25
194	203	49	29
197	203	51	27
201	203	50	27
205	201	49	29
207	202	51	28
210	203	51	27
216	202	50	27
219	200	49	29
222	203	51	25
227	202	49	29
229	202	51	27
233	203	50	27
237	200	49	29
238	202	51	28
243	201	51	27
246	202	50	27
250	202	49	27
254	201	49	29
257	201	51	27
256	201	50	27
222	201	56	27
189	201	52	26
180	200	49	26
188	200	48	26
193	200	48	26
194	200	48	26
197	199	47	28
200	200	49	26
203	200	48	26
207	200	48	26
211	199	48	26
213	198	47	28
216	199	49	26
219	200	48	26
223	200	48	26
227	200	48	26
230	200	47	26
233	199	47	28
235	200	49	26
240	199	48	26
243	200	48	26
247	199	48	28
249	199	50	27
252	200	49	26
255	199	48	26
259	199	48	26
261	198	48	28
264	199	50	27
268	199	49	26
270	198	48	29
275	198	45	27
277	198	47	28
278	197	49	29
282	197	47	28
283	197	48	29
285	199	50	27
288	199	50	27
289	198	49	29
292	199	47	28
294	198	48	29
298	208	43	30
300	226	43	32
302	245	43	30
300	256	48	29
303	255	46	30
302	255	50	30
304	255	48	28
303	254	50	30
304	254	52	31
308	256	46	29
307	255	49	29
307	257	51	28
307	256	50	30
310	258	47	26
286	257	51	28
246	257	51	28
210	257	50	30
182	258	47	28
181	257	49	29
186	258	46	28
184	259	48	29
182	260	50	27
183	259	49	29
184	259	47	28
184	258	49	29
184	259	51	27
183	260	50	27
183	258	49	29
185	260	46	28
183	259	48	29
183	259	50	27
182	260	50	27
183	260	49	26
183	259	48	29
182	260	50	27
182	260	50	27
183	258	49	29
182	260	51	28
182	259	50	27
182	257	50	30
181	258	52	28
197	258	51	28
231	258	54	27
269	258	52	28
283	257	51	28
280	258	50	27
279	256	50	30
279	257	52	28
279	257	51	28
280	257	50	27
280	255	50	30
279	255	52	28
279	256	51	28
279	256	50	27
280	256	50	27
279	255	49	26
278	253	48	29
278	254	50	27
277	254	50	27
278	251	49	29
276	252	51	28
276	252	50	27
276	251	50	27
276	251	49	26
275	251	48	26
275	250	48	29
274	250	50	27
275	248	49	29
273	249	51	28
273	249	51	27
274	249	50	27
273	248	49	27
274	246	49	29
273	247	51	27
273	247	50	27
272	247	49	27
272	244	49	29
271	245	51	27
272	244	50	30
271	244	52	28
272	243	51	28
272	244	51	27
273	244	50	27
274	243	49	29
273	242	51	28
274	241	51	27
275	241	50	30
274	240	52	28
275	240	51	28
277	240	51	27
278	238	50	30
277	239	52	28
278	239	51	28
280	239	51	27
281	238	50	30
282	238	52	28
283	237	51	28
284	238	51	27
286	235	50	30
286	236	52	28
287	236	51	28
290	235	51	30
291	235	53	28
293	235	52	28
295	235	51	28
296	234	51	27
298	233	50	30
299	234	52	28
301	233	51	28
303	233	51	27
300	234	50	27
267	234	56	27
231	234	52	26
214	231	49	29
220	233	51	28
224	232	50	30
223	233	52	28
226	234	48	26
229	232	47	28
230	232	49	29
231	233	51	27
234	232	50	27
236	233	49	27
240	232	49	29
241	233	51	27
244	231	50	30
259	233	52	28
263	233	51	28
265	232	51	27
269	234	50	27
268	234	49	27
237	234	53	26
203	233	50	27
171	234	50	27
167	233	49	29
174	234	51	28
178	235	50	27
181	235	50	27
184	234	49	26
188	234	48	29
189	234	50	27
193	234	50	27
198	234	49	29
201	236	51	28
205	235	50	27
207	235	50	27
213	235	49	26
216	235	48	29
220	235	50	27
224	236	50	27
229	234	49	29
231	235	51	28
235	236	50	27
240	236	50	27
244	235	49	29
247	235	51	28
252	236	50	27
256	235	50	30
259	235	52	28
264	235	51	28
269	235	50	27
272	236	50	27
278	236	49	26
282	234	48	29
285	235	50	27
290	235	50	27
296	234	49	29
299	235	51	28
304	235	50	27
308	234	50	30
315	235	46	28
309	234	48	29
277	236	50	25
240	234	52	28
211	235	52	28
208	235	51	28
218	234	50	30
222	234	48	28
226	234	50	27
231	234	49	26
235	233	48	29
239	234	50	27
245	234	50	27
250	234	49	26
254	231	48	29
257	232	50	27
263	232	50	27
267	230	49	29
272	230	47	28
266	229	48	29
232	230	50	27
198	229	50	30
168	227	48	31
163	227	47	31
171	228	46	31
171	228	51	30
174	230	49	28
176	229	50	30
180	229	48	28
182	229	49	29
183	230	51	28
184	231	51	27
187	230	50	27
189	230	49	29
190	232	51	28
192	231	51	27
194	232	50	27
195	231	49	29
196	232	51	28
198	232	51	27
201	233	50	27
202	233	49	27
204	232	49	29
204	233	51	27
206	233	50	27
208	234	49	27
209	233	49	29
210	233	51	27
211	234	50	27
214	234	49	27
215	235	49	26
217	233	48	29
219	235	50	27
219	234	50	27
220	234	49	26
222	234	48	29
224	234	50	27
225	234	50	27
226	233	49	29
226	233	51	28
228	233	50	27
230	233	50	27
231	232	49	29
232	233	51	28
233	233	50	27
235	233	50	27
236	233	49	26
237	233	48	29
237	234	50	27
238	234	50	27
239	234	49	29
242	234	46	28
241	234	48	29
240	235	50	27
241	234	49	29
240	235	51	28
240	236	51	27
241	236	50	27
242	237	49	27
242	236	49	29
242	237	51	27
242	238	50	27
244	238	49	27
244	239	49	26
244	238	48	29
243	239	50	27
243	239	50	27
243	240	49	29
242	240	51	28
243	241	50	27
243	242	50	27
244	241	49	26
