270	294	49	35
259	295	55	33
251	295	57	31
244	295	56	30
237	296	56	30
230	294	55	33
222	294	57	31
268	293	56	34
302	294	58	32
303	294	58	31
295	294	51	31
288	294	53	32
280	293	55	33
273	293	57	31
265	293	57	31
259	293	56	31
252	291	56	34
244	292	58	32
237	293	58	31
231	293	57	31
224	292	56	34
217	293	58	32
209	293	58	31
203	293	57	31
196	291	56	34
189	293	58	32
182	292	58	31
176	292	57	31
169	290	56	34
162	291	58	32
155	292	58	31
149	291	57	31
142	291	56	34
134	291	58	32
132	289	58	34
167	291	60	32
207	290	59	32
243	290	59	32
261	290	58	31
250	290	57	31
243	290	57	32
237	290	57	31
230	289	56	34
223	290	58	32
216	290	58	31
209	290	57	31
204	290	56	30
196	289	56	33
257	289	54	34
330	288	40	34
364	289	60	33
384	290	54	32
372	289	56	34
362	290	58	32
356	291	58	31
349	292	57	31
343	290	56	34
334	292	58	32
328	293	58	31
321	292	57	31
315	291	56	34
307	293	58	32
299	293	58	31
293	294	57	31
285	293	56	34
277	294	58	32
269	295	58	31
263	296	57	31
256	295	56	34
248	297	58	32
241	298	58	31
306	298	49	34
342	300	55	33
358	300	57	32
347	301	57	31
339	300	57	34
332	302	59	32
325	302	58	31
319	303	57	31
312	302	57	34
303	304	59	32
296	303	58	31
290	305	57	31
283	304	57	34
275	305	59	32
269	305	58	31
261	306	57	31
254	304	57	34
246	306	59	32
239	306	58	31
232	307	57	31
225	305	57	34
216	307	59	32
210	307	58	31
203	307	57	31
289	311	28	28
330	309	30	32
355	308	53	31
347	308	55	33
336	308	57	31
331	307	56	34
323	308	58	32
316	308	58	31
310	308	57	31
303	307	56	34
296	308	58	32
289	309	58	31
282	310	57	31
277	309	56	34
268	309	58	32
262	310	58	31
256	309	57	34
248	310	59	32
241	311	58	32
236	311	58	31
229	311	57	31
222	311	56	34
215	312	58	32
229	311	58	31
311	313	32	34
260	300	135	33
338	309	54	33
370	312	43	28
434	317	28	31
428	315	60	32
421	315	59	32
415	315	58	32
409	314	58	34
401	316	60	32
396	315	59	32
390	316	59	32
385	314	58	35
380	315	54	33
373	315	57	34
366	315	59	32
360	315	58	31
353	315	57	34
346	316	60	32
339	315	59	32
332	315	58	32
327	314	58	34
319	315	60	32
313	315	59	32
306	316	59	32
300	316	58	31
294	314	57	34
286	315	60	32
280	315	59	32
274	315	58	32
266	314	58	34
262	315	54	32
255	315	56	34
253	315	58	35
284	316	61	33
326	315	60	32
362	316	59	32
373	316	59	32
367	315	58	35
359	316	60	33
353	317	60	32
347	317	59	32
341	317	58	32
334	316	58	34
330	317	54	32
321	317	56	34
314	318	58	32
308	317	58	34
300	318	60	32
294	318	59	32
287	318	59	32
281	317	58	35
274	319	60	33
270	319	54	32
262	319	56	33
258	320	52	31
269	319	54	32
304	319	63	34
345	319	62	34
381	319	61	33
426	320	61	33
420	321	60	32
413	322	59	32
407	322	59	32
401	321	58	35
392	322	60	33
386	322	60	32
379	323	59	32
374	322	58	35
368	323	56	33
360	323	58	34
352	324	60	32
346	324	59	32
338	324	59	32
332	324	58	35
323	325	60	33
317	321	60	36
312	301	53	37
303	287	60	32
297	289	59	32
291	290	58	32
283	289	58	34
279	290	54	32
277	290	56	34
305	290	64	35
346	291	63	31
377	291	60	32
350	292	59	32
343	292	59	32
336	292	58	35
332	293	54	33
324	292	57	34
315	293	59	32
308	293	58	35
300	293	60	33
297	294	54	32
288	294	56	33
280	295	58	31
272	295	57	34
264	296	60	32
257	296	59	32
250	296	58	32
243	296	58	34
236	297	60	32
255	297	59	32
297	296	59	35
333	297	61	33
368	298	60	33
360	298	60	32
352	299	59	32
345	299	58	32
339	299	58	31
331	299	57	34
322	299	59	32
316	300	58	32
309	300	58	34
301	300	60	32
293	300	59	32
286	302	59	32
279	301	58	31
275	293	51	37
266	272	52	37
258	252	53	35
240	247	58	35
271	248	61	33
311	248	60	32
348	250	59	32
341	250	59	32
334	251	58	31
327	250	57	34
319	251	60	32
311	251	59	32
304	253	58	32
297	252	58	34
288	253	60	32
280	254	59	32
273	254	59	32
266	254	58	31
259	254	57	32
250	256	58	31
243	253	57	34
234	256	59	32
228	256	58	32
246	255	58	34
285	256	60	32
323	257	59	32
382	258	59	32
375	258	58	31
368	259	57	31
360	258	57	34
352	259	59	32
345	259	58	31
338	259	57	31
331	259	57	34
322	260	59	32
315	260	58	31
308	261	57	31
300	260	57	34
292	261	59	32
285	262	58	31
277	261	57	34
268	261	60	32
261	261	59	32
274	261	58	35
313	261	61	33
351	262	60	32
373	263	59	32
367	264	59	32
360	264	58	31
354	263	57	34
346	263	60	32
339	264	59	32
332	264	58	32
324	265	58	31
317	263	57	34
310	264	59	32
303	265	58	32
296	265	58	31
289	263	57	34
281	265	59	32
274	264	58	32
267	263	58	34
270	265	60	32
308	265	59	32
347	265	59	32
354	264	58	31
348	264	57	32
340	264	58	31
333	262	57	34
325	264	59	32
317	263	58	32
311	264	58	31
303	262	57	34
294	263	59	32
287	263	58	32
280	262	58	34
271	263	60	32
263	262	59	32
256	263	59	32
248	261	58	32
240	262	58	32
233	262	58	31
253	260	57	34
290	260	59	32
328	259	58	35
364	261	36	30
423	257	27	33
414	256	60	33
406	256	60	32
398	256	59	32
391	256	58	32
383	255	58	31
376	255	57	32
367	256	57	31
360	255	57	31
353	254	56	33
343	254	58	31
336	254	57	31
327	253	57	34
319	253	59	32
311	253	58	31
303	253	57	31
296	251	57	34
287	251	59	32
279	252	58	31
272	251	57	34
263	250	60	32
255	250	59	32
248	250	58	32
239	250	58	32
232	249	58	31
246	247	57	34
284	248	60	32
322	247	59	32
379	245	58	32
373	245	58	31
366	243	57	34
357	243	59	32
350	243	58	32
341	244	58	31
334	241	57	34
326	242	59	32
318	242	58	32
310	242	58	31
302	239	57	34
294	241	59	32
286	241	58	32
278	241	58	31
277	239	57	34
307	240	59	32
347	238	58	35
285	241	183	30
458	238	56	33
450	236	58	34
441	237	60	32
433	237	59	32
425	237	59	32
417	237	58	31
409	236	57	32
401	237	58	31
394	236	57	34
384	236	59	32
377	236	58	32
369	237	58	31
361	241	57	34
351	261	59	35
346	282	55	37
322	283	56	33
314	283	57	34
305	283	60	32
297	282	59	32
289	283	58	32
281	282	58	32
273	282	58	31
266	283	57	32
258	283	58	31
250	282	57	32
268	281	57	34
307	282	60	32
343	282	59	32
380	289	35	29
437	282	25	32
431	281	57	32
423	279	57	34
414	280	60	32
406	280	59	32
398	280	58	32
391	280	58	32
383	280	58	31
376	280	57	32
367	281	58	31
360	279	57	34
351	280	59	32
343	280	58	32
336	280	58	31
329	280	57	32
321	279	57	32
313	279	58	32
305	280	58	31
297	280	57	31
289	279	57	34
281	280	59	32
273	280	58	31
266	280	57	31
258	279	57	34
250	280	59	32
242	280	58	31
235	280	57	31
241	279	62	34
279	279	61	33
318	279	61	33
334	280	55	32
326	279	57	32
318	279	57	34
309	280	60	32
302	280	59	32
295	281	58	32
288	280	58	31
280	280	57	32
272	280	57	34
263	281	60	32
255	280	59	32
247	281	58	32
240	281	58	31
239	281	57	32
267	280	63	34
302	289	46	31
248	227	154	154
414	281	56	33
406	282	58	31
399	281	57	34
390	282	59	32
383	283	58	32
375	283	58	31
368	283	57	34
358	283	59	32
351	283	58	32
343	284	58	31
336	284	57	34
328	284	59	32
320	285	58	32
313	286	58	31
305	286	57	31
297	285	56	34
289	286	58	32
294	286	58	31
327	285	62	34
366	287	62	31
445	287	40	32
435	287	57	32
427	288	57	31
420	287	57	34
412	287	59	32
405	288	58	31
397	288	57	31
390	288	57	32
382	288	57	31
376	287	56	34
366	288	58	32
359	289	58	31
351	289	57	31
345	287	56	34
336	288	58	32
329	289	58	31
321	288	57	32
314	289	57	31
306	288	57	34
298	289	59	32
291	289	58	31
283	289	57	32
275	289	58	31
268	289	57	32
260	289	57	34
270	290	60	32
309	289	59	32
360	290	58	32
353	289	58	34
343	290	60	32
337	290	59	32
330	291	59	32
322	290	58	31
315	289	57	34
306	290	60	32
298	291	59	32
291	291	58	32
283	291	58	31
275	289	57	34
266	291	59	32
258	291	58	32
252	291	58	31
251	290	57	34
281	292	59	32
321	292	58	32
263	286	174	43
470	292	54	32
462	292	56	34
453	293	58	32
446	292	58	34
436	293	60	32
429	292	59	32
421	293	59	32
414	293	58	31
406	292	57	34
397	293	60	32
389	294	59	32
382	293	58	32
373	293	58	31
366	292	57	34
357	293	59	32
349	293	58	32
341	294	58	31
333	293	57	32
326	293	57	31
318	293	57	32
309	293	57	32
302	294	57	31
294	293	57	32
286	294	57	31
278	293	56	31
281	293	57	34
317	293	59	32
356	293	58	35
374	292	56	33
366	294	57	31
358	292	57	34
349	293	59	32
342	293	58	31
333	293	57	31
326	291	57	34
317	292	59	32
310	292	58	31
302	292	57	31
295	291	57	34
286	292	59	32
278	291	58	31
277	291	57	32
306	290	63	34
345	291	63	31
376	298	44	29
446	291	26	29
451	288	55	31
442	288	56	33
433	288	58	31
426	288	57	31
419	287	57	34
410	288	59	32
402	287	58	31
395	288	57	31
388	288	57	32
379	288	57	31
372	285	56	34
362	287	58	32
355	287	58	31
347	287	57	31
340	286	56	34
331	287	58	32
323	287	58	31
315	287	57	31
314	285	56	34
346	285	58	35
384	286	61	33
456	287	49	30
480	286	58	33
471	286	59	32
463	287	58	31
456	287	57	31
448	286	57	34
439	287	59	32
432	287	58	31
424	287	57	31
416	286	57	34
407	287	59	32
400	287	58	31
392	287	57	31
385	287	57	32
376	287	57	31
369	286	56	34
359	288	58	32
351	288	58	31
344	288	57	32
336	288	57	31
328	288	57	32
320	288	57	31
312	287	56	34
303	287	58	32
296	288	58	31
288	288	57	31
280	286	56	34
270	287	58	32
262	288	58	31
254	288	57	31
247	287	56	34
237	287	58	32
230	287	58	31
222	287	57	31
221	286	56	34
251	286	58	35
290	287	61	33
348	286	54	32
339	287	56	31
332	287	57	31
324	285	56	33
315	287	58	31
307	286	57	31
299	286	57	32
291	286	57	31
283	286	56	34
274	286	58	32
266	286	58	31
258	287	57	31
251	285	56	34
241	287	58	32
234	286	58	31
226	286	57	31
219	287	56	31
234	286	64	34
275	286	62	31
314	286	59	32
362	287	58	32
354	287	58	31
347	288	57	31
340	288	56	30
334	287	56	33
325	288	58	31
318	288	57	31
310	288	56	31
302	288	57	32
295	289	57	31
287	288	56	31
280	288	57	32
272	288	57	31
264	289	56	31
256	287	57	34
247	288	59	32
240	289	58	31
233	289	57	31
226	289	57	31
219	288	56	33
237	288	58	35
276	289	60	33
217	283	179	45
426	289	61	31
421	290	59	32
414	291	58	31
407	289	57	34
398	290	60	32
391	291	59	32
385	291	58	32
378	291	58	31
371	292	57	31
365	291	56	34
356	292	58	32
349	292	58	31
343	293	57	31
335	291	56	34
328	292	58	32
320	292	58	31
314	293	57	31
307	293	56	31
300	291	57	34
292	292	59	32
285	293	58	31
278	293	57	31
271	292	57	32
281	293	57	31
317	292	63	34
256	285	187	46
441	292	57	31
434	292	57	31
427	291	56	34
420	291	58	32
414	291	58	31
408	291	57	32
401	290	57	34
392	291	60	32
386	291	59	32
380	292	58	32
372	291	58	31
366	291	57	31
360	290	56	34
352	291	58	32
346	291	58	31
340	291	57	31
334	290	56	31
327	291	57	31
321	289	56	33
313	289	58	31
307	290	57	31
300	289	57	32
294	289	57	31
287	288	56	34
280	288	58	32
274	289	58	31
267	289	57	31
261	287	56	34
254	289	58	32
248	288	58	31
242	288	57	31
236	288	56	31
229	288	57	31
224	287	56	33
236	286	58	35
314	287	42	30
306	287	58	32
301	288	58	31
295	287	57	31
289	287	56	31
284	287	57	31
278	286	56	33
270	287	58	31
265	288	57	31
258	286	57	32
253	288	57	31
247	287	56	31
241	288	57	31
235	286	56	33
228	288	58	31
242	287	57	34
282	287	60	32
223	282	178	44
407	287	56	32
404	287	57	34
395	288	59	32
390	288	58	32
384	289	58	31
379	289	57	32
373	290	57	31
368	289	57	34
360	290	59	32
356	290	58	31
349	290	57	31
344	289	57	34
337	290	59	32
331	291	58	31
326	292	57	31
321	292	57	32
314	293	57	32
309	292	57	31
304	293	57	32
322	292	62	34
364	293	62	33
422	295	55	30
415	294	55	33
409	294	57	34
402	295	59	32
397	295	58	31
392	296	57	31
386	295	57	34
380	296	59	32
374	297	58	31
369	297	57	31
363	297	57	32
358	296	57	34
350	297	59	32
345	298	58	32
339	299	58	31
333	298	57	32
328	298	57	31
322	298	57	34
315	299	59	32
310	300	58	31
305	300	57	31
299	300	57	32
293	301	57	31
287	301	56	30
282	300	56	33
276	301	58	31
270	302	57	31
265	301	56	30
259	301	56	33
255	302	58	31
282	302	64	31
332	302	55	32
326	303	57	32
322	303	57	31
317	302	56	34
310	303	58	32
305	304	58	31
300	304	57	31
294	304	56	31
288	305	57	31
283	303	56	33
276	305	58	31
272	305	57	31
266	304	57	34
260	306	59	32
254	306	58	31
250	307	57	31
244	306	57	34
237	307	59	32
235	308	58	31
259	306	65	34
197	300	190	47
432	308	50	31
429	310	53	32
422	309	55	33
416	309	57	34
411	310	59	32
405	311	58	32
400	310	58	31
395	310	57	34
389	311	59	32
384	311	58	32
378	312	58	31
373	312	57	31
368	311	56	34
362	312	58	32
357	313	58	31
352	312	57	31
346	311	56	34
340	313	58	32
335	313	58	31
330	314	57	31
324	313	56	34
317	314	58	32
312	315	58	31
307	315	57	31
302	313	56	34
295	315	58	32
290	316	58	31
285	315	57	31
279	315	56	34
274	316	58	32
268	316	58	31
262	315	57	31
258	315	56	34
251	315	58	32
246	316	58	31
241	315	57	34
246	317	59	32
281	315	66	35
377	317	33	32
373	316	53	33
367	316	56	33
361	317	58	31
355	318	57	31
350	316	57	34
343	317	59	32
339	318	58	31
