215,294,50,32
216.37864834070206,295.19822466373444,50.429383873939514,33.101643562316895
213.73749054882657,296.05357974844554,51.07070061735847,33.92363822306436
204.6845448506345,294.0993973300674,51.87793936481684,34.662327471212905
194.97133920657092,295.1696801224362,52.93004302049769,35.47907232463133
189.00559502149147,295.3679863192733,53.03250612210191,36.40089214283309
191.5720652014679,293.13887329950427,53.12394720898742,36.62590666503714
194.0362895277836,293.71859292244716,53.947793573598446,36.75440744448103
196.6446707007965,294.35863395835406,54.23254232452698,36.91952581593506
199.3454217583901,294.6691286716615,54.681048697041234,37.4448963098218
202.09962584731053,292.4979461173252,55.16816158777336,37.49243586460031
204.04382828947735,293.45425053469313,55.589750924173366,37.57474656836248
204.41296813787432,293.8674911808552,56.19954065677703,37.952366838538296
207.69239648567077,294.58699385135094,55.85326178100831,37.839579625751135
211.95001549206793,292.97741954290063,54.83214198186755,37.26174333168685
213.28585014578442,294.13152023293895,54.1181675625495,36.896475511027944
211.58623727051247,294.5428568995236,52.82156010691666,36.51955593104388
204.3289977384089,294.86378275198655,51.8187414263728,36.04985141072835
197.4363565013119,294.56119159118003,50.704293218193754,35.69905718653068
190.38589195907207,294.252168069996,49.76610735058601,35.26711655513928
182.34202333437932,294.16087577055026,49.501265483150256,34.70655652264495
174.09883050099606,294.0985897175558,49.463248531508555,34.37045887269825
168.1650654532836,293.89581019442085,49.20688393546616,33.90170903482428
169.59382288092127,293.98565957539194,48.95784118903182,33.5601327748515
174.13324614347607,293.94628403522825,48.54719038840947,32.94671138747024
178.36368786146573,293.85380993899736,47.883546256019045,32.28178174561195
182.0584352880241,294.3413856989232,47.25215238938302,31.608927907330376
186.08778586221868,293.98098516644995,46.301832035519,31.134924661478205
