111,5,90,63
116.18306064605713,5.7668562412261934,88.40893363952637,63.147736930847174
112.23461802281544,12.820749722186338,88.78304371282249,62.49963243352649
135.0445947694455,8.674082529037339,88.31906174666199,62.6211156616824
115.21493812487789,6.286980467540602,87.87256677774056,62.71605619290952
111.33140139709207,8.687180580064243,87.73744430283126,62.614965316922294
112.80044287344006,10.001287926405976,87.84576928813881,62.47199942833124
108.77873334103501,7.553813630447372,87.64244801176237,62.32484186866763
115.69966846692645,8.642084378344688,87.57475817227197,62.2703878515107
111.91977742069776,9.781985475870837,87.35952061903846,62.16600951700833
113.08969122338145,6.977794154874854,87.20912444258036,62.32637170077886
114.40027244156565,8.460180595816041,87.20915970671244,62.40591940223999
115.84661459832301,9.410287350782863,87.11918187322395,62.28960233853437
117.32635387762738,10.119788538287754,86.76672107012364,62.4149650119331
112.96265054382506,6.947731011403338,86.23432682677858,62.50662101647708
114.39586162418351,8.233891702352505,86.05939197837857,62.54901378023914
116.12882090598458,9.610867364336428,85.86867449700607,62.39710656180108
112.88480500360728,10.172312687730997,85.75456825931072,62.394921638774456
113.57186470503024,6.974168145763667,85.7206658507504,62.504709791922984
114.75627192360136,8.154230385862494,85.52866000926548,62.6971682909276
116.16544817905236,9.337288079631382,85.44427551784896,62.80637824938287
112.91378579449315,9.965076777677535,85.30200139857014,62.945073419132235
113.83368127005588,6.80486100767126,85.37223079885463,63.1557589798357
114.90063516269818,8.033818263055952,85.47996000507086,62.99213429641312
116.09576049678311,9.226507872523847,85.43773298993139,62.94349175655448
117.76245734548522,10.375413967368178,85.35123102951145,62.90523967505063
114.3196037693515,11.01150059097597,85.18233651246734,62.81252015841824
115.4098506431794,7.845685693589459,85.11556055922988,62.738618069951514
116.81656853768007,9.513928685950397,85.23686245257107,62.47782283153701
113.30041805966388,10.55532938740409,85.1948788550756,62.28771816687273
114.45988400612697,10.943927080589358,84.9176258676365,62.33004742630755
115.20803919603108,7.468273410527207,84.934246596303,62.100100856367156
116.080599027312,8.743459050431472,84.87488588206728,61.93662761733011
112.36409179630688,10.175547509564478,84.86497155303138,61.8021493570536
113.38973192139125,10.638368479236988,84.95699278983165,61.481493668109124
114.47827594662648,11.635336104851088,85.04416217039144,61.0835937781709
110.4652772819301,8.339713148662497,84.96185356869289,61.182266906124255
111.88016217444112,9.888691531668456,84.77136386446612,61.44027623126834
113.2715854476215,10.859315959442416,84.90626600775687,61.27098250820486
114.71057791438017,11.771202130553533,84.9176651055353,61.039601776128194
111.12018147849858,8.662536855242838,84.8237473220861,61.14893633981111
113.38004513838932,10.035554974468344,84.75665672105461,61.42522275608422
115.18280764681515,11.023288255077123,84.8780642298377,61.47413592509127
116.23811935674227,11.931895570540675,85.30892445065425,61.24282040877293
112.33656618928212,8.393881061068196,85.27265672017538,61.68660627128478
113.89936253103195,9.56392657714851,85.06626040393951,61.8668194421576
115.3166316563257,10.536994573649618,85.04741290919614,62.04827362859874
116.45635944566064,11.308564930249176,85.12296116429701,62.106547834299164
112.89946730123364,11.415598259377386,85.02247104671791,61.94998870962281
114.0811742127261,8.065906037362613,84.9040134786921,62.14196787258546
115.23785857072406,9.607017516927929,85.32916037815943,62.22840150105554
117.16130622038102,10.480029508112946,85.51919373256254,62.40259300616567
114.29792331061984,10.516557223865892,85.09131458595942,62.61902866185803
116.21884532547828,10.552359355805194,84.95254024313218,62.85697006395881
117.58984822229061,10.789872097924441,85.01213943569832,62.86802492821199
113.58264726804859,7.387245484050954,84.83199178363549,63.00576097074778
115.14559261023159,8.50485216253081,84.69746224047432,62.9532785269503
116.55269050388617,9.77303930975306,85.22603869857225,62.80129005670929
113.10845566151804,9.990006177806876,85.35644172910321,62.62829734919663
114.67845765122726,10.412457454120563,85.47568243008944,62.73316691609135
116.16213381091818,10.913249639758686,85.62200761238606,62.76848616458134
117.6085070695876,11.0021175034565,85.74859421920799,62.55095498631949
114.17995180361912,11.127157783062287,85.93674036515861,62.38083817079459
115.42950201251728,11.254684330029924,86.44120144409693,62.09418825978311
116.9756089223992,10.944887806681809,86.56349973408952,62.03504885170258
113.41257066739267,11.242137780286313,86.8577023503648,62.16398013408494
114.89361422760653,11.287985708664806,87.16355312857294,61.98202444965452
115.86285908216847,11.274387625816171,87.29577336322043,61.890464283848395
112.25589816674005,11.210230300424282,87.31509222776867,61.8221087898358
113.73337449922495,11.262635137626429,87.41933841915264,61.83539200998565
114.77268405728492,11.279695182232643,87.18163534059222,61.69696272698326
115.47463027670663,11.32480090778493,87.10550288290418,61.640363918315906
111.56507273349497,11.288253621482816,87.00831242733531,61.665019461315936
112.81844192836945,11.407406163996367,87.34183215907683,61.58550752766747
113.9201850167724,11.49300354103947,87.5784898058946,61.483101339276544
115.02419435476494,11.53076258111848,87.63638080169295,61.42879054143819
115.6136857799118,11.499114408923539,89.45872141293184,61.43244173597127
115.89370611079336,11.244011715214977,91.44967991575001,61.700209567002396
112.30840329639233,10.448282822530281,92.71035960689949,62.16459251468716
114.10934789704423,10.063906763181976,93.55812498475828,62.62857997517111
110.71273109853607,10.122421217501735,94.55828063606538,63.07346080173438
113.05072511287003,10.20127004904148,95.78128037747803,63.682170449617566
114.85178117015856,9.811543903568968,96.63942007106746,64.3475926699597
111.71302708341162,9.82158751163957,97.16081376168171,65.16329364418333
113.3776357383411,9.48889907535338,98.41406543833398,65.36946471050037
110.38546923096516,8.86777969107257,99.60331254610344,65.81223490215388
112.32430622532192,8.458052656501586,100.31296842189187,66.09710558153678
109.55181906114106,8.147709346743895,100.72508590439787,66.51304309369132
111.71612692051012,8.06765958166038,101.1823707784637,66.72774005751481
108.45377387356913,7.874240628476159,102.0105117211311,67.02850858860668
111.0120025657609,7.792576195934259,102.4608124925703,67.32180819794269
107.63909481318508,7.737934754684112,103.18774047788551,67.68079719974192
110.00487254064373,7.852587779954206,103.41615788139718,68.03579774691138
112.33990814630732,7.565781582109523,103.78438623061685,68.39076054662488
109.1519956561551,7.519074053219349,104.10343468733122,68.58746966403943
111.62083913984435,7.503809418425838,104.04852350349152,68.71349717511062
108.52129772681522,7.591377330970047,104.20076470815088,68.73028639885032
111.31658049012393,7.859886940450778,104.0286285562283,68.77724779979624
108.32692565687317,7.506249963338945,104.32983334525787,68.75393540405577
111.05923496452354,7.735367855520245,103.94485273426011,68.84066196624697
108.108570511479,7.337912112360939,104.18740440341071,68.88591451034299
110.71463873019383,7.676845832764187,104.17734678525595,68.89652458571081
112.90779932206993,7.599417983088074,104.59144540893782,68.71335566882158
109.83564367689074,8.042475118067983,104.25598651573299,68.70902869897162
112.04936129408904,7.691063576654514,104.57919882619721,68.73082419057008
108.77674473197159,7.2832240869655465,104.74059806523925,68.85549150269642
110.83905497323768,7.571536834009493,104.79836731888261,68.9225716150691
107.65521067347197,7.2428079239806635,105.18548131056492,68.76303655621288
110.53498128186244,7.456559117086364,104.94405036905252,68.6805131581721
107.25463531220865,7.734038257079426,105.09502760956859,68.47805996603846
110.1336842181,8.067128831411999,104.85680341686549,68.44967027216533
112.31396822589424,8.470965090634486,104.91008523190445,67.26059478436001
108.95852816297715,8.483558526867085,104.96600710960021,66.30720719015409
111.13729669250918,9.351659302136788,104.28632339640711,65.67291038948498
108.58268514830723,10.05266162238415,103.71354918561667,65.30164672532388
111.06844091571368,9.979235757866718,103.26910340474055,64.80945732858436
108.88673626121614,9.973412123443268,102.91954436427883,64.4603493326722
111.95788035690126,9.512461719789535,101.99313370586759,64.40536851671153
109.95003118261516,9.679501186818499,101.45024021178841,64.10498938198265
112.90122282252383,9.624448412970072,101.2956787398324,63.603892153247465
110.13984339800025,9.612750015732193,101.00824071235368,63.41471598567755
113.18467681086054,9.786322710019576,100.50845339941998,63.1877216847445
111.27076327849383,10.071567718487994,99.77943909070979,63.02494067030248
113.21257777736983,10.434940893851156,98.98261162188845,63.373092443317304
114.42135959957189,10.648897748540382,99.65844559482443,63.56905858384959
111.06814408614459,10.771388491441527,100.03475987286922,63.39500909892277
113.01766888392095,10.808192663148684,100.23044256186238,63.59961225972942
110.10661501150113,10.939344927575348,100.65891408004798,63.67067162152398
112.78541059706417,10.901090162326245,100.66903206877296,63.87932695916921
109.9072501436216,10.888525209061605,101.20480339222306,63.90316893796383
112.39275458413445,10.886414737965072,101.07785445535018,63.946652621961015
114.03858334835772,11.101818043773335,101.52341769106381,64.089767511981
110.75825813925306,10.91601219721477,101.61661844420354,63.91846254955766
112.4543121846155,11.140826029152443,101.27282015648768,64.31525755795404
110.45593944867514,11.183573949873846,101.28966669877246,64.04222809949158
112.4025685593398,11.133643072707379,101.48244706692068,64.23210773134365
109.8199789584409,11.038441377191177,101.68543897852683,64.156713805348
112.31590785021065,10.919711760061524,101.68346938621048,63.98163975637367
109.935375312698,10.830349517787084,101.57610527727581,64.21704763225517
112.57462066301733,10.672925334741706,101.40109396201314,64.36431914888533
110.337559183595,10.620657014230304,101.36155696678674,64.51362858251568
112.51819562275618,10.948200365509322,101.78775967440188,64.76811173946234
109.61719532449044,10.899733933970154,102.28193136773513,64.57181335368509
111.87846633929183,10.765716489530917,102.5691437097754,64.5191217883056
108.50294404873864,10.71719518645341,102.97902465562788,64.50639554931968
110.85191826890244,11.068877098608077,102.789496682677,64.23462946446843
112.21002397270077,11.04252288974783,103.03781931934608,64.07299805965818
108.83586407290838,11.029262263056864,103.01511107709126,64.09412398860502
110.86086886605975,11.148965027447112,102.87693239288815,64.01983578322312
112.17272243790342,10.938064866361401,103.16874877825353,64.16341488561648
108.01572057900597,10.652624413390043,103.61921041612288,64.23952523487088
110.15001578835421,10.76137166197082,103.39093419496669,64.46050786645345
111.99611918006983,10.825440413780115,102.60757045200178,64.6157137077617
108.651942318674,10.357531415323066,102.74820898772066,64.33791807533467
110.29538267974719,10.521328617556513,102.6438059782055,64.57787498569856
111.34597093450358,10.4516292117043,102.80303787018198,64.64368016601622
112.32436553569528,10.609136803937794,103.3056037836891,64.62667226118371
113.22571546741722,10.053235774639425,103.08119807822709,65.12916375240145
110.02568257337596,9.591916612909735,102.90490316379496,65.43378422355447
111.66212273311712,9.468610384254184,103.02326367950246,65.55748843881874
108.49968898682137,9.643107304104262,103.24330805960616,65.38480503405606
110.00232256458315,9.697308818953545,103.90241072563106,65.37690793752304
111.35035681486329,9.818061192217868,104.2277157354315,65.24940336986793
107.66086837583212,9.950085507501143,104.37384778393451,65.16098799096841
110.77792584292449,9.884578414948116,103.08749629274294,65.15887357774206
112.3833681709907,9.79363415002949,102.85417501780559,65.10940846702297
108.60909927623926,9.766817264627534,102.96436880553844,64.9152729416576
110.1750174514597,9.753134937891353,103.18304138339654,64.79045473296738
111.70137145797742,9.603237499634545,103.02393001953101,64.83364949775805
107.56627234492902,9.365961940241974,103.1715868180155,64.7837544867443
109.17189896182703,9.846664926208689,103.07265639153151,64.93213931681282
110.61810328896772,9.512893630712199,103.44186468251684,64.78859847179353
111.4348845208057,9.904038615283568,103.53649097196892,64.87731743524128
107.45928953705466,9.859762734643255,103.70443251494098,64.72901039646831
109.19069038012708,9.763877998892731,103.92882303041051,64.43773974379143
110.40215834485215,10.32107313004719,103.85980469968473,64.85921705331326
106.91251944156221,10.19930270463955,104.33410337265866,64.60799414236973
108.69407185397182,9.981052325476249,104.69593889551095,64.49839762210136
109.95713740770711,9.694486174515177,104.64117276301597,64.65900584970748
110.90739874768063,9.510542939902088,104.8555263533631,64.63127298614329
107.83096775829502,10.342230213864255,104.5601852452813,64.92329151416195
109.5518079027688,10.323523378613928,104.75843520459424,64.79938493045594
110.580588538965,10.173858156156498,104.94431861336943,64.73589773029786
107.01173098631031,10.164230341736562,104.90772637233482,64.7537952420444
109.2903728605888,10.278333243844202,104.60291216342017,64.85159677420722
110.40185793328847,10.480988220284317,104.40889199398825,65.0903798579786
111.08295619281259,9.641337815009564,103.81044978316373,65.37125771206144
111.3168204481403,9.414889588760744,104.92317574123541,65.0678649804656
107.11066738410055,10.053067130583088,105.62122558269382,64.61937734515084
109.95919190752619,9.9436111533754,104.99306663059963,64.64747437234587
107.15453071114374,9.753485513236654,104.31053178078031,64.59599264042396
109.69574919834837,8.90252849677271,103.66413186996968,64.71020439902934
111.22327141437225,9.103700419361154,103.21902391367568,65.22937476693762
112.94719147043357,9.525824288214793,102.95414574231845,65.36392136554932
108.92507607307664,8.873803930759507,103.67529885835188,65.0142308535388
110.45217509253439,9.065637497171167,103.65947500499851,65.40663741494461
110.24609013563982,9.958520563970254,104.83635081516522,65.21090123625672
110.86672059157422,9.71298587252032,105.31224369090933,64.97400299926065
107.0044473173903,9.427514812220473,105.36448084062604,65.23184662962215
109.16644059364677,9.282604104407483,105.41359742989778,65.2693203076974
110.72036537005287,9.668257294475879,105.7925330505017,65.46137048206882
111.98605313413285,9.011426748313752,105.21987522616104,66.27011174740866
108.42933509394815,8.666858116120672,105.01930593162197,66.43229704312493
111.62944403307694,9.76138092174699,104.81175601448503,65.86267970888798
108.7031245718911,9.495389567709708,104.58108480959838,65.90733576515095
110.36498593108766,9.565558470238102,104.43092652525678,65.82009878072495
111.95963109575443,9.57905575137218,104.29839388444557,65.92048388919596
108.60714808216414,9.28994748791704,104.3073931910451,66.24204046131995
110.40267523646642,9.296065174166756,104.29012418746373,66.29756992239004
111.53043578911493,9.581721165422223,104.8412267794476,65.92765027755897
107.51981891997713,9.809168624169985,105.41201581938947,65.86830087250127
109.58909427677844,9.839705750048537,105.4441871135383,66.21678637726157
110.74290312205741,9.78676832520118,105.38528673102479,66.47914764877979
107.50324265502717,9.017803086723234,104.94227347090194,66.3775423410143
109.71379676285366,8.732075098111807,104.93205345028679,66.75897567085633
110.76741703034567,8.95296756281094,105.04237487552311,66.54402111963284
106.78134696604266,9.203706507661188,105.31062086579294,66.48672762262301
109.10557356202625,9.680401663202872,105.55430138659432,66.50939901331424
110.19442047948539,10.167913981823077,106.7792564774573,66.55108644558524
106.45780501988331,9.758039239118922,107.07766792720955,66.3840833613181
108.59180344250926,10.54093140128252,106.90070787852747,66.2660393533819
105.65290547526465,9.935646717194778,106.51724234985143,66.22075125390602
107.94051112511232,9.675632631107987,106.54917922062724,66.01200839517674
109.0853979682408,10.617076590650484,107.31947986374652,65.81865752443159
110.66846619709197,10.841862483600757,107.34298368962877,65.75478837834923
107.32825036358133,10.934210110097496,107.5472791490695,65.59443126643947
109.52254531333193,10.700289345543055,107.07473205428632,65.54735536228648
106.67666563548075,10.623991614150981,107.05589294120816,65.4066232849114
108.7386027193036,10.499516025202169,106.93902875662518,65.37549876371807
109.97276963999818,10.682967451629423,106.91430939811569,65.29360016901938
107.10987058012374,10.83117425962277,106.43796003403887,65.37592087343484
108.98494812946376,10.864431516309054,106.26434206762201,65.25255375486842
110.18380940337218,10.668488435573153,106.07185070953297,65.36423415991436
106.62130039423886,10.406134432931509,105.96586878120537,65.46381653648785
108.33166813120172,10.192035641381963,106.38913793832211,65.58989498373032
109.64072659841064,10.290700381636483,106.46896850604051,66.30355282078338
110.34686561192217,10.195767871274526,107.21846129963512,66.27327437431941
110.23860426044618,10.635150659042566,108.65625015306165,65.79228942579559
104.89522996199835,11.333939165438728,109.31456304286502,65.46560891931277
107.4075971488275,12.192953918350199,109.06357611335956,64.9965587435527
107.22394709508112,15.08362726734039,109.6756585047545,64.98258417691997
114.04208473508635,11.31060644231296,112.86318617274208,64.8762596656284
108.5402049828516,9.921982415510755,114.47624533694056,66.05303276558138
104.97936705514749,10.646972297107922,115.73002892702897,66.34225168707943
105.46630231293373,10.579254320833982,116.50682181115283,66.31789296630367
106.15004908553028,10.287282809792458,117.05310096817684,66.59444130502567
107.36281363324302,9.837311646691802,117.08002000240529,66.93096017646548
108.63616678265774,9.340751907382298,116.85446400646282,67.49213933793055
103.12990750908405,8.45811371207143,116.84143552602231,67.82388468263859
103.42469093721391,8.809350551080371,117.9481290028238,67.74362567957036
103.24287315842739,8.700402603071026,119.04786284988661,68.46782274021612
103.84884777953901,8.662177462211105,119.39559657294197,69.16746467661812
104.65535527003553,8.029838994855488,119.45508255992839,68.69659883712892
105.37935323405752,8.405937723249423,119.25773882590752,68.8989216654706
105.23246451142678,9.415599587690153,119.83412296229105,68.80310443492593
105.94509614142568,9.29005824437175,119.85415813559709,68.45937609928109
106.73406083034077,8.905963431247557,119.43884632196827,68.28178979941634
102.87516881674964,7.947953737084632,119.20261366366469,67.96415707287403
104.4579211380038,9.185078266777992,119.00080526253517,68.68485024943396
106.0484876454473,8.120762352957456,118.3888012378215,68.17356112713912
106.62341863099033,8.378011397525427,118.53204129272113,68.67986434377406
107.19907059080212,8.653315908599154,118.04203880713763,69.28095736802095
107.84286206948099,7.72038592053805,117.6167388411892,68.75521363587595
108.18234513137283,7.78192160472252,117.85963752501127,68.72514854310124
102.73346635791917,7.948624198931547,118.33194093220911,68.96363478172329
104.44140538411872,8.1741900140387,118.47446231866802,68.67546615442913
105.63809916658604,8.394949702822387,118.15658263299059,68.73944810676059
105.84662180157753,8.398535814069476,118.1049299883395,69.53689406406454
107.42454480551962,7.111164533049099,117.26806801213256,69.07703183827876
108.37463291843281,8.230965084147805,116.90886580726414,69.7983002867863
108.21495470442956,6.940193275046568,116.01719187123408,69.42890472652198
107.6230736511981,7.93627792404628,115.54181303321612,69.91080931539389
106.89615226809859,8.176045074476072,116.14382776072264,69.97761613573105
106.6576889226284,7.570189192358853,116.93484947195722,69.29054958060667
106.1334442427526,8.033219073077078,116.74459135417736,69.54961970007537
105.95471763782842,8.078983267822665,116.09340117527755,69.89518713148797
105.14708230867238,7.345019189528664,116.69948413522539,69.68719813948589
105.04881745585342,7.623461275562164,117.16666553897579,70.10690376634619
104.43921174731744,7.85600260127444,117.10053938871835,70.33272805681236
104.86221790606888,7.017094571864064,117.230690637328,70.08070068988238
104.24035753416452,7.234505950071693,117.43616343821222,70.36161456104585
104.27691284774548,7.525102992095441,118.97347494544972,70.5229948707476
105.44148251834511,7.715956043130674,118.43917212539912,70.98331249895514
106.78378216745806,7.317156571455996,118.22697539980507,70.74190866615857
106.79854171145126,7.87704626260382,118.68161819541126,70.69157668204865
107.49695942952042,7.567123274971351,118.07835125120869,70.10431332522893
107.49227457485235,8.252740644940076,117.70830187218118,70.49176500859318
108.17181932884866,8.207889063192383,118.16862328433169,69.87235838891596
108.20634242907038,8.168542684541933,118.89288850099106,69.65654215259121
107.74408426378821,8.929220295724534,119.91841820141367,70.29168083243243
107.7341349113827,8.112878614756028,120.36461740208765,70.06331597278131
108.43535636429331,7.665734729831286,120.02866919955926,70.3729410071686
103.07230936461714,8.196780468895597,120.68801171880907,70.5156891162516
104.35425113719427,7.183837209884359,120.12078196889712,70.88151129463631
105.19801036257863,7.377051966896715,120.2535429971552,71.03797328299197
105.59690747123564,7.9458696632461,119.68039776212763,70.86590279689034
106.52966998956762,7.653852724110678,119.09457693860605,70.83726470384008
106.09737110499694,7.393586466138146,119.62765334568115,70.33244283440916
105.84380715752955,7.619481031996976,119.86926820794113,70.1372803682837
106.06471288076285,7.934004498225875,120.02796807395927,70.10631842203577
105.31253418540962,7.952283394417336,120.81572915929542,70.05246825863313
105.52724533494991,8.5716582833157,121.36071107602751,69.94665233589316
105.4557511437552,7.661440964366697,121.49286538197512,70.29564427435879
104.86859608346052,8.388441817605695,121.80663624503808,69.9682727549154
105.938040191874,7.761232840236488,121.27141206877663,70.20364952904316
105.52014897658604,8.373908949175643,121.79744489608103,70.10271449694824
105.77980971571783,7.86141601714732,121.47847017081867,70.28929034113031
105.9865479038362,7.408155038577917,121.165943730197,70.38944782158836
106.9860520308271,7.499772294572821,120.82841578379426,70.58747173769532
107.46084941293768,7.8258638199310155,120.72461152498232,70.80459328435671
108.20959310679815,7.017120110843891,119.96002761779116,71.17736083959304
107.92190722227323,7.252252635790967,119.73261673207872,71.15451459863596
107.98463273965092,7.806488998705028,120.07696485828069,71.16484358579764
107.31729397794656,7.346234744111726,120.14663941576228,70.95932296118755
107.20699210833703,7.899446591562153,120.65115170095225,71.11815984348854
107.42102951155448,7.439881457481718,120.71612085365815,70.93485762225427
107.36036825884096,7.723305859132566,120.90930923063382,70.93881716999246
108.09722306778397,7.263206777729934,120.52203409627593,70.980155514816
107.53908095338812,7.647688862874816,120.52392842867481,70.97415422227664
106.72309198778689,7.699553931103239,120.48777512761563,71.03689786192186
106.383387270427,8.30339047504053,120.91569149578613,70.78926075379505
105.63135933251664,8.585377953644624,121.09915520661353,70.89245644039332
106.31447663975894,7.564683422439003,120.68034101039142,70.75843952364806
106.80036733150537,8.06089506903092,120.27208506520728,71.08050976741339
105.23689442382239,8.1658292667397,121.161843018177,71.00744897762003
105.34505555856057,8.213518825242843,121.33323731025648,70.6692719494466
105.06102750811458,8.069581680764344,121.09256972302288,70.73268125565556
105.71229545460227,7.81775870695251,120.60441536986912,70.75179690337727
105.41744504949595,8.056178867056815,120.94800927235642,71.2257001391913
105.87690096551748,8.366391155438038,121.66825711972622,71.31398170294705
106.87974846802364,6.903352650055503,120.07677741122077,71.77150660113277
108.0495728242137,7.14506091194157,118.41831728221466,72.06848445268488
109.03033825773733,6.442974429575486,117.30421759802874,72.56859317934561
109.18205708959738,7.215261086576717,117.20629056551228,72.52074602062422
108.94095340185436,6.626889963669058,116.89695320556666,72.5174189390851
108.34639106987682,7.442692113713221,116.57929903327144,72.3861281594283
109.22211361507138,6.79740618542516,113.45742263890433,72.41909339044747
110.75843018087659,7.353815101581773,112.55058697929405,71.21518837328784
106.57269574467006,8.097743971318543,112.47564662624325,70.99181956928489
108.31102279116644,8.802539757115944,111.68400630430762,69.95385726562107
108.77376910713379,9.336625234054992,111.3925013375493,69.60488286974163
109.15928733780234,9.175526899079038,110.89571490672976,68.7314742616784
109.5312163148547,10.018262059527785,110.99611436696603,68.75033057041958
109.72160313867792,9.208247776320796,110.34349502096295,69.18139596201361
109.95152464963532,10.181609398189941,110.84499087672609,68.90342467330767
109.83294620170093,9.40045006772425,110.55982464103356,69.24675849193864
109.96702118177369,8.735285762434863,110.13043770927132,69.48651522217683
109.54920015923057,9.478849095608986,110.8745944328358,69.03306827956821
110.08673384934862,10.56236198792471,111.46531772967032,68.74731731431085
109.92039832839473,9.761899954047905,110.92759746231677,69.21897380870783
109.43414934900255,9.259175152214866,111.029829758431,69.18493020921076
109.60463541700176,9.596057086786196,110.95727012305247,69.3242482006104
105.9589927483951,9.220363654095792,110.49206141500821,69.10273592706375
107.8764969697327,10.007432453986965,109.7491569304629,68.9264676758074
109.17657619259298,9.34734966912606,108.88072858823509,69.01467163759617
109.22128278067723,10.16352640362885,108.97940849318327,68.75991705031208
109.65780667084879,9.775693472492193,108.72980372030932,68.90901590647425
109.86104201504219,9.538967736267388,108.55194019475573,68.98571314389464
109.98249859629271,9.381594408898728,108.45114174604271,69.06166535264045
109.49177570181443,10.420763402635124,108.86891225061359,68.8812498810368
110.07505218872029,10.287083291955632,108.63902618268186,68.82351707146621
110.05158985356093,10.044343705843389,108.95249608911126,68.83594749710485
110.03827408471514,9.719152665649702,108.72658605494729,68.81227835230683
109.37656575274207,9.26574686353122,109.30864735933913,69.18057146813666
109.51472371431866,9.812587542398575,109.87022992899907,69.25614798965915
109.59513591840262,9.20736110807686,110.26197330084901,69.5423423877673
109.27243971554317,10.315499038382029,110.41583338082327,69.52397850492491
109.36126193511173,8.675741348890504,110.70780970594168,69.55696764260547
109.22704625566215,9.217977810901665,111.01619683730036,69.24415600016884
108.96919132856416,9.597575173551668,111.42317911714788,69.24847376704871
109.2370330773378,8.653273973125216,111.40689138824301,69.1778602884613
109.31364093595708,8.913158247006194,111.76702264108579,69.19351674804264
108.84433240271692,9.275389075738701,111.67156993103109,69.17987916293862
108.78437173171747,9.616862237227458,111.12055355606907,69.15620771607881
108.35880905572952,8.889554782810677,110.9630513741323,69.02345151399624
108.03534993698992,9.579468109643543,111.23698439761655,68.70353873400299
107.88135477863666,10.211891210777267,111.70987375061131,68.43936224952424
108.50359173099939,8.86205269306582,111.93626807575188,68.98067141270897
108.70921722166577,9.186017130271246,111.89696646909488,69.29892375692224
109.37190438384272,9.387548022488488,111.71006291366952,69.68923841825801
109.76898958688818,9.004429591066426,111.65215852453873,69.32981998763748
109.53198746482299,9.540992719246944,112.06026224917886,69.50693417641347
108.93137051256532,9.373199448742795,111.73770209870915,69.19351226452946
108.59246613043749,9.429436638608856,113.11074897636813,69.96715909823347
108.36264423974393,8.430628214674883,113.97471109042738,70.3275850081055
108.69941507400483,8.698953228280622,113.47850998901752,70.36828780272096
109.10198325782981,9.228621677923869,113.00191019143975,70.29756909849138
109.61591274087307,8.62992436967928,113.13342450873947,70.17215473403878
110.36089637989787,8.937105207061897,111.76698474264417,70.14457295171816
109.37621056183221,8.691440271169455,112.67057967303361,69.60397130399468
109.68729172118141,9.130877096341528,112.51527365516606,69.80867719390322
109.04679773650952,8.721386173895453,113.34737326305583,69.48262973238363
109.7002550331821,9.082071292957878,112.97524487023404,69.95245021386327
108.96998063278811,8.811628214587039,113.74815389813003,69.79678165020319
109.1682639041443,9.33648632814203,113.04572191862528,70.19352292831934
108.7828943797681,9.154765250356789,113.34435215623762,70.22206533055768
108.62681106317571,9.093195273094722,113.90736019839036,70.10777253700252
108.60479379310277,9.2966797924677,114.85501176295793,70.27341822766101
108.64111572211952,9.088049418396054,115.01054648055938,70.27544938705728
108.72738669925499,8.798190712531124,114.99110084453338,70.27495605345251
108.87161627356147,9.175855708577103,114.73325669038672,70.31073407355996
108.30369188519668,9.194484996574204,115.47476998857205,70.00716763695289
109.65018823565266,8.128388407903891,114.17744734400318,70.1114934970938
110.53610782351102,8.212745939771409,112.88425918523708,69.96062054174254
111.10631397323856,8.46119394481191,111.59563884876323,70.15318415356782
111.12441457634587,8.760113638504528,111.64704394594244,70.23074687103717
110.41702712683002,9.32467883816875,112.09228093117487,69.77716317743153
110.11413981223917,9.270592817806786,112.18592321372645,69.95048785581596
109.91461068842655,9.146694723800351,112.20999767381508,70.1340569843453
109.47321501291293,9.087807647103887,113.44993367863947,69.97145479281903
109.19917743624947,8.847509417252652,114.42895446680832,69.93068483511351
109.72562500245905,9.403405929759344,114.08092502843516,70.386523650806
108.99583730174749,8.945261424485501,115.12584361194523,70.36535623234901
109.40277929633459,8.133073666204439,114.83518093672444,70.69685204825043
110.08595375418042,7.83328831919129,114.27183646467823,70.95128994432027
109.47064506238685,7.761353778512948,114.1624172176349,71.0958487578206
109.59369132827209,7.795767574100431,114.25029719954011,71.07172323461687
108.61751183069718,8.074675867027807,115.37710522127455,70.89388920963515
107.50691709573724,8.21539003732265,115.39192815219297,71.18596662828466
107.93141492328408,8.579679241102852,114.99120737774695,71.56720799058357
107.57105052660803,8.326927647270253,114.73032223705897,71.3548146571573
107.64746678593194,7.588058085531529,115.54199545047064,71.632570183833
107.34100316027666,7.433052070184914,115.91528675741475,71.87640095715909
107.32018414204407,7.151081438559956,115.98974703774924,72.38761701707372
107.22871609203837,6.933369884471176,116.40253101597833,72.5084456478362
107.29775881053615,6.440017267134316,116.55858731858962,72.538859087733
107.1294859708931,7.226359000765285,117.01557672197154,72.47259766331774
107.1914992245384,6.69854508512887,117.19256374398162,72.44112820741253
108.03517565738775,7.87905242952116,117.5913231391014,72.12173806467898
108.661963385061,7.084868320781382,117.59427057766055,72.3726986931998
108.41716485136797,6.336462952948381,117.41661421038856,72.30569157016981
108.00196913337228,7.055262821578822,117.781184231194,72.25957716635162
108.09971526088037,6.174501186458464,117.43373334668888,72.35956243171715
107.82293854023719,6.898951993667168,117.48879308675569,72.2148376247033
107.43552076138667,5.825926325305879,117.56818304728493,72.57904935227977
106.96438048018045,6.566603024081651,117.83277095794872,72.52273083536635
107.0080186760817,7.431670540941134,118.1048735298551,72.39424973517247
106.45371350056915,7.132357940281558,117.49809176814827,72.45457722368873
106.24362406001393,6.86332697742121,117.17991197282517,72.31596102831949
106.45482614966795,6.6215186183634955,117.13728930792331,72.46652588610243
107.31448698749195,7.809628892839015,116.86254878328393,72.3494377224053
108.32135872241352,7.491990995009786,117.38817918810508,72.22404839936945
108.39737329596618,6.930430629280927,117.86631305493486,72.44985696652053
108.1700228298348,6.802262309183263,118.15818354500743,72.38438312278336
108.36639074046012,7.481805417029477,117.68531818230011,72.3321797653673
108.46230431189849,6.928302967428706,117.73022700920524,72.31294059642309
109.09263288242269,6.176523795132553,117.77234835059397,72.24804765565315
109.87927476683635,6.51566578231197,117.76028725422913,72.47849955260932
110.24110837723433,6.970706437068074,116.92733440314743,72.53156492965107
110.12029660043837,6.000211580328987,116.59469593376723,72.75422104117764
108.71435006432365,6.8804426637054235,116.75588891368099,72.79976244498141
108.42367732178249,6.462342137915094,116.48554881517187,73.15159910618884
108.3953380652323,6.1572122550696236,116.44113582417528,73.40518896907827
108.04909433056176,7.366553845781908,116.41025488722055,73.01264218596913
107.25379400940075,7.237682468938772,117.03694083714069,73.22466439966831
108.3890270303957,7.294433063996422,116.77593166809086,73.11411219778205
109.11135311485272,7.271050323955308,116.57052586758502,73.47752762145444
108.8068792678533,6.21450400789611,116.58473168069013,72.90641448308028
107.97705122151815,7.409112813656044,117.0106407678978,72.79886744193395
108.11140305930243,6.750926869076039,116.59631917514918,73.14457947906607
107.78097302834865,5.7317828600187966,117.50992060368158,73.26747259495124
107.81784088653754,6.539365248320941,117.42648210888245,73.31067449849222
108.34846440773583,5.876223820238181,116.43023814864205,73.08422202598342
108.3361537609301,6.4515404379105235,116.31652810349027,73.0311872241333
108.26119016922428,7.025264481754419,116.23444310442778,72.96408011792897
108.29582110939091,5.929946397072655,115.62757212375273,73.17431226793673
108.64707414464364,6.366214749252464,115.6065568321703,73.4202717431578
108.73772387082872,5.345316149618469,115.59881801405555,73.62828936898524
109.08522987660592,5.957973984457581,115.69438758647789,73.6319947716947
108.67588906138408,6.775856892643034,116.8468165442493,73.27962090783845
108.59581649807156,6.015806461262557,117.5368780169475,73.07002454312138
108.50213427514305,6.417021340335452,117.81372782497664,72.66282659816795
107.34552399526332,6.874437888930544,118.62099817225746,73.13647428348662
107.37947550615752,6.157532792504227,117.65543435859513,73.72031449323836
107.13800466379648,5.600931278663616,117.42525403308619,73.88392797042444
107.30446242549901,6.011332419961768,117.29651715588798,74.07909317611701
107.01665664762645,5.419504429956319,117.58324273078861,74.14767285264585
106.78966489044274,5.864325743401054,117.78579528664659,74.15710549545548
106.88128318508267,6.358184760670682,117.5297852184415,73.9726138126542
106.57719786355506,6.185016215563074,117.9639295212505,73.7233216280243
105.74424669848895,5.920753571350581,118.31642383422422,73.59528053499481
107.57533277922334,6.402631651897799,117.56037388039704,74.17907815159508
106.94780132025522,6.259536705712321,117.77063794732008,74.11242404410336
107.33285533160732,5.628253626799506,116.83233415542512,74.1936518916873
107.9877360284085,6.773172640204166,116.75847066049677,73.90102257936314
108.3590622494815,6.80038374826961,116.8733522096876,73.65053601024306
108.59785300665366,6.598352182473924,116.51604071660304,73.88340160822695
109.49888927420417,6.051978895697687,116.32916560162225,73.88463597856287
109.14107192138871,6.723387989811563,116.60036685655433,73.8201621831116
108.93334239201023,6.212105645042286,116.49821286198946,74.02055595943071
108.92995686209755,5.694685366013871,116.49086913494403,73.96173318264104
108.94152241372166,6.0608415926378,116.33624349469994,73.95727206062716
108.65392326310278,5.299387992749985,116.39511000405994,73.71794326129543
109.22124011043317,5.936247262670271,116.40466280613377,73.79615104820657
109.33906922903549,6.572588548071792,116.04435731666753,73.69773350444973
109.20133521528683,6.114392134835455,116.27459536158011,73.64181757600144
109.39757947457781,6.6785541273068105,116.35107270121921,73.52609198640633
109.41976151533822,5.9036452830106185,116.47838966618428,73.55580324017663
109.44140128943673,6.196920582133231,116.06969955165732,73.62419884993159
109.1901997181702,5.653520810530075,116.14309078303657,73.68864486320778
108.97756527562588,6.159382301225875,115.98279648529441,73.63127926745156
108.95861985372045,6.793828631068713,115.50029944115056,73.59630312883827
109.0360196060229,5.878908857911178,115.212344784344,73.94630406545791
108.65231117897974,6.624472841924046,115.762079321531,73.68410847810844
108.84096042044776,5.67520551455123,115.74330170403536,73.89463458602485
107.56473947977082,6.501761620613337,115.93403899745282,73.88080197785877
107.12126558707139,6.338910327445319,116.4795968585639,73.71294049492371
107.20016798351404,6.389526995338969,116.35092338505247,73.64856931642163
107.66354935112716,6.4537608104540425,116.08719371800629,73.7727565068721
108.16189351114028,6.1851817975346535,115.893808103268,73.91576081853088
108.13619186422545,5.632787687439276,115.43700508920962,74.14525721438082
108.15660858292433,6.411398473011275,115.22823145243669,74.18036681427259
107.3705780946325,6.992185591486184,116.67723737328285,73.98760861926918
106.6868381566972,7.862592078015048,116.65598565029939,74.07784032013113
105.88463997793342,6.968573387967261,116.92956025527874,74.32517178096096
106.71089379128709,6.214956210441173,116.96872292714775,74.5794471230279
106.09825142366776,5.901649519607574,117.7409658406682,74.90363911368482
106.81096743252017,5.517769034190238,117.71824330706372,74.83130086901198
107.22026713059356,5.7498509666349875,116.85299975970617,75.41582398532366
105.93794982544742,5.371738316152076,117.81721377578305,75.07936370603588
107.91323672325157,5.643618308013927,116.10140932450457,75.54808815357896
107.96592225449983,5.561066418782957,117.02764159834229,74.9983310159032
108.72777892830268,5.415593021302442,116.7910052008098,74.65115799408414
108.70748827470261,5.767146763994205,115.920272974227,74.9374374248612
109.72041155739112,5.659483376513947,115.81247157200458,74.503490029423
109.5852436567261,6.230944731024536,115.75715590648815,74.76940904956595
109.48505830055942,6.275806632433046,116.11685068367234,74.60883351097823
109.27328483504758,6.22851040022362,116.0221682493472,74.65734475652859
108.93872952681195,6.161009465479054,116.42991759467549,74.59550331482711
108.43998210689466,6.095609540852777,116.47547559349901,74.78623379038262
108.85042341941924,5.850353283391399,116.17134735725907,74.87885776408376
109.16162479044115,5.637917856019669,116.0891542662086,74.9578802373079
108.25486064109492,5.533044948788138,116.50527396027917,75.0878094123476
108.26952779423026,5.222669924598726,116.88292389382516,75.15603012570445
109.03908604228661,5.816159275904781,116.89364868246435,75.0889305496411
107.71717961306352,5.768229900222622,118.06320073387317,74.99090631410223
107.25117169348243,5.676662714599914,118.65364837125503,74.90773306315336
107.17815112133448,5.480372516409375,118.55983182700477,74.83494506945112
109.86015930569587,5.9184307091822745,116.86629284857128,75.27835297208281
107.59569369477686,4.893353898162523,117.3169007061515,75.9145880989441
109.52587372074704,5.265210751929658,116.81186349204071,75.7029836519689
107.97082405064937,4.332684695585357,117.78084788205601,75.74500791546012
108.93843349130587,4.326119205052372,118.1182759047347,75.62385495156168
108.77205411866336,4.27689326758771,117.92669491451176,75.82134430237497
108.7681221835852,4.450349443564022,117.62536743849955,75.54925087449175
108.2975875727694,4.601023244066738,118.08544717415208,75.27212288514596
108.37150100817438,4.5253950262446665,117.84352594495752,75.3348151409524
108.47849599389895,4.4727043242546,117.7353234742475,75.34792309354465
108.78131217199366,4.515444711146472,117.67065989380725,75.19821268982707
108.17515449008172,4.283056644663539,117.07023576616844,75.52298181865113
108.84885810238804,4.263917136866709,116.78149226740877,75.31337641170413
107.60697768933723,5.6364519431640545,117.21290924814295,75.76452147501276
107.62557396033887,4.259329159269818,117.4892136832305,75.92084519450411
108.78939460965091,4.151200451123088,117.35690300441841,76.14009701101384
108.4416919157274,4.024242066222598,117.57498870466056,76.30121195660274
107.71936475608817,4.153854508277888,117.92815788123119,76.17953092958979
108.87791847330516,4.488140567650937,117.51466508703311,75.94038637498782
108.21974001813697,4.4432919370641315,117.4547587365281,76.23054636490022
108.86879652922707,4.614107789285171,117.62573665291603,75.9040909948765
108.41470111357349,4.5202397154602565,117.50699059552844,76.09642789513704
107.90770687595602,4.4594272072707355,117.48435261259533,76.15801419218982
108.35573515364408,4.735338930403195,117.5185838952014,76.18193734178443
107.60472396517218,4.825870144550834,117.75265824071971,76.11442767754727
108.0639785128757,5.09506254364247,117.71499099654712,76.03459565713118
106.7579137310032,4.459801698910738,118.91430367815863,76.12897131616862
107.35618217104093,4.683730570970717,118.37100622708022,76.0566188108201
107.70425595010288,4.870679576044942,118.12370658865885,76.15375324133403
108.16958125472719,4.989880404142909,117.52462124029736,76.20552848337914
106.77883130832633,4.236346654768347,118.1617517693143,76.17165510135281
107.7267154584722,4.272352544264905,117.1209007568491,76.71203682078041
107.90543633852222,4.718108389843543,117.54503026578439,76.95431562263461
108.13670055448006,4.034278753671586,118.8328500442035,77.12016262767506
107.83435428545907,4.803013680025657,119.14678102204383,77.13711777611132
107.61815251759316,3.9811695749171605,119.2481115716497,77.34240321437855
108.18697748231523,4.880178436055871,119.2509857911466,77.24442630936187
106.9761479040281,2.8629204624007087,120.25043628091943,77.23563542912703
107.05596144563617,3.764375204567287,119.37363490609255,77.24835053948229
107.87233189165028,3.766842364673934,119.89839928788332,77.11161673000927
108.40574329894145,3.6685103666870873,119.37687373835378,77.40842040350753
108.30331404654324,3.872700755129756,119.79241159543366,77.24731825735569
108.30639022025647,4.166561149387022,119.84573037837828,76.89945199834116
108.11505065314763,4.490065856413615,119.81127478058798,76.76349686170802
107.90430330696448,4.9494326980371,119.52423582827808,76.69580747567937
106.65977099396622,3.445717751792742,119.13901189531464,77.35198290497229
106.98544547322815,3.9575710919783305,119.26100340042908,77.25485516356214
107.18295176949698,4.4604392556774215,119.37181471812778,77.2031207396979
107.11486314270064,3.025538453738001,118.9003688714397,77.30415498670418
107.11041183752728,4.8698709592858265,118.64447880104606,77.25225640932435
106.95231065769096,3.521002512610117,118.38865025880983,77.29096191153197
107.54258133830376,3.86073291755617,118.03397053040817,77.48871362605392
108.0672985222389,4.233734945739997,117.97552870861944,77.61415778850875
107.40937679116911,2.365037654545887,117.41999470264987,79.33155286680761
106.6146588197296,2.7624115981201243,117.90873110157597,80.19464940390688
105.90133910259938,3.6658507052830487,118.71311383961219,80.54775744713413
106.12851992742105,2.1765429803792244,118.97559966931226,81.33487294844019
105.41205206874032,2.8237410392646325,119.21545198117903,81.03753712958905
104.98977405701802,2.2419081990468754,119.41187687249777,81.29053437731201
105.06051142002043,2.506685772920136,119.63790489545917,80.65097604131304
105.22673330253845,3.140955714736492,119.88577564744432,80.24315792462903
105.33192279497084,2.6785436252467605,120.39803139530278,80.63021862723673
105.20821400871307,3.127098467025448,121.38986037671953,80.32076299784424
105.8545745770881,3.6276101979251507,121.95063149994871,80.67010767817283
104.5884353987498,3.232792294906517,123.10586148340296,80.83001463050755
105.734361931971,2.075371987828156,122.02143103105819,81.09566496184262
105.86196060381968,1.382508913505447,121.83138189192584,80.90924958235846
106.77654713531824,3.3362490529798023,121.83674561977651,80.75911664876192
107.59555724071032,2.6717124510307713,121.35992414422948,81.05857063574103
107.30993484769556,1.877637813500563,121.18786831351782,81.22531256884436
107.71072925855748,1.699542480679952,121.04139652670608,81.52312912387629
106.95356512876839,1.6914053943853489,121.08984224653511,81.41781959628544
107.09972021061986,1.6205943702243104,121.43977463368208,81.40900417035672
107.36639172752032,1.6236209963683592,121.71019302251528,81.34966415702317
106.65738640536767,1.6142027326272839,121.92683152021414,80.94393399835191
107.0559145055806,1.2418863696242965,120.9508373630975,80.91616074234037
108.56731517735706,3.2178708817589694,119.6617434475231,81.06766061302952
108.3094512284367,2.2848572222307695,119.64959890216466,80.57492042262547
107.58045671975404,2.420003052170479,119.28502939730555,80.41053437753935
106.96646028172876,2.922822018506551,119.9579146202151,80.29893655259426
107.96322264623154,1.133127573006007,120.10913238007062,80.64670894655555
107.87546019683961,3.212046493098498,120.17356685717783,80.30516601489413
108.97236163322178,1.7729702701510632,119.89477980110203,80.81209882577923
108.03952791638136,1.7404858395794918,120.09163865533799,80.78277658850652
107.0623031896439,1.6795489047377998,120.17814243773138,80.80750589171356
106.40592668419389,1.790965822695945,120.63883066028987,80.75977805967777
106.36096626752934,1.6766107425249999,120.73686941713203,80.73993723873647
106.56851026823108,1.768025998534121,120.48293495574377,80.86150910789995
106.73274940416111,1.9421346902584418,120.35455910254481,80.87227643323732
106.91027184346753,2.0935672955258866,120.36177748620386,80.85157889581339
105.85424544234549,2.4207909844233626,121.3708263097187,80.8926155601861
106.12082390079509,2.798418819676499,121.71687825560102,80.65040990942089
106.93874993048948,2.21289137742432,121.84788763496344,80.63155068660255
106.26409180946685,2.402735078717015,122.59794849399404,80.57651509156378
105.84981247268894,2.2404850407616124,123.2112223133762,80.71675541007502
105.66325081268981,1.921769714537767,123.67631872950673,80.94448024482328
105.53583879587632,1.9580553403570562,123.8855592132468,81.0349934703709
105.42261135969238,2.0067681630801104,124.08343382235762,81.0877466001161
105.00709347728949,2.715764505352375,124.98014616455265,79.63279869308413
105.25116831181013,2.7389328978387013,124.84255802490932,79.04662544179907
105.49726533560904,2.8217185722609486,124.57424453651751,78.65829575509923
105.29608549754424,3.082770557019515,124.44069146049563,78.32380627120355
105.08565697388238,3.5724283062471045,124.10949351848141,78.13018829252758
105.50951762274128,3.9508707199969137,123.1112328076691,77.97240745224491
106.11643176679709,4.500526258651604,122.01379460626794,77.87947907871666
107.56195133989806,3.081513807979462,120.70063226632516,78.02609677638662
107.79344180054375,3.864433722570439,120.64192276885048,77.79727543704232
106.39164457677178,4.301024164583609,121.34864893979832,77.73553645136192
107.26014261224844,3.030186970416196,120.17555244550897,77.94678819984995
106.9947397829527,3.692881724578612,120.6569139986243,77.88247108875717
106.99643956272037,4.313927852549085,120.64511358350305,77.92788255214606
107.79303044196733,3.0366883723753446,120.06873389753414,78.03692765743678
107.58530641447805,3.800419482362635,120.71278644803806,77.89539251857029
107.37720650816371,4.4690170998971155,121.27063494063844,77.90897133326024
106.69392883758984,2.82358267001203,121.75535046998428,77.85635126137453
106.45458447703359,4.100329397079449,122.43134945997569,77.76718251999299
105.78342670573662,4.62954998385505,122.69938652871558,77.9391311798921
106.12030775472185,3.104666360926828,122.44437367376614,78.35185471122523
105.61475719323562,3.704457260308722,122.59084379955766,78.27233454843251
104.91799372142223,4.167952157419386,122.94335166111503,78.03325459574866
105.01556556175913,2.328794660485194,122.88094904427447,78.16086391830662
105.89511865556892,4.114346293856784,122.30117773557642,77.70398150918368
104.53848550017963,4.592421442856498,122.50839059863159,77.7133138633716
106.18807759983781,3.4591223849380413,122.51527958809697,78.12844949580244
105.25228231330036,4.067499175979378,122.35777451145263,78.02338595812284
105.24153427598999,2.098310431992715,122.42165090784428,78.14426357007383
105.69775404064538,3.5509717080263528,122.33665819688527,77.67965394677853
104.63804243992209,4.1231170448032515,123.74109358390541,77.4053062959527
103.37979841272937,4.346841516755859,124.67773072619674,77.57750342443518
104.27483474775316,3.461591130189703,124.42918067825761,77.91074464270451
104.19817971263305,3.610675643876178,123.77988464269339,77.92021995274726
104.87225970205209,3.7074902969341608,122.9018827937858,77.52820141447263
105.17446138310854,3.515772450614378,122.56258014921747,77.53192294595459
105.32808999759409,3.4379304499071424,122.3891256769135,77.53026226336428
105.49208398115404,3.364529403367847,122.32722559946492,77.51230612122673
105.93581958318002,3.452344619541627,121.60171511642889,77.50591231908051
106.45127675829984,3.5585917477864086,121.2648766486241,77.42383914973675
107.04249523380106,4.014159365801916,120.73417100989658,77.37568344499388
107.64715060389287,4.4912277572905595,120.47750014750915,77.38889791981765
108.22015184306473,3.2392590444618534,119.71521729225427,77.77108880540548
107.5961353601867,3.9122949987869333,120.43278459553093,77.18224908593379
106.85281227212462,4.212024783324637,121.2128131778898,77.26839742701463
106.31309504010258,4.680421110873603,122.16275294507835,77.25839149266942
107.26015986749096,2.9175766655552735,120.87357383751993,77.67711603355937
107.35930491872365,4.3197232523944535,121.57660258318762,76.99789915382632
106.9720177830591,4.615361404813285,122.29949051916168,76.78786363411058
107.1187420243233,2.5286247742874792,121.91878012887696,77.52611784570846
106.48976469941394,3.8220195059315216,122.95159648697911,76.8641201953171
106.88927301520019,3.8222974597050907,122.40350071736606,77.35173085843341
105.7251008084252,3.9796787324793144,123.49325846671621,77.3617616516606
106.4161918714448,4.169164624794561,123.13431178093123,77.2376344729528
106.72347330437626,4.690584882309835,123.28760122143427,77.04408540174703
106.78211639569341,2.9754958547511166,122.96856163108322,77.36065748075973
107.16625702354067,4.2469794841099215,122.49848560204848,76.97589549280933
107.02095433928575,4.3821339631287515,121.9889474902574,77.13479055169557
106.77243133779982,4.532087951222692,121.64288245502127,77.34695072793536
108.09321743695196,2.739272678376544,120.35962524771429,78.04481658132114
107.73725899743314,4.254869739691131,121.40950761518575,77.35658114742793
107.16483746807278,4.529054737215631,121.85172444557398,77.49456280929269
107.88564830931031,2.9863341112039166,120.9486005686943,77.90418561801778
107.92901396000084,4.426738286133201,121.64184331068253,77.36742481454593
108.6532013278207,2.8294690506133193,120.72536427215968,77.85614367880468
107.4391490544655,4.073654857806474,121.12658187886763,77.49414964696842
106.9435909983297,4.355833860655046,121.83615568996126,77.79172636274116
107.85615507326924,2.7554856724580077,120.79753770958825,78.45179382907054
107.18974440371343,4.4053890628606,121.56793927655173,78.00177476036252
108.25781535552278,2.8655929439470995,120.81695233547269,78.65839312695844
107.01788456812127,3.3934356028535575,121.50915402677657,78.58063746088274
107.20265939369146,3.8816585434300137,121.61868302611074,78.60075286856345
107.83077442652707,2.560772785278921,121.44459900898536,78.76267147005545
107.68026174909781,4.632647425158211,121.76238514711389,77.88832684003137
108.23276559712419,2.9685144750728654,121.18482771456135,78.23196930804264
107.43767392058447,3.444913503843921,121.55912507082225,78.10822316233143
106.74271611156148,3.7744291933581593,121.93623081624096,78.24208066307895
107.26886930992293,4.180198524287661,121.61092018568094,78.38254559943314
107.26056169543394,2.70907642418652,121.53098962899341,78.63641337293865
106.2715258636411,3.0744894888366687,121.52276142018069,78.40861140450032
106.27947989810964,3.5918438730263205,121.26861781800616,78.39695568616222
106.88144859411064,3.7936624761548288,121.07238289582992,78.5593995269633
107.72447594815515,2.2442595383654833,120.47396716193064,79.03771771257007
108.25221860626053,3.9166373505020573,121.0060324858261,78.47509352178386
108.44050966687286,2.384995745003792,120.74181787539705,78.64726464362329
108.054708949809,4.197225033115544,122.2473618778269,77.85023941510181
106.68664554676603,2.3407736681509874,122.03630769750842,77.9132228735618
107.60816585270396,3.941444998266263,122.16358099230217,77.60165405900386
106.91769824188505,4.402427827980006,122.38813770632586,77.6378573234312
107.89619046408663,2.8725050940532526,121.77747198369394,78.00837006766716
108.38119954036458,4.349242496259194,122.16000183433475,77.90906844669644
107.61249687249311,2.290622158430935,121.65397159649982,78.11021529605901
107.89609444509223,3.755076749495224,121.7928148071289,77.86106513950416
107.35438222088439,3.9863364452308048,121.79665441858475,78.03816664818712
108.03946935116835,2.3594442099810493,121.42390076701417,78.45525544760508
107.86561025862301,4.0316162316688064,121.77537481888761,78.11421135578291
108.45280984850606,2.376440985092181,121.364151424663,78.48910151988038
107.27536390226098,3.8926625890034003,122.13054508240435,78.02021736738631
106.73374865460686,3.848661198514762,121.73826390759999,78.18735103634882
107.50211315287379,4.102548405398025,120.88943020907028,78.38365625057301
108.64446816292121,2.2733339453350823,120.31223066031941,78.95445823664738
108.38131475661577,3.1500040914843623,120.48263608261621,79.9067313190589
108.30321807188604,1.9725022504884393,120.87381477383585,80.5776924280756
107.66596226037689,2.756193240714751,120.84231507769367,80.84158674519225
107.76605569214624,2.273088526811705,120.9569190888746,81.33656805028716
107.22805317768577,2.986716013673103,120.97919565652998,81.18515395505099
108.6575061804152,2.649303647219213,121.04496630779414,81.01419420261865
108.69711670787142,2.132781449524245,121.25295279673165,81.11820412649675
108.14181487042086,2.0533447066739825,121.32130416946296,80.67148697069871
107.56485197236145,2.7676674726324393,121.41084514750467,80.63509757949072
107.3544609428102,2.2087297383914546,121.37311102609189,81.13050612616635
106.06529024586526,2.428172111244777,122.5739413955067,81.47192211688701
106.85281431702988,2.2418400268098395,122.88369261440639,81.46590426843053
106.14226615604038,2.762371170386217,123.57784508586812,81.67372510944398
106.42215483297761,2.4189612358578216,122.82784798695371,81.89059990537302
106.7291473422093,2.0939503472295513,122.23769168543895,82.08408944271562
106.81461260653376,1.8372149455916613,122.19995937334754,82.11863808751171
106.59407173442634,2.2675863360689164,122.49584566320334,82.02330406090596
106.96223169820783,2.0650374110993113,122.09187190678102,81.95328682023657
106.36365957921498,1.58566063655163,121.48561395932667,82.04895003300915
106.56527384265395,1.543026973882398,121.88673813315901,82.06980506997986
106.45074700697057,1.8255246269400018,122.27073349747411,81.94007935805716
106.69300987102649,2.0354886136825883,122.26972303196604,81.88287053296943
106.96663159249832,2.352995883550065,122.47922397378801,81.84423408123192
106.31294967245469,1.7947564573037198,122.18288681842999,81.69828774947473
106.87668460131961,1.706241675472576,122.10811485765757,81.6880032498264
107.56762779190215,1.71130705215581,122.11968672367723,81.5759250175099
107.35313678369909,1.8314614576463129,122.24952703504722,81.57494406938767
107.24530976805559,1.9795556300085337,122.40539003410929,81.34972234838673
107.26141785155947,1.9781735881515061,122.1872751607846,81.33314796401109
106.58772827946804,2.1721545585199493,122.50323741196209,81.16324700848176
107.19657654897246,2.2069121662745275,122.91147058620246,80.97213034550957
106.6912996076538,2.4008085459665978,123.22136352485477,80.83300718065172
106.40853621482556,2.54401355094614,123.004670840964,81.19105504737492
107.35937164877389,2.643926620000684,122.67193679786592,81.1743223676799
106.66946405868227,2.580339095232972,122.6092981168126,81.23977383849405
107.53132955379328,2.586862463247492,122.36935800107175,81.11417444474158
106.70272124042194,2.530499601380747,122.42191471284406,81.28085866641656
107.9816979608544,2.334798527147939,121.8874047324436,81.45929377672758
108.0619547300123,2.1090908271646924,121.4794880790937,81.61628359976879
107.84653272634043,2.7861695510345683,122.02378719573566,81.20875639151573
107.54253739546704,2.9177545414656123,122.14369208091502,80.9566942586795
107.70289603202048,2.7618366490443833,121.74121572751731,81.33829560385092
106.83990312153576,2.6992914628840907,122.65331836310011,80.64360032162668
106.67883462392817,2.4980644343429645,122.72996084361154,80.75795738454732
105.92211140967089,2.8038139899561543,123.32824327829066,80.66672552147463
105.89433661226265,2.9663747144462604,124.93974995204084,79.11024137203208
105.88825093097452,3.0887466224312874,124.4753030246696,78.62599606487302
105.41858686493941,3.165584142228205,123.90436723690947,78.30784421339335
106.0280365663193,3.3040386482687722,123.28706550089012,77.92123893972746
105.70751680532464,3.857836963559201,123.62259354827006,77.35294060512133
105.75084659956177,4.142398539115312,123.40696038634954,77.29363398137575
105.62079223126302,4.395051036457268,123.33984755054789,77.39598641924799
106.3361409639393,2.6216699887880424,123.21689852212313,77.97445747035121
107.33856183988797,4.7943711635681865,123.26854623784665,77.50769076570364
107.03183770128683,3.178128361852096,123.47803595601265,78.32605641025826
105.54474727440481,3.777651777592446,124.10829371788827,78.2917743407023
105.09780226978512,4.2208341481899225,124.45677672992383,78.39302423116018
105.59539920656329,4.157706525038698,124.50651057262269,78.12393989907251
106.2448111627121,3.94747531743603,124.64503276113226,78.01405514583226
105.49091694327446,4.558476678564475,124.07280267965231,77.95661047659203
106.384182687189,4.090376401912891,123.66617331622815,78.01264962528552
106.43139088426305,3.1807892294882905,123.22218232639025,78.14464404707716
105.30530591827333,3.886726214177685,123.23268212668634,77.83967172335878
105.64162976937438,4.284054332214552,122.88695883792687,77.99405810555973
106.91487953700722,2.97403297511255,122.1653211867783,78.00582659834345
108.05633055252906,5.016200248167763,122.21608142723426,77.13333578125219
106.74171350852194,3.305307357417284,121.98955684825631,77.02798762110275
107.38472952306881,4.920444608515133,122.16923843934842,76.50312741410359
108.13247551256913,3.6191367663898575,121.51860737171711,76.76178519735316
107.31717073552711,4.306797512624669,121.88753298491369,76.53742224293896
107.21218646046032,4.823579056643837,121.88348760091185,76.57785093041332
107.75545951558281,3.664461724372984,121.07078361679791,76.90135691052967
107.48986202777746,4.239682046297801,121.37922521663994,76.82759311223057
107.27920374418302,4.706300430438944,121.59296319927702,76.89926907797997
107.63997359473747,3.335127294678429,121.29640744663729,77.24907847091518
107.36976782329658,4.881553157719736,122.03460985064882,76.68677746314006
107.86819697205661,3.40009142036628,121.7045962787376,77.2200177293814
107.17747723012145,3.8739773942087155,122.4996842487453,77.37562956122228
106.42041656855778,4.258779878512868,123.00016290314856,77.47950193235854
107.05019974442617,4.77585007387124,122.97394205998725,77.50403218163356
107.39645684937435,3.1464051011209193,122.89898376640025,78.07600196111858
107.03569559151063,3.4918085832469643,122.81665700224717,78.10072932628086
106.83594346189287,3.891013012504189,122.79547215549513,78.19792281323302
106.59182704396522,4.330277943846326,122.78916128994011,78.21819028378926
108.05419579654207,3.5802253182317187,122.90405538993474,78.31084116356614
107.01312412674228,4.199355929470457,122.5636964502527,78.08127578192423
107.33133313532363,2.668261649223588,122.5603032448347,78.38511397010352
107.8997585643626,4.625415071289872,122.39928598155582,78.15391736309253
107.12760648272506,3.1782647879049293,122.08696542235012,78.36178532984106
106.62319553055751,3.3964707920456334,122.10293583094241,78.45952815392278
107.90280076183821,4.050054508031494,121.47480308711576,78.35345093858771
108.46133322611497,2.5001217412620207,121.49873842940573,78.58773782069844
107.83754493261435,4.212825773544395,121.746434821743,78.35838397633327
107.92993821760479,2.8352871030610487,121.8606832346818,78.39059788155473
107.19296427754317,3.1794172923217303,122.34293469747334,78.24128901918479
106.56795271424116,3.516950615928394,122.82909789642311,78.11529124013171
107.49519314102164,4.057333903292047,122.75264576943988,78.11777912192449
107.35086757263828,2.3220416398294645,122.29058778974772,78.79711294313066
107.17265553806152,4.12679657530515,122.07116083570405,78.50053961659762
106.50025741596382,2.5956733190273766,122.26256774522082,78.87327506843845
106.90230399593268,3.260647184348187,121.92896057056217,78.80592084556355
107.21110916229374,3.93328838677089,121.92347414445246,78.75137988435218
106.66210714041885,2.4898328154168183,122.40473796145662,79.06872120093422
107.10106697911273,3.255240724192518,122.09872926143245,78.98113589314082
105.8911863664441,4.156642233655589,123.29046171250823,78.53251511756184
106.92443883003115,3.5085369728515303,123.71820136083463,78.66781515199497
106.04165906678185,4.268582730970444,123.8991469680751,78.54996915730256
106.58169218243489,3.820822326047704,124.47388866199331,78.60370829133245
105.72498028283596,3.3803517618435137,124.74062953119852,78.6031076311628
104.81398131027763,3.863919167524841,124.59229199276417,78.49710556077457
105.6970044873331,3.4258685566296236,124.71385941199915,78.3734767320012
105.13334115701946,3.8446818624296384,123.96463515976937,78.7212323673723
106.03964288620637,3.6526895257575376,124.36196641285187,78.64395594710001
105.44677462456195,4.128595988716768,124.26072075745266,78.89548378999564
106.00792841172975,3.9321777834174085,125.06565307798398,78.68914105192034
105.54733950798996,3.5016196520352594,125.35700815444552,78.97219454193379
105.51675670054416,3.873114873219464,124.75452194533962,79.00510029116236
107.56453282413437,3.4869554661251243,124.51075845739076,79.08471824246652
106.93569251304373,3.071735057709276,125.10415496950274,79.5260378844859
106.59841876057976,3.072460760432776,124.67799041350236,79.70577299115152
106.72532352825758,3.4947156381104065,124.54111756180151,79.77667345641927
105.45433202717885,3.532100480719656,125.57067192263969,79.83982315246165
105.0250458596158,2.89818811822429,125.54349771912672,80.28116403174162
105.9771600176253,2.6237872445311723,125.01857452739057,80.32012421781042
105.84125454916877,3.152277468445419,124.4112250600983,80.09515940356499
105.25255058679599,2.9721786270687005,124.52403919288219,80.19518206681579
105.87536325796756,2.94067636908035,124.73306389498026,79.93525955485174
105.73898334767188,3.2632853759591853,124.24038045013356,79.91729560994554
106.2251716566799,3.082103374537411,124.580421696917,79.90750436367028
106.02462477838974,2.557396796448643,123.81088976685183,80.6871514275474
106.75847067064063,2.8773503358997914,123.52629665617053,80.65724692594995
106.23483168200727,2.634339739815374,123.47607514365302,80.97739685556843
107.14079568818063,2.6246408968578976,123.78999852405227,80.868117605453
106.02037632163014,2.4753756511871217,124.11551757598565,80.5876234242863
105.51334049159783,3.1432923898404255,123.80169228342118,80.459815998501
106.11396338073716,3.0617100895841105,124.26025669057495,80.49129948457843
105.33748002702555,2.8355597974807765,124.52328721311504,80.69433456192151
105.65590358184178,2.7192830385995066,125.06580609602867,80.64253637317923
105.39553503351951,2.7914968052693823,124.84094958524754,80.56158597603418
105.71305374480187,2.6070744796111285,125.32441942872742,80.54142016816604
105.37143053309937,3.6735701587123444,125.00878528696595,80.77130474837914
105.02984431611301,1.6325219663078343,125.10917294901941,80.92556876815215
104.5709559800786,2.4483212764464497,125.17374006593917,80.68715707471665
104.07002961909515,3.208050737318281,125.31560546939028,80.5200386127966
104.92813140158688,3.2341713045122447,124.83932359344033,80.59936479267583
105.20890798459683,2.8811796769743765,124.73537301774292,80.2942860217277
105.43495678446044,2.4851627843417816,124.45191172513603,80.15588873904932
105.15611029922786,2.8318312296601533,124.27064436988326,80.27687497568232
105.22162654576351,3.3191691184755996,124.17018664931892,80.25054444198224
105.45624401940567,3.2326182475003122,124.36726350251448,80.21949345084528
105.81114271863666,3.083916015036884,124.31432186605736,80.25855672257298
106.33449774664611,2.891147030590588,124.18214470989503,80.26223211068935
105.28251992347887,2.592333904391957,124.05084630692835,80.28514566939536
104.79928256866296,2.9644111669177136,124.6405541560751,80.17327441470289
105.14460554073446,2.8030873827721905,124.82820607732289,80.1222845451735
104.52065927986625,3.2462576075022582,125.3190201302597,80.25206715212511
104.73671597621606,3.044353039557386,125.24226271557218,80.36999372561594
104.72159304637265,3.0858033298646106,125.81202168637348,80.22020934258755
103.91694522511439,3.0800163615191707,126.37060963102167,80.39900262007967
102.99130931878692,3.164392736589349,126.63756924313034,80.31716140669249
103.99091498534086,3.3031809716326492,126.16560355077715,80.25753314982553
102.80874168952504,3.525055016105185,126.46978926708837,80.16262270474223
103.78503831920754,3.925021527985386,125.97814030265286,80.12204743139763
104.74503504642787,4.302072314358114,125.83176018191429,79.90863175075728
105.72312375439068,1.7418315325498668,125.74721498434957,80.56919958375244
106.04966337971518,2.8664828446157244,125.42916992530901,80.50245692666174
106.256133855679,2.7338969697028332,125.28808128785357,80.53862404008062
106.21867745961657,2.672085797561124,125.01811701575038,80.4299065849599
105.5655854501268,3.4699658099544024,124.86993542365354,80.34071201179535
105.26111023388276,2.9568997985492302,124.57162925290066,80.80020633977003
105.58882065864304,2.635350945223621,125.03891827371854,80.64758203866978
105.50448706106144,3.580205669076946,124.85671685635388,80.65877271646667
105.79542367054097,3.338990630246883,124.95213336174483,80.56955979924612
105.35605345800013,2.915213887896641,124.4960438603357,80.59547315008888
105.84565259788329,2.4999481728109174,124.59126317166437,80.50440572857957
104.91228593675757,3.1699323368034698,124.92819345627237,80.37602661778044
104.99317196688689,2.6843585068961318,125.10262780236863,80.50219296484335
105.22769527916086,3.4688817094568236,125.29589815579845,80.12988849831297
105.57993315642094,3.1335518128787214,125.16398604950216,80.03446880605276
104.4551919487087,2.9336949464669715,125.11429773242847,80.21572767127486
104.56616412988743,2.814981630054774,125.31220947134551,79.97955782063025
105.26452175837656,3.3019464079386296,124.41909522898133,80.40497747750902
105.90352951264269,3.1213479802789266,124.19713455100023,80.67841660383453
105.36016970016,2.975411985234743,124.1180086626218,80.86296350941544
105.86517638420861,2.995970531268469,124.21430494685309,80.68935351745327
106.48603497322017,3.0305858978419096,124.14881283501494,80.61644334231978
105.7531409678322,3.085530240463058,124.00791377685171,80.67642443761795
106.15707760687278,3.087599454921559,123.9133513365162,80.69464997316919
105.41089603047892,3.132399222180794,123.44917807706483,80.71285227836
105.97410734514952,3.181330948466929,123.26493697533824,80.67048032911582
106.40576963835458,3.1932310062838525,123.65048395379321,80.52354163673598
105.17434267908723,2.8695523608930387,124.25451814919866,80.62518210537024
105.33819911565949,2.5479201071771485,124.95433558859227,80.77839558168935
105.68160447237726,3.3147692585460717,125.52536944245563,80.88585609815011
105.64620091405952,3.422946305917826,125.12965717351486,80.75255604675921
105.47354493502776,3.47082420441825,124.66310415946381,80.7936759983927
105.90689388179774,3.326991094178325,124.82324123067605,80.97583395844364
105.29523005002933,3.406463340970639,124.61670377237144,81.06413421035195
105.32938018133632,3.3854358703927474,125.0142471574759,81.1650032114507
105.7074401976284,3.490106385240523,124.87529131947562,81.02452473171576
106.15587185555168,1.6226325277593503,124.69821995242437,81.32250173592371
106.29643329077052,2.7026547960183223,124.88427542671326,80.89647719414148
106.00337320976669,2.681118117831538,125.05421441182006,80.69532795422732
105.5617637307464,2.46009459627782,125.38349271605966,80.66947397609262
106.17335766469131,3.124957689168589,125.27551514289337,80.73142564675639
105.58090399160321,3.010587703854661,125.38157531919349,80.74735384932929
104.68695916137293,2.9792927216381173,125.6368714909608,80.6598109490487
104.41851453704868,2.7766857653943475,126.18175582540005,80.68600396200202
103.40141038045576,2.220876267883888,126.99934488542732,80.78277293661431
105.69074066307161,3.2657032190107174,126.6073198144278,80.69233392197967
105.56698885696845,3.142359006349025,126.36783270660047,80.29936043915333
104.71004109357065,3.168743544295914,126.5464086666694,80.06904161364675
104.59605999036494,2.8941126110768707,126.85101575564059,80.26340502732604
104.12147818588224,2.6100403101171494,126.46259844534022,80.27796594766208
104.26979369011447,3.3090323940712594,126.3938068471808,80.48401226967543
103.55262874016447,2.8190910682278343,127.06245792408657,80.66409214121092
102.86394377471953,2.1434175112211804,127.6290675357435,80.81703065155601
105.6709042942446,3.01726900775526,127.2890684632461,80.99796325571685
104.55578181978503,2.618280612406224,127.47962005660494,80.6808965254875
106.37150815140075,3.4554016136005004,126.7937490679493,80.69749154874134
105.2626058948452,3.3057910437239997,126.34328871518517,80.42652368931832
105.51291620139486,3.203855370502424,125.74207647979284,80.31025640251028
105.1794739649555,3.204692241860151,125.87243170967915,80.33866805022849
105.1880020286012,3.18867521913932,125.82515982169478,80.42738867585128
104.5623214138865,3.247172755577054,125.94552625437129,80.35358946157356
104.4927834797537,3.314730999028356,126.28784689817056,80.51338924683435
103.6906429968564,3.2283314063625994,126.87986778458131,80.64985812712598
103.04648773778456,3.0937795252484293,127.14385674663367,80.76152991434726
104.45012127275422,2.9824604533195114,126.87200127299258,80.6160307581906
104.42639493796212,2.6481818432815416,126.35155477503909,80.7329652298916
104.38037144560134,2.3536003492359328,126.11375677832868,80.70234344558673
104.77187157212295,3.4007877630403627,126.46535108495496,80.49991243034818
105.08377846680571,3.0601245365614744,125.18353187919617,80.70194160299437
105.29095071018517,2.899944542095106,124.9508415476916,80.7369135692659
105.74714190448515,2.6744850108505034,124.57503817196243,80.91963700263523
105.78928610798506,2.5978329600922905,123.80497007422011,80.96618377623741
106.81058599627228,2.522905017496221,123.4574737045518,81.01346320446554
105.7911604989232,2.4026861825494237,123.84927658351967,80.91772629688454
106.19794091380234,2.9511075022316717,124.10982363912213,80.79674598175787
105.19935160153105,2.8336940991650295,124.2983536773915,80.76184856785369
105.82906703761492,2.6502171728001827,124.49014307919532,80.75724044629635
104.38378700204164,2.359590174424028,124.43321913392342,81.17106411670608
105.92692631256331,3.2438812442146485,124.25439476512312,81.07471174397054
104.58059662556008,3.130372855898294,124.65790914630122,81.12131344160564
105.97313048842828,3.1652770777792085,124.00164109745995,81.11642339670092
106.45133569295331,2.9099406729038293,123.726667763548,81.25010734846714
105.41798483264567,2.8101111139072543,123.8557550432453,81.32227600558764
105.44144163097377,2.8373422949472697,124.54656885022985,81.01263426809753
104.87107168769364,2.7806504738897075,125.11831361864893,80.94820886549391
105.2308854695596,2.794462505646379,124.97592813131396,80.88253925407798
105.76612676714895,2.6549291355834157,124.84418042516572,80.88933531473003
105.610577517941,2.7236762532706678,124.45490247256615,80.9341303519023
106.5557075694269,2.4982564331015453,124.17802077516532,80.92105312426912
