297,284,70,41
294.093133687973,283.504541182518,67.43725252151489,40.154321622848514
299.0435098952433,284.68899079706466,65.15499366395065,39.262145349458905
303.0854837949063,285.91934562216056,63.6462049375007,37.613954236311706
309.59961473404326,286.6746304124887,62.279997121116324,36.77502803200577
315.3899374134958,286.8893273537723,61.15730044690372,36.11666378570252
322.9651548521058,287.4309147908537,60.36754805717151,35.521106106192136
325.96722754314413,287.56197138993724,58.71134598106408,34.95340010287792
321.171538351465,288.0469682580957,58.113750937603456,34.55700355932532
312.3609133562313,289.49437424850527,57.05597146334907,34.10002083456392
305.3013896988037,290.07088551015255,56.87768315350961,34.049968196141805
298.8963420510015,289.26980781537236,57.71047017579851,34.201875940324086
292.9025048759461,289.50280268212435,58.053623766326815,34.35116969604735
286.95970295206195,291.6552944238094,58.00642541377769,34.74726796545441
278.09078444076096,291.200662002407,57.62457630967068,34.86910353513065
272.95048200000565,291.0208871623941,56.838377258991414,34.90634327410305
267.2116046385137,291.3213431661834,55.43014565385037,34.842284937598336
264.2729856048724,292.1759305043776,54.50050515439096,34.16979906583642
257.86923090465075,291.94379111766455,53.84546915993683,33.956303827173784
254.90066745167252,292.77237135622977,53.077597095861485,33.622163808264816
248.54782637300616,293.03888251138443,52.816831422994056,33.30596065019138
242.35147072050938,293.3704447641261,53.09110591463312,32.8434835435375
238.18847684954943,293.7909626630225,53.55729856301659,32.51484426016043
234.73567465586598,293.76990701378605,53.448269294835455,32.4040577983614
229.28994057004354,294.1118658409466,53.10264926305015,32.475523814370305
227.63051261584832,294.13707181982943,52.20921440758557,32.35287639155494
225.33729394045707,291.7899187206878,51.26285823648697,32.166364222833735
224.0172381472226,288.43661615688904,50.05627749927122,32.01995392761026
219.75917713041665,282.9115896957142,49.41037980326887,31.884798529342234
217.95520270609327,283.25567040921595,48.91288994265661,31.575833775970438
215.59182550876722,283.4563548025797,48.141421032560196,31.43954231196436
215.23654427965874,283.851121626436,47.6755566032649,31.172940776468803
218.45561866312732,284.29368565069325,47.45136466921349,31.02724637415637
227.33024994783855,284.49701450629175,47.623242770567416,30.78714746508722
236.49499801769412,284.3362625214421,47.69055716247249,30.83946314991245
245.83564899405656,284.0429159823558,47.67839316445951,31.07740057041224
255.01401818989402,283.81412805664274,48.11851260664691,31.242841153388532
260.75692165404865,282.7456074067071,47.3703327077566,31.422289727506012
258.94383046197765,282.4202953674426,46.93461542988078,31.815469901158387
256.5045887250924,281.56800612400696,46.71008109664447,32.107428797270416
254.2899666923633,281.56829103978293,46.78141834371273,32.33860143717499
252.79982848180936,280.9376117499115,46.27164969417245,33.010696339320646
253.1524689770784,280.3964394621223,45.9113384232827,33.5338749603093
250.89012792583594,279.7929975185748,46.20077052958233,33.80083323638519
250.63373823682792,279.7513827674411,46.09611177006708,33.772112169797765
250.49335292101685,279.13639233186893,46.29554134367339,33.82217189073463
251.30990825227389,278.1481192385413,45.18486879008036,33.88746271774019
252.17127256074124,277.83391337981544,44.286477536388766,33.75777970719891
250.30120286449738,277.76466787711286,43.949973938764174,33.772549545158924
250.46894530559177,277.51445717119526,43.789755128729425,33.86848573131662
251.1320221018479,277.1762933024065,43.862881607475714,33.645648017367364
251.01954337068935,277.1124051462725,44.28548327369414,33.45558589923078
250.79563226224928,276.49734787204744,44.26127240713538,33.53004852068663
251.2962551419178,275.6323328193262,44.55649109100514,33.57335253283678
251.4515003287435,275.29320013975115,44.581851194572366,33.32507453699881
251.78155041494713,275.12533549509993,44.553292214696704,33.37786320015688
249.44992698973917,275.1066907520551,45.12048594163847,33.227166729577675
250.67647970625384,274.6875451106282,44.78790253085644,33.16418738445598
251.51189880289803,273.5469555409663,44.504752497510694,33.41711940578366
252.1182119919834,272.9911308119605,44.1846351625567,33.45309504520694
252.20687279654223,272.852974833224,44.25692753885831,33.60489487414809
252.52300607246855,272.30565096978125,44.563105243788215,33.8272848915303
252.5669801386876,271.50518657999953,44.69791881686784,34.048400476818884
252.98217766415797,271.286814599705,44.578624165421296,34.20182827219914
252.90133275898577,270.41858920685513,44.357130138828744,34.40587952271971
253.1213129867312,270.02731090500373,44.19552516257828,34.506581759166394
253.19051793789433,269.4025486033119,44.56949574101833,34.289094791619476
253.46531508301427,269.54179633703154,44.35508390894073,34.173392334653485
253.8109940812725,269.4562882051698,44.466910719724886,33.78611418290301
253.90348232097057,269.0398794360988,44.023749419915134,33.72607732851658
254.05158750566153,269.2926547629295,43.95091150994484,33.676927307713356
253.67394103884766,268.6878196694769,43.543321042655506,33.625324348942996
254.21342041460736,268.60782550537573,43.715562967100475,33.282447303057
254.4527771799281,268.2328680066471,43.55635080665061,33.01803072130592
254.64690916760725,267.68702655742754,43.624899838885405,33.16180587390684
254.1969649897813,267.42687321332363,43.29570274913327,33.214115726406035
253.94334351992927,266.9796688230084,43.2132365857299,33.05943054532071
253.91048713302604,267.2259796421957,42.99635300982018,32.92073553577424
254.0241815255024,267.3521179832612,42.887958848290054,33.003391121309036
254.19820631067887,267.17966743973943,42.856260810873195,33.2259500986725
257.55996865008,267.0598799991257,42.522571489736976,33.03806186563825
258.5691244076323,266.6625031829491,42.38370636192341,32.89749577629282
262.30677089101465,265.5780678871111,42.00213764595212,33.127398901614356
263.1028636109188,265.03027086740065,41.90172306967679,32.98883192171003
261.53443095419243,264.9934542726829,41.77686176531644,32.88469537568994
262.4707730405501,265.30858947547796,41.52037458261418,32.86858783240079
262.6529220116723,266.61754134394863,41.225884944679706,32.79971726043743
262.7367885182257,266.10043974678496,41.053683870543,33.124509787345374
263.26150136783224,266.2795802397452,41.35596431852379,33.175358778651145
263.8390067405888,266.8474236977766,41.648823589108716,33.16465266989272
263.77461974563187,267.2153173346418,41.9070734706127,33.17449113049159
263.99469023046663,267.9053065221311,42.187074865445105,33.189016706585534
263.9082907946346,267.971329876524,42.037424857628835,33.126049896097555
264.2408586119201,268.48158416473126,41.311967515779315,32.901697964504265
264.0840187309721,268.63963955192276,40.78578731521186,32.68509572151285
266.0483993018953,268.9523536666208,41.100997521174335,32.3385810198439
268.0069437093667,268.45554627668076,41.40403867296746,32.26762143887653
269.84004738752793,268.6658064449069,42.00490971630313,32.06187374408309
269.51754112862636,268.7229438266007,42.49491822450176,31.950214393858275
271.56614580752284,268.9484745675234,43.059627983682745,31.808476699702105
271.4355724130524,269.16316335984504,43.35388426617723,31.78826592795559
273.87014040755975,268.4630644357029,43.23860588977245,31.894991366991466
276.25595183734646,268.89675548405773,43.08282251155272,31.732211392588603
278.6109122980461,268.94910058544093,42.948864133641045,31.698229606224565
278.62298684692007,269.0566184033757,42.96660743031657,31.888503528269748
281.3111167506572,268.30696385732534,42.892244671792525,31.963623172013904
283.5854838928558,267.8718565042212,43.21948504254664,32.007721495146335
285.1610309899508,268.2505555217008,43.94334197254791,31.892195687379136
287.3261913517186,267.84184094028785,44.218043679432256,32.062835776260975
291.84199057608055,267.9296481395866,44.65680694030311,32.06602552192671
296.3222036033332,267.9948960566026,44.69449928637155,32.10611259330646
298.1628533968395,267.5010325716048,44.615877521471965,32.122009552887874
302.5468978897401,267.9020989529599,44.63835307271921,31.850687265527192
304.5370931504998,268.4794687098225,44.29245113381081,31.495280310910637
309.3454846216509,268.50465764609396,43.98677678068103,31.41158250316516
313.8161974776945,268.5788801507043,43.819037477590264,31.381249834513934
318.7169675147921,268.6276556501671,43.463201863539254,31.60451576969711
323.3372735555362,268.6514057308671,43.2624152215041,31.857458989368205
330.97507265297065,268.9696658386834,43.01299157192324,31.838435443028096
335.86477058649723,268.9242055560868,42.93649754508016,31.829126201023243
341.536698002443,270.3717806316085,43.35556500017579,32.07150661524169
349.710016780943,269.92922043232824,44.12892828240922,32.21743130934205
357.74191201733896,269.873087955194,44.93868822465644,32.12239287370363
363.8887968550845,271.10345551320364,45.13032923947298,31.907288975640935
368.57849453962075,270.4799348209366,45.13064502152344,32.10546706843451
375.0845079590644,269.5437626116192,45.795602969623474,32.85013917242559
380.44389555311614,270.2872441249286,46.60562874587548,33.97268370653672
381.5861704732177,268.9481903844426,50.16141332110813,34.222737093194
384.48780942183777,268.52015546481266,52.66524907132897,35.13539842832555
389.7791393848713,267.72832964354404,55.9666395145245,36.46199416242116
394.0598291012951,268.87178758754874,58.55269050159882,37.03971398035964
397.1187589071274,268.06746257447173,62.757148013347276,36.45224994325071
402.23512820042396,269.1986911768001,64.28305829912972,36.49147807184603
408.09244887735025,268.9992671758737,65.73061119729134,36.563181689314675
415.87712136964865,268.65284302953864,66.59324443840248,36.82524423660247
421.0469498297271,268.37400640743283,66.13585260918798,37.30908005152898
417.2936082296537,268.3201437536247,68.4548593795862,37.5090866112911
414.1465908130647,268.40099491120486,68.88429784588202,37.95385953016235
410.4963342289692,268.7681225928011,69.39205302609682,38.02817604206524
406.21088787756986,269.4319577434679,69.39201238691552,37.75620914229724
404.5412716742104,268.9491784519329,69.30070566246992,37.691428722758005
400.2579453811686,269.3602649084945,69.12638096126102,37.037098361700544
397.3122453520307,269.8174711489946,69.45872330698192,36.51994869236116
391.1672570736846,269.4727097532292,71.37029906106184,36.39225627965311
388.6450679792987,269.71594128043284,70.76669131462242,36.64201060481584
385.0457322335233,269.03048782227785,70.66651656136119,37.01207721484373
381.4166130724828,268.778193202218,71.39956596056014,37.37215423374626
377.27401733345204,268.7452580398288,71.47451802822128,37.06550545285183
374.365645540771,268.84090855856977,72.27189582607714,37.09608997731304
370.56086853023095,268.9544632739318,73.08340182774818,37.1217142242145
366.38409565689926,269.12244846814696,73.71123908976189,37.572628024436355
361.6007905089116,269.15936552818516,73.28576678991203,37.08599040346911
356.96928651023904,268.6848060508336,73.46831996090211,36.74444766555308
353.70383340408756,268.46255664789777,72.6079312169978,36.341280923100044
349.0099616871078,268.87319143424224,72.6626315525076,36.02610747506015
345.6969413865918,269.3174070509875,71.19483441550258,35.64931792276383
341.1218582516071,269.46061505538944,71.22882217289876,35.205038073499324
337.4817016730868,269.04227273895276,71.18966063282633,34.83396845203157
333.5194777350442,269.52344482674533,70.51024193176306,34.44203357438953
330.31715928541445,269.67464775506255,69.322061524504,34.44597630979793
333.293472545879,269.9676534890327,70.0142075331769,33.92872268135853
339.8187617224695,270.1913979653881,70.59357398132641,33.68729135167651
346.07517487202296,269.5269380637071,70.74272068179235,33.79036605654302
353.15435533781925,269.1967876006006,70.191897019792,34.1431069561104
357.13378852087027,269.2667952678595,71.22657427856791,34.27276771087938
363.2386961256216,269.0674584997037,71.53852573166299,34.34247138115354
366.4560248590568,268.752278102122,71.45450522386835,34.413923117746194
371.7995756225502,269.34884225387657,72.28438291441093,34.15131886542649
377.7369893202899,269.50670473942483,71.56079968244461,34.19063307365501
381.3121780413459,269.27867045974654,70.64045420749582,34.14269697574312
386.48444958980457,269.3410279726186,69.67267159336659,33.873660657360276
389.9891553953367,269.18225525126957,70.41865253372444,33.854303243231485
393.8361944211055,268.53130574072065,71.03751984809256,34.09663815071231
398.29032758554575,268.82136015051515,72.01922525230535,34.114473948394746
399.9836250554805,269.475383619597,71.82676311730641,34.07814062469488
396.097050420986,269.23730581295007,72.11085436856469,34.14226291851552
389.72400945129976,269.0116272311077,71.33973583796651,33.856588383973275
384.90017214200833,269.8886606718062,70.56883516968416,33.19416221340697
377.935827990069,269.7226166011048,69.77005116826494,33.05343403653631
373.1173164761768,269.46152477308954,71.03544066638622,33.44976790914622
365.9679161752817,269.15348003496473,71.67544018938004,33.258678411244176
360.8817434482273,269.41511252349704,71.82168453112303,32.86783826556996
354.168162975833,269.81317014812845,71.2841543138023,32.86651966194845
348.6190780141172,268.6427746601574,70.81850053728286,33.752711853443884
341.72580273312474,269.06622527999434,71.03470808168963,33.698472280640054
335.32658859234255,269.6653161568271,71.57744674228223,33.52752007447522
328.15519214096815,269.0937390909385,71.52904339411558,33.90435785197762
322.8025856989227,268.49556193370034,71.4784665214315,34.117638276244705
315.1536839562178,268.8026097870814,72.04315767163628,34.06314012130527
307.08130855772976,269.13239501013317,72.83948737181058,34.243044830078524
301.0256047423539,268.78234609598553,73.29953162975964,34.747898495099015
295.19315280691296,268.77487378277664,73.7745637126165,34.90474848889119
290.3005053753762,268.9895908104338,71.67452360712316,35.43082218885638
294.4699558429056,269.3593440074605,71.70954597376118,35.27522012076511
301.5085271495015,269.76860569185857,70.99916266080133,35.283719125645256
305.77952912862486,269.38800187458116,71.13361992234219,35.23879176140168
310.06917068068077,269.44839883689895,71.97261455870887,34.743749063906584
313.7660893358414,270.0128878823911,71.08539097977186,35.213818037703405
311.4055666494471,270.19466239677973,70.85938673479313,35.13333537106868
304.84335020463516,270.6329809086172,70.57722725533739,34.65266961580929
297.9425444062454,271.41859605366625,70.25516827411404,34.289627501866235
291.1611588776244,271.3967397046132,70.44362502318954,34.43553793647406
285.22774689936267,271.5675967922593,71.12653765616565,34.773948997693125
280.9713080322497,271.99260157703367,70.01208651771091,35.47338851433355
285.81494652802917,271.96298710092583,69.66452357644494,35.41775640289002
291.1444845041597,272.10856667187386,68.71534275815596,35.7112481947365
296.2965156578542,272.15568158513366,67.77867680544243,36.24266764161242
300.50531758643,271.654930701928,66.98019545347871,36.912502700031276
304.82829074058213,271.3605883267488,67.26786959805528,37.674380413393735
306.5955111104921,271.1460099850687,66.97820129246992,37.677196874395285
301.5048624383181,272.457542425284,68.22416347751621,37.32810069055893
295.2664558646627,272.01021123642505,69.22100950751745,37.704148776131966
288.0865245884215,273.0527776988782,69.10749673956528,37.62327710649008
282.3141892222655,272.6188209789803,68.67017570399403,38.138383292686584
287.29504017676135,272.9224547979762,68.75559007460431,38.27276867984518
292.5035869897229,272.17627158280885,67.92917371003378,38.357095182697165
297.1499557067447,272.6718076406228,68.31383400395646,38.16878956897285
300.2837139278922,272.5092198498748,67.4956326327674,38.507655257970846
304.91160559155975,272.9254250818266,66.72285196809109,38.401593849834434
308.03122910414595,272.259112895677,66.21989349043453,37.83859167718113
305.56357340359614,272.8264256274502,67.3265289061979,37.35979379551722
297.44237890105734,273.5229634607457,67.7090078999839,37.217055491215646
289.45480381261376,273.6758027339747,68.09710668526957,37.35955779907819
283.2417955054528,273.82635017364936,69.23357824038737,37.54516774608386
275.36569506759895,274.00488086952424,69.59856731647349,37.47185119614815
273.9093192103067,274.1879145784157,69.61185847693498,37.52656038397124
280.3808618502452,274.2686798593128,70.0578837622436,37.469149465746156
285.76732135872464,273.333410430296,68.46979922557031,37.82687988166387
288.2413467286926,273.0220998200689,68.54416221625583,37.56022590890373
292.56208591072766,273.91756325497244,66.95743477152774,37.232710012645505
295.5698032800175,273.97237250076273,66.46876967100962,37.28644387642592
299.4026512240585,274.2463146952816,66.08474578381254,36.61633475415462
301.3710239709953,274.26743663162296,66.53593783571533,36.81944076550514
304.93149094558623,274.39807397602226,65.8336902764566,37.37499730782386
308.31361884586676,273.63443606695785,64.86510212421092,36.5962023213567
310.56640855680246,274.79854457458873,65.2529352923664,36.15575679333092
312.1910328976844,274.5649085643207,66.61405629291454,36.22676497605265
315.6802177346823,274.5699015948825,66.33838484966213,36.087296302915334
319.14345481656966,274.6288723669059,66.53174367844106,36.459779570708506
321.25196817803123,274.84964938648716,65.94726600298807,36.53535548922198
324.2670561826839,274.7529604536179,65.58682828637674,36.15770553961852
327.43256643472046,275.8508999892652,65.92778053392111,35.50570609650541
330.22425598936644,275.9887236078156,66.29504830191802,35.65217630129729
333.92845571965296,276.1487073947018,66.3694879488584,35.34483007438598
331.8577135704124,276.6690943716702,66.64341209910035,35.2271699433861
324.7245582003423,276.6566957359532,67.55585530841782,35.0203047924016
316.90285990057583,276.9549865840078,68.22344471800929,34.74404185478002
309.4459397986677,277.29839084989146,68.008542703808,34.87803392544884
300.40591488698067,277.71398636384333,68.62135314729929,35.320770586143645
293.5684019593637,277.6592052968088,68.96746245285055,36.029157161645685
287.78799963212276,277.7596653360072,67.23782082589936,35.92101147442324
292.69484307968355,278.5266828969904,65.84379068431782,35.87825285506603
298.20046361750866,278.2970474634153,65.582939661463,36.038957827850915
301.8369379526137,278.63545107972277,65.46320401539226,36.13696657185573
305.8049996055885,279.3931494269843,64.49067562292541,35.91658509320645
307.8734829744154,278.92935483309645,64.3065902214837,35.90087176881318
307.6452876073367,279.97826789675526,64.36934666613811,35.07200230272001
301.5261409538487,279.9105348844746,65.58906811947631,35.04287019014096
293.4853819907383,280.10887729637057,66.46217482896135,34.86032156451206
285.97818094467937,280.6036078375934,66.59272205505138,34.95887448868113
277.8746867754838,280.4913496669864,67.46132576514663,34.99431850406942
270.69396478828264,281.69274291568576,68.13310489885066,34.85460783522299
262.6919134616987,280.91153708844837,69.2424712620406,35.04809224932599
253.04560412400983,281.24384252899347,69.80584761258916,35.30949787776874
246.1483291558349,281.8156660605674,69.67579027202255,35.28885250930014
238.6862746165163,281.632626137973,69.8025570502447,35.51571661690775
231.24507953914383,281.5235638415133,69.38113899270931,34.64903417151989
232.15997821100552,282.1098817338091,68.85229980557162,33.72471632895157
236.80442010879318,282.5677017309596,68.84114218339721,33.085633064920984
240.45064338389773,282.6354095085798,68.36598117090782,32.63489126604156
244.26768267636612,283.78364286047207,67.73845337485045,32.04298233870818
246.40768826350342,284.15636550284074,67.6659326447592,32.12961080208254
249.3968900187254,283.96931565373006,67.30121426538825,32.33251202792326
252.10362584645458,283.9588871307374,67.27238664145457,32.273263776641144
256.3338220836164,284.1255669367185,66.6303282697615,32.35026688516848
258.6540355325434,284.92977259559314,66.33449728102619,32.359391516172565
260.9332139979269,285.2686154196696,67.06174101249069,32.09140208937124
263.7995753832894,285.46424245464254,66.81984532535326,32.742258224122025
265.48706123843937,286.36446085851895,66.37786082818808,32.83700676774093
269.0731128503052,286.91819074428275,65.6968703135018,32.9450164757742
271.9110624103067,286.48594286494216,65.5901035215322,33.39078823400148
273.94629891883505,284.1461721663006,64.71237833582015,33.3131079325236
276.80045776501885,280.62413264334924,64.29768361403369,34.12422389325176
278.6120247652941,274.9093968547393,64.93308452177774,34.2992255989506
280.47572983782567,271.92084765596877,65.13927098773762,34.28467055410885
281.8742140478621,272.831169341751,66.06334543914,33.860732333148725
285.9647757693637,274.18980337648986,65.78255873853789,34.94779055952364
289.78416740631855,274.3045205391004,64.70178318176077,36.53992078947071
291.22404273379635,274.5608437096141,64.01471073992472,36.48569156603892
293.5159260993662,275.1735671777616,63.66880993362014,36.55615260398707
292.8610832271274,275.0958131776056,63.78597064891541,36.60423256766896
286.60149825408155,275.51803016322606,63.793548683691085,36.553834388778796
278.40435819233124,276.67018253554676,64.20284917767515,36.654066845065174
269.7468886422215,276.67594097685765,65.17850147369538,36.45972532097727
262.73817289879037,276.865252581235,64.68839321141216,36.3854831847438
263.5811799650215,276.5690144132874,63.92835857399846,36.30086363059374
269.2263744270836,277.74796858597244,63.982307113253086,36.05468729129671
272.08338847993775,278.5067499566884,64.23253910886316,36.2160648460378
274.6988528789908,278.2928774679589,64.24792435952422,36.363819210036326
278.4338651133111,278.3493120811836,63.66160455320663,36.759459083070375
280.04620270332043,279.778368721434,63.82455268327702,36.97339184405821
282.01958764102545,279.0731067944533,64.83169268182937,37.53744552084607
285.20919031777566,279.59556560002136,64.00815854338634,37.808434553577385
286.6211477956718,279.2544472613551,64.35756674204355,37.69845737373596
282.49854221213195,279.6871118097728,65.34435410388637,37.45674825056018
273.16639256445865,280.57030466882316,67.14112257647918,36.71982224734898
265.66555934516566,281.54741240189344,68.0904122679338,36.42921592828017
266.85435806807766,281.57127526930566,67.74959064951763,36.49277770534094
271.45974168431434,282.10029674918263,67.01569013915119,36.41205523785456
275.1674400077541,281.96494980125414,66.61600575347153,36.09960643590044
277.21423173624487,282.2666396743167,65.88925741383011,36.131842813451655
279.05583841753634,283.1581456913866,65.79192003925377,36.124561389205596
283.69417122680295,283.3404644546371,65.1793340868582,36.14471747208536
284.52727546827214,284.06966622827605,65.39259833646383,36.093292531985206
285.7352518970316,283.9253492769433,65.09638262722984,36.067751275911625
289.0449146914402,285.35427682249195,64.86435180769973,35.93801460446148
290.830514724526,285.2950234120269,63.71213043262921,35.67869246974122
293.2402046283704,285.4698457009381,63.55684459619283,35.78873437983198
293.62352262169713,286.03737911727677,63.8103287534298,35.735580541539434
288.77719009316826,287.09174866520334,65.10874198706222,35.49687673640443
280.1578308657509,287.4216563226832,66.52617137939691,35.503333107998635
271.200859181449,286.867523577058,67.9314267749783,35.63637827664003
262.3179603015941,288.0525360607295,68.39416591042054,35.32735651745753
254.47850705867813,288.59727451622723,68.11386676881104,35.47082230684801
246.49214985377796,288.1923291369287,68.3202676257549,36.181751011788535
244.40296434062338,288.2519776710212,68.19184782335927,35.92196104239751
249.39696144942013,288.83655031877737,68.23694896556796,35.627006613832364
253.43588255636334,289.0283551721758,67.11553289532782,35.977494149390836
257.00986636518417,288.82454706199644,66.28840086804871,36.09641065342003
258.568818659778,289.7861482478858,65.99090629205985,35.60758619034787
260.2208517186225,290.103884696506,65.61060964840047,35.47973851531367
262.2185942209807,290.5793491664269,64.47057765805782,35.18401625576975
263.7739792796712,290.4326415901205,65.12317996194147,35.31069479069809
264.62815144292324,290.25614190248007,65.69100350500521,35.32176979664386
266.9634270852095,291.3842037429608,65.45247193097347,35.079144898794
268.33178982845106,291.4631435906796,64.96363405587954,34.917472255266844
268.759393448648,292.2016365157252,66.0882699551342,34.23581305531822
270.4003459767323,291.3524278267233,65.03208292035833,34.26005230984795
271.37108083537635,291.6116649049581,65.13450987818014,34.12300261021313
270.9082114984252,292.01288270643323,66.01502989065489,34.23980569382446
272.1655000753936,291.1717041379009,65.97257612119378,34.53668743377908
271.5758789723477,291.4070971638507,67.12816169453433,34.031568853169176
271.5276593571569,291.7920983383792,67.81508500761478,34.2626972042235
272.82560359766757,292.75574636174906,67.63593932825972,34.13412235175116
272.89811369882756,292.9629795488959,67.22648305978909,33.92523069855541
273.68671002007375,293.0398459649057,66.81573304997185,33.97090669574795
272.2803588406659,292.8081825409759,67.0016084072159,33.083634969922855
273.0229674257517,293.6284343780027,66.96401508595946,32.62759241266012
272.9542620989557,293.9880635856717,66.6929795766123,32.46793381412121
272.80245776833056,293.8634956515763,66.37343782959468,32.524469849300466
273.3538067506558,293.8564260974036,66.00693739616747,32.56973041464143
272.2760152772433,293.8909779053598,65.27157753102657,32.814145352701246
273.2200322092841,294.2150244270334,64.45838874255222,32.79121604331312
272.67741229393675,294.58467629334746,64.58336144668668,32.704251709546085
273.4367347703929,294.98433151603535,64.75095490186311,32.909579697626675
272.5739899964033,294.7846983636641,64.75667151492857,33.159800877719164
272.60779201762705,294.2531276421568,65.36233942654073,33.76629501405303
271.49187818470665,293.85044363474157,64.98061547571285,34.61788416965572
272.55447468537756,293.8586314719966,64.98175237320531,34.991635945373375
271.68200978820937,294.2220409768314,65.59434972335069,35.203420932934286
271.91339762274475,294.5797839648858,65.87910528949799,35.031403312957956
272.62946940244865,294.2570290653089,65.69217428502179,35.34712675184793
272.1488024083612,295.48556498751196,65.70140114171559,35.17397161924905
272.9476037377718,295.1535640529355,65.82801554012248,35.16244722707231
273.0696284744761,296.17836850096757,66.2069739602762,34.72108275010607
273.386777876938,296.23010068246356,65.45219432736502,34.83383566654837
274.1960542937509,296.5083322511653,64.76142617505954,34.94886439048816
275.3513113330124,297.4884298910627,64.74374137166768,34.41904826299138
275.729132589043,297.00022779190454,64.73626619559366,34.46544822222536
276.11483927686913,296.64188280103974,64.71401173879899,34.88262766537693
278.03563608212517,296.9048031632637,63.97475000504169,34.818354760047605
278.16856604369514,297.3040224597926,64.04598757769595,34.55628614637137
280.5133093180507,298.0988104765551,63.2886380414666,34.86225011185448
281.7011389838076,298.0853260738806,63.265441716926034,34.78514302344379
283.3181610747453,298.5746131713065,63.20932073756527,35.034110156068394
284.6799424671902,298.11190693191935,63.619443541512126,34.85329559455195
285.69992435025284,298.88536739620963,63.374927959400246,35.03111827063144
286.37195515973406,299.2273296430194,63.279431418219524,35.086133181499484
286.96365617054755,299.8511747788911,64.06118213707097,35.074364054241514
288.2812839170096,299.81930121693495,64.37249394112867,35.21573709356193
289.3476882288645,300.36418186484724,65.43366195812013,35.03541804369766
290.3739879470743,300.86950823539047,65.11265255427818,34.74506120867802
292.11712085782756,300.51165421711676,65.9350295969989,34.83951128442917
292.92562894872054,301.55885986243027,65.50582705485375,34.8062011919985
295.95391691281344,302.35043295476254,65.22176308574385,34.75189900624294
297.21556158798666,302.336064089054,64.61508898312391,34.63695151598805
298.45177692541074,302.66444840820833,64.48224385095455,34.63767360796502
300.78139757476816,303.1442101552462,63.97552034780246,34.50967186338574
301.5729111598072,302.55126604067584,64.44896428711472,34.38527559717269
303.18646271459374,303.60416276401696,64.5246444283502,34.14359643500591
303.3612824872018,304.0362843675705,64.95932988675816,34.32045980958678
304.92472520296457,303.1906553916564,65.5706725378894,34.8581362613616
306.8363323406404,304.1387231342606,65.65614656934619,34.79061071954298
308.46800799752623,304.50043292300205,65.26371948996479,34.930582005001824
309.23561178049175,305.21268411370175,64.92348515439569,35.20014698257306
311.24547789967215,305.29141124953674,64.7025657822459,35.679573049095076
311.8287801513304,304.6441544878738,64.70956147576776,35.970250059855395
312.63094353946576,305.2914812812681,65.10469205881105,35.70934748396158
314.3534607527485,305.3462944462517,65.08544102801277,35.56672343777614
316.1412706746141,305.75557771273657,64.61724711239742,35.368006705869846
316.8576669347547,306.3366110652419,64.39144507253914,35.070148460713334
318.2623161026213,307.2725020089904,64.41724428815179,35.08675616061871
319.98631920466687,307.4715452476146,63.909646552307066,35.43800765458081
321.93655410066475,306.8263057520694,64.05206301748301,35.21984838292247
323.0262984697408,307.4609451801332,64.3933407759891,34.68172009432641
322.9899034246595,308.0534133635285,64.15843815956686,35.243145579228106
324.047383462971,308.059612523789,63.73220438890543,35.760389244600375
325.94770064888985,308.57052322500533,64.07602735730828,35.909033788365164
327.6813234411025,308.3320647625599,63.96664209964988,35.100401668646846
327.4891858618802,308.8644447023506,64.61748186571475,34.43321850858797
324.8379349639492,308.35821427715854,65.68856982032922,34.286855630410784
314.39141441030364,308.6087157909927,67.80021406177562,34.162738255284594
304.41452587783215,308.915701955161,69.34098911255846,33.94779089032687
295.3893315933909,309.23181377262836,69.49110531205605,34.173691809549354
290.2034756308316,308.1897910474789,68.68540043572216,34.4604522991016
292.5582682209295,308.24222083767035,68.97293611276505,34.23906673341805
295.23500251960223,308.77698313145066,68.38708855576388,33.2321882815453
298.77544512188103,309.10065222513936,66.4422216274208,32.75021528348178
301.55755143265765,309.3559153042304,65.1093336785666,32.61521513628982
301.30924463692673,309.2278935860217,65.12543715440492,32.349100486407295
302.65623747809656,308.9448649452232,65.22771254422412,31.952848526709534
302.9463638298344,309.459513035546,65.5085505604483,32.239800762964435
303.53684791681127,309.03854289367035,66.45753505563826,32.55645598154171
305.15913860564496,308.94680797965447,65.79470287879177,32.42990020699436
305.3345650965265,308.89914661212185,65.3885381724852,32.490945309227016
305.83414862151574,309.36204506898827,65.70113107123714,32.33255569358235
307.3352835866385,309.73272626835114,65.40987040498382,32.694193816516425
307.8551110163884,309.0213152203771,65.36118722994004,33.303835942676905
308.3276801952662,309.6470512875623,65.23716835946989,33.28105669752006
309.5148705303274,309.1808670715167,65.22592493452575,33.400167971808685
310.0792601547947,309.617238476493,64.55037019554557,33.43555795337525
311.0941565642138,308.6478287690746,64.27150780521245,34.41057127547302
311.2542937902755,309.41007928582354,64.7940686006057,34.219218483018174
313.33206952486375,308.8620408707387,65.0031773944906,34.52124336797828
313.2272179332472,308.77128207455775,65.4659401139425,34.73329877237954
313.79722499458387,309.29721893805555,66.11529366705037,35.00678355540131
316.7794870197859,309.7170375423271,64.5046061530537,35.38125040321654
316.5685492721621,309.3704811685007,64.1069350679867,35.31507418421363
318.67367041838514,309.0840106657538,63.647288583569804,35.32505504184977
320.4030995500386,310.1005358085156,63.55699397230152,35.15912216126395
320.6316324926856,309.93703552762577,64.81282932163421,35.33996045154385
320.3926884979249,309.9412886512536,65.04640387738921,35.340713662919484
322.5708048855833,310.29155136938607,64.4404357466952,35.3083699440503
317.43174361248185,310.89365435238875,65.95084856084245,35.20676467174767
307.7924332640391,310.7028667007422,66.56719012869956,35.32623188750112
297.9023196198164,310.63056412694095,67.07096058425928,35.108416953011385
288.29030796325776,310.70695575514895,67.77772620694695,34.98071242725306
281.6360089537486,310.5231414451349,67.4392409434945,35.22024838578109
285.17312271554516,310.9764166236164,66.83318215540555,34.73123416830643
289.9928192320576,311.59820547522236,65.31751215247093,34.31976192287725
291.5407169615124,312.44301536099505,64.33554725996768,34.31401783130164
294.817560716854,312.35235699045694,63.36587511869969,34.287554360213946
296.49673193231644,312.9092420715987,62.80675134240745,34.048488022450414
297.98678747011036,313.8993418157411,62.67598761980115,34.130087106706014
298.36590170937103,313.6253651319599,62.42454250748315,34.19997146687176
299.11223828966774,313.38648764722444,63.00643094280642,34.291598994221076
300.855122818367,313.12980652237155,63.52393680301043,34.261569539367514
301.7297999214902,312.5921146719433,63.10101410959669,34.4535895164692
302.3793956804032,313.61942455323526,63.46227209662301,34.127766951227144
303.30914056027837,313.8279414314748,63.566543785732904,34.254757006565235
304.27038240170384,314.11406596814345,63.54558822292282,34.34435618027921
305.28935159755713,313.76614595246485,63.243739299218475,34.18593952208794
307.29426651041314,314.1588867272123,63.516208515254526,34.489722603864344
306.7695262888162,313.6648374108857,63.81060569552797,34.8494947608973
308.63766922550815,313.01755693522466,63.504291517090465,34.959475386139005
309.5447900734504,314.16710732685476,63.74207251674737,34.66273685416063
310.70871334108716,313.8982428470343,63.49475877070415,34.6078501497963
311.95718317591735,313.4885490894968,63.8711916558228,34.97961321990971
312.58926650723186,314.6225875647403,64.28158148695293,34.626013140913216
307.3517149552781,314.9339880591745,65.46796064524284,34.552790163080694
297.0585924588646,314.38443692279077,66.36099885096041,34.11438812047189
286.25273924164685,314.2896717791432,67.70625058874067,34.076305733530724
276.15120829174157,314.3297024667468,68.50179791640763,34.143520312808384
266.98560796863796,314.5977921089147,68.55137853698007,34.252799845954655
260.23486913932527,314.92000583062367,66.77775071922612,33.96985237036932
262.4822907485328,314.93968086184935,66.16656972462687,33.78371546914803
267.5377249144143,315.0833129316654,64.92080988285414,34.266463290976084
270.09251873021657,314.19776482524026,64.25601929028169,34.56063591888826
271.91144727662856,314.54491700651664,63.99227861820354,34.48079577972032
273.23310427331234,314.7622812567634,64.34937017483898,34.04125893621118
274.66814119043306,314.72975815188124,65.19429887737124,34.05028787380114
274.7032588864495,314.95745166971693,64.4432164365789,34.18762569784428
275.97629402622346,314.1636465961308,64.23601954341403,34.4571896328202
276.36232044985843,314.30495708802306,64.16768547761531,34.302884485226876
277.615267426356,313.96023237231014,63.823136768074114,34.51512139819907
279.4393204859691,313.79164634936865,63.95202010883936,34.59973771612343
280.80083128611534,313.60502329798817,62.82179495343985,34.77818193697493
283.03051392477954,314.92814212857434,62.67414337163757,34.67324481100472
283.66111883543476,313.73622931501706,62.54952176615504,34.40532607242706
285.0534728535858,314.6012978855482,62.41864163550794,34.057652386564996
285.36455044750664,314.2561148727688,62.229839007471085,34.55994383824934
286.1094020783049,313.96441743447565,62.911211328378826,34.64039287447687
287.10006845998277,313.7106956360524,62.973870130727484,34.64060076547099
287.83183017531434,313.19398108396854,63.222246338240325,34.690123183332624
289.102517518065,313.4304139558515,63.25146238722084,34.82723146624668
290.94232569122516,313.5727345542543,62.75112989824605,35.04318881928391
291.13593912422346,312.7568831720083,63.3604112133446,34.70797120795197
293.1332511322942,312.40176681175535,62.55590431794589,34.84096566675811
294.11518679035186,313.2908996753539,62.79695067112684,34.34338560278428
294.37127168267676,312.82955806664893,62.670274582213025,34.684743646816315
296.5083552457881,312.5007396828367,62.47999550988441,34.54515827698957
298.18754187850317,313.2343679284326,61.99905268344963,34.21992129606692
299.1919167165743,312.26183247938286,61.00816640013713,34.48952672957444
301.4135801799102,307.80643230557115,60.40318166325427,34.903015485095764
301.28142157241234,302.1268943726194,61.01849170685746,34.621421528306385
302.3349965304979,297.36914865418214,61.68119490576812,35.02874627053984
302.3487723997594,292.95605147309703,61.67249643303732,35.28551695717297
303.38660515147086,291.33514497568405,62.43049892315988,34.58362200903629
304.7885064384171,292.1711766154724,62.49205541718438,34.677493196775245
305.59669997718606,292.79556818131954,62.70522265902805,34.21060039777974
307.744510969327,293.27565521208373,62.36232036316176,34.05914120288959
308.8414157132342,292.9281341311994,62.67566343272037,34.264820767192745
302.3998793384802,292.7835644382194,64.46974787809023,34.34713638692119
292.6930476076575,293.3735126503352,65.36326020143002,33.99124175178261
283.29604309439793,292.68195157501793,66.60148690983385,34.19190860113231
280.0571081578323,292.9715365557943,65.33333360486454,35.050490648017764
284.25423913138764,292.84227886895326,65.65287018070306,34.73917435236922
286.4787868810886,292.5366684741542,65.04073428174985,34.30603140486092
288.50277802831386,293.54199489056157,64.71676078589849,33.85286152988623
289.713879707292,293.5019621665841,63.99883077102845,33.852515580920425
292.85992602536334,293.5391851009018,63.224360128904365,33.878149084810275
293.69075128842417,293.92100038659567,62.733135375449585,33.791230072718214
295.1669804657246,294.46187389934363,62.18642967969281,34.34555496761721
297.02888969261016,293.76122009152044,61.340281990844645,34.17738883982483
298.17442113433253,294.7646932761319,61.52680442310424,34.49310792355916
300.03641901594733,294.27563072370447,61.45821346601178,34.53730543279859
300.5181887972948,294.59937274939216,61.818638379902325,34.54126575693823
301.42431889858835,295.60185455631563,62.10354924550664,34.90468030547528
301.7835378152969,294.6234668395776,62.014391025584516,34.45867830555595
302.9172363254122,295.80938210456105,61.780217872770265,34.42605017961129
304.95281933593424,295.1362306553899,61.436126713252634,34.67091133696383
304.90659283918524,295.17955275731015,61.34828970810011,34.852349096185655
305.6442365333616,295.89896925594957,61.53057399314062,34.65682881539094
307.0735296376465,295.9227160158508,61.200006020731024,34.95832463327111
308.4757383104096,296.0208399144688,61.043998995486845,34.69129957626807
309.96447563005165,296.03012949044205,60.788005679444936,34.404903940347104
306.30181244548896,296.75003025060164,61.37342621437233,34.09956918733911
296.1902133191662,297.2222374314174,62.903846833350805,33.55760356928934
276.23346137588277,296.19193196506643,62.33595881317943,33.505411281242395
278.2323571330118,297.18477726144795,62.31443988192915,33.34508956970489
278.488422321009,297.34606302237427,62.016638584728305,33.1941552402208
279.40671209415564,297.5217906124328,61.88408681038483,33.03040261158776
272.1753042099791,297.03781468082934,63.6073710617091,32.75822381187661
262.9849385784076,297.86392992101236,64.84592283571637,32.3954349170514
252.54306765504583,297.4653235547189,65.44503486066256,32.43471665560445
246.91705138070282,297.85068484494434,63.79449287016399,32.57802099118061
251.10592512063053,297.19476419157945,63.27769156874482,32.60197877778408
254.36557524947142,298.30775365717835,63.06782286395001,32.480632224210765
256.4230472417543,297.74997896491595,63.13573162444039,33.044319190084074
258.70930171250467,298.21090390578286,62.56072357939355,33.11166048285733
260.635964972124,299.24412002961736,62.688485221623424,33.241418353978005
262.3353391184586,299.42182246125054,61.81988734246734,33.08125756457949
263.37574665587425,299.7920728807318,61.124731247051955,32.682824414320535
265.51016089277033,299.53978049665017,60.3825651229607,32.51585753768161
267.23316170232386,300.9056283140885,60.0870707155388,32.23144588603559
267.3008131287361,300.08604136290745,59.67755261150707,32.24146379493602
269.0657975143857,300.2177481731259,59.75990283282257,32.431734474683395
270.4227416388288,300.7370775074088,59.83514217220838,32.386688751197404
271.1489552239309,301.2349551759885,59.65256799787673,32.3738217549881
272.90533870777904,301.2840853204303,58.81224775793314,32.496660336143464
273.71208162287763,301.81355478301657,58.91706262792367,32.32664678452507
274.9352549400349,302.23235232324225,58.687099450793,32.45318794694027
269.25059572861767,302.0410788941554,60.819094112641096,32.71299699509822
260.48900364993955,301.8748748721286,61.66450956272199,32.68443665798547
250.1254798628134,301.80285619451246,62.343554893932264,32.49540811599142
240.34875399568494,302.066254407479,63.267478582534835,32.3837004330297
230.2801096346066,302.95958379088535,65.0884907543986,32.7619848844482
220.96447875335264,303.071908412826,65.92576524273659,33.06266242899231
216.81329000663857,303.3916644260349,65.72990798732438,33.83406077054031
220.54005191836268,303.0567960476948,65.15852146246017,34.024907763865265
222.95119431337193,303.26779883082196,64.48971815590112,34.03286513067435
226.45203629039239,303.78499719057993,61.877605868577724,34.01119984407324
228.7447457899954,304.9500254188322,60.87376750825722,33.67172299267124
229.7354524624593,305.2699449075417,59.55442837158901,33.42458829348287
230.80204920417418,305.42223845275885,59.742260736547905,33.81699479244976
231.20868725037334,305.457803882798,60.01513457510357,33.850083443522855
230.11807692364005,305.4164178676233,61.00631690516778,33.37176566016292
231.86314464759732,305.65174107838817,61.14378021976542,32.73196724702748
232.44259724311803,305.7660914231981,60.517194753283775,32.821034117889624
233.22198963394396,306.4710857272499,59.873669750131505,33.249072391004034
232.8600701132228,306.5248391783857,59.621833685525246,33.04360399589588
233.63312671139144,306.6812842156445,60.24284023062778,32.91750833649465
233.37734638075227,307.2065957799855,60.17654607976088,33.002207540194775
233.6456280007911,307.7528227107732,59.83267608807437,33.471792457878124
235.22694633923837,307.993094326431,59.82549285470708,33.25299757026865
233.9579291844663,308.2901683900901,59.66265116670785,33.24916734789957
235.30978985725565,308.7414560822487,59.73474268543275,33.067514314465896
234.89353473391517,307.94658703378127,59.16107946447762,33.194606761490874
235.38267158134818,308.8041047771572,59.55202006595252,32.621415070515404
234.97820812059368,308.1391591347422,60.54655933816381,32.69948281084305
235.36548119274434,308.7156664676974,60.84908128430134,32.38380432752691
235.76439931258258,309.4806613306234,60.894133876717156,32.256112098470695
235.25998206579374,308.52952785205053,60.50287207303077,32.622715689298644
235.56227821550135,308.8849729446329,60.373643475197454,32.86885013801832
236.10114544569433,308.3149314425043,60.040775743594175,32.8108049188563
234.87251247896413,308.8586247080442,59.803979444083375,32.731828603154355
235.94885880045882,308.2210029412769,60.517255028480434,32.741634414482874
235.11219807414147,308.5840852759816,61.572391139757,32.697317317400135
235.89386111963418,308.79771960566904,61.94597341306752,32.698701987635985
236.15380152468015,307.48009149501604,61.646084167726244,32.84204918184246
236.0249980589921,308.6830045208396,61.933224900702655,32.50206790444151
236.4835893399599,308.48468369371517,61.94250415460111,32.50603207274757
236.36133934448463,308.39492296095335,61.443482872415544,32.533284010955036
237.1089455805701,308.5195765963928,61.11039622612658,32.921562260820416
237.75855284560404,307.92555520228075,61.05582049667969,33.23137459650703
238.06350737884532,307.15018433113664,60.56553731151142,32.74142996985299
238.58101893641285,307.77917416557415,61.046890572528426,32.40658385305249
238.65109212199653,308.0710692785405,60.740140308319425,32.409577155447614
240.0331897627764,307.09837110921904,60.404754907970016,32.414775311030894
240.3293427111053,307.5171491063617,60.71595809172217,32.20564396121574
242.02607332961952,307.79167382835067,60.571948491961834,32.15488821507184
241.91689537447135,307.79438826259207,60.200876037027626,32.57625670677087
243.758246797206,307.2548354820314,59.431649181853736,33.042633612553956
244.9435990021023,307.5103872049681,58.54053614169007,33.56123688321808
246.7573479696557,306.48451792517227,58.17409105349179,33.843282068175874
248.47072497075686,306.7117318040313,58.313518234150834,33.68065635914106
249.97253377119685,307.34199292684644,57.9333368458105,33.62769548722132
251.9729865886893,306.8251219175916,57.905846585581486,33.712144905576075
253.67813443779673,307.5017956045571,57.96027828910001,33.44441590837694
255.0860652420632,307.32833865796863,58.07114373707036,33.40601754235677
255.63220690952937,306.941303545552,58.104885125191004,33.15621694142244
257.79325765516614,307.851915090825,58.32904494449484,33.676767837692914
260.1921537402438,308.23162030588423,58.54774752531614,33.584804676537246
262.15648510254886,307.8556000760608,58.723998035416734,33.55844906618065
263.9398480828882,309.1285406012684,58.95928475669906,33.00992133111883
266.6254528701174,309.09835546347625,58.39417745808905,32.973459465422934
269.2842154740788,309.4694984177374,58.282954416151355,32.80786804542608
272.10168518562296,309.94559655028166,57.56356665550817,32.98486592077178
274.2913560090131,310.1670285494658,57.44308321261574,33.31836094406724
276.01896470452834,310.7864484157959,57.25961078809221,33.56921854855746
279.4200785795017,311.161934314661,56.530465485197496,33.5372588324504
282.27808332069486,311.98242422106466,56.27434541473743,33.31482164316301
284.20793830803734,312.25218858704756,55.88896896475653,33.06074754204894
286.69086604928117,312.899479437709,55.491421835692954,32.931926953892884
289.10777272308883,312.7547729216344,55.19078729438252,33.032329872564354
290.92584660913985,312.8273081181823,55.259548131670684,33.09688871712032
293.40005920354105,313.30135044115536,55.16599516958341,33.16258466504628
296.3279259974062,314.5363226711107,55.01727757306404,33.10728659223581
297.9740976973453,314.44918269564926,55.46339757498022,33.13579752820419
299.78109928940324,314.6969513649926,55.1000776985121,33.306176870807256
299.9965586307851,315.4464195271243,54.15018518838639,33.11462670644066
293.0854074954715,316.0035287232793,53.306473741362204,32.57146009053978
285.8886657525173,316.5227279598738,53.105140065710586,32.28044759604944
278.3660479956337,317.5480604519588,53.35084841120373,31.966070324930353
271.66100403670146,318.0837208688324,54.02108056277189,31.651831834284675
271.4367595880907,318.3722020679401,54.54349298073731,31.46605203752113
277.865953290766,317.29207889604305,55.24467207318936,30.918240739332223
282.5824578368643,318.89306622881753,55.73761779971836,30.340311684211134
285.34624817019665,318.73793876872355,55.93125190432446,30.426699217819515
287.9103951025701,319.32145834984533,55.66346457415394,30.64251249068794
281.8017576071432,319.62930663605357,55.2704700184989,31.02489116508237
275.51394463425197,318.92467132093617,54.29019920524826,31.500964296995726
269.67591713302124,319.2369385026262,53.58829018793421,31.843451458521784
262.2743025625154,318.7863133407313,52.34100510775458,32.00079576119342
257.6721356788377,319.38742343972933,51.25102544432382,31.8227669427445
250.35664087917814,319.4598203911182,50.47166901245396,31.765249193233135
251.25947237468625,319.77892820963353,49.41356175416482,31.559248024920013
257.2909063050796,320.23163794957463,48.84615726465496,31.37704382700124
260.8040913369387,321.3392448939088,48.233193096169884,30.95007466260657
264.1096653263952,321.53108408334646,47.93740757071761,30.68140164278488
267.03949416379015,321.46770940421675,47.91459290969111,30.55592998296832
270.5236247296449,321.6890083124466,47.81584528963937,30.713880433873157
272.8460573926228,321.4532457944886,47.95476387634221,30.884137160434307
275.09957654107325,321.8692498759502,48.61158923834641,31.13931330747063
277.4585028479811,322.0968268492477,48.87172009926215,31.082334600438514
280.7704876017693,322.2787380119561,49.138516735484544,31.179483719866987
283.50786146303653,322.8198674728245,49.73740554477992,31.031888213085313
285.80776758879915,323.0218173040055,49.97843124872957,31.0186760461934
288.8147957224452,323.5808957196515,50.15005394033031,30.92132588509026
292.12974893251686,323.9238836187931,49.96149178135634,30.825123384116903
292.77836422190745,324.20362896235036,49.88150415873667,30.83818603362268
296.7085747837753,324.58991757077064,49.605967201718464,30.907234686056306
297.8807113543111,324.55260751239155,49.3487001527185,31.248623943773303
301.04448395750177,324.87763290640123,49.47573525334389,31.316859848850086
304.1118327845209,325.5214056014082,49.81545766995386,31.40406221197944
304.353421711343,325.9417658256807,49.848170593420704,31.499553170619023
307.57861354095445,326.29370883961417,49.987423736871165,31.61480102050629
310.45047692477107,326.55878645514497,50.03504781076015,31.591597717583447
311.56705790032873,327.1016210368965,50.20489408222474,31.728127159617813
314.94252585104095,327.82223169925015,49.81104340876658,31.638859102961607
317.9978290323942,328.3823662915476,49.77440354920354,31.714371864548937
321.0957817485517,328.4570263448524,49.57094406262824,31.682736815162208
323.94391870307936,328.70007746889473,49.07474053473737,31.56941366821096
323.8559515465504,329.06853244453964,48.99022558732216,31.447607915376928
317.6302427753277,329.74149062117857,49.081613909186416,31.34106500760994
309.3566094272143,329.5713667372591,49.23584090204404,31.26470953805832
302.6166840196577,329.9604679061822,49.4853211956118,31.028039239854454
294.29143119245714,330.83519065407194,49.25432851322104,30.85106607798305
288.50461963678976,331.00343858230656,49.3209383036329,30.705450996965556
279.61663608503557,331.1535860883746,49.31233662052021,30.6776050610051
281.8737426162241,331.75758151252234,49.31159706888531,30.74554592867489
287.10467804809105,331.8142367846751,49.35647345094007,30.63150753144659
292.4118396615808,331.8608544855783,49.35709563564258,30.92601935778578
294.88936324290853,332.46354040428565,49.20118701897724,31.079904622383612
298.2729367108805,332.85335236579976,49.19017506991068,30.92827177963949
301.84282367055187,333.29820305176247,49.00611966787146,30.789106611098482
304.77802675701594,333.6457089668516,48.75302544944151,30.972102073667752
307.6862415478781,333.4288858793504,49.168682526194914,31.107223451707508
310.3748146544961,334.041131263466,48.986247521302474,31.094135695751863
307.77164333848674,334.2776710795988,48.537086403473864,31.155218346430033
299.8407621805949,334.8150437495361,48.41184634651587,31.0099506982059
291.9527042664414,334.62967144876643,48.27757704298685,30.757437603116664
283.6266997554,334.60389314908986,48.2835842492738,30.66131864354504
275.4331354304537,334.9258759309246,48.63804764648083,30.470691851934177
269.5132499885635,334.7444005952438,49.42707924193119,30.4019337105821
264.2030611808341,335.27055219161633,49.073499795622375,30.393937749740097
267.54179132920774,334.9076371546733,48.66026688916445,30.461222150732652
272.9930212620292,335.22687819833726,48.7200071883165,30.473747417664146
275.7824203127634,335.5310802375656,48.95217033333845,30.440680212738794
276.39957754327463,336.32335231622153,49.57565623681039,30.365166039901165
279.89062471184434,336.5604474112089,49.50665165186824,30.564130978882286
282.61186920577995,336.97724149519183,49.913290910304326,30.612779708861837
283.38125602435434,337.2797924303055,49.58452088758118,30.54866866810224
286.6967949293059,337.38879259712724,49.51052286970081,30.36802491972298
289.15809453632613,337.58751159116804,49.565301547200846,30.15153889947682
289.98369399603,337.90115076876754,49.61220486358721,30.17313864181195
293.0700343492829,338.14427303093294,49.82524631742085,30.161761282569802
294.00225591587093,335.4072420360608,49.5322108599878,30.489721320715052
296.7227654432275,330.2242489352642,49.51249603119631,30.93306195346048
297.47641171769624,325.16880311838696,49.51593196069055,31.427896191279906
300.3443355335774,320.0655618183527,48.97086878327387,31.849299788968064
301.26827141249055,314.89108459339957,48.72576103587693,32.113808285505215
302.23998234121404,310.05184915923576,48.29637654911174,31.975953966149717
305.533052760879,307.6116477321637,48.45906364404695,31.783629140087577
307.0475154962445,308.8624700497962,48.618272128317756,31.369426902893885
308.0972185654959,309.57496499630594,48.54919760144831,31.26801393705942
308.8427839179946,310.2392467665121,48.85985939885417,31.04307223712408
309.8141706705823,310.92727126292294,48.78770304493915,31.019554319779996
312.3167003405745,310.5837812368747,49.18524923855456,31.26654364278296
313.88198669141985,310.76646193247285,49.32060790473806,31.244746821536737
314.8575145688858,311.0489051535677,49.68953730109702,31.310823645242905
315.8667471646474,311.6867888781577,49.668996914261314,31.340631447642185
318.71451425112355,311.79490350233766,49.99506298773845,31.590104852213432
319.47479744969627,312.49318578524685,50.394725548722946,31.39974374708847
319.6727074838286,312.4350001707569,50.24804456587029,31.62433556075898
313.517989838156,312.9936658693709,50.415459631690624,31.50452300098293
304.6409265398381,313.34003612745516,50.6273384561095,31.45858872489615
295.9623970051767,313.5002452746579,50.8039776035574,31.372531065771177
287.07926325506025,313.7286375465621,50.89701970095824,31.42410261632327
285.1474483003369,314.27217202900573,50.14618389690394,31.335715256298194
290.08539023416387,315.0311362758273,50.68301880213819,31.192461798131752
293.83449639995007,315.39866963447844,50.07748043983467,31.01735169103219
296.75670944844154,315.9441334693479,50.02188605366717,30.959413642455736
300.1432927733527,315.8887852670255,49.520267198186815,30.92115048491798
302.41618566573703,316.340158086826,49.160263845974356,30.619794611056456
303.32698485092254,316.95060776322237,48.92683826899169,30.316520745114538
305.73510282002087,316.9602985888854,49.351932954421734,30.595870957287104
299.2740698655762,317.4794904863434,49.81727565011526,30.574117215891256
290.25981067360306,317.98109582149607,50.11178905969628,30.460150505966556
282.02722742812216,318.04094609622126,50.16132711743059,30.65155109510793
273.1732767684378,318.1373017016691,50.79394538626214,30.912670096566945
264.6954065480572,318.5091225590871,51.30205971313178,31.053035597230863
264.18213615238653,318.47416076360673,51.80472419507828,31.119342725031398
267.2671498975873,318.6468964020811,51.7699196165115,31.133698340696984
272.62719653268886,319.1066434222541,52.13294192400606,30.8463007101487
275.77198180429895,319.43103652481295,52.0763354196348,30.816472441794733
278.756065886417,319.6537483592349,52.83079727935503,30.884868527074605
279.32691659373324,319.5007777846103,52.65791297955248,31.227550076220876
282.4235673068509,320.0050904233576,52.698716663485676,30.95119211888229
281.91980939715506,320.61949730599224,52.76192753979258,30.834997872846778
275.3485077152701,320.7844706067857,53.16718616174123,30.805737124025903
266.78748347023185,321.4388456106465,53.25880481172986,30.927846085992634
257.8091985536635,323.4774156515659,53.25449818002279,31.10244645978142
249.1201249033859,322.9865261195038,53.23490034813172,31.061741579012587
243.89472463586068,323.21315651429893,52.93585919311871,30.708249629198903
246.54242859429948,323.5608793935681,53.27762874358731,30.565189439279415
249.42420950076107,324.35637047809087,52.32091688717658,30.395560610382702
254.56297657427965,324.53859604781815,52.281029796719,29.950585153008035
257.5608679312836,324.8780430846229,52.280272717476635,29.876424665709784
258.38716343838774,326.5614304470238,51.21384444922103,30.14156860965501
261.46179954234054,326.31109916797544,50.93610468150098,29.995408357578675
264.366091364681,326.21505824902476,50.986713885025665,30.017824024406043
265.6601698394475,326.6668537965228,51.045573699179755,29.788997085751546
266.39038416670013,327.31170728704825,51.180197406162875,29.88705336649567
269.3989266493985,327.4411439612433,51.527187624634564,30.011336794533804
270.7061533802488,329.3510369402638,51.2281807781531,30.24893151276241
273.02832696449497,329.175749294448,51.47682944401129,30.2621389717333
274.0717844154812,328.89395392342186,51.03771355708396,30.30245648418655
276.6370512111257,329.0086167370737,51.43760217648829,30.251496266257163
277.94325148811356,329.6186688069641,51.358720890548476,30.22849097768027
281.0878074391766,330.03398218750965,51.81283647026448,30.26748346688671
282.0944384861122,330.2610429564172,51.6768229020128,30.4034390312559
279.83548545224124,330.69116042425003,51.73143446368172,30.41148426793823
271.2782772884645,331.0130912709065,52.27412113120105,30.594130321798648
262.2229081621714,331.24590445362895,52.55863791772281,30.5728002269626
252.51147710993408,331.5784108241772,52.76287018516126,30.683046623019774
246.5175156188352,331.90737184651124,52.69399995446841,30.73321434723826
247.66085811098276,332.3223582474788,51.96926231590692,30.729032665832293
251.2408755432509,332.89590098318547,51.63901232151835,30.641322003684042
254.69062838535984,332.8227649858229,51.15000334903141,30.80749604145381
257.2099884876227,333.06608928542164,51.26056989148451,30.9103699828256
258.06790451398354,333.4391126854076,51.17600037958009,30.793549509796076
260.58579432206176,333.59806001881674,51.19939244005929,31.022910299425465
261.0122262242841,333.781759856189,51.319256709211544,30.841087778840446
263.6173727373684,333.9842984066785,51.46462602892926,30.96380128388345
264.1275339835032,331.87479555298586,51.136924708134124,31.091270946194225
266.6427425231916,326.712662783788,49.894529193240984,31.29753645407229
268.74224210368897,321.57644173717,48.87150273236523,31.225164246771246
269.45773694409814,322.0206216912508,47.543626076973766,30.846107073938196
272.12935000402035,323.0882701819596,47.140195928046104,30.44955160958767
272.5407854020758,323.8816680798962,46.438745701653076,30.112985410806154
274.9483716007891,324.99614845673375,46.667609692623685,29.63635198009088
275.02817104420353,325.17964742284164,45.94959402198511,29.52519390235392
277.24271993877,325.9251478804369,45.558852537020925,29.18796224184796
279.9159237660731,326.0508159191189,46.117513279936674,29.07076696889384
282.06578342972125,326.3866489934821,46.57184563797366,28.998610297782925
281.895928951831,326.8195321041261,46.95150442065031,28.944883511404708
282.31068093339536,326.75095619086954,46.69325399565334,28.975488123826963
285.07721996437624,326.87384267978786,47.07542194351817,29.080169357225408
285.3276554238695,327.09738031920256,47.139996745681174,29.067901051138037
287.19612886515444,327.27131283104035,47.83813039137053,28.97827294233558
287.7840941878484,327.53758337648105,48.16584635815005,28.799504193659185
290.78566895008254,327.9869377869344,49.00506543643434,29.05497601869525
291.5599771655629,327.90585212021426,48.680330965388876,29.071734921968336
292.18075903112384,328.0250680764749,49.087215820730854,29.394154762205105
292.98542791828453,328.30374420272426,48.69916422404468,29.367655423562816
294.2740757961327,328.55422166089386,49.16470036608388,29.655900574743725
295.69279185753936,328.03507246546695,49.86508429093906,29.917828142214233
296.9253615676664,328.556857107843,50.71233138344131,30.02581141540744
297.6806889920746,328.26047657651236,50.56355719468203,30.277324800265717
298.88165142721135,327.93142316769456,51.07998540515807,30.421508092091024
299.79629307603125,327.4218486778059,51.17417129334735,30.58710425357003
300.8844921841438,327.5478178042719,51.56760826312683,30.58158422342301
302.0689930776007,327.65306088578706,51.95818708839583,30.566327277802767
301.6286591192916,328.2305088732413,51.93333599637741,30.441017856467862
303.70271932922066,328.0167404277599,51.55534573399011,30.415966874687143
305.09727743176995,327.83827450471705,50.9207636303777,30.44787351992894
299.9926268890942,327.6605264498418,51.409702052460126,30.279532659350146
291.7807739015777,327.9652428639831,51.733739524685525,30.29731456085343
283.3297716015981,327.62432498356077,51.50787165760367,30.420053687310176
272.801804456699,327.6477404849342,51.41572130689899,30.68064913720005
264.553774037279,327.59624510101867,51.43257033848792,30.915654134924765
258.89563865080936,327.17972433342067,51.09339601255032,30.774157820694583
262.41308049858344,327.1784481625955,50.94947491771023,30.846914070132655
266.1699494928644,327.305762668807,50.58264902707909,30.61976042780389
268.8129515312951,327.2507717073509,49.97840383083306,30.507437902230627
271.595099231529,327.2060320388945,48.68042341373316,30.726272431327917
273.1631789915711,327.4350587332035,47.4369919839352,30.660043109348834
275.63889097173137,327.7089329664916,46.927556014947626,30.38971024617193
275.2404070059751,327.68465297350417,47.144550844844225,30.270214757388707
277.3542801319845,327.83557768662286,47.35501984856278,29.976117793907235
276.93280310267653,328.00167507765804,47.28788453359017,29.810433564004676
278.73369064060137,328.10134402753863,47.26009360385868,29.631211185048684
279.9030262269934,328.5339275500215,46.116171547972115,29.36087042115367
282.35963760478523,328.10575779507207,45.579181416442424,29.393446798957164
282.2020045775334,327.8251063777935,45.42546450619205,29.711582128846064
284.2058240779111,327.71978286366226,45.2192402336014,29.828081296104664
285.79432249461297,327.6944245345757,45.01442758141092,29.776023103253607
285.7262272802544,327.34139747559647,44.99146851238059,29.702796916303313
286.98216263004986,326.4024328894878,45.68618035902384,30.080641211506492
289.2564283119767,326.75568868054347,45.41052144313769,29.97747114922776
289.0623522389874,326.93717661202453,45.0065117071926,30.928767809191967
282.0721469413809,326.5061957510254,45.46866611496672,31.44050295009356
272.94242701458813,326.20544124236756,45.796606487351056,31.847835084903824
263.36081112065585,325.7589557798299,46.03412950446368,32.31032454630845
253.68270109818627,326.001553676856,46.47272602950537,32.46905912783224
246.91959969532795,325.42144467357485,46.73391609413311,32.90163275048724
246.74682216010146,325.688152518265,47.1185163457115,33.169927666728285
250.50708408339878,325.39626329202025,46.76998575473209,33.098187408604495
254.22796322825263,326.26761191054266,46.671390478482614,33.138892018445375
257.6082528034824,326.08451353978006,46.35649337682065,33.38665080667726
259.458241815126,326.01980608334793,45.12633609137231,33.423381815668506
260.5560999062951,325.463221041749,44.42321236299064,33.53374463930678
263.41169453990085,325.38063538233547,44.19623549430827,33.52338269325839
264.50296937494454,325.5788521094321,43.98235070878812,33.07227895735701
265.79420511047675,325.827634802419,44.15398504407442,32.62972862125791
268.46798454509076,325.18518956612974,44.236232407298765,32.882337575853995
268.9655027854142,321.5678498012518,44.154895374760585,33.294518307239564
270.3311105882565,316.4432168504448,44.1860217452417,33.24685198839445
271.71760241633797,312.3546311301762,43.879635169309466,32.70466593839212
274.594883156733,313.3715654797842,44.26438977052024,32.36137879931101
276.27254709602727,313.82547820435815,43.91047571410573,32.686202199650396
276.9844787168443,313.2840347512898,43.642023000654575,32.96228742903685
279.7537872236324,313.5021274228016,43.754219089800635,33.628587623542295
280.4903791110222,313.9137388051735,43.849566828235055,33.69894350736573
281.6941529535748,314.17454543732117,44.143903651262804,33.5925632292822
283.7042478036767,314.5950647325003,44.17325208658759,33.21685217002329
285.4311705765756,314.0703908615765,44.009886677661086,33.404068971910306
280.9148771243954,314.5590991644295,44.67549112199954,32.7859697285129
271.9618256154896,315.04314033940875,45.25542607950847,32.571087432723104
262.58952904863554,314.74963889704486,45.63025679256228,33.104626482181644
253.63075084241936,314.40827252399856,46.641752032509245,33.59096658780271
245.16703211586113,314.0107905928338,47.70389884384107,33.72705242173945
236.53707581230287,314.3299229679776,48.12603908157277,33.87644034278897
238.29361487861524,314.2793193074386,47.34853686333102,34.16554686597544
243.09886236748062,314.3061574191187,46.877458580241374,34.20433610291572
245.31591005144196,314.07755695779434,47.25134708759333,34.94360810934845
247.54335753391692,314.6825139926882,47.219256955101926,35.002423964716414
249.45941659992363,314.19595423843055,47.003361443098875,35.11006024883983
252.30608819313161,315.0349386534713,47.194243148345514,35.28806156303019
253.33911774791375,315.05627140979743,47.44145079293163,35.461101057692495
254.37532707664903,315.29784656321965,47.867482414696894,35.48883378412366
256.11327922933873,314.21934946489876,48.65911188846179,36.131808014640015
257.9036366695724,315.0042897373768,49.05539986711002,35.77606943459636
259.64353648453033,315.4926069330414,49.74033030921565,35.62594970457926
260.2834664088696,315.4189249700324,50.63357522356817,35.21095256902424
262.79498926049666,315.3518928667456,51.99604473332674,35.52516855107716
263.7618544015803,315.5606026445614,52.77460736078164,35.90965200486016
265.44281781066445,316.24287500291786,53.14255253090981,35.95225684144627
267.7284843376828,315.7015953134609,53.0896067945306,36.01151426132233
268.5854088202788,316.87778362639,53.94033350148827,35.79725041889621
271.08666063063197,317.1948378667076,55.12811460978581,35.55522170882605
272.5970956545398,317.59944446443063,55.442131828129114,35.570953665185826
273.5392998634138,317.1128451708871,56.23715174938576,35.5754418893616
276.47213805650745,317.3068472546611,56.2908331398403,35.422541478003076
278.1146165012571,317.00815706311784,55.995756812169596,35.95018916527153
280.77308800495206,317.7665271569587,56.270869602356555,34.71392152440569
283.58969388464936,317.5839234340805,55.89109917673271,34.26293926383668
286.7630062316249,318.4815480582293,54.96940553212862,33.75215449403178
288.132411709066,318.8840699507968,55.17257398551058,33.28133833045211
290.0066219409355,319.3621970264642,54.61160416912567,33.004382281972966
282.85856416322656,320.32427003381616,56.14196311748782,32.355095814884095
274.29858175213224,320.63011292492473,57.87081656577521,31.90008259979603
265.1858545015398,320.59961623874165,58.70793297797084,31.707566927514993
257.6572065224973,320.83221785664733,58.955788323262865,31.507116198913458
253.6918173097113,321.2287671547343,58.6029792930853,31.337455305395267
259.66147394341226,321.71390731316944,58.59785677580538,31.657995587127317
263.41358809798413,321.87066674298416,58.96179634385892,31.495261264694
267.7339042941703,322.0669291587481,57.502181827158,31.467522640842045
269.10482199242296,322.50864807477615,57.34832026373681,31.783703267533856
272.2957984571659,322.4072976759923,57.25266227138472,31.900244046061452
274.84230917820054,322.58343637968966,57.24141506408713,31.84354607210782
276.93618832563715,322.68113574278584,57.17189664882211,32.05630603565287
278.77796721171035,323.29467729561696,57.63684599490081,31.9157923584345
281.42520622802886,322.9882035304801,57.27861864890929,32.475565620253846
283.5506399661021,323.0999737179666,56.77661439297769,32.985583304019684
286.092574739048,323.2872873630349,56.9586363990572,33.35863149234133
288.1703002724901,324.2454208934989,56.86627899443499,33.25670907595995
289.6260226757567,323.99494702467564,56.924019540227256,33.04339051340503
290.48311333423686,323.7165960122256,58.068327975082795,33.40452865571578
292.36876627175036,323.6717943317037,58.41241955336381,33.33385994003355
294.7635743621789,323.82217977298205,58.411167306070084,32.713459596903704
297.3451291731891,323.71934150009406,57.208681186780936,32.66187158817913
299.43851170918344,323.73520436493027,56.71145840834089,32.40328943310209
301.50342948972565,324.62791487147723,56.21073866718744,32.33044433248382
304.1927099038279,325.1095596352925,55.30927391976296,32.175347892431056
306.4479918432933,324.67944387673504,55.13420026757774,31.597739186233618
307.7733533831481,324.7985455790294,55.1643253095112,31.769309876464987
310.45142097696,324.9128403322398,54.76286007428013,31.74990960620819
311.8664178885453,325.54875026781394,55.43376985752418,31.617874786405753
313.9549237664021,325.0939246423397,55.21392238937774,31.38895131792524
315.8684411905576,325.17302203977204,54.96106170679253,31.40418869440537
316.18737976360546,326.09818887805955,54.306366799111586,31.458504275490156
309.2728216300727,326.8039546322803,54.907940188979865,31.210645571881148
299.5799898069915,326.7070032218566,56.19863694671456,31.157336966231988
291.4355925722325,326.59074490310013,56.080500492770675,31.457306556010742
282.8157086433108,326.55561081405256,56.195922571195055,31.74410614491925
274.2718146041172,326.49913526169917,56.018091371628245,31.910770686795797
265.0766476242102,326.78945112414374,56.509987831442245,31.931343118782248
256.5083438692879,327.28151611605415,56.86781726511494,31.71116711874511
247.2711390983261,326.94977235369277,58.35330468789792,32.416527088961914
240.5684759162137,327.00169283689996,58.15035468493515,32.6343290280212
243.4455106664765,326.88361234017947,57.77810920098061,32.52197549437969
249.52566178919102,326.9912784022859,57.08887056944319,32.804059717432054
251.25525735293675,327.4436203899289,57.248822451137514,33.180725877949236
254.21454291807595,326.62275142042324,56.702301129361345,33.152620262463856
256.1016468293144,327.0708618091552,55.88340365158047,33.47535190237358
256.55402894885555,328.0528645537873,55.72449915466281,33.27046771189942
258.98376367466324,327.8334492015407,55.20334566679253,33.557275905625545
260.67583808088807,326.670728823851,55.08627596925682,33.80725980332373
261.5385438317507,322.2100800761274,53.97540027609474,33.96296281634904
263.3953704177022,316.9608417531763,52.91669843819131,34.18276533657996
264.94388037966763,312.0226623873016,52.50993248726775,33.81893451602221
266.4750354865817,308.5846101536418,51.96570560740871,33.77185220431958
268.1232648118476,305.957310347638,51.74330310540593,33.14738677955344
270.3297946336448,306.7228509563396,51.343281620228346,32.479288908135665
270.6748736907129,308.2469226197618,51.776658662342115,31.969283255622955
272.2492369254504,308.47475302029187,51.3517161627462,31.4911055073231
274.0858821374481,308.6461270653244,51.175114819942884,31.217178474935427
275.7643659006893,309.110545104352,51.19900881422771,30.736596684123032
276.9259671453817,309.36633560418693,51.45297073638764,30.336726076391884
272.4682980682273,309.72875169525236,52.21770273530102,29.76696829695092
263.9993413933366,309.98024447893954,52.557206432372496,29.49885317828514
254.8713342758644,310.02727714901346,53.46418158955807,29.31693834779271
246.81341588168948,310.5024234259886,53.686951017983546,28.965111594127812
243.3173669316273,311.1541632749623,53.62850465617556,28.83668263165407
247.36090003377808,310.26493408271176,53.4659331952212,29.35477040401063
251.63418374628782,310.6013966710249,53.62732780633453,29.294825712346917
254.28362416353303,310.40902383020784,52.8622418517574,29.43552649404045
255.68691795751081,310.30815036499604,53.374752736397056,29.27531635125235
257.72455366554624,311.34605114962505,53.030696797315954,29.224300539059172
258.3297468079159,311.1263267014728,53.37363247016481,29.505609595595267
260.26568839539857,310.88286498136404,52.843846339190634,29.883138180015536
263.07557718690737,310.40623804327396,52.31690895087515,30.40137911960356
265.4121311493787,309.9948920114423,51.23889046150988,30.923218199076985
267.86467083128895,309.98383804549223,50.385453992434236,30.847777459910233
269.52470166364736,309.95898353638086,48.28910131495341,30.75235642497045
273.2574239703885,309.5910122452619,46.971045159723076,30.4956036756349
274.7453211186183,309.9212412572993,46.081652087399874,30.14264035151504
276.4325233008356,310.2086879316847,45.38579224429703,30.02942109694436
277.4655883889606,309.4459181335325,45.40792557970475,29.731189335712536
278.488396049415,309.9200557268136,45.125559775283115,29.021282809361907
280.1788994291655,310.1849146121597,44.45844523723294,28.50645197391128
281.23336545533846,310.2630397849609,43.95777441249476,27.984111092191213
281.7780352880655,310.02230416558103,43.83345158892905,27.965008993872836
284.4694015597656,309.67679952344884,43.43273036373566,27.995997867122743
284.24519662257774,310.4132461145524,43.69029473370819,28.294543998804123
284.9881443357199,310.7176635958224,44.220356186086065,28.199697531137247
285.8527658052992,310.932671358692,45.4532693042852,28.418186501018667
286.64695744749974,310.1660568143394,46.173251841722546,28.76023869839691
