277	261	43	26
280	255	44	31
286	255	43	30
291	256	43	30
296	255	43	30
301	254	43	30
307	254	43	30
312	254	44	30
317	254	43	30
322	254	44	30
327	254	44	30
332	255	44	30
336	255	43	30
312	254	46	29
277	254	47	29
246	253	44	29
238	253	42	29
245	254	43	29
251	253	43	30
256	253	43	29
261	253	43	30
266	253	43	29
271	253	43	29
276	252	43	30
281	253	43	29
286	253	43	29
292	251	43	30
297	251	43	29
302	251	43	30
307	251	43	30
313	251	44	30
318	251	43	29
324	250	43	30
329	250	43	29
334	250	43	29
339	249	44	29
345	249	44	29
350	249	44	29
356	249	43	29
361	249	43	29
367	248	44	29
372	249	43	29
363	249	44	29
330	249	45	28
297	248	45	28
265	248	45	28
237	247	44	29
234	247	43	29
243	247	42	29
249	247	42	29
254	247	42	29
260	246	42	29
265	246	43	29
271	246	42	28
276	246	42	29
282	246	42	28
288	246	42	28
292	245	43	29
299	245	42	29
304	245	43	29
310	245	42	29
315	245	42	29
320	245	43	29
326	244	43	30
331	243	43	29
337	244	43	29
334	243	43	29
303	245	45	27
269	244	44	28
238	244	45	28
209	244	44	29
184	243	42	29
186	244	42	29
195	243	42	29
200	243	42	28
205	244	42	28
210	243	42	28
216	242	42	29
220	242	43	29
226	243	43	29
231	243	43	28
237	243	43	29
242	242	43	29
247	242	43	28
253	242	43	29
258	242	42	29
263	241	43	29
270	241	42	28
274	241	43	29
280	241	43	28
283	241	43	29
262	241	45	28
228	241	45	28
196	241	44	29
165	241	45	30
135	240	45	30
123	240	45	31
133	239	44	31
140	238	44	31
145	239	44	30
149	239	44	30
153	239	44	30
159	238	44	31
165	238	43	31
170	238	44	31
175	238	44	30
181	239	43	30
186	238	43	31
192	238	43	31
197	238	43	30
203	237	43	31
208	237	44	31
212	238	43	30
218	237	44	30
223	237	43	30
228	237	44	30
234	238	43	29
239	237	44	31
244	236	43	31
249	236	44	30
255	236	44	30
259	236	44	30
265	236	43	30
270	236	43	30
275	236	43	30
281	236	43	30
266	236	45	30
232	236	46	29
199	236	46	29
169	236	45	29
158	235	44	30
168	235	43	30
174	236	43	30
178	235	44	30
183	235	43	30
188	234	43	30
193	234	43	31
198	234	43	31
204	234	43	30
209	234	43	30
214	233	43	31
219	234	44	30
224	235	44	30
229	234	44	30
235	234	43	30
240	234	43	30
246	234	43	30
251	233	44	30
256	233	43	30
261	234	43	30
266	233	43	31
256	233	45	30
223	233	46	29
189	233	45	29
165	233	43	30
166	233	42	30
175	233	42	30
180	234	42	29
185	233	42	29
189	233	42	30
195	233	42	29
200	233	42	29
205	233	43	29
210	232	43	29
215	233	42	29
221	234	43	29
226	233	43	29
232	234	42	28
237	233	42	29
243	233	42	30
248	233	42	29
253	232	42	30
258	233	42	28
264	233	42	28
269	233	42	28
275	232	42	28
280	233	42	28
285	233	42	28
290	232	42	28
297	232	42	29
300	231	42	30
279	232	44	28
243	232	45	28
211	232	44	29
197	231	42	29
205	232	41	29
213	231	42	29
216	232	41	29
221	231	41	29
227	231	41	30
234	231	41	29
239	231	41	28
243	231	41	29
249	230	40	30
255	230	41	29
260	230	41	29
265	229	41	29
271	231	41	29
277	229	40	29
282	230	41	28
285	230	41	29
264	229	43	29
228	230	44	28
196	230	44	28
166	230	44	29
136	230	43	29
112	231	40	28
113	229	41	28
123	231	41	28
127	230	40	28
132	229	40	28
137	230	41	28
143	230	40	28
148	229	40	28
153	230	40	28
159	229	40	27
164	230	40	27
170	230	39	27
175	229	40	27
180	230	39	27
186	230	39	27
191	231	39	26
197	230	39	27
202	230	39	26
208	230	39	27
213	230	39	26
218	231	39	27
224	230	38	27
231	231	35	27
236	229	37	28
241	229	40	31
246	228	38	31
252	229	35	30
256	228	35	31
260	229	34	29
271	229	31	26
276	231	33	27
283	234	30	27
267	235	28	24
230	233	31	23
195	229	37	28
190	226	33	29
202	227	30	25
204	229	32	29
211	232	28	28
217	229	27	24
216	228	31	27
218	228	35	29
226	227	31	26
227	226	35	31
238	226	31	29
243	226	31	28
311	182	26	22
261	108	31	20
262	106	32	14
272	106	19	12
273	106	17	11
272	107	17	10
262	106	28	13
273	107	18	11
266	106	24	12
257	108	27	13
274	120	24	21
292	75	31	22
314	111	39	27
289	105	39	28
254	115	37	29
170	122	31	27
125	127	25	20
74	106	26	15
73	107	20	12
74	107	17	10
71	107	20	10
70	108	22	11
69	107	24	13
74	107	21	11
73	107	18	10
72	107	18	10
73	107	19	10
71	108	19	10
67	107	25	11
72	107	22	11
71	107	24	12
66	105	28	12
74	107	20	11
67	106	26	12
72	106	22	12
73	106	20	11
76	106	15	10
73	107	16	10
75	108	15	10
67	107	25	10
73	107	19	12
73	107	19	10
72	108	20	10
71	108	20	10
56	107	27	12
26	108	28	17
4	106	18	16
3	70	20	17
36	64	22	16
9	76	20	14
12	76	20	15
20	78	24	15
19	60	30	25
87	96	37	20
134	63	29	20
112	96	24	17
111	97	22	16
111	98	21	15
110	99	20	14
111	98	23	14
112	98	20	15
111	98	21	15
112	96	24	17
135	62	20	15
139	61	23	18
111	96	23	16
111	98	21	14
109	98	21	14
111	97	22	15
108	98	23	15
135	63	25	19
112	96	25	18
113	96	26	17
130	65	31	22
95	54	34	26
94	48	31	24
14	62	34	22
14	63	28	19
17	62	26	19
13	64	21	15
15	62	24	18
19	61	25	17
14	62	23	16
13	62	25	18
17	62	26	17
18	60	28	19
17	64	23	17
14	65	19	15
13	63	26	18
14	60	32	21
14	63	23	16
19	63	25	17
14	63	25	17
13	60	30	19
13	60	29	20
15	62	31	23
1	66	22	18
12	66	16	15
3	100	28	22
0	111	19	22
58	143	23	20
62	150	28	22
98	194	21	16
65	152	27	23
128	99	27	21
148	102	20	17
140	96	23	19
142	96	20	18
190	65	17	12
192	71	19	13
218	101	18	18
219	105	18	16
215	103	21	19
219	105	18	16
219	105	16	15
220	106	17	15
218	105	17	15
218	102	19	17
218	102	19	18
218	102	19	16
218	104	19	17
218	104	19	16
218	100	19	18
218	103	20	18
216	102	20	17
219	105	18	16
212	105	19	16
225	101	22	18
191	63	35	23
250	49	27	18
219	47	28	21
170	32	21	12
176	36	19	16
138	77	17	12
139	57	23	20
167	35	21	16
138	56	26	23
171	33	20	12
174	37	19	15
149	53	21	17
129	90	25	22
166	33	30	24
127	94	22	17
128	54	25	23
131	58	20	18
131	54	17	13
150	62	13	11
152	60	16	14
134	77	17	12
123	67	18	16
119	64	23	19
148	32	22	13
150	61	14	11
150	62	16	12
161	99	26	14
139	101	27	18
107	130	35	31
117	220	21	16
107	216	41	25
110	213	43	29
115	215	42	29
124	217	39	27
128	216	40	27
133	215	41	29
140	215	39	28
143	216	41	27
149	216	41	28
154	215	40	28
160	215	40	28
166	215	39	28
171	216	40	28
177	215	39	27
182	215	39	27
188	216	39	27
192	216	39	27
199	217	38	24
203	216	39	26
209	216	39	26
214	216	40	26
220	217	38	26
225	217	39	25
231	217	39	24
230	217	38	25
203	218	41	25
167	218	42	28
137	217	41	26
106	215	41	27
84	215	41	28
89	216	40	27
98	217	39	24
101	217	40	26
105	217	40	26
110	217	39	27
116	216	37	27
121	217	37	28
127	217	35	28
131	217	34	29
137	217	33	30
143	217	32	29
144	219	30	29
162	169	33	32
157	231	38	31
162	170	35	32
181	121	32	22
208	105	26	21
158	69	22	19
138	60	30	22
191	126	22	15
200	104	29	26
191	122	25	20
151	113	23	23
202	101	27	24
151	61	24	20
153	59	22	19
159	63	17	16
182	63	22	20
193	126	22	17
164	164	26	25
210	104	25	22
210	103	25	23
163	127	26	22
160	163	28	24
184	121	27	20
191	64	25	18
159	97	26	20
120	97	31	25
77	125	24	18
42	114	16	15
43	110	15	14
51	71	15	12
52	72	15	11
51	70	15	12
46	66	17	12
72	24	22	15
69	16	26	19
66	18	29	17
75	18	26	17
74	20	24	15
83	19	19	15
82	62	19	15
68	21	23	14
88	21	13	10
94	22	10	10
93	22	10	10
92	22	11	10
77	27	15	10
89	21	13	11
78	28	17	10
92	22	11	10
97	24	10	10
96	23	10	10
95	23	10	10
95	23	10	10
81	17	18	14
80	16	22	18
135	66	20	15
93	63	28	19
80	64	31	19
78	63	33	20
80	64	32	18
40	56	34	23
80	61	31	21
74	26	29	17
85	63	29	20
83	63	33	20
82	63	33	20
70	24	32	19
82	63	30	19
83	62	32	19
81	62	34	20
79	62	35	20
83	64	31	18
83	64	33	19
83	63	31	19
85	64	33	19
86	62	32	20
85	62	34	22
90	64	29	18
77	62	38	23
83	65	34	20
126	56	35	22
83	58	34	24
84	64	31	17
52	61	31	21
12	60	30	22
24	11	38	27
52	3	35	21
46	0	35	22
120	69	37	23
137	70	36	20
135	73	36	17
139	73	32	15
139	77	30	13
139	78	29	18
165	103	22	18
139	78	30	13
141	79	26	15
140	65	31	23
137	67	40	23
130	0	47	32
135	56	57	35
169	0	44	16
174	1	42	33
177	18	38	32
135	57	41	27
104	132	20	14
104	133	15	11
105	134	14	10
105	134	13	10
83	133	17	11
72	134	35	22
12	127	29	21
8	58	41	27
18	60	43	27
14	62	38	25
11	58	47	27
15	59	40	30
14	59	44	26
16	61	49	30
15	65	40	26
10	61	42	25
7	61	45	25
11	60	38	28
8	58	41	25
17	58	47	31
14	64	39	26
12	61	44	27
6	60	49	27
12	57	44	28
16	59	29	24
0	38	24	22
13	64	23	19
19	61	29	21
66	124	36	29
133	98	30	23
128	100	32	24
180	153	20	17
179	154	19	18
178	159	21	18
225	156	23	20
179	156	22	19
178	156	21	18
225	158	22	18
224	156	27	21
180	154	23	20
180	155	22	19
179	154	21	18
226	157	22	19
225	156	25	20
225	156	25	21
178	159	22	18
177	153	21	19
178	156	20	18
223	158	22	20
176	156	19	18
171	160	22	18
144	157	30	21
98	161	28	19
156	101	22	15
151	95	25	19
190	110	22	19
198	112	23	20
200	109	25	19
196	111	24	20
194	111	24	19
196	111	25	19
195	113	23	19
193	112	20	15
196	113	22	16
197	110	23	19
194	112	22	18
193	110	22	17
193	111	20	17
197	111	22	18
194	112	22	19
195	113	21	17
193	114	20	16
194	112	24	19
193	111	23	17
192	111	23	17
197	112	22	19
195	112	20	16
198	113	21	16
195	112	24	20
193	112	23	17
179	112	22	17
178	132	30	23
143	131	31	22
115	130	25	19
99	131	24	20
102	130	23	19
107	133	19	18
108	132	16	16
109	131	16	15
109	131	16	14
107	132	16	14
107	132	17	13
108	132	16	12
110	132	14	12
108	133	16	12
110	133	15	12
109	133	14	11
110	133	13	11
110	133	14	12
110	133	14	11
109	134	15	13
110	133	14	11
110	132	14	12
109	133	15	13
108	133	15	13
108	133	15	13
109	132	16	13
107	131	15	13
80	131	21	13
43	131	21	13
7	132	19	12
1	101	19	21
7	101	19	20
8	127	15	16
7	129	15	16
1	130	14	16
6	105	18	19
9	102	26	25
14	103	26	29
18	109	31	33
20	112	41	40
105	180	45	33
174	253	64	47
294	270	47	30
300	271	45	30
305	271	45	31
310	270	45	31
315	270	45	30
320	271	45	30
325	270	46	31
329	270	46	30
334	270	46	30
339	269	47	31
345	270	46	30
340	269	47	31
310	270	48	28
276	269	48	30
245	269	46	29
215	269	46	29
198	268	44	30
206	269	45	30
213	269	44	31
218	268	45	31
223	268	45	31
228	269	44	30
233	268	44	30
239	268	44	30
244	269	44	30
249	268	45	31
255	270	45	29
261	269	45	30
265	270	45	30
270	270	46	30
276	269	45	30
281	270	45	30
287	270	45	30
292	270	46	30
298	270	46	30
302	269	47	31
308	269	47	31
315	270	46	29
321	270	46	29
320	270	46	29
295	271	47	29
259	270	48	30
229	270	46	29
199	270	46	30
168	270	47	31
158	269	46	32
167	270	45	31
174	269	46	31
178	269	45	31
183	269	46	31
189	270	45	30
195	269	45	31
200	269	46	31
206	269	46	32
212	270	46	31
218	270	47	31
224	270	46	30
229	270	46	30
235	270	45	30
241	269	46	31
246	270	46	31
252	270	46	31
257	269	46	31
263	269	47	31
269	270	47	31
275	270	47	31
260	269	48	30
227	269	48	31
195	269	47	31
165	268	47	31
135	268	48	32
108	267	46	32
105	267	46	32
115	267	46	32
122	268	45	33
127	267	46	33
133	267	46	32
139	267	46	32
145	267	47	32
151	267	46	31
158	267	46	31
165	267	45	31
171	267	47	31
177	267	46	31
184	267	46	31
190	267	47	31
197	267	47	31
203	266	46	30
210	266	47	31
216	266	47	31
223	265	46	30
229	265	47	31
236	266	47	30
244	265	46	31
251	265	45	31
257	265	46	30
263	265	46	30
271	265	47	31
278	265	46	30
285	264	46	30
291	264	47	30
298	264	46	30
287	265	48	29
253	265	48	29
222	264	47	29
203	263	45	31
209	264	47	31
220	264	46	30
225	264	46	30
232	264	46	30
238	264	46	30
245	263	45	30
252	262	46	31
259	263	47	30
265	263	47	31
273	263	47	31
280	263	48	30
288	264	46	30
294	264	48	30
301	264	47	30
308	263	48	30
316	264	47	30
322	263	47	30
325	263	47	30
300	264	49	29
267	264	48	29
236	263	48	30
207	263	49	32
179	262	50	32
165	263	47	31
176	262	46	31
185	262	46	31
191	262	46	30
198	261	46	30
205	260	46	30
212	259	46	31
219	258	47	32
227	258	46	32
233	258	47	32
241	257	46	32
248	257	46	32
254	256	48	32
262	257	48	31
270	256	47	31
276	257	47	30
284	257	47	30
292	256	47	30
298	256	47	30
306	256	47	31
313	255	48	32
321	255	48	32
313	255	48	31
280	256	50	29
250	255	48	30
222	255	48	30
192	255	48	31
174	254	45	31
181	254	46	32
191	254	46	33
197	255	47	32
203	253	48	33
210	253	47	32
217	254	47	32
224	255	47	31
231	254	47	31
238	254	47	32
245	254	49	31
252	254	48	31
260	254	47	31
267	254	48	31
274	255	48	30
280	255	49	31
288	255	48	31
295	255	48	31
302	255	48	30
309	255	49	30
316	255	48	30
323	254	48	29
329	255	49	30
314	255	49	29
282	254	48	29
251	253	47	29
222	254	46	27
192	253	45	27
170	252	44	28
175	251	44	29
185	250	43	28
191	251	43	28
197	251	43	27
202	251	44	27
208	251	44	28
215	251	45	28
221	251	44	28
227	250	44	28
234	251	44	27
239	251	44	28
245	249	44	29
252	250	44	28
258	250	44	28
264	250	45	28
269	249	45	28
276	250	44	28
282	250	45	28
287	250	44	28
293	249	45	28
300	249	45	28
305	249	44	29
311	249	44	29
317	248	44	29
322	249	45	29
326	248	45	29
318	249	45	28
285	249	45	26
251	249	45	27
220	249	45	27
192	249	44	27
193	249	42	26
202	249	42	26
206	249	42	27
211	249	42	27
216	249	42	28
220	249	42	28
225	249	44	27
230	249	44	27
235	248	43	27
240	248	42	27
245	248	42	28
250	248	42	27
255	249	42	27
260	248	41	27
265	249	40	26
269	248	38	27
274	249	42	33
277	250	38	27
269	249	32	24
247	252	29	22
204	251	34	26
176	247	31	25
171	260	24	20
194	281	25	21
269	222	19	14
274	222	16	12
274	223	14	11
273	222	18	14
272	222	17	14
271	221	17	14
271	221	17	13
271	221	17	13
268	222	19	16
235	252	18	15
241	252	17	15
238	251	17	16
244	259	17	15
245	265	16	14
272	282	15	13
251	270	16	12
265	254	13	10
268	256	16	12
269	222	19	17
272	222	17	14
271	222	15	13
276	253	15	13
277	253	17	14
278	254	19	16
285	254	17	14
285	258	18	15
275	258	18	14
272	227	23	21
291	248	24	20
243	232	27	24
300	252	22	21
299	251	22	19
272	253	22	17
242	224	31	27
229	252	22	20
237	257	19	17
238	253	21	19
241	253	22	21
245	255	20	18
246	253	22	19
247	253	22	20
289	279	21	18
290	271	23	20
290	273	24	20
259	257	22	20
258	258	23	22
260	258	22	20
261	256	23	21
263	254	24	20
267	256	23	19
266	257	24	20
283	275	24	20
287	272	23	20
285	276	24	20
280	258	20	17
279	265	25	21
282	257	22	17
271	273	28	23
229	270	32	25
214	271	29	23
233	263	25	20
230	262	29	25
173	230	26	23
231	264	31	25
231	265	29	22
225	273	25	22
233	262	29	22
228	274	25	21
226	271	25	21
166	230	25	20
225	273	23	21
226	275	23	19
227	272	24	22
244	257	31	24
226	270	26	21
230	271	22	18
229	273	22	19
227	275	22	18
248	257	29	23
223	281	27	24
