256	301	40	29
245	301	46	29
225	302	49	29
202	303	51	30
183	303	49	29
167	305	47	30
167	306	42	27
168	309	43	27
168	310	44	27
169	311	42	26
167	311	45	27
168	313	43	26
166	313	46	27
167	314	45	27
166	314	45	27
166	315	44	26
165	315	46	26
165	316	45	27
164	317	46	26
165	317	45	27
164	317	46	26
164	317	46	27
166	318	45	27
165	317	46	27
164	318	47	27
163	317	47	27
165	319	44	27
163	319	46	27
164	320	46	27
163	320	46	27
163	320	46	27
164	320	46	26
165	321	45	27
165	322	46	26
164	320	46	27
164	321	46	27
164	322	46	26
162	322	48	27
162	322	47	27
163	323	46	27
165	324	46	26
164	323	46	26
166	325	45	26
164	324	47	27
164	325	46	26
165	325	46	26
165	325	46	26
164	325	47	26
165	326	45	26
166	327	45	26
166	326	45	26
165	326	46	27
166	327	45	26
165	326	46	26
165	326	46	26
165	328	45	26
165	327	45	26
165	327	45	26
165	328	44	26
164	328	45	25
163	327	46	25
163	328	45	26
162	328	46	26
162	328	47	26
164	329	44	25
161	328	46	26
163	330	44	25
162	329	45	25
162	330	44	25
161	329	45	25
162	329	44	25
162	329	45	25
160	328	47	26
160	329	46	26
159	329	48	25
160	329	46	25
159	329	47	26
159	329	46	26
159	329	47	26
158	329	47	26
161	329	46	26
159	328	46	26
160	329	46	26
160	329	46	26
158	329	46	26
159	328	46	26
158	328	46	26
161	329	45	26
159	328	46	26
162	329	44	26
160	328	46	26
162	328	44	26
162	328	45	26
162	329	45	26
161	328	47	26
162	328	46	26
164	328	45	26
165	328	45	26
164	327	46	25
166	328	45	26
165	327	46	26
167	327	45	26
169	327	44	26
168	326	45	26
169	327	44	26
171	327	43	26
171	327	45	27
172	326	45	27
173	326	45	27
174	326	47	27
176	325	46	27
176	325	48	28
178	324	47	28
179	325	47	28
181	324	48	28
182	324	48	28
182	324	48	29
184	324	49	28
185	323	49	28
188	323	48	28
190	324	46	27
194	324	47	27
195	325	47	26
197	324	46	26
201	325	46	26
202	324	45	27
203	324	47	27
206	323	45	27
208	323	47	28
213	324	42	27
213	323	44	28
216	324	44	27
218	323	45	28
219	323	45	27
221	323	47	28
222	323	46	28
224	323	46	28
227	323	47	27
229	323	45	27
232	323	45	28
235	323	44	27
238	323	44	27
240	323	44	27
242	322	45	28
244	323	45	27
245	322	46	28
248	322	46	28
249	322	47	28
253	322	45	27
255	322	47	28
258	321	46	28
260	322	46	28
261	321	46	28
263	323	47	28
265	323	45	27
265	322	48	28
270	322	46	27
272	322	44	27
273	322	46	28
278	322	44	27
277	322	47	28
280	322	46	28
282	322	47	28
283	322	48	28
287	323	44	28
289	322	45	28
291	315	45	28
294	305	42	29
298	295	41	30
300	285	39	29
301	276	41	29
303	276	43	28
305	278	42	27
307	279	42	27
308	278	41	26
296	278	43	26
277	278	44	26
260	277	43	27
259	277	42	27
263	278	43	26
267	278	41	25
269	278	42	25
271	278	42	26
269	277	41	26
252	277	44	26
231	277	46	26
219	277	43	27
223	276	42	25
228	276	41	26
231	276	42	25
234	275	42	26
236	275	42	26
239	275	41	26
241	274	42	26
244	273	41	26
246	273	41	26
250	273	41	26
253	272	40	26
256	271	41	27
257	271	41	27
260	270	41	27
263	270	40	26
265	269	41	27
269	269	40	26
270	268	41	26
266	267	40	27
248	267	43	27
231	266	42	26
217	265	42	28
222	265	41	26
227	264	41	26
229	264	41	26
234	264	40	26
237	264	40	26
240	263	41	26
243	262	41	26
245	261	42	26
248	261	41	26
252	260	40	26
255	260	41	27
257	259	41	26
259	259	40	27
248	258	42	26
230	258	43	26
212	258	44	26
204	257	42	26
209	257	42	27
214	257	40	25
216	257	40	24
219	256	41	25
222	255	43	27
226	254	44	27
228	253	43	27
233	254	40	26
237	254	38	25
226	253	43	28
206	252	49	30
191	250	49	29
192	251	45	28
200	252	42	26
203	252	43	26
207	252	44	27
210	253	43	25
215	251	42	26
218	251	41	26
220	250	43	27
225	250	42	26
227	250	42	26
218	250	42	25
201	250	41	26
184	250	42	28
182	250	41	28
188	250	40	26
192	249	42	26
196	249	42	27
200	249	42	27
204	248	42	27
209	248	41	27
215	248	40	26
218	248	42	26
211	247	44	27
196	246	45	28
177	245	46	28
165	245	41	28
165	246	41	27
171	245	44	28
178	245	44	28
182	245	46	28
188	245	44	28
193	246	44	28
198	246	44	28
203	246	43	27
207	246	41	26
194	247	43	27
178	247	43	28
161	247	45	30
149	245	44	30
149	246	45	29
157	246	45	29
164	246	44	28
168	247	46	28
174	246	45	27
179	247	44	27
184	247	44	27
191	250	41	28
197	260	41	29
201	270	42	29
207	279	42	29
211	279	45	27
216	278	44	27
222	278	44	27
227	278	44	27
233	278	43	27
239	277	44	27
244	278	44	28
250	278	43	27
255	278	43	27
261	278	43	27
267	279	43	27
273	279	44	28
278	279	44	27
282	279	44	27
278	279	45	27
264	279	45	28
248	280	47	29
240	280	45	28
246	280	46	29
255	280	45	28
261	281	45	27
268	281	44	28
275	281	44	28
281	281	44	27
287	281	45	27
292	281	45	27
299	281	45	27
304	280	45	28
313	281	45	28
318	282	45	27
324	281	45	27
330	280	45	28
335	281	46	27
328	281	46	28
312	281	47	28
298	282	46	28
286	281	47	28
286	281	47	28
296	282	47	29
305	282	45	28
310	282	45	28
316	282	46	28
323	283	46	28
329	283	46	27
327	283	46	28
313	283	47	27
298	283	46	27
284	282	47	28
275	283	47	28
281	282	47	28
290	283	47	28
297	282	46	28
302	282	46	27
308	282	45	28
315	282	47	28
320	281	47	29
315	282	47	28
299	282	48	27
284	281	48	28
273	281	48	28
276	281	49	28
286	281	48	29
291	281	48	29
296	282	49	29
301	282	48	29
306	281	48	29
310	281	48	29
310	282	48	28
295	281	50	29
279	282	49	29
262	282	49	29
247	282	48	29
230	283	49	28
226	283	48	28
232	283	48	28
236	282	48	28
240	282	47	28
245	283	46	28
248	282	46	28
251	283	47	28
247	283	48	28
230	283	50	29
213	283	49	29
200	283	48	29
201	283	49	29
208	284	48	28
212	283	48	28
216	283	47	29
220	284	48	29
223	283	48	29
228	284	48	28
231	284	48	29
236	284	47	29
241	284	47	29
246	284	47	29
249	284	47	29
255	284	47	28
252	285	48	28
236	285	49	29
219	286	49	29
208	285	48	29
208	285	47	28
216	285	48	29
222	285	48	29
228	286	48	29
233	286	47	29
239	286	47	28
244	286	48	28
250	286	47	28
257	287	47	28
263	286	45	28
270	286	46	28
275	286	46	28
282	287	46	28
287	286	47	28
294	286	46	28
300	287	47	28
307	287	46	28
313	287	46	28
319	287	47	28
324	286	49	28
331	287	48	29
338	287	47	29
344	287	49	29
345	287	49	29
335	287	49	29
320	287	49	29
308	288	48	29
314	288	48	28
324	288	48	29
332	288	47	28
338	289	47	28
346	288	49	29
353	288	47	29
360	288	47	29
364	288	49	29
372	288	49	29
378	288	49	29
386	288	47	29
392	288	47	29
398	289	49	30
406	289	49	29
412	289	49	29
418	289	50	30
427	289	48	29
432	289	50	30
439	289	49	29
444	289	50	30
451	290	50	29
450	291	51	30
448	291	50	29
445	292	50	29
442	293	49	29
442	292	50	29
452	292	49	29
462	293	49	30
469	294	48	28
467	294	49	29
464	293	48	27
459	294	51	30
457	294	49	29
454	295	50	30
452	295	49	30
447	297	50	28
443	298	49	28
441	299	49	29
440	299	47	27
434	300	48	29
432	300	46	27
433	300	45	28
427	301	45	26
426	301	40	23
423	301	41	24
415	301	46	26
413	303	43	25
407	304	43	25
405	303	42	25
393	302	52	25
392	303	47	24
393	304	42	24
388	303	44	25
382	306	41	23
378	305	44	24
374	304	43	25
368	304	42	26
364	304	43	27
359	304	47	27
354	303	44	26
347	304	48	27
343	302	47	28
340	302	47	28
346	301	48	28
355	302	45	26
359	302	46	27
356	303	47	26
352	303	44	25
345	302	47	25
339	304	46	25
334	303	47	25
328	303	45	24
321	303	47	25
315	303	47	25
311	303	45	26
307	305	44	27
302	305	42	27
293	304	43	29
286	304	44	29
279	304	47	29
272	304	48	29
266	305	47	29
260	306	47	28
254	306	49	28
259	306	49	28
266	305	47	29
269	305	50	28
274	306	49	28
279	306	47	28
282	306	49	28
285	306	49	28
289	307	48	28
291	306	48	28
287	307	49	29
280	307	48	28
273	306	49	29
266	307	49	29
260	307	49	29
252	308	49	29
246	307	49	30
239	307	50	29
231	307	50	29
226	307	50	30
227	307	50	29
233	308	49	28
239	307	49	29
243	306	49	28
248	307	48	29
251	306	49	28
255	306	49	28
260	306	48	28
263	306	48	29
265	306	50	29
263	306	49	29
257	306	49	29
250	305	49	29
244	306	50	30
238	305	50	30
231	305	51	30
224	305	52	30
221	306	51	29
225	305	51	30
231	305	50	29
238	305	49	29
241	304	51	29
244	303	50	30
240	303	49	29
234	303	50	29
227	303	51	30
221	303	50	30
215	303	50	29
215	302	50	30
221	302	50	29
226	303	50	29
229	302	51	30
235	302	50	29
239	302	49	29
244	302	48	29
246	302	49	29
250	302	49	29
254	302	48	29
257	300	47	29
262	294	47	29
264	289	48	29
269	284	48	30
274	280	47	29
277	275	48	29
281	270	48	28
286	265	47	28
288	260	48	28
291	259	47	28
295	259	48	28
300	260	47	28
301	260	47	28
297	261	47	29
289	260	47	29
282	260	49	30
275	261	49	29
270	261	48	28
262	260	48	28
256	261	48	29
249	261	48	29
243	260	49	29
237	261	49	29
238	261	49	28
246	261	49	29
251	261	48	28
256	261	47	29
261	261	47	28
264	261	47	28
268	261	47	28
272	261	47	28
270	261	48	29
264	261	48	28
257	261	48	29
260	261	49	28
267	262	47	28
271	261	48	28
277	262	47	28
276	261	48	28
271	262	48	28
264	261	48	29
257	261	48	29
252	261	48	29
244	262	48	28
238	262	47	29
231	262	49	29
232	261	49	29
239	261	48	28
244	262	47	28
247	261	49	28
252	261	48	28
255	261	47	28
257	261	48	28
255	262	47	28
248	262	47	28
241	262	49	29
233	261	49	29
227	261	49	30
220	261	49	29
216	262	49	28
220	261	49	29
226	261	48	28
231	261	47	28
229	261	49	29
222	261	49	29
215	261	48	29
208	262	49	29
200	262	49	29
201	261	48	29
207	262	48	28
212	261	49	28
216	261	48	28
220	261	48	28
223	262	48	28
226	260	48	28
229	261	48	28
232	261	48	28
233	261	49	28
231	261	48	28
224	261	48	28
217	261	49	29
215	261	49	29
220	261	48	28
225	261	47	28
231	261	47	28
232	260	48	28
235	260	48	28
239	261	47	28
243	261	48	28
245	260	47	28
248	261	47	28
252	261	47	28
255	261	47	28
254	261	48	28
248	261	47	28
242	260	48	28
234	261	46	28
226	260	49	29
220	261	47	29
212	261	48	28
205	261	48	28
204	260	49	29
209	261	48	29
214	261	48	28
217	260	49	29
221	261	48	29
224	261	49	28
228	261	48	28
230	261	48	28
233	260	49	28
236	261	48	28
240	261	47	28
243	261	48	28
245	261	48	29
247	262	48	28
242	262	49	28
236	262	48	28
229	263	48	29
221	263	48	29
214	263	49	29
207	263	50	29
210	263	49	29
215	263	49	29
221	264	48	28
224	263	48	29
228	264	48	28
232	264	47	28
233	264	49	29
237	264	48	29
239	264	48	29
241	264	49	29
246	264	48	29
249	264	47	29
252	265	48	29
256	265	47	28
259	265	48	29
262	265	46	28
265	266	47	28
268	266	47	28
272	266	47	28
276	266	47	28
279	268	47	28
282	267	47	28
287	267	47	28
290	267	48	29
294	268	48	28
298	268	47	29
302	269	46	28
305	270	48	28
309	270	47	28
313	270	47	28
314	271	49	28
310	271	48	28
303	271	48	28
297	271	49	29
294	272	48	28
298	272	48	29
305	272	47	29
310	273	48	29
314	273	48	28
319	273	48	28
322	274	48	29
327	274	47	28
330	274	49	28
334	274	48	29
338	274	49	28
336	275	49	29
332	276	48	28
325	276	49	28
319	276	47	28
312	276	49	28
306	276	49	28
301	277	49	28
295	277	48	29
289	277	48	28
284	277	48	28
288	277	47	28
296	278	48	28
302	278	46	27
308	279	46	28
311	280	47	28
306	280	47	29
301	280	48	29
295	280	47	29
289	281	48	29
284	281	47	28
278	282	49	29
273	282	48	28
271	282	48	29
277	283	50	29
285	283	49	28
292	283	46	28
298	282	49	29
304	283	48	28
310	282	48	29
315	283	47	27
319	283	51	28
326	284	47	28
325	284	47	29
325	285	42	26
318	284	44	28
311	285	45	27
306	284	44	28
301	285	44	27
294	285	46	28
289	285	46	27
285	286	46	28
279	285	47	28
275	286	45	27
273	285	46	27
281	286	46	27
290	286	46	27
295	285	46	28
301	286	46	28
307	285	45	27
314	285	46	28
320	285	46	28
325	285	46	28
331	285	47	27
335	285	47	28
331	285	46	28
327	285	47	27
323	285	47	27
319	284	47	27
315	284	46	27
310	285	45	27
306	285	45	27
302	285	45	27
299	284	45	27
307	284	45	26
314	284	46	27
322	284	45	27
329	284	45	27
335	284	46	27
341	284	45	27
347	284	45	27
352	283	46	27
357	284	46	27
355	283	46	27
351	284	46	27
348	284	45	26
343	284	45	26
338	284	46	26
334	285	45	26
330	285	45	26
326	284	45	27
322	284	45	26
318	284	45	27
314	284	44	27
310	283	45	27
318	283	43	27
326	283	44	27
333	283	45	27
340	283	43	27
344	282	44	27
351	283	45	27
355	283	44	27
353	283	45	27
348	283	45	27
343	282	47	28
339	282	45	28
335	283	47	27
330	281	47	28
327	281	46	26
321	281	49	26
316	282	45	27
315	282	44	26
310	282	44	25
309	281	43	25
305	281	41	25
299	282	41	23
297	283	42	24
306	284	40	23
312	283	41	24
317	282	45	24
323	281	44	24
325	283	43	23
320	282	44	24
317	282	44	24
315	282	40	23
310	282	42	23
306	282	41	23
300	282	44	24
297	281	45	24
294	279	43	25
289	279	43	26
282	279	45	27
282	279	41	25
275	278	44	27
270	279	45	26
265	279	45	26
259	279	46	26
255	278	46	26
256	280	45	25
264	279	46	26
271	278	47	26
278	278	45	25
283	277	48	26
290	278	45	25
294	277	48	26
299	277	48	26
303	277	49	27
314	277	43	28
313	277	43	28
309	277	45	28
304	276	45	28
298	275	47	29
295	275	43	27
288	275	47	27
285	274	44	28
279	273	44	28
274	273	45	28
278	274	42	26
286	273	43	29
295	273	41	28
298	273	43	27
301	271	45	29
308	271	45	29
315	271	43	28
321	271	42	27
323	271	44	27
318	269	44	28
313	270	45	28
307	269	47	28
302	269	45	28
296	269	46	28
292	268	46	28
285	268	48	28
281	268	47	28
275	267	48	29
269	267	49	29
273	267	46	28
281	265	47	29
287	266	46	27
293	265	46	28
298	264	46	30
303	264	46	29
309	263	45	30
314	263	45	29
318	263	45	28
314	263	44	28
309	262	44	28
303	261	45	29
297	261	47	28
292	261	46	28
286	261	47	28
281	261	46	28
276	260	46	28
271	261	46	28
265	261	45	27
259	260	46	28
253	261	46	27
252	260	45	28
259	260	46	28
266	260	45	28
272	259	45	27
277	260	45	27
283	260	45	27
287	259	45	28
286	259	45	28
280	259	46	28
275	259	46	28
270	259	45	28
264	259	47	28
259	258	46	28
254	259	47	28
250	259	46	28
244	259	47	28
239	259	48	28
234	258	47	28
227	258	50	29
223	258	49	29
227	257	49	29
235	256	48	29
243	256	46	28
248	256	47	28
253	256	47	28
252	256	49	29
248	256	48	28
242	256	48	28
238	256	48	28
233	255	48	28
228	255	48	28
223	255	48	28
218	254	48	28
215	254	48	28
223	254	48	28
230	253	48	29
236	253	48	28
242	253	47	28
241	252	48	28
237	252	48	28
232	252	47	27
227	251	47	27
222	251	47	28
217	250	47	28
215	249	47	28
222	250	48	28
228	249	48	29
234	250	48	28
241	250	47	28
244	250	48	28
241	249	48	28
235	250	50	29
230	249	49	28
226	249	48	28
220	250	49	28
216	250	47	28
210	250	48	28
206	250	47	28
200	249	47	28
202	249	48	29
210	249	47	28
216	249	47	29
222	249	47	28
228	250	48	28
234	249	46	28
236	249	50	28
232	249	49	29
227	249	48	28
222	250	48	28
216	250	48	28
210	251	48	28
206	251	47	27
200	251	47	28
194	251	48	28
189	251	47	27
182	251	47	28
176	251	47	28
169	251	47	29
171	251	48	28
179	252	47	28
185	252	45	27
190	252	46	28
195	252	46	28
199	252	46	27
204	253	46	27
208	253	46	28
212	252	47	28
216	253	46	28
220	253	47	28
224	253	46	27
227	254	47	27
