0.000751
0.028159
0.026589
0.026513
0.026408
0.026315
0.026313
0.026298
0.026321
0.026330
0.026328
0.026357
0.026342
0.026309
0.026288
0.026270
0.026300
0.026339
0.026383
0.026335
0.026321
0.026342
0.026380
0.026356
0.026342
0.026296
0.026351
0.026336
0.026341
0.026330
0.026297
0.026323
0.026352
0.026309
0.026364
0.026338
0.026293
0.026363
0.026294
0.026318
0.026296
0.026336
0.026296
0.026343
0.026341
0.026260
0.026275
0.026294
0.026279
0.026273
0.026289
0.026298
0.026298
0.026306
0.026303
0.026318
0.026348
0.026300
0.026265
0.026344
0.026315
0.026328
0.026317
0.026325
0.026322
0.026324
0.026321
0.026329
0.026367
0.026330
0.026335
0.026345
0.026277
0.026309
0.026359
0.026290
0.026318
0.026337
0.026308
0.026315
0.026325
0.026350
0.026303
0.026366
0.026278
0.026333
0.026301
0.026304
0.026335
0.026356
0.026299
0.026293
0.026307
0.026315
0.026344
0.026299
0.026306
0.026366
0.026334
0.026340
0.026328
0.026318
0.026338
0.026328
0.026312
0.026345
0.026385
0.026323
0.026340
0.026324
0.026307
0.026333
0.026367
0.026299
0.026332
0.026302
0.026288
0.026323
0.026352
0.026402
0.026388
0.026353
0.026365
0.026322
0.026390
0.026343
0.026346
0.026324
0.026292
0.026279
0.026311
0.026313
0.026303
0.026309
0.026298
0.026302
0.026344
0.026355
0.026313
0.026306
0.026358
0.026339
0.026313
0.026332
0.026299
0.026392
0.026295
0.026306
0.026298
0.026341
0.026299
0.026323
0.026317
0.026289
0.026387
0.026376
0.026366
0.026322
0.026330
0.026418
0.026374
0.026354
0.026370
0.026329
0.026348
0.026270
0.026380
0.026314
0.026332
0.026314
0.026351
0.026317
0.026313
0.026314
0.026284
0.026294
0.026315
0.026366
0.026362
0.026309
0.026268
0.026343
0.026328
0.026315
0.026352
0.026346
0.026338
0.026347
0.026328
0.026302
0.026305
0.026325
0.026351
0.026300
0.026334
0.026347
0.026322
0.026353
0.026323
0.026340
0.026339
0.026345
0.026320
0.026348
0.026362
0.026366
0.026342
0.026319
0.026291
0.026337
0.026321
0.026311
0.026351
0.026352
0.026379
0.026342
0.026334
0.026293
0.026309
0.026350
0.026325
0.026280
0.026319
0.026379
0.026335
0.026337
0.026346
0.026334
0.026315
0.026381
0.026366
0.026346
0.026323
0.026340
0.026351
0.026360
0.026339
0.026268
0.026361
0.026330
0.026316
0.026342
0.026272
0.026330
0.026327
0.026330
0.026320
0.026336
0.026351
0.026386
0.026390
0.026377
0.026330
0.026289
0.026387
0.026304
0.026326
0.026293
0.026291
0.026329
0.026383
0.026304
0.026308
0.026286
0.026303
0.026347
0.026355
0.026335
0.026316
0.026300
0.026317
0.026296
0.026326
0.026347
0.026336
0.026348
0.026311
0.026308
0.026303
0.026309
0.026341
0.026326
0.026350
0.026322
0.026367
0.026341
0.026330
0.026316
0.026359
0.026317
0.026336
0.026329
0.026339
0.026355
0.026338
0.026308
0.026276
0.026357
0.026310
0.026311
0.026335
0.026355
0.026346
0.026372
0.026330
0.026307
0.026394
0.026308
0.026377
0.026323
0.026294
0.026307
0.026284
0.026326
0.026361
0.026363
0.026357
0.026291
0.026338
0.026384
0.026384
0.026367
0.026371
0.026325
0.026340
0.026340
0.026349
0.026331
0.026338
0.026294
0.026312
0.026335
0.026358
0.026334
0.026327
0.026292
0.026318
0.026327
0.026303
0.026286
0.026320
0.026327
0.026332
0.026312
0.026300
0.026357
0.026336
0.026287
0.026331
0.026309
0.026335
0.026319
0.026351
0.026370
0.026332
0.026324
0.026321
0.026404
0.026318
0.026324
0.026340
0.026345
0.026328
0.026295
0.026366
0.026345
0.026323
0.026299
0.026432
0.026357
0.026315
0.026293
0.026345
0.026363
0.026294
0.026309
0.026324
0.026306
0.026314
0.026360
0.026359
0.026357
0.026352
0.026374
0.026406
0.026332
0.026336
0.026351
0.026343
0.026478
0.026395
0.026430
0.026407
0.026427
0.026362
0.026305
0.026371
0.026363
0.026353
0.026361
0.026381
0.026446
0.026363
0.026361
0.026339
0.026354
0.026352
0.026343
0.026368
0.026361
0.026345
0.026408
0.026377
0.026379
0.026394
0.026342
0.026404
0.026349
0.026367
0.026390
0.026456
0.026365
0.026457
0.026348
0.026391
0.026430
0.026402
0.026434
0.026523
0.026427
0.026475
0.026497
0.026455
0.026462
0.026377
0.026442
0.026435
0.026451
0.026410
0.026425
0.026444
0.026440
0.026481
0.026438
0.026414
0.026429
0.026445
0.026489
0.026613
0.026349
0.026446
0.026426
0.026394
0.026328
0.026363
0.026423
0.026434
0.026389
0.026448
0.026448
0.026410
0.026396
0.026392
0.026446
0.026413
0.026402
0.026370
0.026376
0.026304
0.026340
0.026357
0.026311
0.026350
0.026359
0.026358
0.026325
0.026361
0.026389
0.026314
0.026335
0.026358
0.026314
0.026315
0.026352
0.026360
0.026344
0.026300
0.026285
0.026346
0.026326
0.026345
0.026320
0.026287
0.026333
0.026275
0.026329
0.026364
0.026637
0.026418
0.026334
0.026375
0.026393
0.026308
0.026350
0.026329
0.026341
0.026352
0.026316
0.026328
0.026364
0.026349
0.026387
0.026334
0.026390
0.026390
0.026360
0.026344
0.026320
0.026338
0.026482
0.026396
0.026365
0.026322
0.026379
0.026332
0.026350
0.026359
0.026362
0.026364
0.026370
0.026328
0.026330
0.026358
0.026375
0.026420
0.026421
0.026374
0.026440
0.026392
0.026406
0.026354
0.026357
0.026404
0.026360
0.026372
0.026329
0.026367
0.026369
0.026393
0.026320
0.026316
0.026388
0.026350
0.026370
0.026303
0.026325
0.026291
0.026282
0.024903
0.023061
0.022819
0.022716
0.022640
0.022668
0.022524
0.022707
0.022635
0.022640
0.022549
0.022558
0.022672
0.022535
0.022594
0.022612
0.022617
0.022603
0.022603
0.022525
0.022063
0.022091
0.022036
0.022058
0.022084
0.022057
0.022082
0.022100
0.022017
0.022056
0.022052
0.022157
0.022066
0.022852
0.022148
0.022111
0.022081
0.022104
0.022079
0.022099
0.022076
0.022105
0.022111
0.022111
0.022068
0.022140
0.022076
0.022099
0.022088
0.022081
0.022089
0.022008
0.022081
0.022177
0.022116
0.022210
0.022108
0.022114
0.022098
0.022197
0.022060
0.022113
0.022178
0.022094
0.022086
0.022071
0.022110
0.022097
0.022056
0.022128
0.022082
0.022093
0.022072
0.022082
0.022089
0.022123
0.022067
0.022089
0.022122
0.022092
0.022084
0.022052
0.022029
0.022071
0.022084
0.022022
0.022020
0.022081
0.022069
0.022017
0.022077
0.022056
0.022058
0.022073
0.022048
0.022099
0.022073
0.022099
0.022076
0.022055
0.022064
0.022057
0.022072
0.021970
0.022074
0.022106
0.022053
0.022054
0.022064
0.022068
0.022171
0.022112
0.022091
0.022104
0.022144
0.021990
0.022089
0.022149
0.022090
0.022049
0.022068
0.022078
0.022082
0.022089
0.022062
0.022054
0.022072
0.022068
0.022051
0.022070
0.022060
0.022067
0.022275
0.022042
0.022071
0.022031
0.022035
0.022062
0.021995
0.022064
0.022083
0.022036
0.022079
0.022063
0.022568
0.022595
0.022608
0.022573
0.022595
0.022609
0.022558
0.022580
0.022601
0.022552
0.022571
0.022911
0.022091
0.022047
0.022047
0.022083
0.022076
0.022051
0.022051
0.022078
0.022038
0.022057
0.022019
0.022064
0.022002
0.022052
0.022078
0.022202
0.022057
0.022036
0.022095
0.022032
0.022052
0.022059
0.022037
0.022085
0.022048
0.022049
0.022065
0.022062
0.022062
0.022070
0.022038
0.022102
0.022188
0.022037
0.022052
0.022092
0.022094
0.022053
0.022051
0.022047
0.022032
0.022032
0.022091
0.022045
0.022052
0.022044
0.022065
0.022047
0.022062
0.022064
0.022053
0.022099
0.022064
0.022095
0.022082
0.022052
0.022146
0.022066
0.022037
0.022101
0.022058
0.022053
0.022136
0.022098
0.022106
0.022111
0.022126
0.022072
0.022122
0.022100
0.022106
0.022089
0.022115
0.022128
0.022254
0.022093
0.022094
0.022080
0.022153
0.022034
0.022075
0.022084
0.022069
0.022060
0.022072
0.022088
0.022070
0.022040
0.022050
0.022040
0.022038
0.022051
0.022096
0.022055
0.022043
0.022042
0.022067
0.022102
0.022163
0.022136
0.022055
0.022083
0.022094
0.022053
0.022034
0.022089
0.022046
0.022077
0.022065
0.022049
0.022070
0.022062
0.022065
0.022081
0.022060
0.022062
0.022193
0.022066
0.022066
0.022062
0.022034
0.022098
0.022073
0.022069
0.022108
0.022094
0.022089
0.022050
0.022089
0.022053
0.022090
0.022106
0.022084
0.022027
0.022071
0.022104
0.022098
0.022124
0.022043
0.022049
0.022136
0.022154
0.022091
0.022025
0.022062
0.022041
0.022027
0.022075
0.022024
0.022034
0.022088
0.022215
0.022076
0.022047
0.022073
0.022063
0.022090
0.022202
0.022283
0.022124
0.022055
0.022054
0.022064
0.022061
0.022053
0.022043
0.022088
0.022073
0.022022
0.022055
0.022064
0.022105
0.022077
0.022051
0.022053
0.022061
0.022049
0.022094
0.022084
0.022085
0.022067
0.022052
0.022144
0.022115
0.022077
0.022044
0.022107
0.022072
0.022071
0.022106
0.022079
0.022048
0.022100
0.022060
0.022073
0.022050
0.022055
0.022053
0.022018
0.022097
0.022184
0.022052
0.022049
0.022076
0.022067
0.022037
0.022064
0.022044
0.022028
0.022055
0.022071
0.022096
0.021966
0.022030
0.022075
0.022061
0.022050
0.022024
0.022043
0.022076
0.022014
0.022088
0.022036
0.022075
0.022147
0.022145
0.022054
0.022053
0.022044
0.022035
0.022002
0.021991
0.022044
0.022055
0.022037
0.022019
0.022144
0.022129
0.022089
0.022056
0.022083
0.022105
0.022198
0.022048
0.022046
0.022068
0.022054
0.022060
0.022108
0.022086
0.022059
0.022051
0.022138
0.022023
0.022027
0.022075
0.022055
0.022066
0.022029
0.022065
0.022052
0.022082
0.022090
0.022089
0.022043
0.022061
0.022090
0.022158
0.022123
0.022022
0.022033
0.022064
0.022071
0.022068
0.022061
0.022068
0.022079
0.022068
0.022040
0.022025
0.022089
0.022028
0.022027
0.022080
0.022094
0.022073
0.022101
0.022072
0.022044
0.022058
0.022029
0.022038
0.022040
0.021939
0.022020
0.021987
0.022068
0.022030
0.022033
0.022075
0.022045
0.022044
0.022036
0.022031
0.022041
0.022087
0.022058
0.022050
0.022078
0.022005
0.022081
0.022051
0.022031
0.021994
0.022011
0.022051
0.022034
0.022040
0.022012
0.022006
0.022047
0.022049
0.022078
0.022039
0.021986
0.022061
0.022080
0.022195
0.021998
0.022052
0.022028
0.022031
0.022039
0.022023
0.022009
0.022021
0.022046
0.022043
0.021994
0.022039
0.022034
0.022014
0.022055
0.022023
0.022041
0.022035
0.022027
0.022023
0.022053
0.022051
0.022008
0.022124
0.022188
0.022011
0.021989
0.022035
0.022037
0.022057
0.022063
0.022028
0.022034
0.022038
0.022049
0.022046
0.022038
0.022039
0.021970
0.022051
0.022083
0.022176
0.022021
0.022035
0.022044
0.022019
0.022084
0.022039
0.022090
0.022006
0.022119
0.022017
0.022062
0.022078
0.022037
0.022048
0.022021
0.022043
0.022032
0.022062
0.022126
0.022065
0.022048
0.022045
0.022038
0.022121
0.022126
0.022072
0.022024
0.022018
0.022064
0.022017
0.022060
0.022062
0.022024
0.022032
0.022155
0.022048
0.022083
0.022102
0.022047
0.022039
0.022110
0.022246
0.022090
0.022030
0.021992
0.021993
0.022000
0.022070
0.022012
0.022013
0.022023
0.022067
0.022047
0.022023
0.022039
0.022043
0.022096
0.022017
0.022039
0.022081
0.022029
0.021988
0.022147
0.022056
0.022083
0.022079
0.022166
0.022090
0.022064
0.022042
0.022095
0.022017
0.022025
0.022046
0.022022
0.022022
0.022046
0.022009
0.021994
0.022012
0.022113
0.022056
0.022035
0.022115
0.022019
0.022035
0.022053
0.022061
0.022027
0.022022
0.021968
0.022023
0.022055
0.022071
0.022036
0.022021
0.022038
0.022073
0.022037
0.022033
0.021998
0.022040
0.022042
0.022038
0.022004
0.022038
0.022060
0.022076
0.022147
0.022028
0.022013
0.022052
0.022038
0.021998
0.022141
0.022023
0.021997
0.021996
0.022038
0.022046
0.022083
0.022091
0.022074
0.022066
0.022087
0.022232
0.022038
0.022080
0.022012
0.022012
0.022045
0.021983
0.022053
0.022011
0.022003
0.022004
0.022048
0.022042
0.021982
0.022036
0.022065
0.022038
0.022047
0.022025
0.025577
0.022017
0.022057
0.021976
0.022042
0.022084
0.022069
0.022062
0.022019
0.022048
0.022040
0.022021
0.022069
0.022047
0.022115
0.022022
0.022123
0.022025
0.022043
0.021948
0.021985
0.021997
0.022042
0.022245
0.022082
0.022086
0.022064
0.022105
0.021997
0.022080
0.022004
0.022020
0.021992
0.022117
0.022015
0.022086
0.022062
0.022039
0.022009
0.022161
0.022076
0.022026
0.022110
0.022017
0.022048
0.022074
0.022007
0.022105
0.022120
0.022053
0.022010
0.022012
0.021988
0.022076
0.022053
0.022050
0.022018
0.022027
0.022036
0.022040
0.022078
0.022020
0.022027
0.022046
0.022138
0.026089
0.022482
0.022038
0.022031
0.022045
0.022028
0.021991
0.022044
0.022011
0.022009
0.021998
0.021947
0.021993
0.022014
0.022030
0.022014
0.022036
0.022015
0.022011
0.022054
0.022019
0.022033
0.022025
0.022053
0.022026
0.022130
0.022043
0.022020
0.022018
0.022006
0.022033
0.022032
0.022027
0.022143
0.021996
0.021993
0.022022
0.022021
0.022117
0.022091
0.022065
0.022018
0.022151
0.022059
0.022114
0.022073
0.022101
0.022161
0.022120
0.022122
0.022176
0.022105
0.022099
0.022117
0.022032
0.022018
0.022025
0.022203
0.022042
0.022062
0.022027
0.022064
0.022042
0.022103
0.022043
0.022079
0.022094
0.022142
0.022125
0.022158
0.022083
0.022070
0.022033
0.022031
0.021980
0.022054
0.022050
0.022212
0.022107
0.022013
0.022025
0.022080
0.022126
0.022107
0.022182
0.022085
0.022057
0.022104
0.022079
0.022077
0.022063
0.022123
0.022044
0.022145
0.022002
0.022088
0.022043
0.022072
0.025674
0.022082
0.022123
0.022151
0.022033
0.022011
0.022172
0.022075
0.022078
0.022027
0.022057
0.022108
0.022071
0.022030
0.022019
0.022101
0.022039
0.022055
0.022083
0.021992
0.022092
0.022055
0.022084
0.022099
0.022075
0.022129
0.022145
0.022102
0.022272
0.022084
0.022102
0.022092
0.022098
0.022233
0.022082
0.022155
0.022170
0.022103
0.022093
0.022036
0.022031
0.022040
0.022030
0.022063
0.022006
0.022074
0.022051
0.022228
0.022007
0.022108
0.022052
0.022105
0.022039
0.022209
0.022054
0.022116
0.022057
0.022078
0.022031
0.022076
0.022000
0.022093
0.022028
0.022061
0.022018
0.022157
0.022071
0.022109
0.022061
0.022066
0.022241
0.022106
0.022115
0.022129
0.022063
0.022090
0.022022
0.022061
0.022132
0.022042
0.022028
0.022100
0.024868
0.022214
0.022052
0.021971
0.022124
0.022050
0.022079
0.022118
0.022082
0.022147
0.022100
0.022175
0.022052
0.022220
0.022093
0.022083
0.022016
0.022024
0.022048
0.022040
0.022050
0.022024
0.022256
0.022091
0.022088
0.022063
0.022051
