295	283	44	29
295	287	40	27
295	287	40	28
295	287	40	28
296	288	41	28
295	288	41	29
296	289	40	29
296	290	41	28
297	290	40	29
297	291	41	28
297	291	41	28
298	292	41	28
298	292	41	28
299	293	41	27
299	293	40	27
300	294	41	27
300	294	41	28
300	295	42	27
300	296	42	27
301	296	41	27
302	296	40	27
302	296	41	28
303	296	40	28
304	297	39	28
304	297	39	28
304	297	40	28
304	298	39	28
305	299	40	28
305	299	40	29
305	300	40	28
306	300	40	29
306	301	40	28
306	302	40	28
307	302	40	28
307	303	40	28
308	303	40	28
308	304	40	28
308	304	41	28
308	305	41	28
309	306	41	28
310	306	40	28
310	307	41	29
310	307	41	28
311	307	41	28
312	308	40	28
312	309	40	28
312	309	40	28
313	310	40	28
313	310	40	28
313	311	41	28
314	311	40	28
315	312	40	28
315	312	40	28
315	312	40	28
315	313	40	28
316	313	40	28
316	313	40	28
317	314	40	28
317	315	40	27
318	315	40	28
318	316	40	27
318	317	40	27
318	317	41	27
319	318	40	27
319	318	40	27
320	318	41	28
320	318	40	28
320	319	41	27
321	319	41	28
321	319	41	28
321	320	41	27
321	321	41	27
322	321	40	27
322	322	40	27
322	323	40	27
323	322	40	28
323	323	40	28
323	323	40	28
323	324	41	28
324	324	40	28
324	325	40	28
324	326	39	28
324	327	40	27
324	327	40	27
324	328	40	26
325	328	39	27
325	329	40	27
325	329	40	27
325	330	40	27
325	331	40	26
325	331	40	26
325	332	40	25
325	332	40	26
325	332	40	26
325	332	40	26
325	333	40	26
325	333	40	26
325	333	40	26
324	334	40	26
324	334	40	26
323	335	40	26
323	336	41	25
322	336	41	26
322	336	41	26
322	336	40	26
321	336	40	26
321	336	40	26
321	338	40	26
320	338	40	26
320	339	40	27
320	208	38	27
320	208	38	27
320	208	38	27
319	208	39	27
318	208	42	28
318	208	44	28
317	208	45	28
316	209	44	27
316	209	43	27
315	209	45	28
314	208	45	28
314	209	46	28
313	209	47	27
312	209	48	27
312	209	48	28
311	209	48	28
310	209	48	27
310	209	48	27
310	209	48	27
310	208	49	28
309	208	49	28
308	209	50	28
308	208	49	28
308	208	49	28
307	209	49	28
307	208	48	28
307	207	48	29
306	359	45	28
305	359	45	30
305	358	45	30
305	358	44	29
306	358	43	29
305	358	42	29
305	358	41	29
306	358	39	29
305	358	40	29
305	358	39	28
304	358	39	28
304	358	39	28
302	358	41	28
301	358	43	28
299	357	44	29
299	357	45	29
298	356	46	29
296	357	47	29
296	356	48	29
295	356	48	29
295	356	48	28
294	356	49	28
294	355	49	29
294	355	48	28
294	355	47	27
294	354	47	28
294	354	47	30
295	353	46	29
295	353	45	29
296	352	44	29
296	352	43	28
297	351	41	27
298	351	39	27
298	351	37	26
299	350	37	26
298	350	38	26
297	349	41	26
296	348	42	27
295	347	44	27
295	347	45	27
295	347	45	28
295	346	46	28
295	345	47	29
295	345	47	28
295	344	48	29
295	343	48	29
295	343	48	28
295	343	49	29
295	342	49	29
296	342	49	29
296	341	48	29
296	341	48	29
296	340	48	30
297	340	47	30
298	340	47	29
298	339	46	30
299	339	46	30
300	339	45	29
300	338	44	30
301	337	43	30
303	337	41	30
304	337	40	30
305	336	39	30
306	336	39	30
306	335	38	30
306	335	39	30
306	335	44	29
307	334	42	29
306	334	43	29
307	333	44	29
307	333	44	29
308	332	43	29
308	332	44	29
309	331	44	30
309	330	44	29
310	330	44	29
311	330	44	30
311	329	44	30
312	329	44	30
312	329	43	30
313	328	44	30
313	328	44	29
314	328	44	29
314	328	45	30
315	327	45	29
316	327	44	29
316	327	44	29
316	327	45	30
318	327	44	29
318	326	43	30
319	326	42	29
320	326	40	29
321	326	41	29
321	326	40	29
322	325	40	28
322	325	40	29
323	325	40	29
324	325	39	29
324	325	39	29
324	324	40	29
324	324	40	30
325	324	39	29
325	324	40	29
327	323	39	29
328	323	38	29
329	323	38	29
330	322	38	30
331	321	39	31
333	322	39	31
336	322	38	31
337	321	38	31
340	321	38	31
343	321	39	30
346	321	39	31
40	320	66	30
0	322	29	29
1	319	39	32
8	320	39	30
7	321	38	30
9	321	38	30
14	321	39	30
20	321	39	30
25	321	40	30
29	321	40	30
35	321	41	30
42	322	41	30
49	322	40	30
56	323	40	29
63	323	41	29
70	324	40	29
78	324	40	30
85	324	41	30
93	325	40	29
101	325	40	30
109	325	40	29
116	325	40	30
125	326	41	30
133	326	40	30
142	327	40	30
150	328	40	30
159	328	40	29
107	329	66	28
43	330	44	29
53	330	44	29
70	330	40	30
72	331	40	30
77	331	41	30
86	332	41	29
96	333	40	29
105	334	40	28
114	334	40	29
124	334	40	29
133	335	41	29
142	335	40	29
152	336	40	29
161	335	40	30
171	336	41	30
181	337	40	30
189	337	41	30
198	338	41	29
208	338	41	29
217	339	41	29
226	339	41	29
236	339	40	30
245	339	40	30
253	340	40	29
262	340	40	29
271	340	40	29
280	341	40	29
282	339	46	31
0	343	39	28
244	196	133	145
245	196	131	144
363	393	23	23
249	194	133	144
363	392	23	24
439	159	9	10
243	197	144	144
243	197	144	145
241	195	147	145
243	195	144	145
249	196	135	149
248	196	136	148
0	346	14	27
0	345	20	32
0	346	27	30
0	346	33	30
3	346	38	28
10	347	39	28
16	346	40	28
360	345	57	30
392	346	39	30
389	346	38	29
400	346	40	29
412	346	39	29
419	346	38	29
426	346	38	29
433	346	38	29
440	345	38	29
448	346	37	29
240	344	67	31
186	346	41	29
198	345	42	29
209	345	40	30
209	344	40	30
212	345	39	30
218	345	40	29
223	345	40	30
228	344	40	30
234	344	40	29
240	344	40	30
245	344	39	29
250	344	41	30
256	343	40	30
262	343	40	29
268	343	39	29
273	342	39	30
279	342	39	30
284	341	39	30
289	342	39	30
64	341	55	28
58	341	43	28
75	340	40	28
75	340	39	28
74	340	39	28
79	339	39	28
83	339	39	28
87	338	39	28
91	338	38	29
95	338	39	28
100	338	39	28
104	337	39	29
108	337	39	28
112	337	38	28
115	337	39	29
120	337	39	28
124	336	38	29
127	336	40	28
131	336	39	28
134	336	39	28
137	336	39	28
141	335	39	28
144	335	39	28
148	335	39	29
151	335	39	28
154	335	39	28
157	335	39	28
160	333	39	29
164	333	39	29
166	333	39	29
169	333	39	28
172	333	39	28
175	332	39	28
177	332	39	28
180	332	39	28
183	332	39	29
185	332	39	28
188	331	39	29
190	331	39	29
193	330	39	29
195	330	39	30
197	330	39	29
200	330	39	29
202	330	39	29
204	330	38	29
207	330	39	29
208	330	40	29
211	329	39	29
213	330	39	29
215	330	39	29
217	330	39	29
218	330	40	29
221	330	39	29
222	330	39	29
224	330	40	29
226	330	39	30
227	330	40	29
229	330	40	30
231	330	39	29
233	330	39	30
234	330	39	30
236	331	39	30
238	331	39	30
239	332	39	29
241	332	39	30
243	333	39	29
244	333	39	29
246	333	38	30
247	334	39	30
248	334	39	29
250	334	39	29
251	334	39	30
253	334	39	30
254	335	39	30
255	335	39	31
257	336	38	31
258	336	39	31
259	336	39	30
264	234	37	36
264	191	38	30
264	189	39	30
265	191	39	29
266	191	39	30
267	191	39	30
268	192	39	30
269	193	39	30
270	193	39	29
271	192	39	30
272	193	39	29
273	193	39	30
274	194	39	29
274	194	39	30
276	194	38	30
277	194	38	30
277	194	39	30
278	195	39	30
279	195	39	31
280	196	39	30
281	195	39	30
282	196	38	30
284	196	38	30
284	196	39	30
285	197	39	30
286	196	39	30
287	197	39	30
288	197	39	31
289	198	39	31
291	198	38	31
293	198	38	31
294	199	38	30
295	199	38	30
297	200	38	29
298	200	37	29
299	201	38	29
305	293	35	36
305	309	38	31
306	311	38	31
308	311	38	31
309	312	38	31
311	313	38	30
313	313	39	30
314	314	39	30
316	315	38	31
318	315	37	30
320	316	38	30
321	317	38	30
323	317	38	30
51	320	59	28
32	320	40	30
47	320	38	29
45	320	39	30
42	321	39	29
43	322	38	29
45	322	39	29
46	322	38	29
48	324	38	28
50	324	39	28
52	324	39	29
54	325	39	28
56	325	39	29
59	325	38	29
61	326	38	28
63	326	39	28
66	326	38	28
68	327	39	28
70	327	39	28
73	327	39	28
75	328	39	28
78	328	39	28
81	329	39	28
83	329	39	29
85	330	39	29
89	330	39	28
91	331	39	28
93	331	39	28
96	332	39	28
99	331	39	29
102	332	38	28
104	333	39	28
107	333	39	28
110	333	38	29
113	334	38	28
116	335	38	28
119	335	38	28
121	336	39	28
124	336	38	29
127	336	39	29
130	336	39	29
133	337	38	29
135	337	39	29
139	338	38	29
142	339	38	28
145	339	37	29
147	340	38	28
151	341	38	29
154	341	38	28
156	341	39	28
159	343	38	28
162	343	39	28
165	343	38	29
167	344	39	29
171	345	39	29
174	345	38	29
177	345	39	29
179	346	39	29
182	346	39	29
185	346	39	29
188	347	39	29
191	347	39	30
194	348	39	30
197	349	39	29
200	350	39	29
203	350	39	29
206	350	39	30
208	350	39	29
212	350	38	30
215	351	38	30
217	350	39	30
220	351	39	31
223	351	39	31
226	352	38	31
229	352	39	30
232	352	39	30
235	354	38	29
238	354	38	30
241	354	39	30
243	354	38	29
247	355	38	29
249	355	39	30
253	355	38	31
255	355	38	30
258	356	38	30
261	356	39	30
264	357	38	29
267	357	38	30
270	357	39	30
273	358	38	29
275	358	38	30
278	359	38	30
281	359	38	29
285	359	38	30
287	359	38	30
301	214	35	38
303	195	37	30
305	195	38	30
308	196	37	28
311	196	38	29
314	196	38	30
317	196	38	30
320	196	38	31
324	195	38	30
326	195	38	30
329	195	38	30
333	195	38	30
336	195	38	31
339	194	37	32
342	195	38	30
345	195	37	30
116	194	68	30
81	194	39	30
95	194	40	31
99	193	40	33
95	193	40	31
97	192	39	32
100	193	39	31
104	192	38	32
106	191	39	32
110	192	39	31
113	191	39	31
117	192	39	31
120	191	39	30
124	191	39	30
127	191	39	30
130	190	39	30
134	190	39	31
138	189	39	30
141	190	39	30
145	189	39	31
149	189	40	31
154	188	38	31
157	189	39	30
161	189	39	30
165	187	39	31
169	188	39	31
173	188	39	31
176	188	39	31
181	187	39	31
185	188	38	31
189	188	38	31
193	188	39	30
196	188	38	31
200	188	39	30
204	188	39	30
208	187	39	31
213	188	39	31
217	187	39	31
221	188	39	30
225	188	39	31
229	188	39	31
233	187	39	32
237	187	39	32
242	188	39	32
246	188	39	31
250	189	39	30
254	189	39	30
258	188	39	30
1	189	53	29
249	196	143	148
0	191	14	25
0	190	16	30
0	191	15	27
0	191	16	30
0	191	19	32
0	191	23	31
0	192	27	31
0	191	31	31
0	192	35	31
1	192	37	31
6	192	37	31
9	193	38	30
12	193	39	31
16	194	39	29
21	194	38	31
25	195	38	30
29	196	39	29
33	196	39	29
37	197	40	30
41	197	39	30
45	198	38	30
49	198	39	30
53	198	39	31
57	199	39	31
62	199	39	31
66	201	39	30
70	201	39	29
74	201	39	30
78	201	40	30
82	202	39	31
86	203	39	32
90	204	39	30
94	204	39	30
99	204	40	31
103	205	39	31
106	206	40	31
120	128	37	39
123	98	38	27
128	98	38	30
132	100	38	29
135	100	38	29
140	101	38	29
144	102	38	30
148	102	39	30
152	101	39	31
155	103	39	31
160	103	39	31
164	104	39	31
167	104	39	31
171	105	39	32
175	105	39	32
179	106	39	32
183	108	40	31
187	107	40	32
191	108	39	31
195	109	39	31
199	110	40	31
203	110	39	30
221	214	35	34
224	244	39	29
227	244	39	31
230	245	39	30
234	246	39	31
238	246	39	30
242	246	39	29
246	247	38	30
250	247	39	31
253	248	39	30
257	249	39	31
0	251	54	30
250	199	131	148
248	196	128	150
250	199	125	140
304	112	73	50
252	200	128	138
311	109	68	55
310	110	70	50
309	110	70	47
311	114	68	45
321	114	56	44
321	114	56	44
321	114	56	44
317	114	59	45
245	194	133	148
105	262	76	29
204	260	42	30
200	261	41	31
201	262	39	30
212	262	40	30
219	263	40	30
223	263	40	30
227	263	40	30
232	264	39	30
236	264	38	30
239	265	40	29
253	187	36	35
256	135	37	34
258	130	40	30
263	131	39	29
266	130	39	30
270	130	39	30
274	131	39	30
277	131	39	30
281	131	39	31
285	131	39	32
289	132	39	32
293	133	39	31
297	133	38	31
300	134	39	31
304	133	39	31
308	133	38	32
312	134	39	31
316	134	39	31
320	134	39	31
324	135	38	31
328	135	38	31
331	135	39	31
335	136	38	31
339	136	38	31
343	136	39	31
347	136	39	31
350	137	39	31
354	137	39	31
359	136	38	32
363	137	38	32
367	137	39	31
370	137	38	32
375	138	37	31
379	139	38	31
382	138	38	32
386	138	38	31
390	139	38	31
394	140	38	31
398	140	38	31
402	140	38	31
406	140	38	31
410	139	38	31
414	140	38	32
151	141	65	29
99	143	39	29
109	142	41	29
116	142	40	30
114	142	40	30
115	142	40	30
119	143	39	31
123	143	39	31
126	143	40	31
130	143	39	31
134	144	39	31
137	144	40	31
141	144	39	31
145	144	40	30
149	144	40	31
153	144	39	30
157	145	40	30
161	145	40	31
164	145	39	30
168	145	40	31
172	145	40	31
0	147	34	27
252	194	128	154
330	121	39	39
328	115	44	42
329	116	44	43
249	194	134	147
244	193	139	149
243	196	141	146
243	195	142	147
325	117	51	43
324	117	52	43
307	114	68	46
238	196	145	142
307	113	66	50
307	114	67	50
244	198	141	145
248	199	139	141
250	200	136	140
250	199	136	140
245	199	143	140
198	140	57	30
225	139	41	30
218	139	40	30
228	139	40	30
238	138	40	31
242	137	40	31
247	138	40	31
251	138	40	30
256	136	39	31
259	136	40	31
264	136	39	31
268	135	39	31
272	135	40	31
276	135	39	31
295	267	36	36
296	295	38	30
300	295	39	30
304	296	39	30
308	295	39	30
312	294	39	29
316	295	39	29
319	294	39	29
323	294	40	30
327	293	39	29
330	294	40	29
335	293	39	30
339	292	39	30
343	293	39	30
111	292	61	28
95	291	41	29
111	290	40	29
112	290	39	29
110	289	40	30
112	289	39	29
116	288	40	30
120	288	39	29
123	288	39	28
127	288	40	29
131	287	39	29
134	287	39	29
138	286	40	29
142	286	39	29
145	285	40	30
149	284	40	30
153	284	39	30
156	284	40	29
160	283	40	30
164	283	40	30
167	283	40	29
171	283	40	30
175	282	40	30
179	282	40	29
183	281	39	30
186	281	40	29
190	280	40	30
193	279	40	30
197	280	40	30
201	279	40	30
204	278	40	30
208	278	40	29
212	278	39	30
215	278	40	30
219	277	40	30
223	277	40	30
226	276	40	30
229	276	40	30
234	275	39	31
237	275	39	29
240	274	40	29
244	274	39	30
248	274	39	30
251	273	40	30
255	273	39	30
259	273	40	30
262	273	40	30
266	272	39	30
270	272	39	30
273	272	39	30
277	271	39	30
280	271	39	31
284	271	39	31
288	270	39	30
292	270	38	30
295	270	39	30
299	270	39	30
303	269	39	30
306	270	39	30
310	269	39	30
313	268	39	31
317	268	39	31
321	268	39	31
115	268	68	29
77	268	40	30
93	268	41	29
97	268	40	30
94	267	39	29
96	267	39	29
99	267	39	29
102	267	39	30
105	265	40	30
108	266	40	30
111	266	39	29
115	265	40	30
119	264	40	30
122	265	40	30
126	264	40	30
130	264	40	30
133	264	40	30
