0.508782
0.675117
0.675915
0.698303
0.689863
0.539025
0.683044
0.670797
0.672191
0.694550
0.701446
0.684949
0.619153
0.726016
0.703614
0.670506
0.706317
0.717623
0.699671
0.599492
0.740718
0.694875
0.618356
0.823261
0.738420
0.653570
0.763290
0.740812
0.695850
0.792882
0.755818
0.729801
0.729079
0.750255
0.748222
0.670290
0.830935
0.725511
0.743381
0.728777
0.720972
0.723757
0.693664
0.801963
0.729320
0.726966
0.722325
0.719080
0.728412
0.717484
0.738916
0.764589
0.724343
0.707175
0.779072
0.721289
0.749628
0.727224
0.718105
0.790465
0.734154
0.683994
0.814578
0.734871
0.658214
0.857950
0.737487
0.633103
0.798078
0.747934
0.652903
0.794486
0.774782
0.653149
0.803171
0.729506
0.723536
0.728524
0.744417
0.791928
0.761537
0.729872
0.730353
0.740290
0.739452
0.721401
0.783293
0.806008
0.762399
0.763791
0.768224
0.767805
0.747650
0.896922
0.797216
0.695144
0.955245
0.792395
0.661872
0.881337
0.788186
0.716587
0.858958
0.740970
0.777642
0.791156
0.740975
0.744231
0.742536
0.684960
0.861694
0.737522
0.738986
0.779085
0.750634
0.744250
0.704695
0.834160
0.753580
0.759508
0.701718
0.865844
0.763774
0.754406
0.764509
0.751880
0.741782
0.770529
0.800220
0.739460
0.744033
0.724612
0.722081
0.649000
0.854187
0.768327
0.617484
0.842160
0.755540
0.700253
0.808913
0.745712
0.693357
0.813791
0.731736
0.709282
0.628015
0.809467
0.727924
0.728554
0.722847
0.727682
0.717934
0.666041
0.814951
0.735513
0.732489
0.730619
0.726664
0.723898
0.662342
0.797527
0.744148
0.651953
0.753868
0.766880
0.691370
0.671681
0.859495
0.711593
0.848388
0.762620
0.766021
0.758436
0.755110
0.711639
0.853451
0.765325
0.749097
0.768103
0.758085
0.749892
0.694068
0.705300
0.687007
0.683678
0.690018
0.707857
0.725166
0.721914
0.692164
0.804873
0.730617
0.738562
0.736038
0.740020
0.669880
0.832319
0.769120
0.685633
0.808011
0.779851
0.700559
0.745080
0.841537
0.742181
0.873899
0.811986
0.800664
0.772766
0.884057
0.823385
0.782825
0.785215
0.775020
0.890050
0.804035
0.787481
0.788894
0.779107
0.777920
0.732956
0.968067
0.789704
0.722853
0.829731
0.777569
0.780160
0.803083
0.714396
0.896914
0.797967
0.612606
0.880550
0.779624
0.753942
0.717135
0.839939
0.764156
0.761373
0.743874
0.748009
0.746834
0.687272
0.798167
0.726635
0.720140
0.725612
0.780153
0.758049
0.709996
0.763339
0.717434
0.711563
0.704021
0.704392
0.702797
0.712296
0.664856
0.786446
0.720218
0.631144
0.798455
0.734406
0.686276
0.766094
0.734490
0.718926
0.660382
0.834961
0.761430
0.788314
0.853038
0.772474
0.795714
0.812103
0.735668
0.878958
0.772972
0.714519
0.838961
0.750370
0.754469
0.757853
0.840240
0.747007
0.749008
0.759073
0.752640
0.744171
0.866854
0.753555
0.753765
0.845174
0.758365
0.766736
0.841326
0.750563
0.749744
0.788614
0.820757
0.751525
0.751556
0.751990
0.764184
0.755199
0.843490
0.775763
0.756498
0.764212
0.781151
0.811728
0.697050
0.841848
0.769884
0.751163
0.750567
0.753125
0.755544
0.691741
0.860821
0.768193
0.704670
0.873988
0.786149
0.655653
0.865772
0.780245
0.614691
0.789882
0.755704
0.731285
0.750916
0.729133
0.717145
0.749733
0.779132
0.677238
0.773720
0.778599
0.703125
0.740539
0.760222
0.733587
0.694446
0.779064
0.748387
0.733958
0.729761
0.752691
0.740926
0.810212
0.746538
0.727894
0.740491
0.760160
0.730601
0.703699
0.816867
0.728084
0.746200
0.743916
0.740335
0.725592
0.654826
0.805182
0.732613
0.726261
0.727642
0.728751
0.766441
0.711196
0.793946
0.778790
0.706914
0.850814
0.766128
0.680647
0.784643
0.798858
0.711426
0.885767
0.758123
0.710321
0.872617
0.750108
0.747725
0.751490
0.708765
0.884763
0.755951
0.748246
0.747256
0.749674
0.759172
0.709810
0.880588
0.751992
0.749481
0.753868
0.747734
0.756127
0.696933
0.870902
0.747061
0.754843
0.753182
0.761688
0.756342
0.771995
0.854439
0.773155
0.710651
0.874352
0.794899
0.755226
0.906963
0.764893
0.704334
0.886908
0.755812
0.709162
0.873303
0.761163
0.682934
0.874342
0.751340
0.754012
0.769273
0.695321
0.879575
0.752068
0.755148
0.762077
0.818327
0.792056
0.756875
0.757404
0.755446
0.747617
0.750424
0.838585
0.780944
0.757145
0.782877
0.783404
0.683836
0.875915
0.771555
0.755128
0.750961
0.737278
0.727748
0.673713
0.869023
0.768152
0.739700
0.841330
0.739796
0.700274
0.795690
0.736356
0.731011
0.785318
0.748785
0.764347
0.671249
0.840254
0.731410
0.734847
0.735461
0.741463
0.749702
0.653979
0.824514
0.746260
0.774472
0.746593
0.746028
0.729368
0.704572
0.761386
0.755358
0.728784
0.749262
0.736599
0.758454
0.667882
0.838148
0.730952
0.688177
0.782857
0.776608
0.743037
0.734121
0.817288
0.767654
0.712256
0.804593
0.757756
0.746289
0.792269
0.739674
0.680902
0.842739
0.761658
0.613518
0.836925
0.735090
0.727267
0.728928
0.730720
0.714230
0.734397
0.761942
0.727069
0.725231
0.726955
0.726255
0.727439
0.674131
0.828987
0.733697
0.717651
0.795051
0.735704
0.709566
0.807779
0.738797
0.680396
0.828377
0.637275
0.693300
0.773207
0.726467
0.742760
0.731411
0.726344
0.726923
0.743949
0.765369
0.728577
0.727942
0.740616
0.727832
0.704190
0.799040
0.737597
0.722945
0.733781
0.730492
0.749286
0.735016
0.722643
0.793154
0.731519
0.731959
0.752286
0.759785
0.726082
0.763565
0.776525
0.734066
0.702490
0.780656
0.718561
0.768831
0.769090
0.737098
0.625594
0.818672
0.727889
0.733362
0.727644
0.733487
0.707052
0.775201
0.765311
0.732224
0.754975
0.736549
0.732740
0.723332
0.743667
0.728637
0.738479
0.811083
0.852100
0.753190
0.834101
0.795688
0.744062
0.785029
0.821676
0.755513
0.763344
0.770748
0.878633
0.787758
0.801863
0.786974
0.792248
0.772704
0.848194
0.759038
0.755400
0.752480
0.757411
0.754045
0.794515
0.804613
0.766459
0.755317
0.763842
0.747028
0.899703
0.783870
0.728258
0.899098
0.767164
0.720300
0.860706
0.771991
0.754546
0.754075
0.751913
0.686866
0.881748
0.762403
0.674650
0.893790
0.696163
0.783276
0.819851
0.736784
0.879117
0.678986
0.847421
0.773257
0.858774
0.805496
0.683519
0.888355
0.755572
0.756892
0.754452
0.776044
0.833940
0.775012
0.764862
0.748478
0.737528
0.740428
0.728205
0.813908
0.727750
0.779373
0.770026
0.672731
0.766270
0.758113
0.660640
0.759997
0.770109
0.731219
0.669349
0.840650
0.729658
0.736149
0.731921
0.737211
0.735941
0.700941
0.821475
0.774111
0.755788
0.736723
0.782845
0.770044
0.763577
0.805291
0.745943
0.724210
0.728339
0.733786
0.732627
0.704195
0.804456
0.773634
0.670961
0.774354
0.763979
0.681242
0.828429
0.780550
0.671273
0.840469
0.764722
0.713345
0.648590
0.750475
0.730179
0.722554
0.698789
0.785556
0.734353
0.744745
0.737402
0.768836
0.721299
0.716474
0.780394
0.720315
0.727871
0.752956
0.733027
0.751176
0.669863
0.856032
0.803755
0.587094
0.805503
0.745753
0.615530
0.701436
0.732056
0.672913
0.721017
0.780998
0.683319
0.479632
0.826118
0.775037
0.766003
0.806724
0.856776
0.763946
0.772317
0.776616
0.769874
0.766292
0.828591
0.839062
0.789451
0.771755
0.770789
0.776578
0.756797
0.887695
0.798724
0.724585
0.853974
0.794810
0.766377
0.765947
0.777026
0.768978
0.694345
0.918478
0.770144
0.745172
0.801411
0.747220
0.765035
0.787442
0.688278
0.778882
0.769096
0.714188
0.793327
0.768392
0.741549
0.739412
0.687473
0.858311
0.736156
0.741443
0.745052
0.746770
0.768249
0.704058
0.867932
0.751004
0.744586
0.740675
0.746602
0.742454
0.686918
0.886039
0.760976
0.665353
0.869079
0.763722
0.743654
0.802053
0.765555
0.699799
0.785717
0.724005
0.646667
0.824093
0.719616
0.742706
0.729922
0.724525
0.758013
0.674073
0.839151
0.740164
0.726463
0.725864
0.732130
0.721496
0.661033
0.786426
0.719171
0.717912
0.712376
0.790570
0.742096
0.750389
0.759673
0.741433
0.690194
0.857772
0.742465
0.746382
0.698621
0.834633
0.762937
0.743343
0.750484
0.760206
0.694708
0.845821
0.744278
0.739794
0.869145
0.779547
0.777703
0.751593
0.751070
0.754442
0.775225
0.801564
0.757533
0.754329
0.744251
0.726021
0.795748
0.745818
0.753066
0.763057
0.739423
0.770303
0.798895
0.732257
0.814694
0.819752
0.759471
0.836437
0.744630
0.747266
0.755904
0.693975
0.855329
0.743265
0.771708
0.745598
0.744313
0.754314
0.670768
0.832798
0.745721
0.745483
0.738512
0.740774
0.738382
0.688822
0.849389
0.744917
0.703661
0.832083
0.753463
0.726203
0.802081
0.764125
0.759822
0.777277
0.789392
0.791554
0.749278
0.789444
0.745163
0.602634
0.862125
0.747604
0.739456
0.739139
0.736639
0.700584
0.834072
0.765858
0.806642
0.684975
0.855918
0.752506
0.669968
0.863737
0.738802
0.745211
0.738900
0.713343
0.794459
0.771276
0.734580
0.744300
0.747807
0.739613
0.696653
0.844393
0.743927
0.746410
0.742392
0.742350
0.759241
0.706718
0.797040
0.769362
0.718488
0.841760
0.765947
0.691063
0.826998
0.795172
0.755472
0.758875
0.747208
0.739706
0.809009
0.770917
0.765021
0.736465
0.803658
0.781013
0.812485
0.812709
0.753226
0.741623
0.737633
0.758873
0.752953
0.796510
0.772558
0.741653
0.759493
0.759566
0.739553
0.675483
0.858402
0.738083
0.738968
0.713406
0.829027
0.737304
0.742536
0.747305
0.752255
0.765894
0.783247
0.798614
0.750861
0.746088
0.737469
0.746389
0.731493
0.787502
0.771979
0.699785
0.842305
0.742976
0.681714
0.842724
0.744555
0.668175
0.715825
0.790300
0.767167
0.969822
0.818216
0.750631
0.987926
0.805516
0.794156
0.805190
0.940174
0.788288
0.788353
0.787256
0.806628
0.783161
0.938604
0.828295
0.784370
0.751364
0.753851
0.756351
0.711937
0.904486
0.778966
0.784225
0.740594
0.734502
0.737005
0.703395
0.873687
0.751136
0.694954
0.826043
0.741613
0.702643
0.836308
0.764214
0.707976
0.832210
0.749216
0.731258
0.819692
0.750016
0.714085
0.831895
0.753922
0.562257
0.458768
0.461517
0.426447
0.434671
0.440295
0.431700
0.428703
0.427004
0.440502
0.439152
0.427490
0.432655
0.392390
0.394154
0.455714
0.475806
0.476144
0.479827
0.477337
0.476363
0.472572
0.480691
0.484262
0.472412
0.487868
0.493400
0.558302
0.682529
0.869571
0.864879
0.836165
0.756624
0.759487
0.795626
0.770214
0.759025
0.772146
0.684180
0.455488
0.494983
0.545249
0.812907
0.740995
0.746346
0.757728
0.562120
0.670332
0.798603
0.763894
0.578912
0.824414
0.738997
0.739566
0.750211
0.739332
0.734320
0.686564
0.870855
0.759703
0.751276
0.741954
0.734292
0.730912
0.665272
0.875937
0.742031
0.750217
0.738336
0.727749
0.732094
0.696301
0.789067
0.756968
0.700190
0.634981
0.814460
0.745551
0.785532
0.740287
0.886818
0.762686
0.781245
0.757064
0.756841
0.773257
0.812534
0.765458
0.739755
0.836980
0.742767
0.733445
0.734223
0.692117
0.792268
0.742359
0.709452
0.732657
0.767292
0.730075
0.720557
0.771907
0.721563
0.726655
0.727649
0.737072
0.673634
0.753248
0.754709
0.719280
0.621334
0.821121
0.749037
0.769175
0.741530
0.751526
0.686872
0.824749
0.730336
0.731557
0.741380
0.726542
0.722460
0.741599
0.859107
0.810267
0.956131
0.848318
0.798938
0.801820
0.800512
0.777114
1.006502
0.818487
0.813578
0.934101
0.770844
0.769160
0.764367
0.778933
0.783751
0.888009
0.786134
0.755952
0.758986
0.757901
0.837703
0.846387
0.719240
0.877420
0.807145
0.770885
0.901893
0.808507
0.715912
0.823071
0.757981
0.741726
0.753362
0.699807
0.852832
0.777776
0.674492
0.869661
0.770437
0.716451
0.806490
0.768949
0.737481
0.673196
0.846410
0.734069
0.733624
0.732633
0.737750
0.728996
0.700455
0.832901
0.762814
0.763539
0.737456
0.735714
0.757410
0.679573
0.847303
0.728157
0.739063
0.743868
0.745739
0.774059
0.673877
0.855794
0.740897
0.688730
0.859617
0.764827
0.647814
0.862463
0.806525
0.641676
0.851562
0.770396
0.683622
0.841065
0.738374
0.670383
0.720984
0.709891
0.704959
0.663262
0.840676
0.746917
0.745267
0.744986
0.745206
0.689005
0.862057
0.761781
0.707144
0.886649
0.773227
0.760932
0.767574
0.758781
0.709690
0.884135
0.758263
0.727424
0.720324
0.817701
0.777298
0.765539
0.744472
0.748892
0.818259
0.778663
0.742114
0.742471
0.745739
0.749304
0.734921
0.823058
0.751792
0.705860
0.832254
0.756929
0.751201
0.767893
0.773463
0.698453
0.849224
0.757056
0.666333
0.822159
0.772880
0.755934
0.757600
0.746048
0.725492
0.790455
0.779976
0.761323
0.743675
0.696650
0.864586
0.752135
0.702264
0.862983
0.762043
0.752349
0.764414
0.747377
0.745201
0.685067
0.851175
0.768950
0.724098
0.849838
0.750924
0.745519
0.774740
0.815573
0.799943
0.756402
0.747738
0.758297
0.853658
0.813321
0.757176
0.774627
0.784099
0.723302
0.858255
0.790029
0.702248
0.828949
0.756578
0.741289
0.769643
0.753937
0.709701
0.845627
0.759049
0.675810
0.856371
0.788060
0.734508
0.688288
0.824673
0.763268
0.755785
0.785488
0.801173
0.812484
0.761847
0.759568
0.743245
0.744385
0.694164
0.869911
0.777389
0.685033
0.859982
0.746284
0.742564
0.737616
0.739411
0.719125
0.820290
0.770320
0.747428
0.749976
0.797111
0.738124
0.738900
0.759142
0.761885
0.809366
0.799948
0.758855
0.764973
0.749993
0.746257
0.815262
0.842307
0.856583
0.763153
0.769769
0.746951
0.808357
0.807818
0.741541
0.851011
0.784791
0.769602
0.767090
0.744435
0.735314
0.684417
0.869889
0.761066
0.733320
0.813964
0.763716
0.763567
0.768812
0.693212
0.857308
0.758555
0.731651
0.816884
0.794312
0.793949
0.794796
0.686104
0.844730
0.741594
0.748029
0.742767
0.744422
0.675434
0.861206
0.745296
0.750294
0.745157
0.747895
0.844126
0.752677
0.757153
0.756588
0.747353
0.669198
0.812007
0.736444
0.734706
0.717489
0.702870
0.644483
0.771220
0.706864
0.606225
0.742229
0.725869
0.671402
0.797449
0.773665
0.751567
0.751298
0.734203
0.799009
0.796208
0.757251
0.758498
0.764742
0.761979
0.712772
0.873247
0.756672
0.704187
0.888342
0.761834
0.645100
0.878232
0.808688
0.679390
0.882629
0.759562
0.634553
0.875814
0.764622
0.800547
0.823348
0.757422
0.767470
0.749391
0.727558
0.702091
0.786512
0.747134
0.728513
0.740597
0.729311
0.724060
0.723475
0.740580
0.765920
0.725074
0.721829
0.722030
0.720582
0.720345
0.703002
0.817563
0.758435
0.694579
0.835505
0.748462
0.684245
0.816855
0.767160
0.711085
0.848485
0.752669
0.680947
0.697175
0.802951
0.805918
0.775190
