267.000	317.000	61.000	18.000
260.583	313.752	63.576	22.919
256.829	313.391	63.291	23.471
253.750	313.020	63.359	23.464
249.537	313.549	63.734	23.687
245.936	313.208	63.715	23.819
242.120	312.940	63.645	23.973
238.107	313.281	64.118	23.909
234.437	313.332	63.833	24.089
230.548	313.349	63.830	23.542
226.923	313.798	63.609	24.019
222.910	313.199	63.620	24.271
219.041	313.146	63.689	23.925
215.008	313.285	63.379	24.139
216.288	313.813	64.644	22.745
231.454	314.405	65.222	21.784
249.387	314.174	65.334	22.294
264.401	313.767	67.181	22.613
281.265	313.360	67.035	23.400
296.122	312.841	68.510	24.076
298.616	312.236	68.075	24.912
292.538	312.872	67.747	24.910
287.561	312.559	67.940	24.952
283.770	312.689	67.029	24.712
278.238	312.663	66.856	24.901
274.519	312.360	66.452	25.203
270.321	312.424	66.216	25.150
265.765	312.225	66.549	25.129
261.609	312.150	66.362	25.479
257.070	312.479	66.751	24.973
252.690	312.884	67.089	24.757
248.225	312.832	67.151	24.785
244.181	313.462	67.403	24.575
240.243	313.539	67.341	24.737
237.380	313.507	68.255	24.770
247.052	313.985	69.705	23.849
265.327	314.295	67.851	23.919
281.310	314.255	68.746	23.894
297.293	314.198	69.001	24.459
306.944	313.932	69.487	25.454
301.836	314.125	69.893	25.022
295.220	314.463	70.534	25.321
290.647	314.071	70.142	26.059
285.837	314.536	69.388	25.783
280.842	314.969	69.498	25.467
276.701	314.490	68.800	25.876
271.371	314.961	69.606	25.618
267.409	314.670	69.216	25.991
263.377	314.943	68.748	25.811
259.093	314.724	68.406	26.498
254.371	314.999	69.109	26.234
249.983	315.283	69.439	25.843
244.628	315.315	70.337	25.841
240.850	314.927	69.402	26.662
236.639	315.354	69.062	26.649
232.476	315.655	68.552	26.309
228.088	315.724	68.699	26.370
223.537	316.450	68.343	26.069
219.181	316.626	68.468	25.767
215.097	316.702	68.035	26.185
210.735	316.968	67.850	26.074
206.648	317.103	68.019	25.979
202.051	317.454	68.193	25.729
197.742	317.861	68.431	25.400
193.716	318.013	68.298	25.338
192.354	318.111	69.219	25.098
204.471	319.105	70.584	23.573
222.022	318.829	69.608	24.094
238.577	319.189	69.524	23.688
252.271	318.810	68.991	24.298
251.662	318.270	68.588	25.759
244.957	318.556	68.529	25.707
240.276	318.693	68.028	25.687
234.982	318.831	68.679	25.543
231.126	318.790	67.798	25.575
227.122	318.287	67.162	25.914
222.534	318.028	66.612	26.220
218.014	317.525	66.905	26.843
214.224	317.385	66.745	26.806
209.719	317.412	67.319	26.733
205.533	317.634	68.029	26.490
201.099	318.210	68.166	25.543
196.976	317.988	67.467	25.718
193.097	317.979	67.325	25.664
189.047	317.656	66.943	25.988
184.682	317.465	66.679	26.375
180.190	317.412	67.335	26.430
175.883	317.291	68.104	26.401
171.783	317.324	68.044	26.200
167.729	317.048	67.614	26.586
163.633	316.841	67.411	26.542
159.988	316.547	68.403	26.991
167.983	317.349	68.198	24.830
184.117	317.217	69.233	24.874
200.645	316.815	69.742	25.367
216.459	316.627	68.891	25.285
232.399	316.171	68.983	25.981
249.316	315.551	68.007	26.484
265.623	315.602	67.565	26.712
269.855	315.313	67.465	27.553
263.072	315.853	67.652	26.404
258.071	315.647	67.387	26.577
253.718	315.418	67.281	26.530
249.340	315.096	67.174	26.736
244.683	314.873	67.187	26.729
240.283	314.774	67.300	27.182
236.239	314.784	67.828	26.945
231.879	315.220	67.465	26.420
227.491	315.265	67.581	26.199
223.410	315.427	67.746	26.198
219.523	315.557	67.127	26.097
215.338	315.928	66.883	25.962
211.173	315.621	67.055	26.201
207.051	315.802	67.144	26.225
203.140	315.936	67.327	26.145
199.547	316.465	66.971	25.482
195.718	316.781	66.708	25.430
191.489	316.998	67.089	25.443
187.715	317.679	67.037	25.396
183.892	317.819	67.148	25.127
179.911	318.381	66.583	24.990
180.867	319.006	68.532	23.761
196.746	319.885	69.002	22.882
214.107	319.721	68.457	23.608
230.522	319.871	68.986	23.773
246.170	319.780	69.603	24.180
262.012	320.206	70.435	23.815
279.688	319.982	69.386	24.746
286.993	319.983	67.148	25.764
280.118	320.186	67.862	25.527
275.862	320.567	67.155	26.176
271.510	320.651	67.256	26.477
266.553	320.540	67.145	26.134
262.149	321.380	66.965	26.172
258.368	321.544	66.813	26.505
254.427	321.707	67.279	26.502
251.067	322.004	67.737	26.366
247.331	322.907	67.295	25.374
243.496	323.353	67.265	25.108
239.606	323.307	67.227	25.089
235.706	323.331	66.880	25.140
231.993	322.953	67.464	26.075
228.236	322.600	67.513	26.919
224.510	323.222	67.955	25.924
221.305	323.274	67.315	26.222
217.271	323.833	68.162	25.470
213.738	324.106	67.709	25.096
210.434	324.230	67.799	25.174
206.786	324.112	68.089	25.394
203.178	324.332	68.289	25.447
199.707	324.162	68.341	25.804
196.702	324.376	67.851	25.961
193.817	323.851	67.466	27.018
190.610	323.962	66.911	26.783
186.837	324.300	66.698	27.054
183.645	324.297	67.131	27.149
180.323	324.781	67.124	26.761
176.596	325.222	68.093	26.056
172.768	325.535	67.257	25.294
170.014	325.349	67.044	25.615
166.847	325.098	66.245	26.248
166.519	325.090	67.994	25.531
180.496	326.415	69.718	22.909
199.523	326.126	68.958	23.914
215.764	325.184	68.994	25.037
220.414	324.077	66.815	26.172
214.207	324.040	66.977	26.077
210.238	323.872	66.841	26.105
206.674	323.523	67.307	25.986
203.322	323.196	66.561	26.278
199.333	323.115	67.097	25.590
195.512	323.080	67.860	25.194
192.540	322.818	67.994	24.963
189.457	323.056	67.465	24.420
186.090	322.464	67.568	24.980
182.994	322.195	67.312	25.245
179.769	322.119	67.118	25.606
176.780	321.657	67.194	25.868
173.420	321.817	67.970	25.594
170.381	321.711	67.443	25.796
167.088	321.371	67.682	26.316
163.902	320.737	67.453	26.652
160.750	320.637	67.738	26.640
159.393	320.563	68.040	26.369
170.437	321.603	70.031	24.506
190.892	321.441	67.977	24.333
208.281	321.241	68.191	24.406
224.729	321.154	68.934	24.481
242.139	320.751	68.950	24.535
259.919	320.437	67.966	24.835
278.226	320.093	67.248	25.478
290.714	319.606	67.017	26.559
288.986	318.780	66.933	27.212
283.888	318.620	66.900	27.415
280.201	318.886	67.490	26.482
276.646	318.644	67.171	27.063
273.336	318.239	67.686	27.675
270.655	318.223	66.671	26.769
267.452	318.972	66.644	25.710
264.360	318.694	66.895	25.439
261.159	318.453	66.738	25.761
257.949	317.986	66.846	25.844
254.691	318.205	67.288	25.880
251.211	318.029	67.785	25.368
248.462	317.604	66.783	25.924
245.485	316.845	66.842	26.509
244.506	316.779	67.432	26.547
255.664	317.448	68.839	25.000
275.242	317.321	68.232	24.994
292.876	317.005	68.157	24.600
309.684	316.902	68.739	24.520
327.669	316.663	67.170	24.745
344.489	316.065	67.515	25.400
347.004	315.744	67.210	25.721
341.615	316.219	66.894	24.923
338.072	316.474	65.971	24.562
334.329	316.088	65.278	25.431
330.318	315.907	65.642	25.664
326.474	315.824	66.218	25.671
323.017	316.056	66.661	25.804
320.197	316.190	66.699	25.527
316.776	316.583	66.850	25.273
313.436	316.958	66.821	24.887
310.086	316.637	66.540	25.204
307.059	317.122	66.661	25.604
303.795	317.037	66.860	25.540
300.434	317.184	67.377	25.892
296.986	317.565	67.711	25.660
293.645	317.798	67.675	25.164
291.093	318.022	67.330	25.297
288.364	318.271	66.870	25.671
285.182	318.147	67.102	25.759
282.057	318.641	67.376	25.513
279.868	319.037	68.250	25.020
290.940	319.953	69.392	23.083
311.280	320.062	68.085	23.525
329.272	319.460	67.315	24.938
335.697	318.605	66.825	26.592
329.146	318.840	67.648	25.988
325.281	318.990	66.535	25.939
321.673	319.061	65.963	25.653
318.011	319.284	66.169	25.481
314.194	318.722	66.945	25.957
310.409	318.660	67.149	25.896
307.052	318.818	67.620	25.821
303.665	318.989	67.267	25.299
300.394	318.923	67.211	25.651
297.207	318.661	67.583	25.743
294.260	318.592	67.174	26.156
291.094	318.280	66.581	26.451
287.865	318.268	66.468	26.418
284.826	318.178	66.359	26.294
281.725	317.791	66.008	26.578
278.261	317.600	66.082	26.610
274.966	317.558	66.282	26.443
271.647	317.676	66.294	26.085
269.101	317.416	66.697	26.264
277.707	317.965	67.750	25.224
295.981	317.665	68.118	24.935
314.012	317.329	68.047	25.050
329.839	316.999	68.920	24.815
340.917	316.752	67.444	25.583
337.022	316.804	66.783	25.492
331.352	316.979	66.872	25.373
328.153	316.852	65.806	26.034
324.040	316.770	66.087	25.924
319.887	316.680	66.117	25.943
316.320	316.246	65.897	26.215
312.328	316.177	66.233	26.380
308.195	316.036	66.259	26.457
304.615	316.012	66.526	26.492
300.872	315.969	66.454	26.641
297.494	315.970	66.465	26.755
294.102	316.057	66.422	26.703
290.199	316.153	66.240	26.338
286.641	316.527	66.057	26.228
282.826	316.546	66.679	25.769
279.045	316.795	66.508	25.395
275.463	316.688	66.575	25.546
272.026	316.858	65.819	25.882
268.533	316.608	65.744	26.577
264.275	316.947	66.055	26.390
260.552	317.132	66.178	26.219
257.028	317.472	66.296	26.364
253.190	317.714	65.768	26.179
249.311	317.993	65.909	25.741
245.467	318.224	65.988	25.877
250.980	318.529	66.759	24.694
266.525	318.639	68.215	24.866
285.100	318.428	67.393	25.132
300.984	318.745	68.316	24.935
316.697	319.066	68.894	24.523
324.125	318.887	66.197	25.560
317.317	318.522	66.657	26.096
311.708	318.741	66.703	26.171
307.400	319.029	66.535	26.330
302.701	319.208	66.476	26.173
298.411	319.821	66.300	25.351
294.255	320.028	66.365	25.464
290.264	320.529	65.820	25.412
286.079	320.925	65.439	25.693
281.924	321.570	65.338	25.298
277.541	321.596	65.341	25.317
272.993	322.067	65.445	25.198
274.686	322.601	68.951	24.074
291.502	323.043	68.003	23.974
306.364	322.287	67.493	24.918
305.180	322.164	67.318	25.209
298.958	322.869	67.459	25.323
295.172	322.752	66.485	25.923
290.728	323.128	66.360	26.205
286.061	323.475	65.825	26.182
281.621	323.712	66.247	26.392
277.122	324.189	66.761	25.923
273.112	324.704	66.230	25.581
269.046	325.004	65.797	26.270
265.119	325.717	65.593	25.975
260.582	326.377	65.645	26.021
256.573	326.279	65.546	26.344
252.220	326.594	66.093	26.465
247.869	327.209	65.929	26.331
243.775	327.671	65.608	26.455
239.449	328.546	66.074	25.956
233.688	328.772	67.381	25.887
230.125	328.644	66.588	26.537
226.484	329.325	66.079	25.970
222.288	329.578	65.859	25.960
217.679	329.623	65.592	26.240
213.531	329.831	65.599	26.504
210.252	330.045	66.900	26.851
219.969	331.301	68.408	25.246
238.188	332.253	68.310	24.371
252.997	332.564	68.746	24.083
270.589	332.677	66.991	24.355
286.926	333.181	67.407	23.967
297.261	332.647	66.423	25.674
292.668	333.072	66.157	25.209
286.308	333.195	66.257	25.210
281.743	333.337	65.829	25.145
275.919	333.521	66.721	24.926
270.987	333.346	66.783	25.270
266.825	333.365	66.230	25.318
262.280	333.575	65.997	25.386
257.104	333.511	66.146	25.704
252.957	333.789	65.774	25.520
248.165	333.910	66.020	25.774
243.657	333.875	66.190	25.578
239.235	334.054	65.845	25.622
233.846	334.468	65.902	25.510
229.731	334.246	65.780	25.797
225.281	334.461	65.640	25.516
220.800	335.165	65.366	24.630
215.950	335.445	65.625	24.989
211.611	335.731	65.131	25.326
206.364	335.894	65.637	25.646
201.710	336.271	66.070	25.103
196.273	336.892	66.671	24.405
191.446	336.773	66.734	24.451
186.590	337.026	66.939	24.071
182.330	337.493	66.912	24.018
179.404	337.628	66.246	23.990
188.432	338.854	67.715	22.351
207.171	338.912	66.049	22.415
221.805	338.605	66.819	22.854
236.384	337.959	68.401	23.807
252.792	338.192	68.064	23.435
268.114	337.838	68.967	23.687
282.815	337.468	68.968	24.539
299.268	337.141	68.139	24.584
311.642	336.182	65.862	25.869
308.400	336.734	65.563	25.477
300.367	336.134	66.267	25.423
295.356	336.281	65.993	24.929
290.204	336.153	65.872	24.833
284.677	335.746	66.114	24.803
279.410	335.231	65.879	24.778
274.391	334.835	65.865	24.851
269.516	334.414	66.067	24.908
264.367	334.057	66.309	25.031
258.984	333.565	66.599	25.215
254.738	333.254	66.230	25.441
250.244	332.925	65.702	25.660
244.412	332.410	66.461	25.942
239.755	331.840	66.145	26.526
234.858	331.719	65.968	26.262
229.930	331.612	65.704	25.727
225.026	331.523	65.285	25.792
219.518	331.284	65.045	25.945
214.894	330.894	65.193	26.043
209.779	330.651	65.479	26.072
204.652	330.400	65.044	25.488
199.414	321.756	64.838	26.260
194.585	311.003	64.621	26.471
188.620	307.129	65.858	26.915
183.468	309.087	65.517	25.221
178.527	309.369	65.714	25.753
178.698	309.175	66.477	25.879
191.579	310.086	68.448	24.458
209.268	309.812	67.479	24.607
223.513	309.749	67.971	24.582
238.583	309.949	68.118	24.264
255.229	309.567	67.334	24.620
271.001	309.449	67.227	24.700
283.381	308.984	66.331	25.827
281.008	309.007	67.296	25.344
273.868	308.903	65.939	26.121
269.620	309.015	65.985	26.286
264.683	309.108	65.902	25.689
263.829	309.011	66.904	25.712
278.680	309.697	67.446	24.182
296.705	309.158	66.522	24.923
311.133	309.311	67.260	24.215
326.933	309.502	67.375	24.153
336.624	308.381	65.290	25.765
330.365	308.514	66.233	25.296
323.688	308.251	65.884	25.308
318.416	308.603	66.158	24.694
314.395	308.501	65.234	24.979
308.614	308.769	64.746	24.522
303.379	308.418	65.538	25.085
298.059	308.312	65.766	24.792
293.648	308.294	65.190	24.888
288.583	308.574	65.285	24.741
284.268	308.463	65.337	25.568
278.426	308.508	65.453	25.404
274.221	308.441	64.877	25.863
269.702	308.534	64.989	25.599
264.097	308.872	65.104	25.315
262.257	308.508	66.733	25.475
274.415	309.220	67.126	24.075
292.750	308.971	66.754	24.173
308.161	308.954	67.212	23.580
323.382	308.536	67.770	23.808
338.723	308.827	67.639	23.558
354.605	308.830	67.592	23.518
371.576	308.262	66.393	23.839
385.062	307.581	66.088	25.392
384.518	306.859	66.394	26.241
377.337	306.976	65.427	26.092
371.817	307.025	65.867	25.842
367.142	306.729	65.514	26.009
362.616	306.359	64.933	26.125
358.115	306.677	64.807	25.994
353.473	306.411	64.583	25.984
348.397	305.904	64.742	26.210
343.746	305.819	64.783	26.062
338.890	305.250	64.987	26.324
334.186	305.354	65.004	25.959
329.774	305.408	64.544	25.563
325.334	305.116	64.572	25.414
320.456	304.674	64.257	25.564
316.036	304.302	64.533	25.620
311.699	303.442	64.503	26.006
306.824	302.956	64.486	26.357
302.181	302.484	64.771	27.089
297.909	302.072	64.880	26.932
293.133	301.584	64.849	27.113
288.559	301.381	65.211	26.591
284.037	300.916	65.295	27.094
279.725	300.691	65.522	26.776
274.711	300.286	65.492	27.514
270.399	300.319	65.503	26.906
266.015	300.448	65.368	26.379
261.761	300.102	65.145	26.598
257.417	300.162	64.931	26.222
253.174	300.107	64.773	25.687
248.528	300.316	64.936	24.863
244.312	300.063	64.834	25.204
239.853	299.572	65.230	26.022
235.661	299.441	65.588	26.009
240.038	299.575	66.732	24.796
255.035	299.740	67.585	24.211
273.777	299.500	65.828	24.735
282.935	298.496	65.311	25.971
277.464	298.294	65.520	26.471
271.174	298.485	65.959	26.452
266.789	298.511	66.043	26.117
261.632	298.472	66.649	26.300
256.993	298.605	65.988	26.221
252.557	298.537	65.902	26.513
248.534	298.826	65.567	26.215
245.100	299.027	65.927	25.822
253.036	299.675	66.295	25.218
270.781	300.183	66.325	24.053
287.582	300.429	66.162	24.164
303.536	300.383	66.922	24.176
319.721	300.783	66.657	23.998
336.008	301.328	66.770	24.011
348.318	301.065	65.385	25.687
345.496	301.247	65.505	26.111
339.178	302.111	64.354	25.444
335.052	302.924	64.096	25.221
330.740	303.387	63.850	25.118
325.321	303.835	64.631	25.247
321.163	303.834	64.243	26.286
316.627	304.498	64.296	25.954
312.626	304.901	63.996	26.145
308.045	305.486	64.925	26.237
303.851	306.118	64.883	25.834
300.054	306.603	64.433	25.800
295.776	307.280	64.771	25.591
291.623	307.372	64.291	25.815
287.346	307.943	63.929	26.191
283.291	308.853	63.807	25.765
278.835	309.228	63.845	26.337
274.727	309.825	63.655	25.951
270.596	311.011	64.483	25.487
266.685	310.998	64.402	26.512
262.360	311.613	64.689	26.451
258.538	312.941	64.869	25.332
254.749	313.674	64.787	25.191
250.561	314.099	65.273	25.518
246.625	314.595	65.930	24.818
243.106	314.983	65.218	24.733
239.545	315.673	64.820	24.669
235.781	316.108	64.563	25.105
232.097	316.639	63.949	24.733
228.051	317.562	63.695	24.595
225.246	317.933	64.287	24.827
235.116	319.315	65.776	23.423
253.956	320.111	65.560	23.373
270.936	319.716	65.384	23.902
287.118	320.578	66.036	23.685
297.127	320.353	64.597	25.451
292.295	321.061	64.388	25.098
286.101	321.547	64.835	24.949
282.893	322.106	63.494	25.349
278.459	322.495	63.524	25.080
274.022	322.927	63.191	25.537
269.961	323.408	63.032	25.832
265.310	324.126	63.661	26.196
260.940	325.497	64.191	25.436
257.167	326.528	64.493	24.303
253.512	327.280	64.138	23.984
250.013	327.747	63.654	24.618
246.062	328.391	63.572	24.377
242.058	329.079	63.628	24.257
238.074	329.662	64.084	24.697
234.547	330.174	64.534	25.360
230.805	331.042	63.580	25.202
226.750	331.448	63.940	25.681
222.920	331.781	64.380	25.370
219.420	332.297	63.961	25.630
215.766	332.303	63.511	25.972
212.461	332.908	63.462	25.900
208.733	333.948	63.597	25.286
205.115	335.086	63.883	24.459
201.528	335.737	63.507	24.518
197.717	336.268	64.230	24.509
194.249	336.720	63.649	24.582
190.634	337.442	63.699	24.380
187.055	338.166	63.781	24.353
183.104	338.677	63.657	24.658
179.752	338.983	64.004	24.766
176.219	339.477	64.218	24.988
181.641	340.568	64.767	23.865
197.266	341.689	66.685	22.423
215.980	341.994	65.402	22.799
231.158	342.008	65.721	23.380
232.883	342.357	64.689	24.163
227.565	342.961	63.883	23.877
223.839	343.847	62.982	23.930
219.763	344.079	63.211	24.770
215.822	344.466	63.718	24.543
212.097	344.980	63.522	24.464
208.257	345.599	63.764	24.732
204.757	346.111	63.462	24.968
201.299	346.779	63.887	24.775
198.277	347.120	64.309	25.222
206.246	348.631	65.212	23.323
224.460	349.342	64.931	22.780
242.346	349.566	64.611	22.876
258.430	349.925	65.158	23.114
275.217	350.189	65.049	23.208
292.227	350.456	65.706	23.375
309.506	350.901	65.452	23.196
319.779	350.821	64.535	24.388
315.925	351.696	64.370	23.927
311.394	351.807	63.670	24.557
307.937	352.262	63.865	24.843
304.582	352.616	63.610	24.240
301.316	347.417	63.011	25.546
297.519	337.412	63.976	25.355
294.453	328.658	64.035	24.552
291.514	329.195	64.278	24.172
288.277	330.450	64.133	24.587
284.992	331.360	64.343	24.405
281.823	332.250	64.481	24.169
279.158	332.259	64.692	24.697
287.905	333.423	64.710	22.923
306.259	334.136	65.004	22.581
324.370	333.736	64.443	23.002
341.382	333.864	64.950	23.407
359.228	334.107	64.388	23.127
376.959	334.354	64.088	23.192
390.450	333.599	65.924	24.623
390.804	333.868	64.210	24.881
386.323	333.813	63.033	25.297
382.742	334.124	62.342	25.548
379.260	334.146	62.795	26.212
375.522	334.342	62.653	25.550
371.811	335.277	62.153	25.241
368.169	335.165	63.001	25.134
365.168	335.222	63.127	25.018
361.978	336.069	63.155	25.091
358.526	335.956	63.788	24.876
355.330	336.311	63.718	25.202
351.836	336.597	64.781	25.992
348.675	336.291	65.187	25.881
345.685	337.406	65.298	24.623
342.983	337.115	64.622	25.510
339.868	337.554	64.329	25.086
337.667	337.053	63.665	26.144
335.328	329.073	62.903	26.547
332.096	320.771	63.342	25.956
329.307	322.514	63.360	25.910
325.692	323.698	64.413	25.590
322.814	324.221	64.174	25.299
319.530	325.162	64.755	25.026
316.771	325.304	64.692	25.232
313.944	325.701	64.530	24.687
310.938	326.271	64.518	24.525
308.326	326.034	64.030	25.035
305.338	326.872	64.120	24.424
302.597	327.082	63.875	24.994
299.819	327.072	63.908	24.671
296.787	327.726	64.077	24.420
293.715	328.128	63.950	24.133
291.069	327.765	63.781	24.872
287.919	328.343	64.361	24.501
285.049	328.367	64.003	24.627
282.112	328.450	63.711	24.364
279.345	328.820	63.399	24.564
276.316	328.621	63.352	24.819
273.217	328.704	63.692	24.827
270.294	329.289	63.449	24.614
267.292	329.273	63.588	24.699
264.451	330.114	63.685	23.958
261.881	329.916	63.671	24.350
259.138	330.224	63.376	24.002
256.129	330.149	63.838	24.430
252.930	330.278	64.201	24.514
249.921	330.097	64.063	24.527
246.673	330.269	64.250	25.193
243.762	330.195	64.420	25.453
241.549	324.936	63.017	27.506
237.735	315.102	63.807	26.768
234.544	305.710	64.130	25.963
231.728	305.567	64.443	25.700
228.384	307.313	64.647	25.256
226.385	307.065	64.026	25.750
236.133	307.903	63.896	24.043
253.947	308.340	64.624	23.625
271.894	307.798	63.728	23.557
289.214	307.904	63.304	23.561
304.021	307.412	63.715	24.821
303.509	307.119	63.984	25.049
298.185	307.683	63.786	24.676
295.058	307.779	63.152	24.829
291.524	307.734	62.721	24.977
287.666	307.916	63.015	25.571
284.492	307.872	63.420	25.223
281.526	307.812	63.368	25.270
278.509	308.254	63.388	24.696
275.113	307.950	63.865	25.194
272.118	307.744	63.665	25.433
268.952	308.009	64.225	24.725
265.820	308.317	63.884	24.346
262.940	308.224	63.891	24.525
259.939	308.398	63.301	24.250
256.666	308.128	63.623	24.354
253.765	308.164	63.533	24.440
250.759	308.286	62.968	24.331
247.598	307.904	63.307	24.328
244.514	307.901	63.463	24.402
241.292	307.530	64.291	24.479
238.302	307.444	64.041	24.628
235.298	307.279	64.158	24.818
231.930	307.103	64.096	24.564
229.998	306.856	64.584	24.517
240.864	307.633	65.260	23.168
260.564	307.505	64.961	23.057
279.024	307.538	64.261	23.140
296.067	307.215	64.770	22.967
313.741	307.061	64.203	23.116
321.506	306.005	62.782	24.861
315.712	305.810	63.948	24.997
311.714	305.729	63.409	25.126
308.622	305.570	63.607	25.193
305.128	305.651	62.793	25.047
301.773	305.920	63.181	25.017
298.388	305.906	63.692	25.587
295.469	305.747	63.156	25.469
292.073	306.006	62.840	25.016
288.979	305.943	62.935	24.961
285.740	306.229	63.054	24.291
282.356	306.784	62.944	23.526
278.992	306.782	62.818	23.183
275.501	306.493	62.782	23.167
272.336	306.328	62.698	23.418
269.147	305.924	62.646	23.759
265.967	305.794	62.940	23.639
262.387	305.377	62.798	23.745
258.907	304.665	63.339	24.568
255.809	304.304	63.533	24.694
252.597	304.431	63.820	24.636
249.597	303.824	63.541	24.635
246.793	303.597	63.199	24.957
244.510	303.174	61.852	25.195
241.133	303.242	61.957	24.831
237.632	302.690	62.168	25.393
234.715	302.511	62.362	24.909
231.337	302.502	62.478	24.246
228.058	302.278	62.685	24.266
224.455	301.915	63.709	24.130
221.728	301.414	63.204	24.112
218.449	301.459	62.830	23.876
215.593	300.723	63.140	23.992
212.501	300.311	63.143	24.276
209.323	299.875	62.669	24.304
206.482	299.220	62.526	24.515
203.528	299.242	62.749	24.044
200.755	298.665	62.723	24.754
197.665	298.263	62.843	24.633
195.110	298.326	63.014	24.517
202.529	298.485	64.645	23.629
220.345	298.131	65.221	23.379
238.891	297.817	64.779	23.563
256.811	297.385	64.122	23.793
264.147	296.873	63.210	24.685
258.615	296.646	64.002	24.659
255.024	295.974	63.788	25.209
251.927	296.172	63.985	24.269
248.958	296.022	63.769	23.891
245.759	295.755	63.645	23.790
242.707	295.863	63.784	23.711
239.822	295.983	63.763	23.430
237.132	295.752	63.712	23.666
234.354	295.792	63.155	23.594
233.991	295.308	63.803	23.425
248.303	296.381	65.206	21.317
268.327	296.336	63.504	21.338
286.815	295.301	62.866	21.957
303.418	295.240	63.166	22.156
305.722	294.268	63.559	23.502
301.409	293.992	62.930	23.967
297.775	293.782	62.404	24.122
294.483	293.686	63.043	23.780
291.421	293.128	63.216	23.870
288.293	293.389	62.911	24.111
285.519	292.994	62.618	24.465
282.745	292.827	62.440	24.518
279.610	292.671	62.966	24.837
276.633	292.531	63.682	24.772
274.198	292.577	63.312	24.396
271.283	292.516	63.378	24.440
268.337	292.147	63.321	24.599
265.491	292.212	63.583	24.622
262.659	292.281	63.687	24.437
260.321	292.070	63.244	24.458
266.786	292.933	64.320	23.454
284.717	293.255	64.758	22.778
303.421	292.120	63.096	23.969
307.102	292.028	61.869	24.750
