375.000	274.000	48.000	28.000
374.072	273.912	47.972	30.702
370.441	274.107	48.228	30.687
367.153	274.478	47.324	30.078
363.364	275.091	48.307	30.581
360.572	275.281	48.038	31.293
357.029	275.610	48.356	30.876
353.775	275.709	47.849	31.515
349.971	275.781	48.111	30.005
346.514	275.949	48.521	30.365
342.736	276.338	48.743	30.816
339.252	276.729	49.210	30.910
337.671	277.138	47.163	29.992
333.275	277.638	47.228	30.120
329.603	277.847	47.660	30.565
325.845	277.934	48.067	29.817
321.908	277.975	48.797	30.650
319.569	277.949	47.871	32.586
315.496	277.913	47.626	31.624
313.324	278.460	46.445	30.577
310.314	279.133	46.736	30.708
305.732	279.225	47.192	29.880
302.904	279.374	46.314	30.363
299.137	279.079	46.507	29.799
302.084	278.980	46.001	30.778
329.642	279.530	48.045	28.988
365.679	279.457	48.576	29.816
398.398	279.022	49.647	29.634
428.429	278.356	47.653	30.539
433.782	277.748	47.439	31.225
427.534	278.279	46.786	30.987
423.899	278.404	46.004	30.724
420.126	278.527	46.458	30.485
417.017	278.267	46.431	30.951
413.121	278.284	47.002	30.435
409.184	278.654	48.084	30.678
405.520	278.367	47.062	30.903
403.906	277.856	45.162	30.135
399.565	278.436	46.727	29.833
395.351	278.662	47.633	30.114
391.468	278.646	47.095	29.335
387.933	278.144	45.903	29.784
383.693	278.322	47.042	30.243
379.889	278.276	47.094	29.718
375.808	277.748	47.186	30.723
371.995	277.927	46.950	30.678
368.099	277.925	47.112	30.018
364.290	278.084	46.275	29.436
359.723	277.584	46.041	29.653
355.360	277.877	47.322	29.678
350.906	277.311	46.664	30.235
346.726	277.217	46.785	30.916
343.589	277.221	46.166	29.837
338.572	276.991	46.633	30.973
334.288	276.570	46.109	30.187
329.661	276.672	46.564	30.403
325.037	276.689	46.298	29.744
321.357	276.245	45.602	32.228
316.228	276.465	46.229	30.381
311.009	276.419	45.919	31.063
306.026	275.901	46.731	31.947
301.250	275.586	45.853	30.911
296.632	274.588	46.104	31.826
291.188	275.770	45.512	28.917
286.013	276.282	45.558	29.628
280.824	276.258	46.493	30.201
296.738	276.399	46.765	30.641
331.619	275.620	46.932	30.145
363.444	275.748	47.607	30.999
394.793	275.495	46.672	29.181
410.530	275.077	44.921	28.556
402.658	275.059	44.589	29.666
396.000	275.542	44.316	29.481
391.320	275.176	43.464	30.482
385.011	274.830	45.720	29.649
379.611	274.390	45.085	30.108
372.960	274.784	45.544	29.944
367.147	274.207	46.064	30.778
360.918	273.153	46.383	32.003
353.715	273.194	47.768	32.277
347.808	272.870	47.512	31.659
342.176	272.998	47.697	31.525
336.442	272.788	46.244	31.153
330.990	272.544	45.675	31.608
324.266	272.058	46.550	31.644
315.571	271.969	48.592	31.902
310.519	271.165	46.903	32.032
304.512	271.232	46.020	32.053
298.274	271.954	45.634	32.616
292.050	271.901	45.723	31.998
284.807	271.242	47.692	32.713
278.886	271.265	47.125	30.988
273.111	271.871	44.355	30.496
266.456	272.195	44.937	30.734
258.051	272.089	46.954	30.848
252.748	271.661	45.308	31.134
246.049	271.897	45.361	30.598
239.320	271.783	45.500	29.098
242.289	271.311	45.570	30.753
269.566	271.569	48.409	28.193
304.323	271.376	47.250	29.280
332.656	271.420	47.456	29.862
360.827	270.744	44.945	29.928
360.411	270.527	47.059	29.757
349.732	270.535	46.953	29.191
344.854	270.426	45.608	29.656
339.151	270.109	46.008	30.617
333.987	269.397	44.708	31.721
327.559	269.485	45.121	31.928
319.664	269.888	46.735	30.986
312.818	269.525	47.295	30.137
308.695	269.653	44.104	29.088
302.092	269.907	44.489	27.959
295.607	269.685	44.184	29.120
288.388	269.454	44.995	29.801
280.947	269.720	45.936	30.942
275.053	269.760	45.304	30.288
268.687	268.900	44.050	30.503
261.434	269.023	45.635	31.236
259.443	268.686	44.622	29.069
285.131	269.019	45.643	26.664
318.537	269.449	46.379	26.904
346.083	269.081	48.131	26.613
377.495	268.494	45.231	27.735
404.556	268.555	48.933	28.500
420.987	267.465	45.115	29.971
412.234	268.041	44.336	28.359
404.111	267.788	44.296	29.298
398.790	267.726	44.038	29.468
392.582	267.997	43.941	28.298
386.063	267.920	43.923	27.714
379.076	267.319	44.693	29.344
372.884	266.781	45.048	30.362
365.620	267.321	45.284	30.455
358.305	267.240	45.598	30.425
350.500	266.386	46.744	30.392
342.466	265.775	48.288	32.011
335.126	265.223	49.871	30.883
328.882	264.770	48.230	32.124
322.590	263.706	49.125	34.135
315.611	263.780	49.609	34.443
309.633	263.801	48.841	33.509
304.172	263.597	47.032	33.290
296.684	263.680	48.388	34.320
289.908	263.089	48.407	33.493
283.248	262.606	48.457	34.858
276.558	262.329	47.824	35.139
269.872	261.954	48.547	33.237
262.599	261.599	48.502	34.232
256.517	261.927	49.457	34.153
250.167	261.810	48.118	34.105
245.661	261.551	47.983	33.899
264.458	262.169	50.256	32.898
298.351	261.502	50.151	33.355
328.415	261.126	50.547	33.345
357.745	260.998	51.230	33.380
373.084	260.333	49.801	34.629
363.570	260.623	48.743	34.542
355.725	260.415	49.113	33.557
350.351	260.069	49.063	34.589
344.462	259.748	48.092	34.458
337.669	259.611	48.365	34.148
330.641	259.576	48.752	34.042
323.832	259.253	48.208	34.007
316.368	258.981	48.700	34.072
309.173	258.671	48.719	34.648
302.459	258.277	48.602	34.996
294.992	258.168	48.980	34.723
288.493	257.780	48.707	34.572
281.403	257.738	49.110	34.524
275.007	257.240	48.641	34.727
288.711	257.373	50.289	34.356
319.284	257.073	53.855	34.932
351.264	256.396	51.675	34.998
379.598	256.410	51.867	35.695
408.132	255.788	53.184	34.988
437.112	255.302	52.582	33.456
443.971	254.969	51.264	34.766
434.177	255.368	49.783	33.763
426.475	254.999	49.291	32.505
419.604	254.843	49.832	32.203
412.952	254.892	49.894	33.734
405.742	254.765	49.638	33.556
398.666	254.536	49.341	34.853
391.890	254.469	49.413	34.829
384.135	254.386	49.266	35.471
376.564	254.538	49.238	35.197
369.204	254.297	49.491	34.880
361.417	254.350	49.840	34.504
354.076	254.315	49.338	34.726
346.962	254.117	49.471	34.714
338.091	254.354	50.310	34.297
331.022	253.657	49.433	34.205
323.980	253.319	49.144	34.237
315.775	253.242	49.204	33.896
307.432	253.102	50.132	34.320
300.001	252.564	49.964	34.262
291.588	253.264	50.945	33.697
283.630	252.444	50.370	34.294
276.963	251.996	49.110	34.388
269.535	251.592	49.518	35.468
262.536	251.365	49.081	35.220
265.158	252.030	47.293	33.697
290.706	251.973	50.650	33.906
321.204	252.811	50.498	33.447
349.538	252.856	50.887	31.365
378.006	252.389	50.693	31.128
406.217	251.445	49.150	31.864
412.397	250.781	48.328	33.092
401.622	250.698	47.849	31.267
394.558	250.369	46.120	32.461
386.815	249.704	47.777	33.002
380.293	249.446	46.286	33.390
370.383	249.467	48.163	33.385
363.877	248.111	47.112	33.600
356.636	248.974	46.507	32.049
346.975	249.359	47.641	31.591
340.108	248.979	45.459	30.261
332.257	248.495	46.325	30.846
325.837	247.837	44.847	31.198
314.036	247.775	48.694	30.883
307.235	247.537	47.444	32.090
299.916	247.488	46.113	30.002
290.827	246.616	47.492	32.020
284.329	246.384	45.941	34.251
276.394	246.791	44.867	32.232
266.490	245.431	46.847	33.368
258.190	245.234	47.144	31.700
259.994	245.755	46.023	31.840
286.684	245.475	46.813	30.410
314.859	245.604	48.127	31.512
343.133	245.193	46.787	30.289
371.285	245.217	46.308	31.398
399.388	244.660	46.766	30.135
407.113	244.198	44.533	30.295
394.544	244.279	44.735	30.336
385.719	244.487	45.832	31.183
378.942	243.764	45.645	31.264
371.017	243.576	46.192	30.041
363.179	244.087	43.762	30.568
354.595	243.605	44.712	31.614
346.411	243.066	44.908	30.481
338.124	243.205	45.046	30.866
329.252	242.902	46.485	30.169
320.506	243.134	47.309	30.486
313.241	242.060	46.538	31.684
303.530	241.993	48.989	31.663
297.147	241.349	46.344	30.154
289.312	241.047	46.387	32.687
294.746	240.947	48.573	31.878
324.043	241.121	49.726	30.906
353.468	240.768	50.290	31.421
382.949	240.491	48.035	30.993
411.923	240.285	47.858	30.745
440.910	240.650	47.684	30.066
458.576	240.237	47.826	30.245
450.393	240.063	46.868	31.217
440.151	239.483	48.318	32.143
433.786	238.863	47.409	33.074
426.712	238.789	46.780	33.226
419.808	239.067	46.076	32.066
413.342	239.048	44.512	31.617
403.799	239.104	46.380	32.712
397.088	238.420	45.912	32.532
393.309	238.613	46.848	32.569
418.179	238.838	48.155	30.062
447.399	237.783	49.085	31.736
455.227	237.274	47.496	32.539
443.081	237.361	46.256	31.747
435.356	237.692	45.744	31.662
428.926	236.788	45.749	32.109
421.914	236.949	45.464	32.202
414.302	236.965	45.193	31.523
404.190	236.631	47.405	30.907
397.961	236.068	45.654	32.356
389.218	236.101	46.497	32.988
382.517	235.164	45.888	32.739
373.655	235.877	46.608	32.448
366.928	235.857	45.473	33.222
356.703	235.662	48.623	32.349
350.639	234.978	46.352	33.156
341.891	235.390	47.006	32.626
334.401	234.649	46.831	31.062
326.370	234.723	46.665	32.807
317.537	234.976	47.028	32.040
311.414	234.742	45.330	31.839
302.938	234.172	46.561	31.367
294.327	234.790	47.717	31.531
286.120	234.845	45.709	32.147
278.400	234.616	46.963	33.242
269.437	233.945	47.769	33.910
262.089	234.624	47.889	33.422
254.267	234.941	47.165	31.754
247.181	234.475	45.769	32.729
239.239	248.326	45.668	33.087
231.275	267.251	45.963	33.313
222.642	283.557	47.006	32.496
216.121	284.819	45.817	32.951
207.846	284.464	46.388	31.113
202.668	283.776	45.822	31.094
221.676	284.332	46.851	28.900
255.784	284.599	45.829	29.832
283.746	284.293	47.734	30.208
311.116	284.353	48.127	30.924
315.152	283.722	48.643	32.227
306.592	285.356	45.582	31.296
298.330	284.659	45.698	29.932
291.366	285.026	46.190	30.014
288.995	284.684	45.778	30.312
312.944	285.807	47.842	29.827
345.804	285.345	46.552	29.195
373.671	285.387	46.072	31.016
400.275	284.489	49.345	29.241
418.059	284.871	47.424	30.792
409.874	284.343	46.466	29.913
399.190	284.303	46.594	32.128
392.631	284.125	46.838	30.385
385.200	283.773	46.908	30.656
377.245	284.252	47.953	31.660
370.407	283.858	47.098	33.049
363.204	283.403	46.610	33.767
355.992	284.772	46.996	31.666
347.355	285.257	46.513	29.657
338.854	285.042	47.306	31.593
331.546	285.060	47.627	32.628
325.492	284.878	45.633	31.801
317.436	284.917	45.971	31.384
308.793	284.841	47.122	31.672
301.375	284.815	47.083	32.317
293.635	284.766	46.694	32.293
285.304	284.535	47.471	31.551
277.259	284.358	48.661	31.720
269.941	284.466	47.513	32.177
271.617	285.118	46.755	30.632
297.591	284.896	48.756	30.113
326.913	284.398	48.245	32.075
328.715	284.807	46.746	31.236
314.599	284.722	48.124	32.448
309.636	284.588	46.439	32.186
302.347	284.500	46.683	30.621
294.663	284.295	46.013	32.259
287.495	284.364	46.538	32.083
279.608	284.438	46.930	33.306
271.789	284.478	46.895	31.455
264.093	284.128	47.451	31.955
256.850	284.017	47.589	32.234
249.080	284.494	47.036	33.177
242.167	284.306	45.984	31.219
234.580	284.431	45.748	30.474
225.623	284.361	46.853	32.635
220.280	284.253	46.183	32.749
239.457	284.133	47.264	31.477
272.140	284.069	47.960	30.681
300.923	283.849	48.767	31.865
329.870	283.587	48.953	32.485
358.460	283.114	49.802	31.269
373.049	283.290	45.188	32.468
361.642	283.348	46.294	31.551
351.994	283.520	47.879	32.568
345.810	282.770	47.724	32.262
338.635	282.895	47.281	31.360
331.759	282.478	46.040	32.017
324.076	282.567	46.353	32.330
321.902	281.961	47.610	31.174
346.679	282.203	48.827	30.549
375.996	281.927	49.889	31.155
383.703	281.121	48.260	31.293
371.701	281.246	49.031	31.118
366.225	280.447	47.063	32.685
360.318	280.501	46.045	31.526
353.188	280.267	45.738	31.977
344.354	280.320	47.593	31.836
337.149	279.778	48.022	32.806
331.024	279.382	46.778	32.457
323.993	279.067	46.039	32.029
326.105	279.136	46.265	31.446
353.610	278.698	48.282	31.443
376.384	278.145	46.689	31.473
368.428	277.980	46.076	31.608
358.602	278.217	46.235	30.986
351.598	277.743	47.398	30.863
346.162	277.835	46.916	30.539
339.227	277.358	46.544	30.551
330.646	277.581	48.188	31.494
324.775	276.846	45.830	30.943
317.709	277.073	46.292	30.890
310.371	276.668	45.223	30.029
302.786	275.832	46.596	32.373
296.018	275.832	47.490	31.204
289.106	275.687	46.270	30.936
281.660	275.328	46.944	31.168
275.324	275.045	46.611	31.906
268.893	274.902	46.548	30.418
283.007	274.870	47.105	30.680
316.005	274.908	46.401	29.826
344.268	274.465	47.737	31.071
372.666	274.214	48.493	31.128
398.468	273.314	47.452	31.696
393.870	273.445	47.464	31.916
384.481	274.288	46.826	31.024
379.372	273.656	46.503	31.713
373.032	274.178	44.155	29.939
365.840	273.780	45.686	31.086
359.520	273.495	46.002	31.666
351.926	272.756	46.883	32.805
345.208	272.752	46.669	32.871
338.535	272.647	46.650	32.199
330.804	272.624	47.510	32.639
324.119	272.453	47.373	31.722
317.863	272.320	47.076	31.336
321.238	272.153	47.070	31.573
349.775	272.550	47.615	31.639
382.595	272.429	47.762	31.816
410.797	271.914	48.921	31.749
439.152	271.773	49.909	31.513
465.492	271.638	48.774	32.233
462.969	271.922	48.117	32.211
454.018	271.446	47.352	31.222
448.567	271.141	46.977	32.352
442.545	271.573	47.204	31.634
435.583	271.598	46.645	31.500
429.999	271.316	46.098	31.128
422.706	271.075	46.957	31.752
415.507	270.344	47.766	32.380
410.468	270.076	46.881	33.135
402.762	269.846	48.460	33.097
397.285	269.759	48.043	33.481
390.710	269.930	47.522	32.883
384.714	269.570	47.037	31.022
379.212	269.432	46.034	31.783
368.060	270.291	46.629	30.811
331.121	270.018	49.295	29.733
308.166	269.398	46.082	31.805
306.064	269.052	45.803	31.797
302.138	268.593	44.965	32.210
293.010	268.495	46.209	32.842
286.631	268.244	46.713	33.508
302.330	268.150	46.531	29.787
334.177	267.931	46.491	30.124
361.799	267.692	48.624	30.118
378.158	267.058	47.173	32.477
369.633	266.802	47.154	33.574
361.390	266.634	47.604	32.063
356.957	266.204	46.349	29.905
351.353	265.503	46.775	32.897
344.661	265.749	46.428	33.306
337.750	265.870	48.333	32.198
331.648	265.324	48.698	32.982
326.229	265.355	47.927	32.673
322.108	264.937	45.926	32.050
314.485	265.048	46.222	31.943
308.263	265.011	46.385	33.795
302.938	264.790	45.233	33.403
295.876	265.450	46.672	32.588
289.569	265.397	46.707	30.616
284.790	265.370	45.041	30.706
278.629	265.412	44.789	32.090
271.282	265.691	45.426	31.875
263.241	265.245	47.436	33.034
259.361	265.363	46.998	31.462
279.648	266.676	46.799	29.635
313.416	266.154	45.697	28.199
344.844	265.147	44.839	32.257
358.803	265.620	43.801	32.742
346.808	266.440	47.349	31.852
340.230	266.229	46.748	32.624
335.025	266.109	45.987	31.942
328.765	265.859	46.634	32.563
322.627	265.941	47.158	32.142
316.542	266.169	47.864	33.014
311.129	266.093	47.025	32.920
305.063	266.158	46.905	33.023
299.261	266.039	47.064	32.676
293.137	265.995	47.404	32.604
286.640	265.719	48.023	33.005
280.843	265.605	47.182	32.936
274.560	265.251	47.344	32.765
268.434	264.998	47.739	34.175
262.850	264.852	47.372	33.530
256.558	264.633	46.982	32.991
251.000	264.557	46.888	33.508
256.622	264.866	47.852	33.518
285.589	265.264	51.554	32.499
321.305	264.910	49.148	32.172
351.068	264.912	48.955	31.825
372.271	264.859	47.230	31.002
365.794	264.820	46.626	31.330
358.647	264.431	46.315	32.893
353.536	263.931	46.412	33.111
347.211	263.922	47.189	32.843
341.313	263.677	47.447	32.629
336.203	263.645	46.607	32.960
331.411	263.855	45.007	32.905
323.866	264.402	46.276	31.501
317.782	264.010	46.441	31.149
311.612	263.820	46.836	31.966
305.665	263.466	47.319	31.935
299.564	263.405	46.522	31.676
293.522	263.165	46.235	31.052
288.042	262.792	45.715	31.832
281.943	263.304	46.289	32.292
275.180	263.070	47.345	32.192
269.601	262.899	46.720	32.444
263.130	263.063	46.912	32.555
257.162	262.932	46.342	32.697
251.376	262.998	46.185	31.087
245.120	262.755	45.807	31.733
238.978	262.722	45.843	31.089
233.341	262.575	45.410	31.708
228.753	262.000	45.976	32.367
249.806	262.039	47.067	31.002
283.864	261.869	47.038	30.971
315.488	261.673	46.725	29.980
343.751	261.034	47.703	30.727
358.770	260.777	46.455	31.320
349.995	260.723	45.596	30.808
342.674	260.532	44.972	32.035
336.892	259.668	46.217	32.638
331.162	258.912	46.217	32.223
325.189	258.723	45.783	32.479
318.144	258.496	46.668	31.718
312.745	258.423	45.884	31.197
306.834	258.315	46.546	32.424
301.064	257.860	46.063	32.716
294.313	257.856	46.829	33.194
287.883	258.343	46.842	32.675
293.760	259.123	47.055	31.934
325.339	259.760	48.222	31.583
358.793	260.115	47.072	31.401
386.931	260.109	47.781	30.996
415.932	260.092	49.458	31.548
448.991	260.034	47.002	31.627
476.374	260.052	46.104	31.267
478.934	260.051	45.324	32.085
469.376	260.769	44.812	30.252
463.642	260.984	45.490	32.083
458.886	261.270	45.045	31.847
451.752	261.521	46.265	31.931
446.001	261.049	46.378	32.520
441.043	261.098	46.013	32.617
435.204	261.160	45.583	32.835
429.128	262.094	45.443	32.124
423.626	262.179	45.611	30.991
417.803	262.660	46.118	33.256
412.472	261.803	45.213	35.688
406.007	264.379	44.334	32.656
399.214	264.593	46.354	30.123
394.116	264.303	45.436	31.191
387.620	265.202	45.846	31.973
381.035	265.678	46.296	31.864
375.161	264.720	46.806	32.032
370.555	265.275	44.751	31.726
362.517	265.723	46.788	31.475
357.159	265.581	46.481	30.755
350.735	265.000	47.207	31.988
346.268	265.376	46.948	33.189
340.748	266.210	46.652	32.905
334.647	266.444	46.786	32.236
330.115	266.155	45.338	30.743
324.671	266.243	45.857	31.779
317.511	266.956	46.070	30.992
312.273	266.588	45.813	31.220
306.587	266.599	45.865	32.826
299.551	266.533	46.920	32.496
293.551	266.893	47.822	31.500
289.268	266.746	46.341	32.378
283.746	266.841	46.123	30.286
277.915	266.820	45.959	31.346
271.497	267.137	46.170	32.571
266.098	267.152	46.072	32.186
260.813	267.142	46.356	31.100
276.484	268.080	48.183	31.034
310.270	268.287	47.759	31.722
342.659	267.956	47.869	32.755
372.052	267.933	47.757	33.106
398.111	267.628	46.564	31.708
395.601	268.466	45.951	31.053
386.981	269.297	45.379	29.559
381.644	268.559	46.103	30.789
375.260	268.497	46.533	31.599
369.660	268.710	47.086	31.796
364.870	268.659	45.606	32.784
359.643	268.571	45.643	32.440
354.419	268.982	46.401	32.432
348.452	269.555	47.047	31.548
343.016	269.921	46.293	32.038
337.173	270.436	46.581	31.754
331.256	271.000	45.484	29.823
326.215	271.272	45.275	31.438
320.539	271.528	45.827	31.435
315.960	271.848	44.518	30.919
309.355	272.086	45.036	31.270
304.427	272.799	44.924	31.436
299.186	273.067	44.235	31.713
293.177	273.525	44.786	32.195
288.119	273.531	44.441	32.572
282.609	273.681	43.980	32.568
277.412	274.316	44.574	31.584
272.500	274.205	43.992	31.341
276.026	274.311	45.707	30.914
303.809	275.338	49.468	30.007
339.066	274.633	48.132	30.503
361.360	274.790	45.055	30.646
355.854	274.884	44.849	30.417
348.541	275.524	44.217	30.109
343.556	275.331	44.804	31.023
337.689	275.085	45.425	31.377
332.803	275.104	46.271	30.856
327.624	274.482	46.291	31.503
323.106	274.243	45.323	31.205
317.690	274.421	45.525	31.011
312.883	274.086	44.814	31.565
307.403	274.053	45.243	31.088
302.865	274.059	45.096	31.228
313.953	274.050	45.156	30.668
345.320	273.579	47.836	30.548
378.032	273.155	47.744	31.529
406.739	273.111	49.236	30.880
434.157	272.528	47.556	31.814
433.106	273.130	46.132	32.856
426.056	272.950	45.693	32.271
421.721	272.655	45.157	31.009
416.136	272.931	45.921	29.971
411.863	273.636	45.196	30.295
407.250	273.514	44.941	30.757
401.656	273.400	44.686	30.262
396.545	273.135	44.241	31.138
390.558	273.596	45.095	31.091
384.878	273.838	44.907	30.425
379.214	273.778	45.328	31.050
374.224	273.301	46.144	30.626
391.786	273.059	47.561	29.718
423.958	272.971	49.719	29.483
456.081	272.565	49.825	30.143
482.973	272.186	53.150	31.050
513.689	271.587	50.714	31.494
518.670	270.863	48.654	29.808
510.160	271.530	45.868	29.481
505.836	271.653	46.399	30.164
501.839	271.720	45.578	30.301
497.572	272.582	45.782	30.394
491.136	272.636	47.439	31.945
483.834	271.998	48.563	32.555
478.527	271.662	48.388	33.564
475.186	271.244	45.466	33.284
471.189	272.784	44.647	31.347
465.752	272.707	44.378	31.223
459.081	272.282	45.293	31.853
452.425	271.746	46.819	32.751
447.154	271.490	47.973	32.979
442.374	271.805	48.027	32.156
436.899	271.137	47.417	31.912
431.166	270.664	46.107	33.442
426.267	270.475	46.705	33.870
422.015	270.216	45.934	33.820
416.727	270.665	45.223	31.847
410.502	271.201	45.814	32.180
404.779	271.260	46.219	31.758
399.882	271.011	45.242	31.802
394.857	270.849	45.357	31.811
388.925	270.943	46.511	31.228
382.360	270.802	45.482	31.912
376.980	271.008	46.121	31.387
372.314	270.583	45.752	31.620
367.579	270.595	44.381	31.879
360.635	270.951	45.962	31.883
355.337	270.898	45.899	31.590
349.806	270.517	45.759	31.621
344.281	270.605	46.321	31.253
338.475	270.186	47.329	32.392
333.093	270.134	46.742	32.290
327.736	270.181	46.049	31.764
323.475	270.084	44.367	31.504
318.159	270.316	44.298	31.263
313.402	270.409	46.047	31.583
336.322	269.694	47.781	32.298
370.812	269.346	48.024	32.147
398.291	269.039	48.449	31.833
401.899	269.906	45.400	30.622
393.061	269.893	45.596	30.595
389.035	269.782	44.288	31.713
383.150	269.755	45.609	31.560
376.939	270.131	46.514	29.883
372.021	269.783	45.975	30.037
366.704	269.373	46.156	31.853
360.708	269.399	46.739	30.903
355.000	269.269	46.526	31.999
350.383	269.211	45.940	31.897
343.977	268.984	46.492	31.794
338.091	268.598	47.888	32.174
333.043	268.301	46.725	32.546
327.687	268.248	46.359	32.403
322.481	268.399	45.511	32.196
316.520	268.391	45.870	31.086
310.859	268.115	45.507	31.905
304.613	268.390	45.976	31.507
298.086	268.581	46.904	31.636
291.714	268.820	46.289	30.671
285.484	268.725	46.074	30.715
279.694	268.233	46.041	30.951
279.869	268.438	45.285	30.681
304.248	268.059	47.355	30.260
337.999	267.700	48.434	32.351
367.056	268.113	49.556	30.566
399.764	268.699	46.560	29.010
420.089	268.161	44.749	29.517
410.773	268.149	47.100	29.273
404.257	268.272	46.285	29.620
399.261	267.934	46.250	29.458
393.520	268.265	46.337	30.035
387.044	268.104	46.885	32.090
381.848	268.044	46.820	31.936
376.297	267.790	46.993	31.537
370.795	268.360	46.531	31.066
363.768	268.383	46.556	30.314
358.198	268.192	46.970	30.535
352.737	268.014	46.263	29.947
346.675	267.666	46.308	30.360
340.413	267.065	46.155	30.909
334.056	266.871	46.893	31.625
328.106	266.742	47.189	30.823
322.123	266.690	46.556	30.175
315.415	265.991	47.156	29.903
309.313	265.332	47.554	32.250
302.977	265.373	46.959	32.978
296.246	265.262	47.149	32.752
290.288	265.361	47.453	32.516
284.357	265.624	46.402	30.751
284.515	265.745	45.090	29.646
309.921	266.267	47.233	29.542
344.349	266.386	46.729	29.287
374.869	266.682	46.535	29.391
402.738	266.869	49.267	29.024
432.399	266.601	48.746	30.176
445.298	266.625	44.598	31.121
434.191	267.527	45.534	31.213
427.944	268.040	44.893	30.610
421.752	267.581	45.839	29.348
416.357	266.925	45.431	30.418
411.013	267.034	45.252	30.666
406.170	267.272	44.031	29.871
398.601	267.291	45.142	29.889
392.521	267.531	45.566	29.363
385.619	267.349	46.167	29.408
379.587	266.611	46.444	31.054
374.000	266.583	45.563	31.251
368.517	266.722	45.524	31.292
361.914	266.889	46.482	30.463
356.240	267.163	45.864	31.175
349.610	267.141	46.326	31.394
343.248	266.956	46.169	30.843
336.166	267.529	46.235	31.919
330.365	267.672	46.021	30.754
323.585	267.575	46.790	30.422
316.189	267.713	46.637	29.836
310.128	267.487	46.264	30.834
304.530	267.930	46.424	30.817
297.485	267.978	47.436	31.279
291.484	267.964	46.315	30.587
290.748	267.856	46.233	29.584
316.236	267.636	47.575	30.577
351.094	267.556	46.667	30.902
381.838	267.736	46.248	30.136
409.710	267.432	46.941	30.470
429.988	267.129	45.518	30.892
422.225	267.622	47.908	30.687
413.533	267.441	47.554	30.230
408.693	267.082	46.656	30.654
401.574	266.816	47.908	30.880
395.189	267.323	47.170	32.143
389.071	267.387	47.250	33.365
382.942	267.216	47.689	31.707
376.720	267.108	48.429	30.471
371.129	267.602	47.299	32.290
364.581	267.172	47.382	33.718
358.437	267.090	47.593	33.020
352.190	266.795	47.424	31.908
346.380	266.570	47.468	32.471
340.248	266.786	47.721	33.543
333.692	266.796	48.267	34.057
326.960	266.288	48.731	33.473
321.694	266.074	48.660	33.881
315.608	266.379	48.203	34.602
309.163	266.416	49.021	35.031
304.097	266.710	47.897	34.823
298.202	267.112	47.655	33.620
292.039	266.746	47.934	34.385
287.079	266.784	47.165	34.224
281.210	266.614	47.303	33.285
295.360	267.032	49.955	35.089
329.011	267.182	50.096	32.716
359.173	267.445	50.720	30.254
381.015	266.897	47.477	31.476
374.536	266.869	47.306	32.550
366.263	266.847	47.920	32.987
360.846	266.658	47.996	33.122
355.533	266.819	47.821	33.094
349.890	267.063	47.935	33.451
344.488	266.964	46.980	32.548
338.886	266.774	46.815	33.602
333.063	266.730	47.422	33.238
329.351	266.946	45.243	31.189
323.832	267.125	44.686	29.949
318.328	267.193	44.534	29.830
312.558	267.044	44.079	31.887
314.846	267.013	47.340	31.716
343.457	267.155	49.786	31.114
378.767	266.699	47.917	29.843
407.848	266.601	49.527	29.077
437.931	266.805	50.625	28.712
456.830	266.697	47.350	31.418
450.681	266.984	45.422	32.216
441.592	267.130	47.988	32.238
437.367	266.667	47.686	32.410
433.227	266.618	46.511	31.723
426.891	266.702	47.280	31.057
421.110	267.383	47.009	30.513
416.740	266.850	46.428	30.016
411.788	266.693	46.385	32.308
406.665	267.077	46.303	31.659
401.672	267.516	46.118	31.182
396.558	267.655	45.882	30.572
391.559	267.962	45.692	30.491
386.611	268.073	46.044	29.984
381.593	268.247	46.615	30.488
375.753	268.335	46.742	30.031
371.681	268.187	44.163	29.508
366.433	268.450	44.758	29.528
360.326	268.840	46.711	31.020
355.687	268.420	46.356	32.723
350.522	268.624	46.595	32.754
345.619	268.853	46.392	30.714
340.588	269.001	46.046	29.847
336.337	269.295	45.848	30.114
331.646	269.230	45.248	31.647
326.431	269.301	45.837	31.676
321.162	269.448	45.759	30.743
316.953	270.058	44.620	31.150
312.136	270.584	44.487	30.943
312.875	270.665	43.361	29.760
336.905	270.766	47.138	29.047
371.485	270.958	47.302	28.719
403.625	270.829	46.228	29.414
418.885	270.790	45.904	30.297
412.010	271.113	44.175	30.696
406.295	271.927	44.704	30.771
401.337	272.321	45.606	30.556
397.301	272.299	44.979	30.903
392.718	272.158	44.007	30.275
388.441	272.579	43.612	29.535
382.942	272.686	44.983	30.208
377.588	272.666	44.380	30.912
372.548	272.534	44.326	33.292
368.044	272.775	44.171	34.681
363.235	273.412	43.952	32.199
358.621	274.102	43.394	31.208
353.953	274.271	43.376	30.950
348.955	274.203	44.346	32.122
342.121	273.647	46.619	32.169
337.339	273.917	46.485	31.037
333.583	273.802	45.442	30.675
328.338	274.594	45.952	31.591
323.125	274.917	46.223	30.508
324.245	275.160	45.257	30.250
349.870	275.641	47.378	28.882
384.815	275.757	46.450	29.842
416.427	275.722	47.555	29.350
441.900	275.734	46.334	29.777
441.033	276.049	44.805	30.174
433.701	276.511	44.135	28.497
428.697	276.231	44.444	29.799
423.366	276.175	45.336	30.595
418.292	275.846	46.024	30.708
412.869	275.754	46.850	30.345
408.427	275.999	46.889	29.131
404.874	275.923	45.450	28.771
400.954	276.142	44.621	29.063
395.624	275.908	45.238	28.659
390.638	275.927	45.606	30.759
387.357	275.828	45.072	29.602
382.653	276.052	45.126	29.228
378.180	276.355	44.519	29.649
373.601	276.498	44.849	29.346
368.820	276.217	44.538	32.122
363.952	276.267	44.120	31.735
359.917	276.310	44.384	30.632
355.637	276.679	43.805	28.879
349.772	277.091	43.301	29.660
344.242	277.129	45.082	29.494
339.206	276.948	45.934	31.581
334.753	277.274	46.678	30.801
330.925	277.495	45.548	30.446
326.661	278.192	45.232	29.653
329.970	278.038	44.221	27.895
357.028	277.855	46.481	27.657
390.553	277.601	45.952	29.191
394.152	277.887	47.002	29.437
386.501	278.184	45.859	28.356
382.734	277.829	44.588	30.106
379.069	277.733	43.605	29.719
373.853	277.943	45.269	30.880
368.431	278.086	46.408	29.580
364.640	277.927	45.664	30.542
360.726	278.035	44.419	30.924
355.935	278.156	44.508	31.231
350.968	278.768	44.640	29.478
345.395	278.873	45.496	27.839
340.143	278.857	46.284	29.714
335.846	278.009	45.806	31.448
331.432	278.110	45.653	30.800
326.523	278.674	45.983	29.769
321.712	278.848	45.599	29.451
318.049	278.159	44.834	29.564
312.660	278.336	46.542	30.322
307.188	278.482	47.160	31.172
302.026	278.977	47.150	29.722
298.361	278.960	45.809	30.860
294.551	279.106	44.996	29.927
289.387	278.982	45.316	29.919
284.441	278.274	45.352	30.240
279.435	278.058	46.684	31.603
274.633	278.053	46.383	31.269
271.068	278.311	46.141	30.124
266.501	278.314	45.613	31.151
261.958	278.480	45.061	32.105
257.190	278.300	45.593	31.889
251.699	278.299	46.199	32.153
247.453	278.224	46.290	31.390
242.811	278.407	46.636	30.349
239.634	278.703	44.129	31.172
234.184	279.161	45.042	30.934
228.870	279.330	45.705	31.122
223.782	279.491	46.068	30.474
220.037	279.697	45.194	30.464
215.973	279.667	45.089	30.691
211.128	279.729	46.469	31.173
208.943	279.906	45.364	30.723
232.599	280.324	46.119	29.534
268.699	281.197	46.335	29.840
301.600	281.222	44.640	29.921
311.482	281.001	44.328	30.713
302.852	281.200	44.657	30.266
298.371	280.949	44.159	31.584
293.520	281.386	45.227	31.058
288.893	281.588	45.341	30.630
284.951	282.292	45.500	29.977
282.092	282.360	44.241	30.521
277.903	282.434	44.194	31.406
281.958	282.909	46.196	31.110
313.260	283.330	47.540	29.664
347.127	283.517	49.582	29.814
370.699	283.784	45.824	29.732
365.964	283.979	45.407	30.302
359.550	284.746	44.595	30.247
355.448	284.858	44.824	29.953
351.624	284.975	44.873	30.057
347.068	284.997	45.302	30.543
358.002	284.914	47.036	29.563
391.591	284.895	47.694	30.019
426.384	285.139	46.963	29.758
453.225	285.038	45.169	30.090
452.316	284.775	43.390	30.394
445.738	285.022	43.504	30.795
440.739	284.716	44.677	30.909
436.375	284.724	45.612	31.020
432.431	284.464	45.815	31.128
428.435	284.563	45.912	30.835
425.127	284.724	44.955	30.569
421.751	284.969	45.190	30.499
417.359	284.882	44.926	30.422
413.138	284.615	44.759	30.265
409.440	284.618	44.504	30.688
404.823	284.438	44.715	30.218
400.187	284.518	45.696	30.104
396.853	284.417	44.976	30.436
393.596	284.583	44.094	30.985
389.838	284.347	43.079	31.059
385.795	284.421	44.089	31.191
381.368	284.465	44.545	30.946
376.808	284.454	44.874	31.221
372.917	283.991	44.065	30.335
368.904	284.003	44.500	30.940
364.634	284.236	44.849	30.854
360.703	284.840	45.036	31.063
356.702	284.721	44.809	29.868
352.682	284.849	44.157	30.265
348.740	284.771	43.847	30.566
344.292	285.029	44.910	31.537
339.152	285.060	45.750	30.475
334.595	285.562	46.456	30.477
330.274	285.748	46.013	30.155
325.896	285.950	46.615	31.427
322.054	285.837	47.250	31.683
317.934	285.940	46.549	31.618
313.676	286.080	46.151	31.549
309.120	286.869	47.058	31.028
305.204	287.161	46.821	30.320
301.258	287.662	46.476	30.255
297.664	287.565	44.937	30.395
292.573	287.569	46.004	30.350
