0.03894472
0.02539635
0.02666450
0.02683592
0.02530265
0.02665925
0.02664018
0.02663732
0.02661228
0.02661872
0.02659678
0.02659106
0.02662325
0.02662873
0.02661204
0.02662444
0.02666974
0.02658892
0.02659988
0.02508593
0.02658367
0.02653670
0.02671623
0.02513623
0.02673554
0.02704549
0.02662158
0.02664185
0.02675748
0.02521372
0.02658391
0.02505136
0.02657604
0.02648830
0.02665830
0.02516866
0.02657580
0.02679062
0.02667403
0.02656960
0.02659965
0.02723026
0.02663422
0.02676702
0.02653694
0.02489471
0.02670836
0.02669644
0.02666044
0.02661896
0.02510262
0.02654696
0.02538109
0.02649379
0.02496624
0.02662301
0.02668691
0.02677655
0.02655673
0.02682018
0.02509546
0.02650237
0.02655387
0.02654028
0.02427745
0.02667236
0.02663708
0.02655911
0.02653742
0.02660537
0.02663970
0.02666831
0.02656960
0.02646208
0.02647614
0.02643037
0.02655077
0.02697778
0.02731061
0.02685738
0.02535892
0.02674747
0.02649331
0.02648020
0.02656174
0.02653456
0.02653742
0.02659631
0.02654982
0.02657819
0.02666092
0.02657962
0.02670169
0.02664113
0.02648568
0.02371526
0.02872276
0.02667093
0.02654600
0.02679300
0.02513957
0.02654862
0.02647042
0.02656913
0.02695203
0.02683353
0.02400112
0.02675343
0.02674747
0.02697349
0.02533364
0.02657890
0.02655053
0.02655029
0.02661490
0.02665567
0.02670074
0.02663732
0.02654409
0.02660799
0.02663326
0.02661204
0.02669787
0.02668238
0.02662063
0.02512932
0.02672052
0.02661252
0.02662373
0.02539897
0.02646351
0.02678180
0.02689385
0.02677083
0.02680087
0.02649426
0.02697802
0.02676535
0.02405596
0.02659798
0.02670193
0.02674127
0.02518225
0.02654719
0.02651930
0.02644253
0.02649736
0.02555823
0.02658701
0.02653813
0.02278733
0.02665949
0.02660584
0.02654481
0.02657080
0.02705145
0.02662349
0.02654290
0.02654171
0.02654743
0.02668333
0.02659559
0.02653432
0.02660036
0.02657652
0.02661753
0.02663827
0.02659798
0.02663636
0.02659559
0.02657413
0.02650499
0.02673030
0.02508664
0.02660036
0.02657223
0.02663851
0.02519488
0.02658153
0.02674365
0.02655911
0.02656889
0.02662802
0.02662492
0.02657318
0.02658534
0.02677178
0.02654433
0.02657747
0.02504706
0.02658987
0.02660823
0.02530169
0.02496362
0.02667403
0.02662373
0.02649045
0.02630615
0.02662802
0.02663994
0.02513766
0.02522087
0.02661777
0.02664185
0.02668166
0.02667308
0.02665472
0.02673745
0.02657318
0.02661228
0.02503228
0.02660084
0.02664638
0.02652931
0.02519774
0.02656198
0.02652860
0.02659321
0.02657485
0.02653408
0.02658129
0.02649999
0.02658224
0.02651381
0.02554393
0.02662492
0.02686310
0.02654672
0.02654481
0.02661085
0.02655649
0.02658582
0.02647209
0.02640796
0.02655625
0.02660942
0.02656841
0.02652812
0.02650332
0.02668524
0.02676702
0.02709460
0.02669621
0.02670860
0.02674747
0.02669930
0.02682400
0.02649355
0.02657652
0.02664709
0.02681303
0.02531004
0.02153468
0.02698112
0.02653694
0.02641201
0.02610922
0.02668500
0.02689433
0.02653670
0.02658510
0.02651262
0.02660084
0.02346563
0.02670979
0.02516270
0.02653909
0.02361369
0.02662015
0.02663112
0.02646828
0.02623749
0.02662587
0.02656627
0.02669930
0.02084303
0.02655196
0.02663684
0.02656913
0.02629757
0.02658892
0.02656889
0.02673912
0.02188921
0.02658033
0.02666163
0.02675533
0.02366209
0.02663922
0.02866101
0.02687001
0.02672553
0.02680254
0.02650332
0.02702832
0.02699876
0.02499485
0.02671933
0.02582407
0.02678084
0.02653527
0.02655482
0.02385235
0.02529359
0.02664566
0.02658629
0.02680755
0.02647352
0.02676201
0.02679944
0.02540803
0.02676654
0.02674031
0.02525401
0.02662635
0.02658129
0.02660060
0.02676988
0.02662945
0.02662730
0.02660728
0.02672577
0.02659059
0.02647090
0.02657008
0.02660823
0.02648377
0.02659607
0.02664280
0.02663422
0.02511740
0.02647853
0.02625775
0.02647686
0.02670622
0.02394605
0.02676916
0.02671862
0.02671242
0.02373934
0.02657008
0.02665782
0.02659035
0.02659583
0.02521563
0.02654266
0.02661562
0.02657652
0.02552152
0.02653956
0.02661657
0.02662539
0.02667284
0.02676463
0.02654004
0.02658486
0.02663732
0.02660418
0.02659154
0.02656484
0.02664304
0.02656317
0.02655458
0.02662134
0.02660847
0.02650476
0.02656078
0.02654815
0.02497959
0.02681494
0.02664828
0.02656031
0.02650094
0.02675605
0.02658677
0.02651072
0.02535558
0.02654505
0.02651143
0.02532601
0.02679229
0.02659893
0.02662158
0.02668023
0.02673936
0.02717233
0.02655458
0.02643967
0.02666926
0.02658916
0.02662826
0.02657342
0.02665448
0.02657056
0.02525926
0.02651668
0.02663040
0.02654886
0.02684784
0.02670503
0.02525496
0.02664852
0.02663064
0.02662873
0.02671528
0.02649736
0.02657008
0.02660990
0.02660871
0.02684236
0.02663207
0.02666450
0.02660251
0.02654958
0.02662826
0.02656770
0.02656698
0.02672482
0.02647328
0.02652788
0.02648044
0.02661657
0.02661681
0.02653217
0.02375531
0.02665138
0.02665234
0.02659345
0.02656937
0.02657938
0.02655602
0.02660418
0.02665973
0.02652836
0.02659106
0.02665234
0.02670097
0.02510571
0.02659369
0.02660918
0.02658319
0.02390552
0.02671862
0.02673054
0.02667475
0.02668476
0.02657127
0.02660489
0.02660513
0.02666140
0.02660537
0.02651644
0.02664447
0.02656078
0.02656531
0.02539301
0.02683902
0.02655959
0.02653646
0.02629852
0.02676344
0.02659440
0.02493048
0.02654028
0.02674580
0.02660680
0.02641845
0.02663112
0.02660084
0.02633309
0.02674079
0.02650070
0.02652097
0.02674770
0.02647257
0.02667332
0.02649903
0.02649188
0.02667165
0.02721477
0.02684093
0.02674556
0.02888346
0.02651095
0.02656651
0.02650189
0.02661586
0.02688837
0.02690005
0.02668667
0.02414918
0.02673054
0.02705860
0.02698374
0.02674747
0.02665377
0.02674556
0.02501011
0.02515388
0.02671456
0.02672601
0.02401042
0.02664757
0.02670455
0.02651405
0.02521825
0.02659726
0.02660537
0.02665091
0.02701688
0.02654076
0.02648067
0.02654314
0.02652717
0.02528214
0.02669382
0.02664566
0.02673817
0.02665830
0.02658105
0.02662230
0.02674365
0.02656317
0.02662015
0.02656865
0.02679205
0.02660537
0.02660084
0.02671123
0.02682734
0.02661228
0.02668166
0.02658200
0.02654362
0.02513099
0.02650928
0.02650714
0.02657390
0.02663779
0.02650070
0.02654266
0.02663255
0.02653313
0.02660561
0.02656865
0.02662015
0.02666521
0.02672815
0.02665401
0.02662373
0.02666068
0.02660108
0.02662778
0.02667665
0.02652693
0.02658868
0.02663207
0.02659392
0.02663612
0.02657223
0.02655029
0.02681541
0.02708745
0.02380228
0.02658892
0.02661538
0.02662325
0.02660346
0.02662086
0.02663040
0.02659845
0.02660108
0.02653146
0.02657199
0.02515793
0.02649832
0.02647400
0.02677202
0.02390456
0.02659798
0.02667379
0.02670765
0.02564025
0.02661085
0.02658463
0.02654910
0.02529311
0.02677488
0.02374196
0.02675819
0.02690172
0.02680635
0.02662301
0.02673411
0.02667356
0.02661133
0.02663183
0.02671289
0.02647734
0.02624297
0.02669525
0.02658248
0.02659941
0.02647710
0.02650166
0.02679396
0.02654600
0.02647424
0.02655482
0.02673793
0.02654433
0.02671385
0.02682686
0.02673221
0.02657986
0.02662086
0.02658629
0.02662539
0.02656293
0.02616191
0.02668643
0.02659059
0.02660012
0.02640462
0.02634525
0.02642012
0.02646399
0.02683067
0.02676868
0.02673244
0.02688313
0.02669668
0.02694941
0.02517343
0.02714443
0.02418494
0.02669573
0.02657294
0.02646327
0.02651405
0.02647614
0.02657175
0.02645278
0.02659202
0.02591872
0.02524877
0.02651668
0.02613115
0.02618337
0.02650189
0.02656102
0.02652931
0.02607083
0.02655625
0.02641010
0.02671099
0.02646255
0.02653551
0.02665615
0.02643418
0.02644348
0.02640772
0.02642441
0.02657342
0.02641153
0.02699709
0.02651167
0.02642894
0.02605605
0.02645898
0.02655482
0.02658391
0.02663040
0.02702284
0.02650523
0.02658057
0.02649760
0.02702808
0.02649546
0.02645802
0.02651882
0.02655029
0.02677107
0.02693510
0.02649546
0.02547383
0.02660012
0.02663398
0.02701068
0.02620435
0.02617002
0.02645111
0.02655768
0.02693653
0.02522230
0.02586555
0.02667403
0.02674532
0.02671957
0.02645540
0.02662468
0.02657366
0.02659512
0.02391958
0.02660728
0.02657008
0.02653837
0.02681231
0.02662444
0.02523136
0.02654386
0.02659869
0.02659750
0.02662349
0.02560544
0.02673149
0.02659464
0.02533197
0.02399445
0.02673817
0.02583146
0.02673411
0.02637959
0.02390528
0.02660155
0.02676535
0.02668047
0.02515674
0.02661276
0.02672577
0.02655339
0.02516413
0.02658677
0.02657199
0.02653074
0.02277851
0.02656102
0.02662182
0.02649283
0.02641106
0.02654815
0.02681899
0.02385330
0.02659178
0.02665401
0.02669382
0.02629185
0.02663946
0.02644634
0.02688527
0.02364397
0.02673388
0.02658772
0.02676368
0.02661824
0.02654195
0.02657080
0.02651596
0.02377200
0.02656984
0.02667069
0.02644396
0.02674365
0.02661920
0.02657866
0.02381897
0.02661157
0.02665114
0.02661395
0.02683640
0.02657580
0.02667022
0.02670550
0.02511954
0.02645540
0.02661347
0.02606559
0.02653360
0.02669120
0.02660799
0.02660084
0.02682209
0.02655029
0.02664542
0.02625990
0.02685547
0.02679133
0.02650094
0.02265167
0.02672434
0.02652979
0.02659845
0.02656174
0.02652025
0.02668643
0.02669954
0.02660131
0.02666879
0.02653766
0.02661514
0.02662802
0.02651858
0.02673340
0.02663088
0.02661419
0.02655172
0.02658749
0.02663517
0.02651405
0.02663708
0.02717972
0.02664542
0.02656698
0.02661920
0.02667427
0.02656555
0.02664518
0.02665353
0.02659535
0.02659512
0.02247596
0.02661133
0.02664781
0.02670908
0.02678990
0.02508712
0.02655721
0.02655602
0.02649736
0.02673483
0.02659655
0.02249742
0.02662516
0.02656126
0.02670884
0.02515006
0.02676225
0.02653599
0.02655005
0.02675152
0.02676678
0.02541518
0.02706623
0.02676868
0.02669525
0.02653670
0.02518010
0.02676392
0.02652860
0.02655721
0.02697301
0.02681518
0.02657223
0.02685046
0.02518415
0.02657127
0.02670956
0.02659011
0.02659941
0.02661037
0.02656627
0.02655888
0.02656603
0.02656317
0.02662730
0.02660537
0.03012514
0.02710629
0.02667069
0.02659893
0.02664137
0.02541518
0.02498412
0.02672052
0.02666569
0.02655935
0.02646780
0.02658391
0.02663326
0.02658033
0.02657986
0.02516651
0.02666664
0.02657986
0.02661562
0.02523613
0.02659869
0.02658892
0.02670336
0.02661943
0.02661967
0.02661610
0.02658725
0.02655435
0.02661633
0.02658367
0.02655339
0.02691674
0.02655506
0.02676749
0.02648139
0.02648067
0.02657032
0.02652526
0.02672148
0.02683544
0.02683234
0.02265573
0.02652526
0.02659249
0.02664614
0.02657294
0.02662730
0.02659512
0.02665019
0.02654815
0.02656174
0.02647901
0.02664948
0.02687144
0.02653122
0.02663326
0.02666450
0.02654529
0.02654552
0.02524638
0.02654052
0.02643347
0.02656198
0.02524042
0.02670026
0.02666235
0.02633882
0.02655196
0.02667856
0.02658415
0.02660298
0.02664256
0.02659273
0.02658701
0.02518439
0.02661777
0.02666950
0.02647543
0.02386570
0.02669358
0.02675724
0.02659798
0.02513599
0.02705836
0.02665663
0.02684641
0.02428818
0.02661228
0.02658224
0.02664495
0.02396727
0.02683949
0.02687073
0.02667451
0.02736235
0.02672029
0.02673697
0.02661800
0.02509832
0.02666712
0.02676439
0.02678585
0.02677107
0.02668858
0.02690196
0.02666426
0.02676702
0.02667022
0.02681160
0.02670121
0.02676916
0.02678967
0.02517009
0.02672791
0.02692032
0.02667975
0.02685356
0.02728128
0.02693176
0.02681732
0.02679157
0.02682757
0.02689576
0.02688003
0.02687430
0.02686572
0.02667236
0.02664208
0.02668905
0.02687240
0.02395415
0.02587104
0.02687263
0.02687454
