0.03558111
0.02659965
0.02668834
0.02678871
0.02598262
0.02679372
0.02554774
0.02672935
0.02661276
0.02680898
0.02672625
0.02658963
0.02658057
0.02658081
0.02691436
0.02681756
0.02675319
0.02714300
0.02673793
0.02680159
0.02675319
0.02659607
0.02656984
0.02653337
0.02662206
0.02659893
0.02660346
0.02643895
0.02659297
0.02659440
0.02525687
0.02658081
0.02658677
0.02659845
0.02646613
0.02660656
0.02663064
0.02615166
0.02661586
0.02671027
0.02702713
0.02687550
0.02403402
0.02666831
0.02675724
0.02681589
0.02522135
0.02666378
0.02665019
0.02685738
0.02657247
0.02674985
0.02670908
0.02673078
0.02672386
0.02685475
0.02893925
0.02680182
0.02658892
0.02660465
0.02678370
0.02655768
0.02680349
0.02662873
0.02688265
0.02659464
0.02674341
0.02653337
0.02674270
0.02705145
0.02679634
0.02692676
0.02709675
0.02658701
0.02682614
0.02678132
0.02685261
0.02666450
0.02672482
0.02682447
0.02662301
0.02663708
0.02665138
0.02681756
0.02672005
0.02662086
0.02666402
0.02675152
0.02664924
0.02666450
0.02667904
0.02676988
0.02661443
0.02662373
0.02630782
0.02678847
0.02655458
0.02651453
0.02689600
0.02693629
0.02734995
0.02682424
0.02668095
0.02676511
0.02658033
0.02657938
0.02676964
0.02654099
0.02530932
0.02705693
0.02656031
0.02655506
0.02675223
0.02699542
0.02679873
0.02751493
0.02744913
0.02679014
0.02675056
0.02658463
0.02659965
0.02658892
0.02659822
0.02661872
0.02664781
0.02659893
0.02677727
0.02657533
0.02674413
0.02663946
0.02724814
0.02664685
0.02670813
0.02674866
0.02690744
0.02669501
0.02695274
0.02662158
0.02690411
0.02659559
0.02663302
0.02660060
0.02680779
0.02647614
0.02659893
0.02656436
0.02664781
0.02664375
0.02666378
0.02652907
0.02659273
0.02668762
0.02625275
0.02663755
0.02415752
0.02650833
0.02664518
0.02663898
0.02662683
0.02671313
0.02659154
0.02663422
0.02671194
0.02681518
0.02680874
0.02703714
0.02667427
0.02656698
0.02668595
0.02686143
0.02669668
0.02660394
0.02665043
0.02689481
0.02623415
0.02657747
0.02663112
0.02684450
0.02660871
0.02526259
0.02659726
0.02672219
0.02628064
0.02621269
0.02706170
0.02717781
0.02684975
0.02676272
0.02674222
0.02668881
0.02672672
0.02657056
0.02662420
0.02716327
0.02669191
0.02671194
0.02690816
0.02662420
0.02658176
0.02648664
0.02647090
0.02621317
0.02665663
0.02660584
0.02670050
0.02659678
0.02645326
0.02645254
0.02652526
0.02704549
0.02682638
0.02657628
0.02724695
0.02679062
0.02660155
0.02711439
0.02669764
0.02707934
0.02649045
0.02660465
0.02697873
0.02677178
0.02673745
0.02630091
0.02681017
0.02668619
0.02603221
0.02689028
0.02669358
0.02689195
0.02665257
0.02683806
0.02663732
0.02660203
0.02665710
0.02685261
0.02672958
0.02681851
0.02678990
0.02678275
0.02698588
0.02626657
0.02725863
0.02681899
0.02647829
0.02652001
0.02662015
0.02902222
0.02712703
0.02676988
0.02668142
0.02665949
0.02709937
0.02664447
0.02667499
0.02662969
0.02652192
0.02722979
0.02679086
0.02657962
0.02663589
0.02659941
0.02664995
0.02691865
0.02705050
0.02581906
0.02662873
0.02657247
0.02661991
0.02660298
0.02663207
0.02667356
0.02677155
0.02675867
0.02660918
0.02665782
0.02663445
0.02680016
0.02661729
0.02665210
0.02667451
0.02681804
0.02573180
0.02679586
0.02666736
0.02649355
0.02670932
0.02518821
0.02661204
0.02634430
0.02657151
0.02528882
0.02677274
0.02647066
0.02670288
0.02660418
0.02580357
0.02625895
0.02662587
0.02677989
0.02673984
0.02647948
0.02694321
0.02668428
0.02643585
0.02518225
0.02680540
0.02675772
0.02655244
0.02663350
0.02504539
0.02683902
0.02602744
0.02647185
0.02626300
0.02573109
0.02648544
0.02642608
0.02684903
0.02673125
0.01958990
0.02655816
0.02548814
0.02681422
0.02666903
0.02657390
0.02458096
0.02673435
0.02687359
0.02666497
0.02670765
0.02668405
0.02664614
0.02673244
0.02698970
0.02672338
0.02666664
0.02672839
0.02682376
0.02666306
0.02662563
0.02506185
0.02545810
0.02525711
0.02673769
0.02667022
0.02670622
0.02721810
0.02651691
0.02664065
0.02657509
0.02503753
0.02668929
0.02516270
0.02696085
0.02647400
0.02650309
0.02677894
0.02690983
0.02682829
0.02496243
0.02527833
0.02677059
0.02679539
0.02644086
0.02560639
0.02661943
0.02653146
0.02659106
0.02567697
0.02663469
0.02659702
0.02663803
0.02689815
0.02667022
0.02667284
0.02669787
0.02667260
0.02656674
0.02658987
0.02665496
0.02643180
0.02666044
0.02664280
0.02665424
0.02685785
0.02677441
0.02677846
0.02674961
0.02628517
0.02702093
0.02677822
0.02679849
0.02678108
0.02680111
0.02662468
0.02676034
0.02656865
0.02679110
0.02656460
0.02666497
0.02668667
0.02663088
0.02658606
0.02631855
0.02665806
0.02685142
0.02697086
0.02654672
0.02633929
0.02659464
0.02675438
0.02673101
0.02679491
0.02695441
0.02660251
0.02664495
0.02705860
0.02659082
0.02658820
0.02731633
0.02664018
0.02681446
0.02528667
0.02553940
0.02667356
0.02692246
0.02649236
0.02262545
0.02662778
0.02660608
0.02624631
0.02660799
0.02666354
0.02662563
0.02677584
0.02650762
0.02683234
0.02676320
0.03021812
0.02683711
0.02716017
0.02671003
0.02664423
0.02394986
0.02673864
0.02670813
0.02670360
0.02676725
0.02665162
0.02692318
0.02650523
0.02663279
0.02688956
0.02714610
0.02662897
0.02673483
0.02663136
0.02662706
0.02660966
0.02661228
0.02662992
0.02668834
0.02714968
0.02383089
0.02664757
0.02663350
0.02687025
0.02665973
0.02667403
0.02666497
0.02659297
0.02661228
0.02653217
0.02665067
0.02660370
0.02666020
0.02668524
0.02657819
0.02669120
0.02659059
0.02385998
0.02665448
0.02657461
0.02714229
0.02674770
0.02673841
0.02661014
0.02675223
0.02660108
0.02709603
0.02663898
0.02660155
0.02661037
0.02663136
0.02661300
0.02659440
0.02663088
0.02390051
0.02657962
0.02671218
0.02662897
0.02673864
0.02665114
0.02511311
0.02659488
0.02658534
0.02660537
0.02390766
0.02675986
0.02667475
0.02663875
0.02514219
0.02660966
0.02654386
0.02660966
0.02378035
0.02532911
0.02661872
0.02660513
0.02665067
0.02390981
0.02671266
0.02695990
0.02653146
0.02672815
0.02661300
0.02659130
0.02657890
0.02664399
0.02661347
0.02656007
0.02661586
0.02653813
0.02658391
0.02657509
0.02662373
0.02665114
0.02659893
0.02660608
0.02657628
0.02675748
0.02659774
0.02723622
0.02658725
0.02651000
0.02653980
0.02651620
0.02689624
0.02742267
0.02687263
0.02684569
0.02665758
0.02670574
0.02654862
0.02658701
0.02663326
0.02703571
0.02681828
0.02655673
0.02662826
0.02646852
0.02659869
0.02657962
0.02648139
0.02649498
0.02649236
0.02656364
0.02683234
0.02677798
0.02657294
0.02698708
0.02678990
0.02674675
0.02650952
0.02692556
0.02676010
0.02680206
0.02659464
0.02676535
0.02680874
0.02665591
0.02669048
0.02659917
0.02656698
0.02679062
0.02701497
0.02656078
0.02660012
0.02655244
0.02660847
0.02661800
0.02664304
0.02679777
0.02578712
0.02658153
0.02661848
0.02660346
0.02646351
0.02653813
0.02658892
0.02662158
0.02661943
0.02653646
0.02660179
0.02651882
0.02719498
0.02698588
0.02668333
0.02675605
0.02716732
0.02657318
0.02690983
0.02661109
0.02662730
0.02657223
0.02664495
0.02665877
0.02659941
0.02658534
0.02661324
0.02667665
0.02663040
0.02719736
0.02666712
0.02667403
0.02683473
0.02667069
0.02675653
0.02670717
0.02880812
0.02667642
0.02670646
0.02663040
0.02682996
0.02672505
0.02668595
0.02675653
0.02683234
0.02664161
0.02666354
0.02666259
0.02663302
0.02658153
0.02686310
0.02659154
0.02669358
0.02669120
0.02651119
0.02651525
0.02654767
0.02654433
0.02671742
0.02673531
0.02676487
0.02712822
0.02718830
0.02707839
0.02654123
0.02689242
0.02665424
0.02653265
0.02673602
0.02682328
0.02719402
0.02672720
0.02656174
0.02649212
0.02730322
0.02676654
0.02682710
0.02596498
0.02681923
0.02550340
0.02666116
0.02663398
0.02659893
0.02702570
0.02656460
0.02650547
0.02703094
0.02611613
0.02664948
0.02660108
0.02662420
0.02679205
0.02650428
0.02642870
0.02650476
0.02648330
0.02645302
0.02652264
0.02678299
0.02721262
0.02661085
0.02703214
0.02682948
0.02661467
0.02668548
0.02659535
0.02660131
0.02660775
0.02659345
0.02712417
0.02657104
0.02682495
0.02669764
0.02688789
0.02658486
0.02661848
0.02672672
0.02651978
0.02662849
0.02663732
0.02665615
0.02663803
0.02660918
0.02665687
0.02663946
0.02684402
0.02671266
0.02665925
0.02659082
0.02672982
0.02663350
0.02663136
0.02659130
0.02690005
0.02660632
0.02687144
0.02660179
0.02670717
0.02648568
0.02661896
0.02658153
0.02623820
0.02660608
0.02657771
0.02660513
0.02654672
0.02645779
0.02653933
0.02650762
0.02675796
0.02683353
0.02667713
0.02673411
0.02677345
0.02691245
0.02708554
0.02654457
0.02703094
0.02711344
0.02663493
0.02650905
0.02657509
0.02659202
0.02663302
0.02534127
0.02661681
0.02649832
0.02660489
0.02639031
0.02656984
0.02676296
0.02446985
0.02531767
0.02679658
0.02700067
0.02660751
0.02722430
0.02654791
0.02660704
0.02714968
0.02676845
0.02656031
0.02681375
0.02655649
0.02674270
0.02651238
0.02655172
0.02714062
0.02546978
0.02675748
0.02656674
0.02662182
0.02667499
0.02660847
0.02662778
0.02508473
0.02662897
0.02674556
0.02663255
0.02391362
0.02669287
0.02663779
0.02666044
0.02668810
0.02679205
0.02655554
0.02679467
0.02662587
0.02662969
0.02661347
0.02660179
0.02659988
0.02654028
0.02704811
0.02663112
0.02658701
0.02659297
0.02627444
0.02658868
0.02681088
0.02701235
0.02696443
0.02737021
0.02672005
0.02667570
0.02710533
0.02657461
0.02680159
0.02670026
0.02661753
0.02657366
0.02684665
0.02676630
0.02670813
0.02675962
0.02523327
0.02686095
0.02673674
0.02665591
0.02701712
0.02664638
0.02716613
0.02667475
0.02717113
0.02652264
0.02649188
0.02648354
0.02660942
0.02677989
0.02694273
0.02679920
0.02682209
0.02661276
0.02660227
0.02391815
0.02665210
0.02667689
0.02658439
0.02722859
0.02674341
0.02661490
0.02516985
0.02662706
0.02663398
0.02662349
0.02395749
0.02678442
0.02686095
0.02668953
0.02366924
0.02660060
0.02660561
0.02659535
0.02675247
0.02674055
0.02667928
0.02649283
0.02668977
0.02665377
0.02671075
0.02512956
0.02659416
0.02669597
0.02663279
0.02386618
0.02672887
0.02662587
0.02673554
0.02658510
0.02656436
0.02519011
0.02680063
0.02677178
0.02685285
0.02527046
0.02662277
0.02664518
0.02669334
0.02521896
0.02688098
0.02696347
0.02662921
0.02540874
0.02655101
0.02705765
0.02656889
0.02705145
0.02677226
0.02657652
0.02552867
0.02666068
0.02673459
0.02675962
0.02679729
0.02669835
0.02662587
0.02660489
0.02655482
0.02659941
0.02416468
0.02666759
0.02651572
0.02676201
0.02524781
0.02650118
0.02649498
0.02652049
0.02696514
0.02584410
0.02669358
0.02513552
0.02691746
0.02679443
0.02664042
0.02525544
0.02666521
0.02669239
0.02663708
0.02671814
0.02663088
0.02662373
0.02663660
0.02669501
0.02661681
0.02662730
0.02658892
0.02663946
0.02664447
0.02525306
0.02656841
0.02712297
0.02667069
0.02664232
0.02656412
0.02674031
0.02655864
0.02661252
0.02658892
0.02659631
0.02649879
0.02514482
0.02701139
0.02660346
0.02673197
0.02647352
0.02655816
0.02695942
0.02660465
0.02663183
0.02658772
0.02665854
0.02666211
0.02646708
0.02680492
0.02649903
0.02669406
0.02724314
0.02659440
0.02656674
0.02625465
0.02649927
0.02712703
0.02683687
0.02674985
0.02689862
0.02684808
0.02715969
0.02676272
0.02659702
0.02670026
0.02666664
0.02660108
0.02655101
0.02541661
0.02656913
0.02654815
0.02646947
0.02640581
0.02701902
0.02688980
0.02700686
0.02696347
0.02682161
0.02705812
0.02679873
0.02692103
