0.03952956
0.02690220
0.02717376
0.02620673
0.02664471
0.02662563
0.02668023
0.02666783
0.02668715
0.02654696
0.02675486
0.02664495
0.02683687
0.02012968
0.02675366
0.02664757
0.02680683
0.02530956
0.02171350
0.02674484
0.02679849
0.02650738
0.02669668
0.02706718
0.02739310
0.02643132
0.02674508
0.02014589
0.02673888
0.02653384
0.02673340
0.02714109
0.02406454
0.02651858
0.02657056
0.02652168
0.02678847
0.02647305
0.02676535
0.02659798
0.02670860
0.02684045
0.02680397
0.02517867
0.02728605
0.02710629
0.02709055
0.02662349
0.02737284
0.02660608
0.02682996
0.02674747
0.02672839
0.02698374
0.02681589
0.02671194
0.02687550
0.02671361
0.02677464
0.02662683
0.02664971
0.02670407
0.02686191
0.02660322
0.02670813
0.02671027
0.02683234
0.02664447
0.02398920
0.02674365
0.02677155
0.02653193
0.02645326
0.02677393
0.02678037
0.02508235
0.02672625
0.02672434
0.02663970
0.02684903
0.02672386
0.02676487
0.02668452
0.02540231
0.02690005
0.02882004
0.02670455
0.02659488
0.02684093
0.02677846
0.02677655
0.02504945
0.02677894
0.02704549
0.02678633
0.02671385
0.02654910
0.02649760
0.02667379
0.02712822
0.02721763
0.02677941
0.02396226
0.02674079
0.02705240
0.02674437
0.02691126
0.02664638
0.02499747
0.02664661
0.02657461
0.02693439
0.02652574
0.02753544
0.02721238
0.02524710
0.02668500
0.02672696
0.02690601
0.02549744
0.02665544
0.02677155
0.02678061
0.02672100
0.02664471
0.02555323
0.02665353
0.02680922
0.02740622
0.02708578
0.02653766
0.02392292
0.02672505
0.02658510
0.02691889
0.02666879
0.02672124
0.02678251
0.02689195
0.02671671
0.02717614
0.02667475
0.02547693
0.02703333
0.02671647
0.02693534
0.02758050
0.02676892
0.02674627
0.02698851
0.02524304
0.02666855
0.02680707
0.02664280
0.02538753
0.02675796
0.02674961
0.02741408
0.02699041
0.02687001
0.02681923
0.02673197
0.02692986
0.02669477
0.02688408
0.02668500
0.02678061
0.02660656
0.02688813
0.02677083
0.02680087
0.02664089
0.02689767
0.02685356
0.02663636
0.02548909
0.02669907
0.02675843
0.02683759
0.02633286
0.02701735
0.02669692
0.02672505
0.02705860
0.02670527
0.02728724
0.02668452
0.02682567
0.02671838
0.02659583
0.02665901
0.02671051
0.02675915
0.02683902
0.02690172
0.02665091
0.02676678
0.02660799
0.02670598
0.02669883
0.02672720
0.02688098
0.02704620
0.02668929
0.02559900
0.02658463
0.02665162
0.02666736
0.02703834
0.02666378
0.02714801
0.02674770
0.02673006
0.02690816
0.02696872
0.02721453
0.02672815
0.02678299
0.02672410
0.02662039
0.02683926
0.02676511
0.02677369
0.02670407
0.02672291
0.02668118
0.02776146
0.02668500
0.02657652
0.02663827
0.02675605
0.02675104
0.02659416
0.02687550
0.02679801
0.02561355
0.02664304
0.02719855
0.02675056
0.02640748
0.02662086
0.02671027
0.02673769
0.02658200
0.02741575
0.02674866
0.02678108
0.02668023
0.02674294
0.02676082
0.02661276
0.02706480
0.02669334
0.02667952
0.02704835
0.02526665
0.02667165
0.02669144
0.02677989
0.02686739
0.02554584
0.02688789
0.02689385
0.02678347
0.02509570
0.02677608
0.02514315
0.02676415
0.02667642
0.02665162
0.02858996
0.02684402
0.02659225
0.02553797
0.02670979
0.02656054
0.02541113
0.02664614
0.02679539
0.02668786
0.02489805
0.02670240
0.02674961
0.02676368
0.02663970
0.02674770
0.02559543
0.02670431
0.02554131
0.02664733
0.02656817
0.02669835
0.02669120
0.02676463
0.02711964
0.02652621
0.02679729
0.02679539
0.02511597
0.02669311
0.02717924
0.02680230
0.02662015
0.02677202
0.02671647
0.02505827
0.02673793
0.02660799
0.02669764
0.02657413
0.02731562
0.02665114
0.02666855
0.02680016
0.02675319
0.02675128
0.02711105
0.02408195
0.02677989
0.02666116
0.02689028
0.02654123
0.02678204
0.02715230
0.02542925
0.02665138
0.02656507
0.02763247
0.02661824
0.02707791
0.02392769
0.02676487
0.02655053
0.02669883
0.02660990
0.02681565
0.02659965
0.02498674
0.02668500
0.02659607
0.02702236
0.02651834
0.02671719
0.02662182
0.02534485
0.02714443
0.02677369
0.02684379
0.02721977
0.02274251
0.02531648
0.02665925
0.02684522
0.02622962
0.02699494
0.02672768
0.02247000
0.02670193
0.02673531
0.02668834
0.02530694
0.02676344
0.02675080
0.02664995
0.02580261
0.02621126
0.02662778
0.02258635
0.02644992
0.02664948
0.02671599
0.02356243
0.02651930
0.02649927
0.02664781
0.02664447
0.02119803
0.02669430
0.02671242
0.02670789
0.02658582
0.02658153
0.02643633
0.02678180
0.02659321
0.02658105
0.02731895
0.02497697
0.02661705
0.02680397
0.02664733
0.02683854
0.02664328
0.02701640
0.02537823
0.02664924
0.02670121
0.02727127
0.02682257
0.02553940
0.02665687
0.02687287
0.02655077
0.02395034
0.02674747
0.02664471
0.02681398
0.02521563
0.02660251
0.02678967
0.02666688
0.02497911
0.02682543
0.02665091
0.02665591
0.02651310
0.02655983
0.02602220
0.02714133
0.02663970
0.02674079
0.02710223
0.02262521
0.02663279
0.02675724
0.02704883
0.02391386
0.02666378
0.02652097
0.02712488
0.02642941
0.02670217
0.02668428
0.02654552
0.02663755
0.02685547
0.02672982
0.02659178
0.02679849
0.02527189
0.02665281
0.02670693
0.02672577
0.02705431
0.02666759
0.02667546
0.02670431
0.02707100
0.02661538
0.02668667
0.02518749
0.02670336
0.02510047
0.02700591
0.02668476
0.02669835
0.02650452
0.02671695
0.02889442
0.02533245
0.02662420
0.02668691
0.02633119
0.02406096
0.02675486
0.02669501
0.02687788
0.02536416
0.02666211
0.02688837
0.02654171
0.02495909
0.02718425
0.02668691
0.02685833
0.02694964
0.02667117
0.02395535
0.02718878
0.02697301
0.02683306
0.02621078
0.02686429
0.02394843
0.02670097
0.02666354
0.02657628
0.02678132
0.02714181
0.02771592
0.02668095
0.02700162
0.02722096
0.02691936
0.02685189
0.02665424
0.02668548
0.02659631
0.02724862
0.02667761
0.02665091
0.02676129
0.02671576
0.02742076
0.02657986
0.02679229
0.02664042
0.02703214
0.02671981
0.02686024
0.02665210
0.02705669
0.02689314
0.02669430
0.02659011
0.02669334
0.02673864
0.02664804
0.02656436
0.02664447
0.02670503
0.02672577
0.02675080
0.02667928
0.02664685
0.02659678
0.02686930
0.02664804
0.02666211
0.02661705
0.02667499
0.02665472
0.02672219
0.02708673
0.02666831
0.02675796
0.02658486
0.02766180
0.02673793
0.02662826
0.02682137
0.02671051
0.02668333
0.02684236
0.02716517
0.02733588
0.02661800
0.02684641
0.02713561
0.02716255
0.02684259
0.02677321
0.02676058
0.02680373
0.02667451
0.02662826
0.02657819
0.02673745
0.02700424
0.02717018
0.02701449
0.02678537
0.02661443
0.02673125
0.02673888
0.02664661
0.02650857
0.02686357
0.02660751
0.02682543
0.02658963
0.02697730
0.02672696
0.02668285
0.02667689
0.02667642
0.02655053
0.02673197
0.02684593
0.02664185
0.02733111
0.02678466
0.02694559
0.02665496
0.02664757
0.02706337
0.02667761
0.02675509
0.02654767
0.02667689
0.02666569
0.02672386
0.02681327
0.02674937
0.02682495
0.02654266
0.02682567
0.02711725
0.02679610
0.02689075
0.02670431
0.02667069
0.02711177
0.02665520
0.02676439
0.02672768
0.02695370
0.02664113
0.02671838
0.02723360
0.02682781
0.02669191
0.02660799
0.02686858
0.02672911
0.02669382
0.02676249
0.02666211
0.02663112
0.02654934
0.02686286
0.02670574
0.02668905
0.02657962
0.02659941
0.02671027
0.02666473
0.02684379
0.02680421
0.02666712
0.02675152
0.02552295
0.02669764
0.02691555
0.02663994
0.02666497
0.02672505
0.02667403
0.02672195
0.02684259
0.02671289
0.02688003
0.02658701
0.02893114
0.02661514
0.02672839
0.02678061
0.02658010
0.02662206
0.02715516
0.02675724
0.02663445
0.02662349
0.02669311
0.02728462
0.02671885
0.02684426
0.02679324
0.02669954
0.02686548
0.02677464
0.02658892
0.02662730
0.02662468
0.02678037
0.02704930
0.02679753
0.02662683
0.02671313
0.02714014
0.02669716
0.02677631
0.02655554
0.02671719
0.02659082
0.02671647
0.02683902
0.02682734
0.02672338
0.02725983
0.02693272
0.02677536
0.02677083
0.02669644
0.02665567
0.02674651
0.02709341
0.02676821
0.02672958
0.02748823
0.02713919
0.02670860
0.02657723
0.02680779
0.02677679
0.02666903
0.02665615
0.02682567
0.02668715
0.02663970
0.02680135
0.02674127
0.02687716
0.02678800
0.02679110
0.02671552
0.02688313
0.02674627
0.02676868
0.02662826
0.02691865
0.02671170
0.02678275
0.02703667
0.02682996
0.02667975
0.02679086
0.02707958
0.02669382
0.02671027
0.02668977
0.02674627
0.02663827
0.02663946
0.02692008
0.02676511
0.02665544
0.02701187
0.02674890
0.02669287
0.02661633
0.02697873
0.02682352
0.02662158
0.02686977
0.02668762
0.02671933
0.02713561
0.02688193
0.02669930
0.02661276
0.02668691
0.02670312
0.02667809
0.02690196
0.02683282
0.02671695
0.02675843
0.02687049
0.02665782
0.02679396
0.02658772
0.02688456
0.02666807
0.02671313
0.02710104
0.02671647
0.02673888
0.02662611
0.02686715
0.02544379
0.02676725
0.02686715
0.02690458
0.02650404
0.02677679
0.02672148
0.02710152
0.02686429
0.02668285
0.02679682
0.02669454
0.02666211
0.02680373
0.02666068
0.02699137
0.02669621
0.02658772
0.02669930
0.02667546
0.02666283
0.02691031
0.02679777
0.02664852
0.02639484
0.02676082
0.02730489
0.02658010
0.02670670
0.02669811
0.02667499
0.02684236
0.02672386
0.02664495
0.02668095
0.02704096
0.02666998
0.02668858
0.02668023
0.02687454
0.02674508
0.02638316
0.02670383
0.02663660
0.02667928
0.02682090
0.02681565
0.02664995
0.02664065
0.02686143
0.02674675
0.02634406
0.02685952
0.02680898
0.02661228
0.02683949
0.02685714
0.02675986
0.02671933
0.02707672
0.02677011
0.02671862
0.02665877
0.02684164
0.02668476
0.02673125
0.02705216
0.03102946
0.02789211
0.02685952
0.02674651
0.02647901
0.02679944
0.02681589
0.02658796
0.02682376
0.02679396
0.02666044
0.02685142
0.02666640
0.02669597
0.02668405
0.02600479
0.02665591
0.02536845
0.02678442
0.02671623
0.02684402
0.02678323
0.02669621
0.02677941
0.02669811
0.02681255
0.02671266
0.02665567
0.02670360
0.02677608
0.02660394
0.02669168
0.02667260
0.02670312
0.02711368
0.02671695
0.02663469
0.02661681
0.02688217
0.02672601
0.02667952
0.02686977
0.02668047
0.02665377
0.02663136
0.02705789
0.02589869
0.02659106
0.02666283
0.02664042
0.02661920
0.02674770
0.02663326
0.02677035
0.02692819
0.02668405
0.02656341
0.02682018
0.02547765
0.02692199
0.02669430
0.02701020
0.02685380
0.02666187
0.02668881
0.02501726
0.02667356
0.02502751
0.02509451
0.02669621
0.02657485
0.02647090
0.02529502
0.02654290
0.02663517
0.02682924
0.02679539
0.02549219
0.02120638
0.02420950
0.02662539
0.02677274
0.02372432
0.02497315
0.02666998
0.02706027
0.02668214
0.02343392
0.02662015
0.02662039
0.02690363
0.02680492
0.02669477
0.02697325
0.02158189
0.02551436
0.02661467
0.02699018
0.02651453
0.02670765
0.02661777
0.02684116
0.02691412
0.02673411
0.02683949
0.02535105
0.02696061
0.02654767
0.02700686
0.02678418
0.02563381
0.02715492
0.02547359
0.02712345
0.02663350
0.02697062
0.02691746
0.02666020
0.02670765
0.02681518
0.02668858
0.02681661
0.02684546
0.02678561
0.02686071
0.02714705
0.02674890
0.02714992
0.02682471
0.02673340
0.02626610
0.02716947
0.02707863
0.02720881
0.02714133
0.02683783
0.02683616
0.02715302
0.02601933
0.02537251
0.02666736
0.02731442
0.02672315
0.02693391
0.02684402
0.02673006
0.02713752
0.02657700
0.02723432
0.02664423
0.02706861
0.02666855
0.02664375
0.02707934
0.02678704
0.02665734
0.02664185
0.02714515
0.02663898
0.02660894
0.02681589
0.02666020
0.02677917
0.02687764
0.02679443
0.02678394
0.02690840
0.02685022
0.02694654
0.02672219
0.02710295
0.02706242
0.02668452
0.02660751
0.02673864
0.02670908
0.02680659
0.02697253
0.02682233
0.02668238
0.02724910
0.02688861
0.02689600
0.02644706
0.02700329
0.02669048
0.03031516
0.02717614
0.02679634
0.02657700
0.02701306
0.02679992
0.02695274
0.02668357
0.02683687
0.02667856
0.02653050
0.02690005
0.02671432
0.02714825
0.02703905
0.02675867
0.02671528
0.02660728
0.02669358
0.02664447
0.02671289
0.02712131
0.02662706
0.02668738
0.02671480
0.02661371
0.02686834
0.02666306
0.02675271
0.02709460
0.02679968
0.02675438
0.02696657
0.02685523
0.02665424
0.02655673
0.02702999
0.02680421
0.02673078
0.02679825
0.02699018
0.02666068
0.02565241
0.02705765
0.02672434
0.02668071
0.02670836
0.02660584
0.02668691
0.02672434
0.02666116
0.02682972
0.02690792
0.02670622
0.02664018
0.02664924
0.02672458
0.02735209
0.02705932
0.02680349
0.02665329
0.02659631
0.02667999
0.02665424
0.02667928
0.02683830
0.02664518
0.02661943
0.02676868
0.02662873
0.02675486
0.02671242
0.02645350
0.02718091
0.02664042
0.02669573
0.02693677
0.02665687
0.02672982
0.02700543
0.02699995
0.02667260
0.02662802
0.02663112
0.02672720
0.02670360
0.02632761
0.02663064
0.02667856
0.02663779
0.02670598
0.02661657
0.02665377
0.02665544
0.02663922
0.02685881
0.02680182
0.02665567
0.02659535
0.02666044
0.02682161
0.02670527
0.02667546
0.02672887
0.02668142
0.02666473
0.02730608
0.02662587
0.02673197
0.02634764
0.02669024
0.02669287
0.02669430
0.02668381
0.02684569
0.02670693
0.02674413
0.02661276
0.02664518
0.02668715
0.02669334
0.02706385
0.02671981
0.02670956
0.02660871
0.02706242
0.02670383
0.02674246
0.02669430
0.02665901
0.02667284
0.02686620
0.02692389
0.02531695
0.02661633
0.02673388
0.02679491
0.02669239
0.02668333
0.02664948
0.02663255
0.02676177
0.02669382
0.02670240
0.02686143
0.02664948
0.02670550
0.02661633
0.02671313
0.02668262
0.02671552
0.02665448
0.02720428
0.02725291
0.02664328
0.02663493
0.02675867
0.02654862
0.02699471
0.02681303
0.02705312
0.02688313
0.02680421
0.02674484
0.02559543
0.02659345
0.02661633
0.02668524
0.02695274
0.02698612
0.02664876
0.02666569
0.02661729
0.02664995
0.02662897
0.02669024
0.02683902
0.02667475
0.02671385
0.02670598
0.02704239
0.02679181
0.02666306
0.02655363
0.02702689
0.02676797
0.02670288
0.02664971
0.02670145
0.02686381
0.02672482
0.02665472
0.02664280
0.02671885
0.02675891
0.02551079
0.02665830
0.02679467
0.02673411
0.02658534
0.02670097
0.02717566
0.02720594
0.02665305
0.02663589
0.02685070
0.02667475
0.02715087
0.02671909
0.02704668
0.02667284
0.02662826
0.02662969
0.02656674
0.02667236
0.02660489
0.02667141
0.02669740
0.02677202
0.02691197
0.02715135
0.02662158
0.02694845
0.02680516
0.02673221
0.02729940
0.02665567
0.02669621
0.02676892
0.02641058
0.02665043
0.02663112
0.02670479
0.02690220
0.02660275
0.02675772
0.02631879
0.02705932
0.02671194
0.02667856
0.02720690
0.02675247
0.02672267
0.02671003
0.02694273
0.02678680
0.02669358
0.02682734
0.02652502
0.02669048
0.02672911
0.02670908
0.02707100
0.02680731
0.02668643
0.02657819
0.02497339
0.02660179
0.02652693
0.02699447
0.02657771
0.02666140
0.02662182
0.02400374
0.02671552
0.02671480
0.02697396
0.02655268
0.02705288
0.02664113
0.02538848
0.02683187
0.02698970
0.02694273
0.02677608
0.02508783
0.02675629
0.02522039
0.02670646
0.02675724
0.02669454
0.02395344
0.02677178
0.02671099
0.02503204
0.02673674
0.02665091
0.02693439
0.02676415
0.02687716
0.02528334
0.02656531
0.02670503
0.02698278
0.02670407
0.02668047
0.02665782
0.02672148
0.02670765
0.02675509
0.02665687
0.02502704
0.02664614
0.02663159
0.02665710
0.02653289
0.02718019
0.02660894
0.02491713
0.02668095
0.02659726
0.02664804
0.02668715
0.02717614
0.02549529
0.02658844
0.02550197
0.02654481
0.02680540
0.02666616
0.02674580
0.02657652
0.02496219
0.02673244
0.02661276
0.02705193
0.02661037
0.02666831
0.02663517
0.02537656
0.02658892
0.02671027
0.02666688
0.02668786
0.02670956
0.02668643
0.02682161
0.02667141
0.02672625
0.02684021
0.02392435
0.02674007
0.02665424
0.02716541
0.02737236
0.02658248
0.02711487
0.02666903
0.02685380
0.02727270
0.02666020
0.02661657
0.02702069
0.02672338
0.02657223
0.02683830
0.02678943
0.02713346
0.02668071
0.02695036
0.02665234
0.02666855
0.02671146
0.02665734
0.02730083
0.02729225
0.02678776
0.02656269
0.02654600
0.02674270
0.02894497
0.02697372
0.02725720
0.02668881
0.02728581
0.02660465
0.02546501
0.02737164
0.02717328
0.02738690
0.02662730
0.02715564
0.02666593
0.02667594
0.02671099
0.02669549
0.02705431
0.02686429
0.02665424
0.02669573
0.02703023
0.02669740
0.02671146
0.02664518
0.02663660
0.02704525
0.02684402
0.02678657
0.02683711
0.02662563
0.02681589
0.02733946
0.02695179
0.02703333
0.02695990
0.02666545
0.02701974
0.02674937
0.02706957
0.02657938
0.02675676
0.02719522
0.02662730
0.02689099
0.02656221
0.02661109
0.02666926
0.02735901
0.02672005
0.02693319
0.02673244
0.02663875
0.02629161
0.02728844
0.02670479
0.02680731
0.02685571
0.02687359
0.02674699
0.02690029
0.02663350
0.02668238
0.02664733
0.02694273
0.02668953
0.02670312
0.02684474
0.02671933
0.02666926
0.02676177
0.02683759
0.02664757
0.02671289
0.02670288
0.02673173
0.02667475
0.02675414
0.02710700
0.02681780
0.02665401
0.02683401
0.02690744
0.02666450
0.02725053
0.02666783
0.02677655
0.02683496
0.02667308
0.02663207
0.02673125
0.02669621
0.02671552
0.02682567
0.02668476
0.02674556
0.02666736
0.02707410
0.02675080
0.02680159
0.02662849
0.02668405
0.02671504
0.02672195
0.02663994
0.02675343
0.02679563
0.02657366
0.02702618
0.02671647
0.02670097
0.02689075
0.02662325
0.02677345
0.02668023
0.02674031
0.02388597
0.02665448
