0.040760
0.162832
0.166141
0.279114
0.440331
0.615835
0.311723
0.199110
0.140507
0.097453
0.217424
0.149815
0.219617
0.171920
0.207254
0.153406
0.225321
0.154887
0.188880
0.216513
0.233047
0.143718
0.198532
0.142803
0.168877
0.129967
0.123006
0.161370
0.150798
0.095603
0.212012
0.066803
0.122164
0.146420
0.166873
0.254792
0.105998
0.198681
0.175900
0.277618
0.266815
0.326158
0.402420
0.202502
0.241320
0.343014
0.243855
0.324148
0.301910
0.234896
0.248163
0.217366
0.198688
0.268649
0.111740
0.186386
0.186134
0.143235
0.195259
0.130195
0.141224
0.137809
0.151270
0.205244
0.195827
0.202466
0.230532
0.274875
0.155464
0.181406
0.179979
0.142688
0.272512
0.201908
0.160506
0.229528
0.267729
0.334904
0.555703
0.511412
0.249871
0.434311
0.158143
0.131561
0.149452
0.155068
0.193739
0.286966
0.165280
0.263620
0.182551
0.228192
0.370447
0.182744
0.182527
0.338238
0.168958
0.175860
0.148959
0.187649
0.198580
0.172711
0.194346
0.431502
0.212731
0.287933
0.354745
0.347603
0.319336
0.181255
0.296346
0.148241
0.148157
0.253560
0.254494
0.228512
0.282618
0.106984
0.212852
0.101055
0.165799
0.226516
0.168179
0.149863
0.156886
0.135327
0.121293
0.151590
0.138229
0.164311
0.169331
0.170246
0.147939
0.188295
0.204444
0.282333
0.222702
0.212939
0.193175
0.226131
0.227649
0.144222
0.200934
0.237677
0.261273
0.260245
0.302973
0.495327
0.560344
0.618237
0.721131
0.317194
0.166502
0.222959
0.233137
0.161457
0.223209
0.213144
0.150341
0.209371
0.142085
0.243062
0.326457
0.129858
0.177393
0.160974
0.159930
0.235800
0.290811
0.176829
0.271958
0.293757
0.256341
0.202295
0.195470
0.154112
0.296019
0.338202
0.344658
0.172340
0.238790
0.188866
0.317040
0.229853
0.163365
0.259794
0.268891
0.218933
0.153145
0.178896
0.146975
0.132186
0.147914
0.127589
0.156400
0.141932
0.194479
0.189930
0.189557
0.156222
0.252315
0.326027
0.421029
0.428833
0.306938
0.154081
0.258575
0.109291
0.138588
0.099186
0.132581
0.129895
0.247064
0.215198
0.451172
0.251273
0.107346
0.218729
0.490732
0.241050
0.236852
0.103215
0.115156
0.276310
0.201722
0.110701
0.225189
0.147006
0.197343
0.349602
0.615141
0.363153
0.181476
0.171350
0.293696
0.248795
0.254066
0.344905
0.219815
0.239856
0.198852
0.292481
0.237513
0.220146
0.247895
0.347394
0.239578
0.184974
0.202490
0.119024
0.193282
0.135204
0.092895
0.149463
0.141897
0.146723
0.357010
0.274405
0.241434
0.271397
0.232205
0.160368
0.163655
0.166393
0.109826
0.140366
0.145368
0.214253
0.347716
0.360783
0.202122
0.257022
0.255610
0.302154
0.302569
0.153812
0.106382
0.205893
0.167700
0.316387
0.146987
0.232116
0.194060
0.171699
0.261547
0.268224
0.470094
0.511209
0.466397
0.310882
0.294797
0.264197
0.244577
0.233589
0.182138
0.145640
0.136375
0.163850
0.086492
0.194616
0.226463
0.166774
0.159883
0.160112
0.147655
0.128019
0.125212
0.174647
0.290512
0.349810
0.348145
0.171933
0.096238
0.147205
0.160895
0.181306
0.174643
0.111319
0.131276
0.177341
0.211711
0.189871
0.245856
0.230674
0.144365
0.402997
0.164552
0.190783
0.283278
0.247706
0.113577
0.174493
0.232522
0.185336
0.195846
0.144515
0.191689
0.183253
0.144122
0.129004
0.156182
0.241157
0.215812
0.184965
0.199953
0.158980
0.181558
0.191531
0.247406
0.187755
0.178899
0.339928
0.446382
0.215347
0.127904
0.109179
0.155895
0.237142
0.213279
0.208112
0.197001
0.248505
0.202279
0.310476
0.355354
0.451945
0.282651
0.268999
0.271488
0.200830
0.253426
0.157172
0.235369
0.183618
0.183408
0.166622
0.250616
0.404055
0.253731
0.188870
0.303956
0.205215
0.188473
0.192638
0.238100
0.170605
0.286357
0.313895
0.341820
0.220421
0.284708
0.337658
0.252297
0.216548
0.365235
0.386428
0.192000
0.206965
0.170211
0.149507
0.172588
0.168580
0.210287
0.200086
0.323648
0.172094
0.185374
0.355728
0.145632
0.207879
0.156441
0.240002
0.159860
0.120793
0.197718
0.194798
0.116959
0.167121
0.296884
0.305480
0.339258
0.179225
0.091592
0.109347
0.075176
0.117576
0.071527
0.139933
0.140548
0.127764
0.127270
0.170811
0.117521
0.108142
0.197400
0.169178
0.235238
0.202595
0.313138
0.313772
0.164347
0.223395
0.209712
0.285943
0.143337
0.180754
0.209181
0.155674
0.223009
0.286544
0.213346
0.179428
0.205281
0.182996
0.116249
0.180541
0.276085
0.360394
0.240881
0.166551
0.201393
0.262488
0.166631
0.141005
0.153932
0.095372
0.205213
0.181556
0.141173
0.227802
0.250276
0.268993
0.140114
0.195969
0.252160
0.268482
0.194823
0.194013
0.327695
0.262949
0.390347
0.252578
0.074698
0.125804
0.135934
0.148454
0.112734
0.214797
0.158513
0.111427
0.150232
0.148691
0.131685
0.191224
0.127317
0.268974
0.186669
0.276608
0.351099
0.243971
0.320459
0.219962
0.293590
0.358428
0.225548
0.315458
0.352405
0.438796
0.333216
0.205567
0.273640
0.266862
0.243469
0.192064
0.257146
0.227292
0.268480
0.230061
0.290082
0.353837
0.158001
0.214190
0.168886
0.104030
0.104363
0.164327
0.138015
0.247681
0.150306
0.250016
0.189866
0.168804
0.150174
0.205239
0.247043
0.174214
0.262566
0.267905
0.348702
0.413698
0.146356
0.211556
0.169761
0.176450
0.280778
0.309278
0.314502
0.267231
0.305887
0.433380
0.241781
0.180556
0.229397
0.115822
0.228269
0.251904
0.339563
0.175132
0.358118
0.319690
0.224353
0.229159
0.250117
0.310750
0.218511
0.368969
0.452385
0.325214
0.225600
0.157221
0.128945
0.127989
0.137350
0.182020
0.142420
0.330648
0.547590
0.483937
0.502819
0.335078
0.270718
0.309967
0.687398
0.441899
0.206811
0.108265
0.186621
0.192037
0.182440
0.148509
0.155626
0.341955
0.215160
0.276756
0.253921
0.171472
0.149356
0.172042
0.087443
0.152313
0.211220
0.231497
0.270499
0.286988
0.280681
0.226290
0.154481
0.191857
0.132066
0.172606
0.138462
0.171926
0.137737
0.190150
0.142515
0.187529
0.229464
0.149387
0.175779
0.194256
0.140252
0.095204
0.215414
0.081546
0.098500
0.144959
0.167023
0.143280
0.152814
0.130087
0.153485
0.148879
0.412808
0.221485
0.256697
0.325834
0.436283
0.286051
0.300693
0.333760
0.294342
0.246916
0.314807
0.301464
0.235723
0.316850
0.345005
0.222172
0.230767
0.246801
0.271907
0.213716
0.223667
0.224409
0.156702
0.185866
0.176566
0.175414
0.151278
0.247732
0.217109
0.178412
0.211854
0.169015
0.207361
0.185479
0.319118
0.157319
0.063588
0.086532
0.152363
0.135020
0.132887
0.137249
0.142686
0.123709
0.241459
0.263679
0.250285
0.295351
0.261722
0.258357
0.203988
0.279512
0.465803
0.491412
0.282575
0.271371
0.268671
0.143038
0.118565
0.100544
0.168796
0.160262
0.076995
0.104825
0.157175
0.102161
0.120463
0.173949
0.106703
0.173290
0.112526
0.150135
0.183487
0.134338
0.264317
0.107261
0.097203
0.104277
0.101279
0.117970
0.178544
0.197176
0.205145
0.261835
0.196484
0.332900
0.245069
0.398700
0.306695
0.234848
0.122943
0.178162
0.191962
0.279559
0.158827
0.129038
0.103006
0.167290
0.123229
0.119137
0.121871
0.169580
0.164355
0.155926
0.194304
0.148984
0.159544
0.119290
0.155209
0.129228
0.129012
0.259645
0.255709
0.235029
0.199601
0.298451
0.233207
0.337037
0.439345
0.397302
0.150729
0.225382
0.186683
0.169996
0.256383
0.282561
0.246937
0.187734
0.183184
0.250101
0.136369
0.198866
0.168906
0.128876
0.222448
0.222735
0.152148
0.198169
0.300132
0.162361
0.264694
0.216643
0.255560
0.443305
0.410249
0.348230
0.566165
0.381899
0.426966
0.411716
0.385985
0.348697
0.418566
0.182322
0.210935
0.194333
0.207208
0.146571
0.286541
0.341279
0.269003
0.355096
0.308852
0.372589
0.184682
0.149932
0.083819
0.190873
0.110879
0.193422
0.121265
0.158495
0.139397
0.229118
0.325333
0.229316
0.266048
0.335950
0.327492
0.323455
0.217564
0.228735
0.263630
0.153554
0.251319
0.167146
0.264102
0.264375
0.326466
0.329399
0.280029
0.334326
0.343424
0.351388
0.364381
0.204190
0.333338
0.214940
0.234699
0.218569
0.137891
0.214406
0.113390
0.358421
0.242156
0.330277
0.480172
0.221821
0.214653
0.219352
0.182483
0.151417
0.286524
0.124688
0.245291
0.314791
0.198600
0.207604
0.194983
0.359295
0.476458
0.374622
0.409872
0.233020
0.342282
0.245460
0.267924
0.269488
0.198064
0.228850
0.211143
0.158973
0.197665
0.180465
0.475074
0.179912
0.209224
0.105986
0.141190
0.225826
0.136483
0.144711
0.149156
0.122867
0.145506
0.173289
0.168670
0.168998
0.133607
0.178457
0.131444
0.205147
0.178361
0.210512
0.295550
0.493583
0.415648
0.273647
0.268835
0.273672
0.210855
0.233880
0.358584
0.632457
0.121133
0.322841
0.356339
0.060334
0.130997
0.324296
0.337436
0.192579
0.157954
0.146317
0.320155
0.199439
0.460630
0.306309
0.265451
0.279735
0.468668
0.505374
0.237822
0.234396
0.137913
0.178381
0.186010
0.219258
0.242752
0.378550
0.271555
0.317160
0.259475
0.274051
0.225905
0.232526
0.149606
0.136055
0.132115
0.236079
0.138761
0.129721
0.115875
0.321748
0.162738
0.287720
0.304055
0.398423
0.243353
0.457247
0.277913
0.356284
0.425039
0.474662
0.249934
0.187731
0.390861
0.295644
0.458534
0.431548
0.319289
0.207876
0.148293
0.203239
0.238772
0.528064
0.715273
0.314479
0.181318
0.161300
0.275447
0.310801
0.277858
0.197866
0.136432
0.196050
0.368968
0.156163
0.360723
0.254378
0.167102
0.238362
0.188677
0.160392
0.169440
0.112590
0.126622
0.109415
0.149769
0.136622
0.127900
0.172150
0.107079
0.119658
0.275381
0.142747
0.092455
0.056454
0.117528
0.198273
0.096091
0.106055
0.150859
0.168069
0.152184
0.174436
0.215631
0.287383
