0.071275
0.218115
0.124830
0.162050
0.172124
0.115424
0.152364
0.167337
0.180019
0.268152
0.249681
0.144595
0.302296
0.311368
0.281484
0.350535
0.482172
0.249721
0.167602
0.273782
0.188097
0.144093
0.142340
0.278184
0.195680
0.153277
0.123516
0.250494
0.177520
0.286789
0.129004
0.125219
0.207261
0.204110
0.151653
0.132660
0.310257
0.144919
0.110370
0.186170
0.271950
0.156666
0.272588
0.246915
0.271365
0.166160
0.248213
0.178373
0.215889
0.238175
0.148602
0.143628
0.127270
0.105678
0.116107
0.137919
0.176796
0.092554
0.122583
0.125864
0.203792
0.246185
0.272488
0.186094
0.198718
0.186050
0.101629
0.171651
0.232414
0.150628
0.168582
0.104853
0.047005
0.106965
0.229056
0.164659
0.198188
0.154408
0.174454
0.344134
0.159862
0.225050
0.116276
0.262478
0.514918
0.332299
0.255761
0.201807
0.181070
0.122066
0.155891
0.117315
0.165033
0.151605
0.117749
0.112567
0.133555
0.120658
0.195894
0.167586
0.154484
0.144525
0.195038
0.151668
0.269661
0.190463
0.283632
0.145911
0.126984
0.153522
0.157956
0.136001
0.138778
0.182676
0.143618
0.116094
0.140486
0.128351
0.092174
0.116915
0.108971
0.149762
0.163533
0.171219
0.166050
0.152435
0.183464
0.231142
0.155239
0.271685
0.343885
0.304800
0.165592
0.203342
0.299097
0.245539
0.258516
0.166437
0.180044
0.118282
0.212396
0.408584
0.244081
0.417726
0.306770
0.170266
0.276819
0.370718
0.260921
0.299195
0.280800
0.179139
0.130272
0.307773
0.215859
0.253175
0.511095
0.112355
0.267277
0.216069
0.329258
0.244012
0.268727
0.511354
0.361554
0.470110
0.286310
0.171233
0.266429
0.129766
0.195124
0.332031
0.268269
0.194262
0.132269
0.171224
0.137046
0.146394
0.162075
0.134906
0.235700
0.138509
0.223736
0.251742
0.123369
0.233706
0.247387
0.116253
0.158440
0.139503
0.133174
0.096861
0.102042
0.108441
0.129045
0.105857
0.135156
0.153654
0.171110
0.192833
0.254097
0.180083
0.251489
0.264921
0.163437
0.162290
0.129497
0.129302
0.176635
0.148332
0.167553
0.123670
0.152067
0.184277
0.204949
0.242761
0.209609
0.225142
0.217648
0.221437
0.301629
0.267741
0.228040
0.426157
0.180867
0.145856
0.199744
0.299294
0.321285
0.259413
0.214239
0.236132
0.326785
0.193240
0.194453
0.142285
0.254918
0.291292
0.286352
0.150071
0.175947
0.191975
0.142653
0.097880
0.118920
0.299686
0.261861
0.212648
0.236089
0.219555
0.146482
0.133279
0.193866
0.132024
0.135075
0.158586
0.150374
0.112011
0.113926
0.117557
0.114007
0.109892
0.163120
0.120246
0.123194
0.164388
0.116703
0.105489
0.095592
0.099271
0.133960
0.146647
0.119715
0.140229
0.128157
0.129991
0.130467
0.147562
0.134566
0.200468
0.282817
0.243660
0.261570
0.255816
0.137073
0.146303
0.139646
0.161044
0.122782
0.111232
0.131062
0.168786
0.140444
0.122729
0.130276
0.159392
0.060827
0.231228
0.173284
0.185467
0.179355
0.280881
0.329878
0.194803
0.122675
0.130074
0.141873
0.169165
0.148621
0.198311
0.475915
0.301142
0.246977
0.328414
0.275237
0.174567
0.145979
0.250653
0.187100
0.084743
0.169792
0.185696
0.103430
0.133871
0.166341
0.211888
0.207375
0.155343
0.053050
0.275817
0.236798
0.181187
0.178259
0.143087
0.150606
0.289892
0.331004
0.243082
0.251124
0.306636
0.367954
0.265436
0.288449
0.253848
0.157906
0.220742
0.175280
0.286562
