0.111459
0.111522
0.405499
0.490448
0.393162
0.238188
0.222317
0.206143
0.378460
0.278939
0.521337
0.421971
0.290940
0.279486
0.171510
0.412534
0.292988
0.451168
0.279622
0.227065
0.441730
0.157669
0.674568
0.167730
0.398832
0.289363
0.253819
0.170657
0.276423
0.248468
0.508725
0.382944
0.216618
0.287456
0.180048
0.372463
0.252847
0.213075
0.216853
0.155911
0.237577
0.246734
0.202843
0.359690
0.588133
0.589895
0.398315
0.373923
0.257032
0.401054
0.491342
0.219220
0.293562
0.209741
0.163904
0.202441
0.253369
0.245790
0.179375
0.160751
0.205950
0.117108
0.316175
0.373903
0.306344
0.394114
0.142241
0.279305
0.339889
0.279566
0.227709
0.193964
0.189375
0.223030
0.240883
0.420871
0.266402
0.239948
0.188217
0.164461
0.220720
0.357361
0.168333
0.342622
0.303843
0.140237
0.179541
0.150302
0.178267
0.501207
0.366912
0.284760
0.339750
0.298288
0.296016
0.426664
0.359828
0.309250
0.455353
0.223036
0.306282
0.429985
0.277038
0.324870
0.476204
0.247930
0.235662
0.334721
0.216478
0.371810
0.355287
0.229486
0.201170
0.119440
0.290088
0.195997
0.276310
0.215053
0.346173
0.346269
0.201098
0.345056
0.318995
0.258423
0.352444
0.315708
0.372346
0.378297
0.294067
0.428206
0.410388
0.219946
0.310497
0.161767
0.167401
0.337608
0.142283
0.133718
0.193926
0.239827
0.268470
0.126264
0.158488
0.117499
0.150290
0.138903
0.185010
0.095043
0.135692
0.207194
0.228978
0.211800
0.219310
0.192800
0.157283
0.357787
0.160850
0.143592
0.163854
0.120568
0.143342
0.179870
0.121632
0.113733
0.195096
0.283157
0.313698
0.295595
0.113635
0.169213
0.088320
0.150072
0.175063
0.178823
0.184860
0.144224
0.132546
0.140852
0.179209
0.204468
0.334427
0.196750
0.278021
0.248594
0.157812
0.179523
0.128403
0.188513
0.281846
0.230043
0.241956
0.227008
0.312043
0.379744
0.250620
0.159012
0.112431
0.282243
0.328525
0.272925
0.126229
0.327106
0.189215
0.149613
0.176842
0.093802
0.124640
0.247669
0.277833
0.372648
0.224949
0.418756
0.189354
0.182135
0.201072
0.360483
0.278692
0.404512
0.439737
0.208255
0.300016
0.168187
0.345357
0.233902
0.219301
0.200533
0.267771
0.430373
0.322123
0.352155
0.483972
0.655715
0.291381
0.189228
0.265697
0.166620
0.207821
0.371941
0.494609
0.205549
0.170608
0.324809
0.265756
0.210225
0.220715
0.276205
0.329802
0.333899
0.372389
0.222672
0.174347
0.152215
0.142874
0.231707
0.290627
0.311917
0.447733
0.518429
0.260190
0.381149
0.405674
0.137422
0.244118
0.278026
0.266706
0.184075
0.362226
0.347518
0.510863
0.252928
0.248704
0.353061
0.619818
0.487201
0.341508
0.389563
0.125699
0.160550
0.185152
0.075361
0.170577
0.100788
0.205782
0.249411
0.325639
0.496266
0.380131
0.253955
0.428202
0.308468
0.132277
0.199111
0.249488
0.273201
0.220369
0.400208
0.282377
0.234682
0.115504
0.222981
0.196177
0.147259
0.292726
0.273592
0.211790
0.114165
0.223063
0.228697
0.191158
0.128891
0.121889
0.144218
0.234783
0.174375
0.149877
0.248452
0.296353
0.149989
0.578697
0.390245
0.207784
0.407222
0.269704
0.560779
0.251291
0.248724
0.276371
0.239464
0.325861
0.276160
0.182468
0.320929
0.338568
0.421025
0.402849
0.297143
0.123780
0.199542
0.272492
0.149049
0.106819
0.160627
0.190567
0.174255
0.257827
0.304295
0.339884
0.278394
0.259150
0.460809
0.276548
0.267881
0.239640
0.213592
0.245297
0.266646
0.314746
0.606199
0.341483
0.216043
0.153800
0.198650
0.219307
0.212194
0.344165
0.227768
0.170576
0.200865
0.308900
0.245814
0.126952
0.272375
0.215325
0.360494
0.510673
0.310613
0.220180
0.306816
0.245516
0.205203
0.255918
0.153748
0.224970
0.190075
0.196261
0.227599
0.239784
0.206694
0.138776
0.306595
0.247574
0.234514
0.257960
0.176840
0.308280
0.283941
0.136591
0.298402
0.255573
0.366806
0.288689
0.240649
0.143084
0.286175
0.194818
0.156740
0.293160
0.323348
0.165555
0.158463
0.172237
0.194550
0.233344
0.225072
0.160489
0.496965
0.287983
0.296504
0.213698
0.273888
0.297246
0.215298
0.276264
0.337481
0.218644
0.172296
0.281755
0.168544
0.216534
0.206412
0.172339
0.187821
0.238197
0.201126
0.249934
0.117936
0.170760
0.328433
0.245602
0.158526
0.191730
0.205285
0.237051
0.179967
0.177159
0.562018
0.332150
0.320855
0.280737
0.361953
0.309148
0.196387
0.193878
0.237835
0.299715
0.447364
0.239384
0.307563
0.237782
0.273014
0.313817
0.402347
0.339099
0.341749
0.341070
0.371572
0.420522
0.292404
0.256930
0.462181
0.104796
0.193079
0.405761
0.678699
0.387303
0.512905
0.171513
0.255871
0.266528
0.315803
0.255479
0.310093
0.345474
0.140714
0.551640
0.347737
0.218061
0.309047
0.248626
0.307943
0.304733
0.229740
0.351173
0.237557
0.137032
0.199872
0.150463
0.130419
0.140827
0.175922
0.119855
0.186980
0.197448
0.172496
0.221050
0.261051
0.202546
0.190060
0.241311
0.183637
0.472426
0.712288
0.178366
0.376753
0.516178
0.306320
0.209790
0.262444
0.297106
0.307730
0.304960
0.287161
0.319656
0.332222
0.202173
0.148031
0.198643
0.140808
0.177952
0.265066
0.269971
0.211033
0.402379
0.483926
0.188786
0.171712
0.181724
0.120577
0.273276
0.349273
0.221570
0.372212
0.173868
0.281006
0.181814
0.107281
0.156724
0.139212
0.368372
0.182295
0.179629
0.209897
0.255476
0.276517
0.203999
0.236017
0.299662
0.224614
0.204695
0.424966
0.301031
0.281279
0.209133
0.137947
0.078632
0.156661
0.194977
0.215707
0.224851
0.207067
0.210268
0.297645
0.168892
0.272187
0.283084
0.311612
0.231179
0.194515
0.241999
0.232732
0.207119
0.132388
0.168210
0.300559
0.193831
0.184135
0.184769
0.164074
0.139686
0.183949
0.136495
0.145999
0.153907
0.175390
0.250343
0.224308
0.260875
0.198261
0.196003
0.224406
0.231863
0.283972
0.145735
0.115937
0.138137
0.151672
0.162872
0.228769
0.225634
0.217765
0.167332
0.190123
0.264758
0.429236
0.255769
0.292652
0.391589
0.273362
0.217491
0.189641
0.184850
0.091849
0.419445
0.159898
0.293547
0.110389
0.330371
0.263989
0.312932
0.240648
0.248548
0.282956
0.260649
0.286402
0.195208
0.246693
0.243996
0.215648
0.216709
0.174397
0.189649
0.212433
0.199080
0.125647
0.190265
0.132772
0.419881
0.134412
0.257996
0.293665
0.215685
0.385779
0.428105
0.188312
0.238022
0.162529
0.274726
0.173445
0.210786
0.216542
0.217314
0.205779
0.317599
0.303034
0.363536
0.238529
0.232850
0.154078
0.133159
0.203133
0.184934
0.323073
0.264264
0.259495
0.192130
0.239836
0.216235
0.143090
0.181689
0.213552
0.150561
0.146266
0.197989
0.311052
0.153712
0.225414
0.174460
0.217425
0.167067
0.220192
0.155306
0.333302
0.222098
0.193917
0.287501
0.269730
0.205969
0.323840
0.114687
0.279398
0.320881
0.175039
0.287308
0.290686
0.520105
0.442026
0.280684
0.172419
0.268802
0.367512
0.271390
0.697185
0.424409
0.508898
0.270589
0.408125
0.448938
0.415719
0.343264
0.274648
0.257045
0.290641
0.392045
0.500310
0.403647
0.277199
0.525961
0.325078
0.178915
0.217491
0.504794
0.508094
0.285644
0.304086
0.291683
0.290368
0.231802
0.107506
0.167717
0.178322
0.181684
0.286794
0.174235
0.246253
0.332138
0.241193
0.238057
0.261081
0.276602
0.190528
0.223114
0.197860
0.238741
0.335191
0.311560
0.122110
0.098355
0.172439
0.197333
0.408150
0.177530
0.459928
0.258854
0.218157
0.218354
0.217719
0.166857
0.379378
0.158596
0.197069
0.232257
0.187579
0.187459
0.261862
0.203554
0.235915
0.238323
0.298940
0.275223
0.220429
0.209125
0.351078
0.243068
0.367719
0.215665
0.386550
0.333882
0.181090
0.143718
0.274463
0.241522
0.158920
0.233995
0.375824
0.279202
0.392714
0.233783
0.219957
0.365852
0.295087
0.219838
0.523193
0.348608
0.203508
0.351987
0.285327
0.174908
0.193394
0.248894
0.344956
0.339975
0.306946
0.164299
0.288145
0.141276
0.187448
0.176331
0.296256
0.196504
0.160960
0.164165
0.149628
0.151555
0.172630
0.234572
0.211107
0.222111
0.378217
0.363481
0.250996
0.272420
0.259139
0.417817
0.364723
0.325953
0.307221
0.366573
0.227105
0.192447
0.186068
0.213979
0.439930
0.227241
0.227560
0.213060
0.228621
0.227211
0.170746
0.135634
0.167681
0.139119
0.161859
0.182804
0.098266
0.151194
0.182853
0.232024
0.135287
0.169267
0.222077
0.232376
0.259888
0.289688
0.374141
0.209866
0.158128
0.161112
0.134873
0.264560
0.244334
0.175256
0.278205
0.503323
0.271789
0.248183
0.262753
0.182406
0.171006
0.202889
0.287556
0.466367
0.393427
0.392737
0.427650
0.355175
0.432763
0.233262
0.191307
0.129844
0.182242
0.167068
0.188572
0.264514
0.189560
0.464210
0.388279
0.229235
0.329057
0.453532
0.302623
0.229089
0.332600
0.249466
0.335735
0.192901
0.089116
0.224254
0.115411
0.191460
0.249813
0.202163
0.202875
0.207360
0.218686
0.185833
0.161954
0.233982
0.155280
0.140738
0.179008
0.171298
0.314135
0.297187
0.635224
0.330119
0.340286
0.191326
0.244944
0.414479
0.309003
0.093753
0.097636
0.171432
0.201242
0.216191
0.237838
0.192201
0.186549
0.363646
0.146072
0.156097
0.201035
0.222615
0.296293
0.471467
0.268479
0.200917
0.152448
0.352932
0.410141
0.320241
0.211291
0.325012
0.206740
0.305024
0.161728
0.401125
0.191782
0.220934
0.238860
0.318699
0.216378
0.272017
0.301921
0.227746
0.248856
0.185907
0.285651
0.327729
0.292975
0.229657
0.290492
0.303936
0.323982
0.392712
0.359772
0.182605
0.179696
0.366610
0.305059
0.172003
0.284755
0.291765
0.238909
0.379037
0.331079
0.352542
0.253803
0.220917
0.371365
0.222477
0.210850
0.284683
0.217475
0.234648
0.214364
0.122330
0.167811
0.270881
0.239625
