155	280	97	33
152	282	98	30
151	283	97	30
151	282	97	30
150	283	98	30
150	283	99	30
182	285	109	29
234	287	108	28
280	286	100	29
283	286	99	29
278	286	98	28
280	286	98	29
281	287	97	28
279	286	97	29
280	287	97	29
279	288	97	28
279	287	96	29
277	289	97	29
276	288	97	29
276	289	96	29
275	290	96	29
274	290	96	29
273	291	96	29
273	292	95	29
272	293	96	29
271	292	97	29
271	294	95	29
270	294	96	30
269	294	97	30
268	295	96	29
268	295	96	29
267	296	95	29
266	296	96	29
266	298	96	29
265	297	96	29
263	298	98	28
264	299	96	28
262	299	96	29
263	300	95	29
260	299	97	29
260	301	96	29
259	301	96	29
259	302	96	29
258	302	95	29
257	302	96	29
256	302	95	30
256	303	95	30
254	303	96	30
253	303	97	29
253	305	95	29
253	306	95	29
251	306	96	29
250	307	95	29
249	306	97	29
249	308	95	29
248	307	96	29
247	309	96	29
245	309	96	29
245	309	96	29
245	311	95	29
243	310	96	29
243	311	94	29
242	312	95	30
240	312	96	29
239	312	95	30
239	313	94	29
238	313	94	29
237	314	94	30
236	315	94	30
235	315	94	30
234	315	94	30
233	316	94	30
231	316	96	29
231	317	94	29
230	316	95	29
229	317	95	29
228	318	96	30
227	318	96	30
226	318	96	30
226	319	95	30
225	319	95	30
224	320	95	30
223	320	96	30
223	322	96	30
222	322	96	30
220	321	95	30
220	323	94	30
220	323	94	29
219	324	95	29
220	325	93	30
218	326	94	30
218	326	94	31
217	326	94	30
216	327	95	30
215	327	95	30
215	328	94	30
215	329	93	30
215	328	94	29
215	329	93	29
214	330	94	30
214	331	93	30
214	331	93	30
213	331	94	30
213	330	93	30
212	332	94	29
212	332	94	30
211	331	94	30
212	331	93	30
212	332	93	29
211	332	93	29
210	333	94	29
210	332	94	29
211	332	93	29
211	334	93	29
210	333	94	30
210	332	93	29
211	334	92	29
209	333	94	29
210	334	93	30
209	333	93	30
209	334	94	29
209	334	93	29
209	335	93	29
209	334	93	30
208	335	94	29
208	334	94	29
208	335	93	29
208	335	94	29
209	334	94	30
208	336	93	29
208	334	93	30
208	335	93	30
208	335	93	29
208	335	93	30
208	335	93	30
208	334	93	30
207	334	94	30
208	333	93	30
208	333	93	30
208	333	92	30
207	332	93	29
207	333	93	30
208	333	93	30
208	332	92	30
208	333	93	28
206	331	93	29
206	331	93	29
206	330	93	29
206	330	94	30
207	323	90	34
206	297	91	37
206	279	93	30
206	278	92	30
206	279	92	30
205	278	93	29
205	278	92	29
205	278	93	30
204	277	94	30
204	278	93	30
204	276	93	29
204	277	93	29
204	276	92	30
203	275	93	30
203	275	94	29
201	275	94	30
202	275	93	30
202	275	94	29
202	276	92	30
201	274	93	30
201	276	92	29
200	275	92	29
201	276	91	29
200	276	91	29
200	276	92	29
200	276	92	29
200	277	91	29
205	277	95	29
244	280	101	27
299	280	96	27
312	279	92	29
306	280	92	28
308	280	92	29
308	281	92	29
310	282	91	28
308	283	93	28
308	283	92	28
309	283	92	29
309	284	92	29
309	283	92	29
308	284	92	29
307	284	93	29
308	285	92	29
307	285	91	29
306	287	92	29
306	286	93	29
306	288	91	28
305	289	91	29
305	288	90	29
304	289	91	29
303	290	92	29
303	291	91	29
302	291	92	29
303	291	91	30
302	292	91	29
302	292	90	28
302	293	90	29
301	293	91	28
300	294	91	28
299	294	92	29
300	296	91	28
299	296	91	28
298	297	91	28
299	297	91	29
297	298	93	29
298	299	91	29
296	299	92	29
297	300	91	29
296	301	92	29
295	302	92	29
296	303	90	29
296	303	91	29
296	303	91	29
294	305	92	29
294	304	91	29
294	307	90	29
295	306	90	28
294	308	91	28
294	307	90	28
294	308	90	28
293	309	91	28
292	309	91	29
292	309	90	29
292	309	90	29
291	310	90	28
291	311	89	28
290	311	91	28
290	312	90	28
289	312	90	28
289	312	91	29
289	311	90	30
289	312	91	29
287	312	92	30
287	312	90	29
287	312	91	29
287	313	90	30
286	312	91	30
286	312	91	29
286	313	91	29
285	313	91	29
285	312	91	29
285	313	90	29
284	313	90	29
283	313	90	28
282	313	91	29
282	313	90	29
283	313	89	29
282	314	89	29
282	312	90	29
282	313	89	29
281	313	90	30
279	313	91	30
280	313	90	29
280	314	90	29
278	314	90	29
278	314	90	29
278	315	90	29
277	315	90	30
275	314	91	30
276	315	90	30
275	317	89	29
274	316	90	30
275	317	88	30
272	316	90	30
273	317	90	30
271	316	90	29
272	317	89	30
272	317	90	29
269	317	92	30
270	318	91	29
268	317	91	30
267	319	91	30
268	318	90	30
268	318	90	30
266	319	91	30
266	319	90	30
266	320	90	29
265	319	90	30
264	319	91	30
264	320	90	30
264	320	90	30
262	321	91	30
263	320	90	30
263	321	89	31
262	321	90	30
261	322	90	30
261	321	90	30
261	322	90	30
261	323	90	30
260	323	90	30
260	324	90	30
260	324	90	30
259	325	90	30
259	325	90	30
258	325	89	30
258	327	90	30
258	327	89	31
258	327	89	30
257	328	89	30
258	330	88	30
256	329	89	30
256	330	88	30
256	332	89	30
256	331	88	29
256	333	89	30
254	332	89	30
255	335	88	29
254	335	89	30
254	334	89	31
255	335	89	30
254	337	88	30
253	337	89	30
255	326	86	36
254	302	85	35
254	296	89	29
252	297	90	29
253	299	88	28
252	299	89	28
252	300	88	28
252	300	89	28
251	301	89	29
251	302	89	29
250	301	89	29
250	302	88	29
251	303	88	28
250	301	88	29
251	302	88	28
250	302	89	28
250	302	88	28
250	303	88	28
250	302	88	29
250	302	88	29
250	302	89	28
250	301	89	28
250	301	88	29
250	301	88	29
249	300	89	29
250	302	88	29
249	301	89	29
249	300	88	29
249	301	89	29
248	301	89	29
248	301	89	29
248	302	88	29
248	301	88	29
248	302	88	29
248	301	89	29
248	302	87	29
248	303	87	29
248	303	87	29
247	303	88	29
248	304	88	28
247	305	88	29
246	305	88	30
246	307	88	29
247	308	88	29
247	309	89	29
246	310	88	29
247	310	88	29
246	312	88	30
247	314	88	30
246	315	89	30
246	316	89	30
246	318	89	29
245	319	88	30
245	321	88	29
245	322	88	30
246	323	88	30
245	324	89	30
245	327	88	30
245	327	88	30
244	329	89	30
244	330	89	30
243	332	89	31
246	323	85	36
246	298	84	35
244	290	88	30
244	293	87	30
243	294	87	29
244	296	88	29
244	297	87	30
244	298	88	29
244	299	86	30
244	301	87	30
243	301	86	30
244	303	86	29
244	303	86	30
243	304	87	29
243	306	86	29
243	307	87	29
242	308	87	29
241	310	88	29
243	309	87	29
242	310	87	30
242	311	87	30
241	311	88	30
242	314	87	30
241	314	88	30
241	314	88	30
241	316	88	29
240	316	88	30
241	318	87	30
240	318	89	30
240	319	88	30
240	321	89	30
239	321	88	30
239	322	89	30
239	324	88	30
239	325	87	30
239	326	88	29
238	326	88	29
240	326	86	29
240	327	86	30
240	329	86	29
239	329	87	30
239	330	87	30
239	331	87	30
238	330	87	30
238	333	86	29
238	333	85	30
238	332	87	30
238	335	85	30
237	334	87	30
237	335	86	29
237	336	85	29
236	336	87	29
236	337	86	30
236	339	86	29
236	338	86	30
236	340	85	30
235	340	87	30
235	340	86	30
235	342	86	30
235	342	87	30
235	343	86	30
235	344	87	29
235	343	86	30
233	344	87	29
234	341	86	32
236	316	83	34
234	294	86	32
234	294	87	30
233	296	86	30
233	296	87	30
232	297	87	31
231	297	87	31
232	299	87	30
232	298	87	30
232	298	88	30
231	299	88	31
232	298	88	31
231	299	87	31
231	299	87	31
231	299	88	31
231	300	88	31
231	300	88	31
230	299	87	31
230	300	86	31
230	299	87	32
230	300	88	31
230	300	88	31
230	300	88	31
230	300	86	31
230	300	86	31
230	300	86	31
230	301	87	31
230	300	86	31
230	301	86	31
230	300	86	31
230	300	86	31
229	300	86	31
229	300	86	31
230	301	86	31
230	300	86	31
230	300	85	31
229	299	86	31
229	299	86	31
229	300	86	31
229	299	86	31
229	299	86	31
229	299	86	30
229	299	86	30
230	299	86	30
229	298	85	30
229	298	86	30
229	298	86	30
229	298	86	31
230	297	86	31
230	296	87	31
230	297	85	30
230	297	86	30
230	297	85	30
230	296	85	30
230	296	85	30
229	295	85	30
230	295	85	30
231	295	84	30
231	295	85	30
230	295	85	30
231	295	85	30
230	294	85	30
230	293	85	31
230	293	85	31
230	293	85	31
230	293	85	31
230	293	86	31
229	291	87	31
230	291	86	30
231	291	85	31
231	291	85	31
230	290	86	31
230	290	85	31
230	289	87	31
229	289	86	31
229	288	87	31
229	288	87	31
230	287	86	31
230	287	85	31
230	287	85	30
229	287	85	31
230	286	86	30
230	286	86	31
230	285	86	31
230	286	86	30
230	285	85	31
230	285	85	30
230	284	84	31
230	285	85	31
230	284	85	31
231	284	84	30
230	285	85	31
230	284	85	30
229	284	85	30
229	285	85	30
230	285	85	30
230	285	86	30
229	285	85	31
230	285	86	31
229	285	85	31
229	286	84	31
229	287	86	31
230	287	85	31
229	286	86	31
229	287	84	31
229	287	85	31
228	288	85	31
230	288	84	31
228	288	86	31
229	289	85	32
228	289	86	31
228	290	85	31
229	291	85	32
228	291	85	31
228	291	85	31
228	291	85	31
229	292	84	31
228	292	85	31
228	293	84	31
228	292	85	31
228	292	84	31
228	292	85	31
227	293	84	32
228	292	85	31
228	293	84	31
228	292	84	31
228	293	84	31
227	293	85	31
227	293	83	31
227	293	84	31
227	292	84	31
226	293	84	31
226	293	85	32
226	292	84	31
225	293	84	31
226	292	83	31
225	293	83	31
225	292	84	31
225	292	83	32
225	293	84	31
225	292	84	31
224	293	84	31
225	293	83	31
224	294	84	31
224	293	84	31
224	293	84	31
224	294	83	31
224	293	83	31
223	293	84	31
226	294	85	30
265	296	93	28
320	293	90	31
337	293	84	31
330	293	83	30
332	294	83	31
332	294	85	31
334	293	83	31
334	293	83	31
334	293	84	31
335	294	83	31
335	294	83	31
334	293	83	31
335	293	83	30
335	294	83	30
335	293	83	30
335	293	83	30
335	293	83	30
335	292	82	31
335	291	83	30
335	292	83	30
335	291	83	31
335	291	82	31
335	291	83	31
335	291	83	31
334	291	84	31
335	290	83	30
335	291	83	31
335	290	83	31
335	290	83	31
335	290	84	30
336	290	83	31
335	291	83	31
335	290	83	31
335	290	83	31
335	290	82	31
335	290	83	30
335	290	82	31
335	290	83	31
336	290	83	30
335	290	83	31
334	290	84	30
334	290	83	31
335	290	83	31
335	290	83	31
335	289	83	31
335	289	83	31
334	290	83	31
335	289	83	31
335	290	83	30
335	290	83	31
335	290	83	31
334	291	83	31
335	291	84	31
334	290	84	31
335	291	82	31
335	291	82	32
334	291	83	31
334	292	82	31
334	291	83	31
334	292	82	31
334	291	83	31
333	292	82	31
333	292	81	31
333	292	82	31
333	292	82	31
332	292	83	31
333	292	82	31
333	292	82	31
333	292	82	31
332	292	82	31
333	292	82	31
332	293	82	31
332	293	82	31
332	293	82	31
333	293	81	30
333	293	81	30
333	293	81	31
332	294	81	31
333	294	81	31
332	294	81	32
332	295	81	32
332	296	81	32
333	296	81	32
332	297	81	32
331	297	81	32
332	298	81	32
332	298	82	31
331	298	82	31
331	299	81	31
331	299	81	32
330	300	81	32
331	299	81	31
330	300	81	32
329	300	81	32
329	300	82	31
329	301	81	32
329	301	83	33
329	300	80	32
328	300	82	32
328	301	80	32
328	301	82	32
327	300	82	32
327	300	81	32
327	301	81	32
326	300	82	32
326	300	81	32
325	300	81	32
325	300	82	32
325	300	81	32
325	299	80	32
324	298	82	31
324	297	82	32
323	298	82	32
324	297	82	32
323	296	82	32
323	297	80	32
323	296	81	31
323	295	80	31
322	294	81	31
323	294	80	31
322	294	82	31
322	293	81	31
322	293	81	30
322	292	82	30
322	291	82	31
321	291	82	30
322	290	82	30
321	290	83	31
322	289	82	31
322	288	82	30
322	288	81	31
323	288	81	30
321	287	82	30
321	287	82	30
322	287	80	30
323	287	80	29
323	287	80	30
323	288	80	30
322	287	80	30
323	287	80	30
322	287	80	30
323	287	80	30
322	287	81	30
323	288	80	30
323	287	80	30
322	288	81	30
322	287	82	30
322	288	81	31
321	289	81	31
322	288	81	31
322	290	81	31
322	290	80	31
322	290	81	30
322	292	80	31
322	292	81	31
322	292	81	31
322	293	81	31
321	294	81	31
322	293	80	30
321	296	80	30
320	296	82	30
320	296	82	30
320	297	81	31
320	299	81	30
320	298	81	31
319	301	81	30
320	301	81	30
319	302	80	31
319	302	81	31
319	303	80	32
318	303	81	31
318	305	80	31
317	306	80	31
317	307	80	30
317	307	82	30
317	308	80	30
316	309	80	31
316	310	80	31
316	311	80	31
315	311	80	31
315	311	80	30
315	312	80	31
316	313	78	31
315	313	79	31
314	314	80	31
313	314	80	32
314	315	80	32
313	315	81	31
312	316	80	32
314	316	78	31
311	317	79	32
312	317	79	31
312	317	80	31
310	318	80	31
311	319	79	31
312	320	78	30
311	320	79	30
311	321	79	30
311	322	79	30
310	323	79	30
311	324	78	30
310	323	79	30
311	325	78	30
311	325	79	30
309	325	79	30
310	327	78	30
310	327	80	30
310	327	79	30
309	328	79	30
311	329	78	30
311	329	78	30
311	330	79	30
311	331	78	30
312	331	78	30
312	331	78	30
311	332	78	30
311	332	79	30
312	331	79	30
311	331	81	29
311	332	80	30
313	332	79	30
313	332	79	30
313	332	78	30
313	331	78	30
312	331	79	30
313	332	79	29
313	332	78	30
313	332	80	30
313	331	79	30
314	332	79	30
314	332	79	30
314	331	80	29
315	331	78	29
315	331	78	29
315	331	78	28
315	330	79	28
315	330	78	29
315	330	78	29
315	329	78	29
315	329	79	29
316	328	79	29
316	328	78	29
316	327	77	29
317	326	77	29
316	326	78	29
316	325	77	29
316	324	78	29
316	324	77	29
316	323	77	29
316	322	77	29
316	322	78	29
316	322	78	29
316	322	78	28
315	322	77	28
315	321	77	28
315	321	77	28
315	320	77	28
315	320	78	28
314	319	77	29
314	319	77	29
314	319	78	28
314	318	79	28
313	319	77	29
314	319	77	28
313	319	77	29
313	318	77	29
312	317	78	29
313	317	78	29
312	318	77	28
312	318	77	28
312	317	77	29
312	318	76	29
312	318	77	28
311	318	78	28
311	318	77	28
311	318	78	29
310	318	77	29
310	318	77	29
311	318	76	28
310	318	77	29
310	318	76	29
309	319	77	29
309	319	78	29
309	320	78	29
309	321	78	29
308	321	78	29
310	322	77	29
308	323	77	29
308	323	78	29
308	323	78	30
308	325	76	28
308	325	77	29
308	326	76	29
308	326	77	29
307	328	77	29
308	327	77	29
306	330	76	29
307	331	76	29
307	331	77	28
305	331	76	29
307	332	76	29
305	333	77	29
305	335	77	29
305	335	77	28
304	337	77	28
304	337	77	29
304	338	77	29
306	320	75	36
308	296	72	34
306	275	75	30
305	275	76	26
305	276	75	26
305	277	75	26
305	278	76	27
305	278	77	27
305	278	75	27
304	280	76	27
304	279	76	27
305	280	75	27
304	280	77	27
305	282	76	26
303	281	77	26
304	282	76	26
303	283	77	26
303	282	77	26
302	284	77	26
302	284	76	26
302	285	76	26
302	284	76	26
302	285	75	27
302	285	76	27
301	285	76	26
301	286	76	27
301	287	75	27
300	287	75	26
300	288	75	27
299	288	75	27
299	289	75	27
298	290	74	26
298	291	75	27
297	291	76	26
298	292	75	27
297	293	75	27
297	292	76	27
296	293	76	27
294	294	77	27
295	294	76	27
294	294	76	27
295	295	76	26
294	296	75	26
294	297	74	25
293	297	75	25
293	297	76	26
293	298	75	26
292	299	75	26
293	299	75	25
292	300	75	25
292	300	75	26
292	301	75	26
291	301	76	26
291	301	75	27
290	302	76	27
290	302	77	26
290	303	74	27
290	303	75	26
291	304	73	26
290	304	74	26
290	304	74	26
290	305	74	27
290	306	74	26
290	306	75	26
290	307	74	27
289	308	75	27
289	308	75	27
289	308	76	26
288	309	76	27
288	309	76	27
288	310	76	27
288	310	75	27
289	310	75	27
288	311	75	27
288	310	75	27
288	312	74	27
289	312	74	27
288	313	74	26
288	313	75	26
289	314	74	26
289	314	74	26
288	315	73	26
287	315	75	27
288	316	74	27
289	316	74	27
288	317	74	27
287	317	75	27
287	318	75	27
287	318	74	27
288	318	74	27
287	319	74	27
287	320	75	27
286	321	74	26
287	321	73	27
287	322	74	27
