0.030399
0.185549
0.127358
0.258195
0.302200
0.303421
0.248419
0.489748
0.131171
0.182065
0.230814
0.233420
0.317867
0.169193
0.250441
0.143075
0.218181
0.162863
0.332711
0.403037
0.201994
0.198291
0.117014
0.155775
0.166290
0.130434
0.089082
0.119249
0.159050
0.132289
0.144431
0.116828
0.174240
0.155289
0.150865
0.140711
0.214724
0.219081
0.191662
0.205921
0.161342
0.104539
0.132266
0.124591
0.137199
0.125879
0.175414
0.151111
0.147292
0.170235
0.158866
0.271394
0.273280
0.232407
0.136229
0.135850
0.051789
0.063072
0.241048
0.161417
0.277134
0.194612
0.174494
0.218976
0.212438
0.125408
0.109291
0.297385
0.135736
0.132832
0.153428
0.119587
0.182267
0.218834
0.182966
0.135417
0.129800
0.162609
0.199961
0.152817
0.139285
0.137079
0.222758
0.214297
0.118617
0.052917
0.118506
0.075114
0.114791
0.158202
0.136232
0.235757
0.301857
0.371651
0.210882
0.213720
0.245769
0.184587
0.176965
0.214211
0.191974
0.228871
0.175731
0.126738
0.368427
0.204860
0.169359
0.155642
0.180233
0.260483
0.124882
0.098511
0.165000
0.134780
0.185540
0.161350
0.150303
0.192794
0.284931
0.355054
0.199453
0.219637
0.112255
0.113097
0.134754
0.123585
0.090657
0.135511
0.152779
0.161563
0.130564
0.228525
0.158060
0.225425
0.168195
0.175525
0.253726
0.160183
0.139849
0.154074
0.129622
0.133195
0.205634
0.201453
0.401714
0.331802
0.359284
0.159402
0.145053
0.246704
0.164614
0.212293
0.334589
0.190638
0.137087
0.167921
0.187630
0.174265
0.195026
0.405728
0.220927
0.262218
0.339384
0.179118
0.334003
0.140155
0.208091
0.257333
0.168865
0.184304
0.251980
0.233932
0.268935
0.260478
0.216287
0.177512
0.144083
0.185602
0.229157
0.177892
0.177916
0.156072
0.245022
0.193789
0.160417
0.121755
0.141379
0.120114
0.158491
0.117781
0.200404
0.138701
0.223478
0.193084
0.182240
0.180670
0.128146
0.196471
0.158199
0.179095
0.133364
0.145947
0.237521
0.261612
0.282127
0.360018
0.390506
0.547075
0.587353
0.259044
0.190396
0.214090
0.184017
0.209868
0.487329
0.249398
0.297657
0.195199
0.368576
0.314610
0.159304
0.175659
0.152297
0.155810
0.155246
0.123954
0.153196
0.165584
0.137414
0.165996
0.162657
0.156097
0.127837
0.174299
0.199127
0.141671
0.493194
0.187709
0.239278
0.267638
0.131328
0.184182
0.242512
0.064439
0.109169
0.090275
0.106739
0.128549
0.116217
0.170890
0.139140
0.166538
0.151802
0.264641
0.167929
0.220527
0.328617
0.186320
0.100714
0.105106
0.148479
0.237860
0.175042
0.189989
0.187243
0.226391
0.079521
0.069025
0.094477
0.239004
0.179869
0.114653
0.121585
0.179530
0.135424
0.117741
0.154925
0.214152
0.231627
0.152736
0.189940
0.431562
0.275900
0.566354
0.148805
0.223727
0.123940
0.153295
0.162788
0.156777
0.133971
0.227806
0.189925
0.200810
0.240332
0.303300
0.269428
0.339362
0.233938
0.706743
0.348293
0.320609
0.366616
0.350042
0.227613
0.223964
0.418845
0.387745
0.262051
0.077800
0.159926
0.186535
0.172387
0.209490
0.210568
0.243348
0.172062
0.170880
0.181809
0.198950
0.145259
0.156245
0.146676
0.241163
0.165936
0.139274
0.115477
0.131499
0.296682
0.192530
0.215245
0.135474
0.250551
0.178907
0.153702
0.198508
0.248443
0.326087
0.071834
0.112579
0.266995
0.177189
0.359533
0.198214
0.193856
0.219082
0.236672
0.223974
0.317566
0.285465
0.220003
0.176175
0.159674
0.242960
0.323633
0.287808
0.209639
0.217729
0.144946
0.301746
0.260848
0.295616
0.173541
0.444828
0.421400
0.222637
0.231073
0.238506
0.299286
0.150002
0.298561
0.175124
0.229968
0.317194
0.171888
0.258204
0.235589
0.132928
0.155685
0.161624
0.161950
0.089799
0.131836
0.105183
0.103481
0.115180
0.108468
0.111091
0.147760
0.237611
0.201109
0.176480
0.208713
0.287671
0.306662
0.412166
0.328636
0.325887
0.237155
0.185224
0.218886
0.214677
0.435986
0.231662
0.241410
0.169105
0.229023
0.282303
0.221765
0.278160
0.339756
0.307018
0.376793
0.156279
0.220305
0.122785
0.169523
0.151895
0.107719
0.106675
0.135036
0.130223
0.117231
0.123139
0.145583
0.158505
0.150558
0.178105
0.198847
0.143223
0.210578
0.141625
0.169877
0.185707
0.199357
0.286656
0.146044
0.222610
0.262560
0.250875
0.261650
0.305960
0.238402
0.213840
0.122754
0.110834
0.175925
0.067481
0.153887
0.171977
0.070821
0.098059
0.168267
0.080988
0.116336
0.112981
0.127129
0.102993
0.203613
0.138968
0.106151
0.165231
0.208048
0.186210
0.176642
0.173991
0.129248
0.136184
0.082273
0.158509
0.141786
0.206918
0.110895
0.218579
0.109455
0.155936
0.171326
0.146701
0.201201
0.124161
0.126868
0.134518
0.145147
0.096887
0.168811
0.189559
0.149287
0.248233
0.179271
0.230027
0.187389
0.211031
0.151888
0.160617
0.154303
0.132239
0.194408
0.172672
0.170807
0.171959
0.169067
0.161713
0.248911
0.194969
0.170952
0.260347
0.345919
0.268364
0.157606
0.233480
0.291326
0.173224
0.306758
0.218630
0.326099
0.202785
0.297397
0.263922
0.411160
0.170737
0.234385
0.341388
0.333388
0.641897
0.234322
0.342718
0.536674
0.354183
0.137949
0.267799
0.219081
0.206654
0.190626
0.235989
0.311508
0.155934
0.331043
0.451113
0.303447
0.264045
0.210490
0.261720
0.238900
0.249601
0.203305
0.229092
0.234502
0.315517
0.228798
0.233128
0.237482
0.176443
0.199982
0.173439
0.222347
0.178920
0.369052
0.334879
0.190467
0.300609
0.239147
0.192955
0.210135
0.136663
0.271348
0.192538
0.287111
0.299461
0.148280
0.249367
0.213237
0.231209
0.197917
0.152106
0.216843
0.125387
0.177087
0.210818
0.175520
0.118263
0.169646
0.122252
0.163566
0.127857
0.145668
0.130571
0.173592
0.119977
0.173955
0.248375
0.204179
0.157264
0.197003
0.195907
0.235289
0.316952
0.122699
0.207800
0.177169
0.184273
0.158251
0.131807
0.140191
0.140708
0.171590
0.222896
0.188235
0.210243
0.222473
0.274171
0.244869
0.237401
0.204680
0.315734
0.194363
0.212391
0.224038
0.413113
0.345020
0.215692
0.128858
0.146705
0.134161
0.128788
0.129478
0.140977
0.135464
0.122585
0.136955
0.146306
0.160208
0.186711
0.183344
0.243340
0.267052
0.202163
0.174799
0.159453
0.257915
0.226654
0.259879
0.172481
0.262120
0.253745
0.196355
0.285604
0.147870
0.217554
0.184285
0.374575
0.388366
0.210521
0.153636
0.183260
0.120685
0.205065
0.160996
0.129063
0.175916
0.177715
0.130867
0.175729
0.168524
0.142798
0.140460
0.151691
0.152135
0.217218
0.182173
0.152693
0.162479
0.176370
0.209403
0.186358
0.151770
0.116845
0.155060
0.151743
0.197017
0.210390
0.167490
0.170318
0.169444
0.226907
0.175633
0.131851
0.214760
0.189560
0.258346
0.201460
0.157290
0.225948
0.284209
0.278644
0.230807
0.292908
0.387327
0.271790
0.285996
0.228661
0.130649
0.300321
0.205101
0.284676
0.273213
0.192665
0.234437
0.249648
0.184219
0.403081
0.248657
0.264272
0.196180
0.200596
0.187302
0.236109
0.300819
0.368903
0.215678
0.223217
0.205361
0.174670
0.219216
0.197778
0.268049
0.172696
0.196192
0.223721
0.199625
0.221402
0.166991
0.154945
0.152923
0.201630
0.139644
0.157459
0.197407
0.109157
0.107858
0.128302
0.104294
0.146512
0.115197
0.099741
0.138820
0.081493
0.145416
0.123848
0.114269
0.176209
0.179969
0.140546
0.366616
0.137840
0.193559
0.158045
0.141135
0.202062
0.138653
0.152702
0.141198
0.175081
0.131684
0.148875
0.171229
0.153758
0.167305
0.151952
0.157470
0.127089
0.155999
0.225219
0.209255
0.260075
0.145541
0.212112
0.191129
0.300159
0.242319
0.456374
0.201244
0.151034
0.152672
0.177047
0.106157
0.105331
0.097998
0.170155
0.115303
0.174311
0.208482
0.134423
0.118741
0.150931
0.118148
0.140328
0.161354
0.201858
0.151770
0.235744
0.164222
0.232981
0.220104
0.171100
0.168004
0.169182
0.152256
0.157291
0.242915
0.270612
0.485414
0.256018
0.212827
0.276011
0.277707
0.273009
0.105263
0.166461
0.154800
0.203474
0.157239
0.239326
0.220196
0.261429
0.203631
0.215175
0.137987
0.292190
0.204439
0.149593
0.179043
0.137558
0.149041
0.142253
0.164709
0.133108
0.148782
0.103350
0.172903
0.152145
0.179162
0.203916
0.228420
0.164129
0.200871
0.150586
0.190747
0.176267
0.160802
0.168957
0.194266
0.217911
0.171300
0.202643
0.220544
0.340782
0.270272
0.279968
0.197844
0.144655
0.285903
0.230113
0.218476
0.389385
0.292157
0.115329
0.235895
0.227371
0.287115
0.367048
0.361302
0.320320
0.241403
0.182158
0.183739
0.240670
0.247367
0.202336
0.235507
0.174447
0.265039
0.290626
0.406008
0.341734
0.337641
0.391552
0.292784
0.342570
0.250996
0.081059
0.102023
0.151433
0.214840
0.129325
0.268986
0.184153
0.125819
0.184302
0.129966
0.231296
0.158866
0.119673
0.124490
0.145461
0.219481
0.196728
0.158775
0.157224
0.189231
0.300796
0.179259
0.221829
0.149149
0.150468
0.133229
0.185883
0.122988
0.179702
0.132836
0.246085
0.161692
0.097268
0.169942
0.352003
0.198459
0.213389
0.148168
0.246075
0.191301
0.106593
0.121821
0.203753
0.235775
0.255527
0.130075
0.156740
0.121097
0.131748
0.143836
0.122326
0.124628
0.176702
0.181670
0.202704
0.330840
0.324552
0.212236
0.251000
0.167074
0.166891
0.168007
0.116635
0.095570
0.138377
0.108652
0.149008
0.136607
0.127443
0.094530
0.093661
0.090365
0.126425
0.152110
0.152131
0.151978
0.125983
0.125779
0.186937
0.137194
0.184119
0.215422
0.255466
0.174156
0.202429
0.159315
0.121629
0.120588
0.191585
0.181805
0.259532
0.164458
0.245560
0.172727
0.102483
0.304487
0.177273
0.199080
0.266571
0.337275
0.201209
0.152735
0.163283
0.211169
0.138896
0.120965
0.106641
0.114486
0.134678
0.121442
0.111562
