371	288	44	29
374	289	45	28
376	289	45	29
324	292	59	28
281	286	82	52
270	266	104	75
245	263	128	136
86	292	51	31
92	294	47	29
95	294	47	29
99	294	47	28
104	295	46	29
108	296	47	29
112	296	47	29
116	296	47	29
120	297	47	29
125	297	46	29
129	298	46	29
133	299	47	29
138	299	46	28
141	300	46	29
146	300	46	28
150	300	46	29
153	301	46	29
158	301	46	29
162	302	46	29
166	302	46	28
170	303	46	28
174	304	46	29
178	304	46	29
181	304	46	29
186	304	46	29
190	305	46	29
194	305	46	28
198	305	46	28
202	305	45	29
206	305	46	29
210	305	46	29
211	306	46	28
159	309	61	28
86	309	60	28
26	307	46	28
26	307	46	28
30	307	46	28
33	307	46	28
38	307	46	29
41	308	46	28
45	307	46	29
49	307	46	29
52	308	47	29
56	307	47	29
60	307	47	29
64	307	47	29
68	308	47	29
72	308	46	28
76	308	46	29
79	308	46	28
83	308	46	29
87	308	47	29
92	308	46	29
96	308	47	29
100	308	46	29
103	301	47	32
107	267	47	33
124	234	46	28
127	233	46	29
131	234	46	29
134	234	46	29
139	235	46	29
142	235	46	29
105	238	57	27
34	238	57	27
0	239	24	27
0	240	17	25
0	239	27	26
0	239	27	27
0	239	29	28
0	240	32	28
0	239	36	27
0	240	39	27
0	239	43	28
2	240	44	28
5	240	45	28
9	240	45	28
13	240	45	28
16	240	45	28
21	241	45	28
25	242	45	28
28	241	46	28
32	241	46	28
36	243	46	28
40	242	46	29
43	243	47	29
47	244	46	29
51	244	47	30
55	244	46	29
59	244	46	29
63	245	46	28
67	246	46	28
70	246	46	29
75	247	46	28
78	248	47	29
82	248	46	28
86	249	47	29
90	248	47	30
94	249	46	29
98	249	47	29
102	250	47	29
106	250	46	29
110	251	47	29
114	252	47	29
118	252	46	28
122	252	46	29
126	253	46	28
130	254	46	28
134	254	46	28
137	254	46	28
141	254	46	29
146	255	46	29
149	255	46	29
153	256	46	29
157	255	46	29
161	255	46	29
164	256	47	29
169	256	46	29
173	256	46	29
177	257	46	29
181	257	46	29
185	257	46	29
189	257	46	28
193	258	46	29
197	258	46	29
202	258	45	28
205	259	46	28
210	258	46	29
213	259	46	29
218	245	46	34
221	209	47	34
242	127	46	28
247	128	45	29
251	128	46	29
256	127	45	30
260	128	45	29
264	128	45	29
269	128	45	30
273	129	45	29
277	128	45	29
281	129	45	29
286	128	45	30
290	129	45	29
294	128	45	29
299	129	45	29
303	129	45	29
306	128	45	29
311	128	45	29
315	129	45	29
320	129	45	29
323	128	45	29
327	129	45	29
332	129	44	29
336	129	45	29
341	128	44	29
345	129	45	29
350	129	45	29
354	128	45	28
357	128	45	29
363	129	44	29
366	128	44	29
371	129	45	29
375	129	45	29
379	128	45	29
384	129	45	29
388	128	45	29
392	129	45	29
396	129	44	29
401	128	44	29
405	128	45	29
409	133	44	32
413	166	45	34
431	240	44	27
436	240	44	28
439	239	45	28
444	239	44	28
447	239	44	28
452	239	44	28
456	240	44	28
460	240	44	28
464	239	44	28
469	240	44	29
473	271	44	33
476	305	45	33
490	343	45	28
493	343	44	27
454	345	57	27
384	346	57	27
338	299	101	99
279	344	48	28
284	344	45	27
287	343	45	27
291	344	44	27
296	343	44	27
300	344	44	27
304	344	45	28
308	343	45	28
313	342	44	28
317	342	44	28
321	343	44	28
325	342	44	28
330	342	44	28
334	342	44	28
338	342	45	28
342	341	45	28
347	341	45	28
351	341	45	28
356	340	45	28
360	340	45	28
364	339	45	28
369	339	45	28
374	339	45	27
378	339	45	28
383	338	45	28
387	338	45	28
391	338	45	28
395	337	45	28
399	336	45	29
405	336	45	28
409	337	45	28
414	336	45	28
418	337	44	27
423	335	44	27
426	335	44	27
430	335	44	28
407	337	54	27
338	338	59	26
289	274	99	91
239	334	47	29
243	334	45	27
248	334	44	27
251	334	45	27
255	334	45	27
259	332	45	27
263	332	45	27
267	332	45	27
271	332	44	27
276	332	44	27
280	332	44	27
284	331	44	27
288	331	44	27
292	331	44	27
296	331	44	27
299	331	44	27
304	330	44	27
308	330	44	28
311	330	45	28
315	329	45	27
319	329	45	28
323	329	44	28
325	329	45	27
287	330	57	27
216	330	54	26
148	327	27	28
122	327	46	28
124	326	47	29
128	326	47	29
131	325	47	28
134	325	46	28
137	324	47	28
141	324	47	29
144	323	47	29
148	323	47	29
152	323	46	28
155	322	47	29
159	322	47	29
162	322	46	28
165	321	46	29
169	321	46	28
172	321	46	28
176	320	46	28
179	321	46	28
182	319	46	29
184	284	47	34
199	223	46	28
202	222	46	28
205	222	45	28
209	222	45	28
211	222	45	28
215	222	45	28
218	221	46	28
221	220	46	28
224	220	46	28
227	220	45	28
231	219	45	28
234	219	45	28
236	218	46	28
239	218	46	28
243	216	45	28
246	216	45	28
249	216	45	28
252	215	45	28
255	214	45	28
258	214	45	28
261	214	46	28
264	213	46	28
267	212	46	28
270	212	46	29
274	211	45	29
276	211	46	28
280	211	45	29
283	211	44	28
286	211	45	29
290	210	45	28
293	210	44	29
296	209	44	28
300	209	44	28
303	208	44	28
306	208	45	29
309	207	45	29
313	208	44	29
317	208	44	29
320	207	44	29
323	207	45	29
326	206	45	29
330	206	45	29
334	206	45	29
337	206	45	28
341	205	45	28
345	206	44	28
349	206	44	28
352	205	45	28
356	204	44	28
360	204	45	29
364	204	44	28
367	204	45	28
371	203	45	29
376	203	44	28
379	204	45	28
375	204	47	28
314	205	58	28
246	190	138	81
192	203	48	29
195	202	46	28
199	203	46	28
202	202	46	29
206	202	46	29
211	202	45	29
214	201	45	29
218	201	46	28
223	201	46	28
227	202	45	28
231	202	45	28
234	202	46	28
239	202	45	29
243	201	45	29
245	202	46	28
192	204	59	28
206	160	94	88
25	201	47	30
21	203	46	28
26	203	46	28
29	202	46	28
33	201	46	28
37	202	46	28
40	202	46	28
44	201	46	29
48	200	46	29
52	200	46	28
56	200	46	28
60	201	46	28
64	200	46	28
67	199	46	29
72	200	46	28
76	199	46	29
80	199	46	29
84	199	46	29
88	199	46	29
92	197	46	29
95	198	46	28
100	197	46	29
103	197	47	29
107	197	46	29
111	197	46	29
116	196	46	28
119	196	46	29
123	196	47	29
127	195	46	28
132	195	46	29
135	195	46	29
139	195	46	28
144	195	46	29
148	194	46	28
151	194	46	29
156	195	46	28
160	194	46	29
164	194	46	29
168	193	46	29
172	193	46	29
176	192	46	29
180	193	46	29
184	192	46	29
188	192	46	29
192	192	46	29
197	192	46	29
201	192	45	28
205	191	45	29
209	191	46	29
213	191	45	29
218	191	45	29
222	191	45	29
226	191	45	29
230	191	45	28
234	191	45	28
239	191	45	28
243	191	45	29
248	190	45	29
252	191	45	29
256	190	45	29
260	190	45	29
264	190	45	29
268	191	45	29
272	190	45	29
277	191	46	29
282	191	45	29
286	191	46	29
291	191	45	29
294	191	46	28
300	191	45	28
304	191	45	28
308	190	45	28
312	191	46	29
317	190	45	28
321	191	45	28
326	191	45	28
330	191	45	28
334	191	45	28
339	191	44	28
344	192	45	28
349	191	44	28
352	192	45	28
356	191	45	28
362	191	45	28
366	191	45	28
370	192	45	29
374	192	45	28
379	192	44	29
384	192	45	28
380	192	46	28
318	194	59	27
248	172	142	99
173	194	50	29
178	194	46	28
182	195	46	29
187	194	46	29
190	195	46	29
194	195	45	28
199	196	46	28
203	195	45	29
208	197	45	28
212	196	45	29
216	196	46	29
221	197	45	28
225	197	45	28
230	197	45	28
234	197	45	28
238	198	45	29
243	199	46	28
247	198	46	29
251	199	45	29
255	199	46	29
260	198	46	29
264	199	46	29
268	200	46	29
273	200	45	28
277	199	45	29
281	200	45	28
286	200	45	28
290	200	45	28
295	200	45	29
299	200	45	29
303	200	45	29
308	201	45	29
312	201	45	29
316	201	45	29
320	201	45	29
325	201	44	29
329	202	44	28
334	201	44	29
338	202	44	28
343	202	44	28
348	202	43	28
352	202	43	28
357	203	43	28
361	203	43	28
365	203	43	28
370	203	43	28
371	203	44	28
321	206	55	28
250	206	55	28
260	192	61	56
151	206	45	29
154	205	45	29
158	206	45	28
163	205	44	29
167	207	45	28
171	207	45	28
176	207	45	28
180	208	45	28
185	208	44	29
189	209	45	29
194	208	44	28
199	209	44	28
204	209	44	28
208	209	44	28
213	211	44	28
218	211	44	28
223	212	44	28
227	212	44	28
231	212	44	28
236	213	44	28
241	213	44	28
246	213	44	28
249	213	45	28
254	214	44	28
259	213	44	28
263	214	44	28
268	214	44	28
272	215	44	28
236	217	54	28
165	218	55	28
107	154	163	142
24	215	47	33
28	217	45	28
33	218	44	28
37	218	44	28
40	218	44	28
45	218	45	28
49	218	44	28
53	219	44	28
58	219	44	27
62	219	45	28
67	219	44	28
71	219	44	28
75	219	44	28
79	219	45	28
83	219	45	29
88	219	45	28
92	219	45	29
96	220	45	28
101	220	45	28
106	220	45	28
110	221	45	28
114	221	45	28
118	221	45	29
123	221	45	29
126	221	45	29
131	221	45	28
135	221	45	29
140	222	45	28
145	222	44	28
149	222	44	28
153	222	44	28
157	223	45	28
161	223	45	29
166	223	45	29
170	224	45	29
175	224	44	28
178	224	44	28
183	224	44	28
187	225	45	28
191	225	45	28
196	226	44	28
200	226	44	28
204	226	44	28
208	226	44	28
212	226	44	28
217	226	44	28
222	226	43	28
226	226	44	28
230	227	44	28
234	227	44	28
238	227	44	29
242	227	44	28
246	227	44	28
251	228	44	28
255	228	44	28
260	228	43	28
263	228	43	27
268	229	44	28
272	229	43	27
276	229	43	27
280	229	43	27
284	229	43	27
289	229	43	27
293	230	43	27
297	230	43	28
301	230	43	27
305	231	43	28
310	230	43	27
314	230	43	28
318	231	43	27
322	224	43	31
325	187	45	32
338	154	44	29
342	154	44	28
347	154	44	28
351	154	43	28
355	155	43	28
359	155	43	28
364	155	43	28
367	155	43	28
371	155	44	28
376	155	43	28
380	155	43	28
384	155	43	28
387	155	43	28
391	155	44	28
395	156	43	28
384	157	48	27
317	159	56	28
245	157	35	28
238	157	44	28
240	157	43	27
243	157	44	28
247	158	44	28
251	157	44	28
255	158	44	28
259	158	43	28
263	157	43	28
267	157	43	28
271	158	44	28
275	158	44	28
279	157	44	29
282	158	44	29
286	158	44	29
291	158	44	28
294	157	44	28
298	159	43	28
302	158	44	28
306	158	44	28
310	158	44	28
314	158	44	29
318	158	44	28
322	159	44	29
326	159	44	29
330	158	44	29
334	158	44	29
338	158	43	29
335	160	45	28
273	161	58	28
269	194	87	44
236	174	146	125
111	158	49	32
119	160	45	29
123	160	44	29
127	161	44	28
130	161	44	28
134	161	44	29
137	162	44	28
142	161	44	28
145	163	44	28
150	163	45	29
153	163	45	28
157	164	45	29
161	164	45	29
166	164	44	29
169	164	44	28
173	166	44	28
177	166	45	28
182	166	44	28
185	167	44	28
189	168	44	27
194	167	44	28
198	169	44	28
202	169	44	28
205	169	44	28
209	171	44	28
213	171	44	28
217	171	44	28
221	172	44	28
225	173	44	28
229	174	44	28
233	174	44	28
236	175	44	28
240	175	44	28
244	175	44	28
248	175	44	27
252	176	44	28
257	176	43	27
261	176	43	28
264	177	44	28
268	177	43	28
271	178	44	28
276	178	44	28
280	179	44	28
284	179	43	28
288	179	43	28
292	180	43	28
296	180	44	28
300	180	44	28
304	180	44	28
308	180	44	28
311	180	44	29
315	181	44	28
308	182	47	27
267	195	90	52
147	182	45	28
148	182	45	27
151	182	45	27
154	181	45	28
158	181	45	28
161	181	45	28
165	181	45	28
170	181	44	28
174	182	44	28
178	181	44	28
181	181	44	28
185	181	44	28
190	181	44	28
194	181	44	28
197	181	44	28
201	182	44	27
206	181	44	28
209	182	44	28
214	181	44	28
218	181	43	28
222	181	44	28
226	182	44	28
230	182	44	28
234	182	44	28
238	182	44	27
242	181	44	27
246	182	44	28
250	182	44	28
254	182	44	28
258	182	44	28
262	181	44	28
267	181	44	28
270	181	45	28
275	182	44	28
279	182	44	28
282	182	44	28
287	181	44	27
291	181	43	27
295	181	44	27
300	181	43	27
304	181	43	27
308	181	43	27
312	181	43	27
316	180	43	28
320	180	43	28
324	179	43	28
327	179	44	28
332	180	44	28
336	179	43	28
340	179	43	28
344	179	44	27
349	179	43	28
352	178	44	28
356	177	44	29
361	178	43	28
365	177	43	28
369	177	43	28
373	176	44	28
377	176	43	29
381	176	43	28
386	176	43	28
390	175	43	28
394	175	43	28
398	175	43	28
403	174	42	28
406	174	43	28
410	173	43	28
415	174	43	28
419	174	43	27
423	173	43	28
427	173	43	28
432	172	43	28
436	173	43	28
423	174	48	27
363	127	126	107
249	173	47	28
252	172	43	27
254	171	44	28
257	172	44	28
261	172	43	28
266	172	43	28
269	172	43	28
274	173	43	27
278	172	43	27
282	173	43	27
286	190	44	32
300	257	43	26
303	256	43	27
307	256	43	27
312	257	43	27
317	256	43	27
320	256	43	27
325	258	43	27
330	258	43	27
334	257	43	27
338	258	43	28
343	258	43	28
346	258	44	28
348	258	44	28
292	281	72	55
175	261	46	28
177	260	45	27
180	260	44	28
183	261	44	28
187	261	44	27
191	262	44	28
195	262	44	27
200	263	44	27
204	263	44	27
208	264	44	28
213	263	44	27
218	264	43	27
222	264	44	27
226	266	43	27
230	265	44	27
234	265	44	28
238	266	44	27
243	266	43	27
248	267	43	26
252	268	43	27
256	268	43	27
261	268	43	27
266	269	43	27
270	269	43	27
275	270	43	27
279	270	43	27
283	270	43	27
288	271	43	27
292	271	43	27
296	271	43	27
301	271	43	27
305	272	43	27
309	272	43	27
314	272	43	27
318	272	43	27
322	273	43	27
326	274	44	27
331	273	43	27
335	273	43	28
340	274	43	27
344	274	44	27
348	274	44	27
352	275	44	27
356	274	44	28
361	275	43	28
365	275	44	27
368	276	44	28
374	275	43	27
378	275	42	27
381	275	43	28
386	275	43	28
391	275	43	28
395	275	43	27
398	276	43	27
403	275	43	27
399	277	45	26
323	244	125	109
178	276	46	29
179	276	45	27
182	276	45	28
186	276	44	28
190	276	45	28
194	276	44	28
198	276	44	28
202	276	44	27
206	275	44	28
211	276	44	27
214	275	44	28
218	275	44	28
222	275	44	28
227	275	44	27
231	275	44	27
236	274	43	27
240	275	44	27
244	275	43	27
249	275	43	27
253	275	43	27
257	274	43	27
261	274	43	26
266	274	43	27
270	274	43	26
275	273	43	27
279	272	43	27
284	273	42	27
287	272	43	27
291	271	43	28
295	271	43	27
299	271	43	27
304	270	43	27
308	270	43	27
311	270	44	27
316	268	43	27
293	271	51	26
291	289	73	50
271	275	100	72
257	205	119	140
140	191	233	197
0	249	43	65
0	264	40	26
1	262	43	27
4	261	44	26
9	261	44	26
12	260	44	26
16	259	44	27
20	259	44	27
24	259	45	27
29	257	44	27
33	257	45	27
37	256	44	27
41	256	44	28
45	255	44	27
49	255	45	28
54	254	44	28
58	253	44	27
61	254	45	27
66	253	44	27
70	252	44	27
