363	219	19	15
362	220	21	13
362	220	21	12
363	221	20	12
363	221	20	11
363	220	20	11
362	221	20	12
362	221	20	11
362	220	19	11
362	221	19	11
362	221	18	11
363	222	18	11
363	222	17	10
362	222	18	10
363	222	17	10
362	222	19	10
363	222	17	10
363	222	17	10
362	222	17	11
362	223	19	10
362	222	19	10
362	222	18	10
361	222	20	11
360	222	20	11
360	222	20	11
360	223	21	11
363	224	19	11
363	224	18	11
364	223	16	11
362	223	19	11
363	224	17	11
365	225	16	11
364	225	16	12
364	226	17	11
364	226	16	12
365	226	16	12
364	227	16	12
364	227	16	14
365	228	16	12
365	228	15	11
365	229	16	11
364	229	16	10
365	229	16	10
365	229	17	10
365	230	17	10
365	230	16	10
365	230	16	10
366	229	16	11
366	230	16	11
366	230	16	10
365	231	17	10
365	231	16	10
365	231	17	11
366	231	17	11
365	231	17	11
366	231	16	11
366	232	17	11
365	232	18	12
366	232	17	11
366	233	16	12
365	232	16	12
366	233	17	12
366	234	17	13
367	235	16	12
366	235	17	12
366	234	17	12
366	235	17	13
367	236	16	11
367	236	17	11
366	236	17	11
366	236	17	12
366	237	18	12
366	237	16	11
366	237	16	11
366	237	17	11
366	237	17	11
366	237	17	11
365	237	17	11
366	237	17	11
366	237	17	11
365	238	18	11
366	238	17	11
367	238	18	12
367	239	17	12
366	239	17	11
367	240	17	11
368	240	16	11
367	241	16	12
367	240	15	12
367	241	16	11
366	242	16	12
367	242	15	12
366	241	17	11
366	242	18	12
366	242	17	11
366	243	16	12
367	243	17	11
367	243	16	12
367	242	16	13
367	242	16	12
368	243	17	11
368	243	17	13
368	242	17	12
367	243	18	13
367	244	18	12
369	243	16	12
370	243	16	12
370	244	17	12
371	244	16	13
371	244	17	12
372	245	17	12
373	244	16	12
374	246	17	11
374	245	17	11
375	247	16	11
376	246	15	10
376	247	16	10
377	247	15	10
375	247	17	10
378	246	14	10
377	248	16	10
381	248	15	10
381	247	17	10
382	248	14	10
383	247	16	11
383	247	17	11
384	247	16	11
384	247	17	11
384	246	17	10
385	246	19	11
387	246	17	11
388	246	17	10
390	247	17	10
391	246	17	10
391	246	17	11
392	247	16	10
393	247	17	10
395	247	17	11
394	246	17	10
398	246	16	11
399	247	16	11
400	248	17	11
400	247	16	10
402	247	17	11
402	248	17	11
405	248	15	11
406	248	16	11
406	248	17	11
407	248	17	11
410	248	16	10
409	248	17	11
411	248	18	11
406	248	19	11
401	247	20	11
391	248	20	10
385	249	18	11
384	247	17	12
387	248	18	11
393	248	18	10
397	248	18	11
398	248	17	10
398	247	17	11
399	248	18	11
399	247	17	12
400	248	19	12
401	250	21	12
404	249	18	12
405	249	20	12
410	249	16	11
407	250	20	11
411	250	17	13
413	249	18	14
413	250	18	14
415	249	17	12
415	250	17	14
416	250	17	14
413	250	18	13
406	252	18	13
399	251	17	12
391	252	16	11
383	252	17	12
375	251	17	11
369	252	16	10
367	251	19	14
370	251	20	12
374	251	19	13
376	251	20	14
375	251	19	14
375	250	20	14
375	250	19	13
375	250	17	13
376	250	17	13
375	250	17	13
376	250	17	12
375	251	18	13
376	252	18	12
376	252	18	12
375	252	19	12
370	252	21	12
365	253	18	11
352	253	22	11
345	254	21	11
337	255	20	10
333	254	17	10
335	254	17	11
337	255	19	11
340	255	19	10
341	254	17	10
339	255	18	10
339	255	17	10
339	255	18	10
339	255	17	10
339	255	18	10
339	255	19	11
339	254	19	11
339	253	19	11
340	254	18	10
340	254	18	11
339	253	19	12
338	253	19	12
340	253	18	11
340	253	18	12
340	253	17	12
341	254	16	11
340	255	17	11
340	255	16	11
341	255	16	10
342	255	14	11
341	255	17	12
340	255	18	12
340	256	16	11
338	256	17	12
338	256	18	13
340	256	16	15
341	256	16	14
340	257	15	14
341	256	15	13
342	256	15	11
342	256	15	11
342	256	16	11
342	256	17	12
342	255	17	12
342	255	17	12
344	255	17	11
344	254	17	11
344	255	17	11
345	255	17	11
346	255	16	11
347	255	17	11
348	254	17	11
344	255	21	11
346	255	19	11
347	255	18	11
346	254	20	11
351	255	17	11
351	255	16	11
352	255	16	11
352	255	16	11
352	255	17	11
355	255	17	11
354	254	17	11
358	255	15	11
357	254	16	11
358	254	16	11
359	254	16	11
360	255	16	11
362	254	16	10
363	254	17	11
365	254	17	11
366	253	17	12
367	253	17	11
369	252	16	11
369	252	18	13
370	252	20	12
367	251	17	12
358	252	19	12
349	252	21	12
344	252	17	10
341	251	17	12
342	251	17	11
348	251	18	12
351	252	18	12
351	250	18	12
352	251	16	11
354	251	17	12
356	251	15	12
357	251	15	13
357	252	17	12
360	252	17	12
362	252	16	12
362	252	17	11
357	252	18	10
348	252	18	11
341	251	17	11
335	251	17	11
331	251	17	13
334	251	17	11
341	251	17	11
344	251	16	12
344	249	16	13
347	250	17	11
349	249	16	12
350	248	17	13
351	249	20	11
353	249	22	11
355	248	19	12
353	250	17	10
343	249	17	10
337	250	17	10
330	250	17	11
321	250	19	10
314	250	20	11
317	249	18	11
322	250	19	11
327	250	17	13
329	250	17	12
329	250	17	13
331	250	17	11
334	251	17	12
335	251	17	12
333	250	17	11
322	250	18	10
317	250	18	12
310	250	18	10
303	250	18	10
297	250	18	10
298	249	21	11
306	249	18	11
312	248	17	11
313	248	17	11
316	247	15	13
317	247	15	11
319	247	17	11
321	248	17	12
323	249	15	10
326	248	15	10
326	248	15	11
321	248	15	10
313	247	14	10
308	248	13	10
302	248	12	10
292	248	15	10
285	247	15	10
278	248	17	11
272	247	17	10
265	247	15	10
263	246	16	11
268	247	18	11
276	246	15	11
278	245	17	11
279	245	17	11
277	246	18	11
280	245	17	11
284	244	16	11
288	243	16	12
289	243	16	11
289	242	18	13
290	241	16	12
295	241	16	11
296	241	16	11
299	235	27	17
299	237	39	17
301	235	78	20
303	233	77	22
303	230	77	26
303	226	79	29
302	223	80	34
303	222	80	35
298	225	83	32
291	234	80	24
279	237	81	20
272	238	79	19
263	237	78	20
254	237	79	20
253	238	79	18
257	238	78	19
261	237	79	19
262	238	78	19
260	238	77	19
260	238	77	18
261	238	76	19
261	237	77	20
261	237	77	19
262	236	78	20
260	224	79	33
261	220	80	37
259	219	80	36
248	234	80	22
238	236	79	19
231	235	79	20
221	235	80	21
214	236	78	20
204	234	80	21
196	234	80	22
187	235	80	21
181	234	81	23
180	233	84	23
183	226	86	31
186	231	86	27
185	231	89	27
184	219	91	39
185	215	92	42
184	215	95	43
183	210	85	47
184	214	93	44
185	211	82	47
184	218	97	39
187	211	88	44
185	213	84	44
184	213	87	43
184	218	85	38
183	211	94	45
269	223	39	20
285	225	19	14
288	226	16	12
290	226	17	12
293	224	16	12
294	224	16	11
297	225	16	10
299	224	16	10
301	223	15	11
303	223	17	12
303	223	17	12
304	223	18	12
308	222	17	11
311	223	16	10
312	222	18	11
314	223	16	11
317	223	15	10
317	222	17	11
317	222	19	11
319	222	18	11
323	222	16	10
326	221	17	10
327	221	17	11
330	220	16	12
329	220	17	13
334	219	15	12
335	219	16	12
337	218	15	11
339	218	15	12
340	217	16	10
343	217	15	10
346	217	15	12
345	215	18	13
347	216	18	11
351	215	16	13
352	216	16	11
354	216	16	12
357	217	16	12
358	215	19	13
360	216	18	12
362	215	18	12
365	215	16	12
366	215	17	13
368	216	17	13
369	216	17	12
369	215	18	14
369	215	20	13
374	215	17	11
379	215	13	10
380	215	14	10
382	214	15	10
385	214	15	10
383	214	16	10
375	213	19	11
367	214	18	12
360	213	18	11
354	213	17	11
347	212	16	12
341	212	15	11
332	212	16	12
326	212	15	11
319	212	17	11
314	212	16	11
316	212	17	11
323	212	16	11
324	211	15	11
326	212	15	11
328	213	16	11
331	211	15	11
333	212	14	11
334	213	14	11
336	212	15	11
339	212	14	11
339	212	15	11
341	212	16	11
343	212	16	12
346	211	15	12
348	211	15	12
350	211	15	12
350	210	17	11
352	210	16	11
354	210	16	11
357	209	17	11
359	209	16	11
361	209	16	10
364	208	15	11
364	208	16	10
366	207	18	12
368	207	16	14
369	207	15	10
371	207	16	10
372	207	17	11
373	207	17	11
374	207	17	10
376	207	15	10
377	206	18	10
377	206	18	11
379	207	16	11
381	207	17	12
381	207	18	12
383	208	17	13
384	208	15	11
383	208	16	11
385	208	15	11
384	207	16	12
385	207	15	13
384	208	18	11
386	207	16	11
386	206	16	11
386	206	16	12
387	207	16	11
386	206	16	11
386	207	16	10
387	207	17	11
387	206	15	10
387	207	16	10
387	206	16	10
387	206	16	10
386	206	17	11
386	206	17	11
387	206	17	11
386	206	17	11
387	206	17	11
387	206	16	11
386	206	16	10
385	206	16	11
385	206	16	11
385	207	16	11
385	206	16	13
383	207	16	13
383	206	16	14
382	207	17	15
382	207	16	15
383	207	15	14
382	207	16	13
381	207	15	12
380	207	15	13
380	207	16	13
379	206	15	13
376	206	17	13
377	207	16	13
376	206	16	12
376	207	17	12
377	207	16	12
384	207	17	10
391	207	17	12
390	207	16	12
384	207	17	11
380	206	17	11
380	207	18	12
382	207	17	12
381	208	17	12
378	209	15	12
377	208	16	12
375	210	17	13
374	209	17	13
373	211	16	14
371	210	17	13
370	211	17	12
370	212	17	12
368	212	16	12
366	213	16	12
367	213	15	12
364	213	17	11
362	214	17	11
361	214	17	11
359	214	17	10
359	214	17	11
359	213	16	11
358	214	16	11
356	215	16	10
354	215	18	10
353	214	17	10
351	214	17	11
352	215	16	11
350	215	16	12
350	215	16	12
354	216	16	11
359	216	17	11
366	217	18	11
373	217	19	10
376	218	19	11
383	218	17	11
388	219	19	13
395	219	17	12
399	219	17	12
398	219	17	12
394	219	18	12
390	220	17	13
387	220	17	11
386	220	18	12
385	220	17	12
384	220	16	12
382	219	18	12
381	220	17	11
379	219	17	12
377	219	17	12
376	219	17	12
375	218	16	12
373	218	17	12
371	219	17	11
370	218	16	11
370	218	17	12
376	219	17	11
380	218	18	10
387	219	17	11
394	218	17	11
401	218	17	11
409	218	16	10
415	219	16	10
423	218	16	10
430	219	16	10
438	219	16	11
441	219	16	10
440	218	16	11
433	218	17	11
431	219	15	10
430	219	15	11
428	218	17	11
427	219	15	11
424	217	16	12
423	218	15	11
421	218	16	11
420	218	16	10
418	216	16	12
416	216	16	11
417	216	17	11
424	216	18	10
433	217	17	10
437	216	18	10
445	215	18	10
455	216	16	10
462	215	18	10
469	216	17	10
475	215	17	10
483	215	17	10
490	216	16	10
495	215	17	10
495	214	16	11
491	216	16	10
483	215	19	10
481	215	18	12
481	215	17	10
481	216	16	11
479	215	16	10
478	215	14	11
476	216	16	11
474	215	16	12
471	215	16	11
470	216	16	10
468	215	16	10
466	215	16	10
464	215	15	10
464	215	15	10
461	215	16	10
459	214	16	10
458	214	16	10
456	214	17	10
454	214	16	10
453	214	16	10
452	214	16	10
458	214	17	10
467	214	17	10
473	215	17	10
480	214	17	10
487	215	18	10
494	215	17	10
502	215	18	10
509	215	14	10
507	216	17	10
500	215	16	10
495	216	17	10
491	216	16	11
491	216	15	11
491	216	15	11
489	216	15	10
487	217	16	11
484	216	17	11
482	217	17	11
481	217	16	11
480	218	16	11
478	217	16	11
476	217	16	11
474	216	16	11
473	216	15	11
470	217	17	11
468	217	17	11
467	217	15	11
464	217	16	10
462	217	16	11
461	218	16	10
458	217	18	12
458	217	16	12
456	219	16	11
454	218	17	13
452	219	18	13
451	219	18	13
449	221	16	11
446	221	16	10
445	221	16	10
443	220	17	11
441	221	16	11
440	221	17	11
437	220	18	11
435	221	17	11
434	222	16	10
432	221	18	11
429	221	18	11
427	221	18	11
425	220	17	11
425	220	17	13
423	219	17	12
422	219	16	11
420	220	16	11
418	220	17	11
416	220	17	11
415	220	16	11
414	219	15	11
411	220	16	11
409	219	16	12
407	219	17	10
406	220	16	11
404	220	16	10
401	219	17	11
400	220	17	11
399	219	17	11
396	221	18	12
394	221	18	10
393	222	16	10
392	221	17	11
394	221	17	11
402	221	18	11
410	221	19	11
416	221	19	10
423	221	18	11
430	221	18	11
438	220	17	10
439	221	17	12
434	221	18	11
428	222	17	10
424	221	17	10
423	222	17	10
424	221	17	11
423	221	17	12
420	222	17	10
417	221	17	10
416	223	16	10
414	222	16	10
412	223	17	10
409	223	17	10
409	223	16	11
406	223	17	11
404	223	17	11
403	223	17	11
401	223	17	12
400	223	16	11
398	224	18	12
396	223	16	11
394	224	16	10
393	224	15	10
391	224	16	10
392	224	16	10
400	224	17	11
407	223	17	10
415	223	17	10
422	223	16	10
428	223	17	10
427	224	18	11
422	223	16	10
417	223	18	10
415	223	17	10
414	223	16	10
413	224	17	10
410	223	16	10
409	223	15	10
407	223	15	10
404	224	16	11
402	224	17	12
401	225	16	10
399	225	15	11
397	225	17	11
396	224	16	10
394	225	16	11
392	225	15	11
390	225	16	10
388	225	16	10
387	225	15	10
384	225	16	10
383	225	16	11
382	225	15	10
379	224	17	10
378	224	15	11
378	224	17	10
386	224	18	10
396	223	17	10
402	223	17	11
408	224	17	10
415	224	18	10
425	224	17	10
432	224	17	10
438	223	15	10
433	223	17	11
428	224	17	10
423	224	17	10
423	225	16	10
423	224	17	11
422	224	17	11
421	224	15	12
415	225	20	12
416	224	17	11
415	225	17	10
413	225	16	11
412	225	16	13
408	225	18	14
407	225	17	12
405	225	17	12
404	226	16	11
402	225	17	11
400	225	17	12
399	226	16	11
396	225	16	11
395	225	16	12
393	225	16	11
391	225	17	11
389	226	16	10
387	225	16	10
385	225	18	11
384	225	17	11
383	225	16	12
380	226	18	12
378	226	18	11
377	227	17	12
374	227	17	11
374	227	17	13
381	228	17	11
390	228	16	12
396	228	18	12
405	229	17	11
410	229	17	12
418	229	19	12
423	229	18	11
425	229	16	10
418	229	17	10
414	230	16	11
413	228	18	11
411	228	19	11
408	228	21	12
408	228	19	12
406	227	19	12
403	228	18	11
403	228	17	12
402	228	17	11
400	227	17	13
398	227	17	13
397	228	16	12
393	229	18	11
392	229	18	12
390	228	18	13
388	230	19	11
387	229	20	12
385	230	16	11
384	230	17	10
383	230	16	11
382	231	14	11
379	231	14	11
377	230	15	11
375	231	17	11
375	230	17	11
375	231	17	11
373	231	16	11
371	231	17	11
370	230	17	12
365	230	21	13
366	229	20	12
364	229	22	12
364	229	21	12
363	229	20	12
363	229	20	12
365	230	18	12
363	228	22	12
363	229	20	13
361	228	21	12
362	228	22	12
362	228	20	12
363	228	19	12
363	229	17	12
362	228	18	12
362	229	18	13
362	229	18	13
362	229	18	12
363	228	18	12
363	229	18	12
362	229	18	12
362	229	18	12
362	230	18	11
363	229	17	11
363	230	16	11
363	230	17	11
363	230	17	11
364	231	16	11
363	229	18	11
366	230	16	11
367	230	16	10
365	230	16	11
366	230	17	11
367	231	17	11
368	230	16	11
368	230	16	11
368	230	16	11
369	229	16	11
370	230	15	11
369	230	16	10
370	230	15	10
371	231	15	10
373	232	14	10
374	232	16	11
374	233	16	11
374	232	17	11
375	234	17	11
377	234	16	12
376	234	16	12
378	236	15	11
379	235	16	12
381	235	16	12
381	236	18	13
383	238	17	11
383	237	16	11
383	238	17	11
384	238	16	10
387	238	14	10
388	237	15	10
390	238	17	11
390	238	16	10
392	238	16	10
394	239	14	10
394	238	15	11
396	238	15	10
397	239	16	11
399	238	15	10
401	239	15	10
402	239	14	10
403	239	14	10
405	238	13	10
405	239	14	11
407	240	14	10
407	240	14	10
410	240	14	11
411	239	15	12
413	240	15	11
414	235	16	17
415	236	16	17
416	239	16	14
419	243	13	11
421	242	13	11
422	242	13	11
419	243	13	12
411	242	14	12
404	242	13	11
396	244	13	13
391	243	16	13
388	244	15	11
386	243	15	13
388	243	14	13
391	243	14	12
393	242	15	12
394	242	15	13
396	243	14	12
399	243	14	12
399	244	16	12
403	244	15	11
404	244	16	12
406	244	15	11
408	244	16	11
411	244	14	11
412	245	15	11
413	246	17	11
415	246	16	10
416	245	16	10
419	246	13	10
422	246	16	11
423	246	16	11
423	246	16	10
422	246	16	11
415	246	15	10
409	247	14	10
400	247	16	10
394	247	14	10
389	248	12	10
382	248	14	10
374	247	16	10
368	248	15	10
362	247	15	10
358	248	15	11
360	248	16	11
367	247	15	11
370	248	15	11
372	247	13	11
372	248	13	12
374	248	15	12
376	249	16	11
377	250	15	10
380	251	16	10
382	250	17	11
383	248	19	13
386	249	16	12
387	248	16	12
389	249	16	12
389	249	18	14
389	249	13	12
380	251	13	12
374	252	15	11
366	250	16	12
358	251	17	11
352	250	16	12
345	251	15	10
338	250	14	11
331	250	14	11
324	251	14	11
318	249	11	10
317	248	13	13
320	249	15	11
327	249	16	10
328	250	15	10
329	250	15	11
331	249	14	13
334	249	14	12
337	248	14	12
339	250	13	11
341	249	13	10
343	249	14	11
345	248	15	12
349	250	13	13
350	249	15	11
352	250	16	11
354	250	16	11
356	250	15	12
358	250	16	11
359	248	17	12
362	249	15	12
364	249	14	12
366	248	16	12
367	248	16	11
371	248	14	10
373	248	13	10
375	248	15	10
376	247	15	12
379	248	15	10
380	247	14	10
382	248	14	10
384	248	16	10
386	247	16	10
388	246	13	10
389	248	14	10
383	248	15	10
374	247	17	10
367	247	16	10
362	246	15	10
354	247	15	10
347	247	16	10
341	247	13	12
334	248	14	10
326	247	15	10
318	248	16	10
310	248	16	10
304	247	16	10
299	246	16	11
301	247	17	11
307	247	18	11
315	247	16	11
316	246	14	11
317	246	13	10
318	246	16	10
320	246	18	10
322	246	16	10
325	246	16	10
326	246	17	11
329	245	16	11
328	246	20	11
327	245	21	12
330	246	20	11
332	246	21	10
337	246	15	10
340	246	16	10
342	246	16	10
344	246	15	10
347	246	15	11
348	246	15	10
351	246	14	10
352	246	15	10
353	246	16	11
356	247	16	11
357	246	17	12
359	246	17	11
359	246	19	12
365	246	16	13
366	246	17	12
367	246	17	12
367	246	21	13
370	246	18	12
372	246	18	12
374	245	17	11
375	246	18	11
379	246	16	11
381	245	16	11
383	246	16	10
384	245	16	10
388	245	13	11
389	245	15	11
391	246	16	10
391	245	16	11
394	245	16	11
396	245	15	10
398	244	15	12
400	245	16	11
402	245	15	11
405	245	15	10
406	245	14	10
407	246	17	11
409	245	17	11
412	244	15	12
413	245	16	12
414	245	17	11
416	244	17	12
419	244	15	13
420	244	20	14
422	243	18	13
423	243	17	11
425	242	24	13
429	240	21	15
430	238	34	18
432	240	22	14
435	235	52	21
437	235	81	21
507	253	70	10
507	254	58	10
508	254	62	10
509	254	63	10
505	254	53	10
507	254	65	10
508	254	56	10
506	254	90	10
504	253	101	10
506	253	102	10
505	253	102	10
506	254	96	10
503	253	102	10
503	254	103	10
501	253	101	10
506	253	80	10
510	254	50	10
510	254	50	10
509	254	50	10
509	254	49	10
508	254	48	10
508	254	53	10
510	254	38	10
509	254	33	10
509	254	52	10
510	254	44	10
508	254	39	10
510	254	63	10
511	254	59	10
507	254	64	10
509	254	49	10
506	254	67	10
509	254	49	10
510	255	49	10
507	254	42	10
511	254	61	10
510	254	49	10
509	254	44	10
508	254	41	10
511	254	60	10
511	254	41	10
508	253	42	10
507	254	74	10
502	253	104	10
501	254	107	10
500	253	106	10
502	252	105	10
506	254	97	10
504	253	102	10
507	252	98	10
505	254	101	10
505	253	100	10
507	254	98	10
510	253	90	10
508	254	98	10
508	253	94	10
508	254	94	10
508	253	90	10
506	254	96	10
505	253	97	10
507	254	90	10
508	253	97	10
506	253	99	10
503	253	103	10
503	254	103	10
506	253	98	10
503	253	107	10
510	253	64	10
509	254	53	10
500	252	27	13
489	237	62	29
511	253	93	10
506	254	99	10
504	253	102	10
507	254	96	10
507	254	96	10
508	254	98	10
510	254	84	10
503	254	104	10
505	253	98	10
505	253	100	10
505	253	100	10
509	253	50	10
508	254	58	10
512	254	48	10
509	254	50	10
508	254	52	10
507	254	47	10
509	254	50	10
510	253	56	10
511	254	55	10
534	254	26	10
543	255	13	10
542	254	13	10
542	254	14	10
545	255	17	10
542	254	19	10
538	255	25	10
540	254	24	10
538	254	18	10
538	255	16	10
538	254	16	10
539	254	13	10
539	255	12	10
539	255	17	10
540	255	17	10
539	254	17	10
538	255	18	10
539	255	23	10
540	254	17	10
537	255	19	10
538	254	18	10
537	254	18	10
536	254	20	10
516	254	43	10
511	254	54	10
510	254	58	10
508	254	44	10
517	254	52	10
509	254	51	10
509	254	45	10
508	255	47	10
509	254	44	10
508	254	42	10
508	254	50	10
511	254	57	10
507	254	59	10
508	254	57	10
509	255	54	10
510	254	54	10
509	254	53	10
508	254	57	10
509	254	56	10
509	254	77	10
504	253	99	10
500	253	105	10
508	253	55	10
508	254	39	10
518	254	35	10
522	254	29	10
508	254	61	10
509	254	46	10
509	254	44	10
507	255	38	10
509	254	35	10
541	254	15	10
537	255	17	10
533	254	15	10
532	255	16	10
530	254	28	10
539	255	14	10
516	255	46	10
512	254	49	10
510	255	48	10
509	254	48	10
510	254	45	10
510	254	47	10
510	255	47	10
511	254	44	10
510	254	48	10
511	254	45	10
510	254	37	10
510	255	36	10
510	254	35	10
511	255	35	10
509	254	37	10
514	255	56	10
512	254	48	10
509	254	52	10
514	254	47	10
509	254	49	10
509	254	50	10
509	254	50	10
509	253	52	10
509	255	48	10
509	253	49	10
509	254	48	10
507	254	50	10
509	254	54	10
510	254	54	10
509	254	77	10
506	253	93	10
501	253	106	10
498	252	106	10
502	253	101	10
505	254	81	10
507	253	98	10
503	254	103	10
502	253	102	10
505	253	92	10
504	253	101	10
502	253	101	10
508	253	52	10
509	254	51	10
510	254	49	10
510	254	48	10
509	254	46	10
507	254	50	10
509	254	68	10
503	254	100	10
501	253	101	10
501	254	98	10
501	253	101	10
499	253	107	10
507	253	61	10
508	254	39	10
508	254	42	10
508	255	53	10
509	254	57	10
508	254	57	10
510	254	40	10
515	255	38	10
507	254	48	10
508	254	43	10
510	254	48	10
508	254	56	10
509	255	60	10
510	254	56	10
509	254	57	10
513	254	43	10
509	254	36	10
509	254	40	10
512	254	48	10
511	253	59	10
539	255	36	10
513	254	62	10
482	241	37	16
441	239	79	18
435	239	77	18
436	238	78	19
438	238	76	20
436	238	79	19
438	240	75	19
438	239	78	18
438	241	85	18
442	240	85	20
444	239	74	20
442	239	76	20
443	240	78	19
444	240	75	21
444	239	76	19
445	240	76	19
446	238	74	19
446	238	75	21
445	240	78	19
448	242	89	19
494	252	69	10
507	254	57	10
508	254	55	10
508	254	59	10
510	254	59	10
508	254	57	10
514	254	55	10
527	254	36	10
513	254	49	10
505	253	90	10
510	254	53	10
506	253	84	10
506	253	98	10
505	253	97	10
504	253	99	10
503	253	101	10
511	252	76	10
505	252	95	10
505	253	101	10
505	252	103	10
503	250	104	13
515	243	91	20
507	252	97	10
505	252	99	10
508	253	36	10
508	254	21	10
508	254	23	10
510	254	47	10
507	252	37	10
508	254	61	10
537	254	25	10
544	255	15	10
544	254	13	10
543	255	14	10
543	254	16	10
538	254	17	10
537	255	19	10
537	254	19	10
534	255	20	10
536	255	14	10
526	254	26	10
509	254	41	10
510	254	41	10
507	254	41	10
508	254	40	10
508	254	38	10
507	254	40	10
506	254	42	10
504	254	30	10
505	254	42	10
507	254	69	10
503	253	102	10
506	254	78	10
504	254	87	10
506	253	102	10
505	253	101	10
504	253	103	10
502	253	106	10
506	253	102	10
505	253	100	10
503	253	104	10
501	253	106	10
501	254	106	10
502	253	102	10
500	253	104	10
507	254	66	10
509	254	58	10
511	254	55	10
509	255	57	10
510	254	54	10
508	255	56	10
510	254	53	10
508	254	58	10
509	254	55	10
510	254	49	10
510	254	49	10
510	254	50	10
512	254	47	10
506	254	54	10
507	254	52	10
507	255	52	10
509	254	49	10
507	255	54	10
511	254	49	10
527	255	33	10
523	254	36	10
526	254	32	10
531	255	26	10
531	255	27	10
510	254	49	10
524	255	35	10
509	253	48	10
508	254	50	10
508	254	49	10
507	254	50	10
508	254	67	10
504	254	100	10
492	251	119	11
500	253	90	10
504	254	101	10
