490.000,196.000,555.000,225.000
481.304,196.558,543.212,225.172
472.191,196.859,533.932,225.256
461.685,197.137,522.027,225.034
449.403,195.743,513.555,224.787
443.668,194.322,506.572,224.452
449.525,194.052,512.188,223.559
460.171,191.979,524.658,223.211
473.284,193.792,532.886,221.687
481.078,192.345,541.008,221.568
492.905,192.779,552.859,220.675
502.105,191.819,564.589,220.738
511.475,193.473,573.799,220.642
522.078,190.937,584.668,220.998
522.937,190.972,586.364,221.011
510.276,193.682,571.210,220.791
498.558,193.931,559.839,221.056
485.882,192.881,547.806,221.474
476.585,194.118,539.310,221.880
465.757,193.900,528.110,221.912
454.695,192.675,519.244,222.375
443.744,190.677,508.549,223.305
433.305,192.222,499.518,222.775
423.631,192.283,487.490,223.209
412.883,192.854,479.301,222.353
402.137,193.031,468.412,222.526
391.844,190.959,457.254,222.941
379.576,192.768,447.055,223.061
368.096,192.634,433.689,223.263
360.173,192.643,424.237,221.881
355.337,190.950,422.524,222.956
361.486,192.577,431.310,223.003
376.737,193.412,441.345,222.157
383.162,191.989,450.738,223.819
394.320,191.689,460.140,223.480
404.774,192.819,471.885,222.897
413.738,192.579,479.564,223.289
424.352,192.645,488.296,223.130
433.481,192.101,496.941,223.164
441.807,192.359,506.960,223.116
437.549,191.475,503.169,223.447
424.823,192.885,490.090,222.885
413.543,192.865,479.846,222.430
401.603,193.192,469.254,222.690
390.429,192.459,456.887,222.265
379.294,193.276,444.297,222.561
367.974,192.842,434.292,222.793
355.871,191.966,424.172,223.164
345.693,192.184,413.801,222.927
333.451,191.781,401.100,222.940
322.050,192.281,389.799,222.500
311.664,192.759,378.999,222.517
311.365,192.350,378.069,222.326
322.868,191.009,386.931,222.400
331.811,192.590,398.435,221.845
342.000,189.723,406.942,221.893
349.822,190.063,416.229,219.871
357.257,191.091,422.254,220.369
368.599,191.694,433.311,220.372
378.498,190.530,442.720,219.206
388.131,188.665,453.165,219.850
397.137,189.522,462.438,219.325
407.357,188.847,472.070,219.271
416.273,188.627,481.002,218.765
423.015,189.792,487.524,218.659
424.379,189.117,489.464,218.552
410.622,187.977,477.023,218.070
397.522,188.180,463.122,217.341
385.674,187.662,451.289,217.864
374.978,188.475,439.351,217.513
362.445,186.645,431.402,216.956
351.795,187.837,419.763,217.453
340.815,187.370,407.425,217.446
344.605,186.413,414.769,217.222
354.397,186.491,420.655,216.164
364.978,186.636,429.141,216.818
376.909,186.519,442.413,216.161
382.980,186.580,448.237,215.846
393.113,186.722,459.252,215.531
401.961,186.926,467.400,215.663
410.931,186.369,477.127,215.452
423.091,184.315,487.906,215.189
429.685,185.315,493.089,215.193
441.042,185.031,505.724,215.277
450.962,184.755,512.542,214.882
459.199,184.857,522.857,214.698
467.967,185.073,530.529,214.799
476.864,184.694,538.795,214.072
472.252,183.959,533.634,213.975
457.351,184.747,521.357,213.535
444.676,183.977,509.205,214.011
433.932,184.427,497.105,218.204
422.658,195.708,484.569,228.450
410.966,207.384,472.474,239.194
399.514,216.904,459.856,248.820
387.872,226.956,448.949,257.734
374.908,237.797,436.831,268.411
364.024,248.155,422.511,278.655
350.088,255.893,411.181,285.355
335.484,255.085,400.588,284.294
325.781,254.128,389.859,283.284
314.262,253.824,376.962,285.399
303.020,261.295,363.205,295.685
289.823,272.156,351.189,304.038
274.241,279.557,336.383,308.320
262.524,276.298,326.528,307.339
248.982,276.638,313.354,305.313
234.972,275.899,302.543,304.681
223.139,275.865,287.041,304.112
208.679,275.176,273.200,304.520
195.273,274.797,259.501,304.506
179.806,275.443,245.033,304.986
167.504,275.574,233.717,304.557
153.172,274.554,219.142,304.629
138.480,274.880,205.304,304.728
125.127,275.066,187.981,305.104
110.823,274.384,176.227,304.779
97.434,274.777,162.079,304.661
81.722,275.595,144.826,305.533
73.231,275.699,138.679,305.013
77.289,276.208,139.468,304.827
84.780,275.726,145.192,304.313
90.221,276.314,151.640,305.331
96.047,276.501,158.245,305.114
101.572,275.764,164.790,305.348
107.690,276.581,169.300,305.893
113.451,276.511,175.698,306.331
117.983,276.709,181.057,306.094
123.851,277.307,184.541,306.736
127.487,278.311,189.936,307.461
132.059,278.884,193.754,307.303
139.951,278.267,201.233,308.027
143.833,280.043,206.783,308.439
149.215,280.254,211.867,309.018
154.701,279.899,217.422,309.290
159.770,278.995,221.422,310.315
165.094,279.244,227.397,310.509
168.692,280.596,231.920,310.842
175.932,281.630,239.250,311.290
179.803,282.311,244.546,311.954
185.147,284.411,248.801,312.823
189.913,283.503,254.119,312.440
196.252,285.522,258.812,313.512
200.658,283.357,264.380,315.391
204.462,286.063,268.335,314.487
210.749,284.258,272.719,315.627
214.274,285.626,277.985,316.393
219.780,287.292,283.153,316.510
225.450,287.423,287.401,316.803
229.841,287.719,293.206,316.856
235.019,287.852,297.263,317.996
238.762,290.084,302.012,318.770
244.807,288.527,307.342,318.336
246.066,290.627,310.180,319.394
230.454,291.549,296.097,319.544
211.462,291.391,279.139,319.721
194.509,290.166,263.337,320.009
178.246,291.894,243.888,320.719
168.904,294.183,232.870,321.931
169.364,294.556,233.309,322.510
175.280,295.155,239.501,323.520
181.129,296.048,243.657,324.797
184.423,295.117,248.480,325.296
189.681,295.401,254.083,325.287
195.802,297.364,259.073,326.168
201.674,297.512,262.617,327.715
206.185,299.679,269.691,327.526
210.941,298.939,272.988,327.507
214.516,299.815,278.785,329.524
219.958,300.560,283.489,330.591
224.755,301.062,287.619,330.663
230.167,302.260,293.596,330.921
236.075,303.406,298.588,331.805
240.873,303.670,304.043,331.486
244.814,305.622,306.606,332.805
236.755,306.752,300.567,332.622
218.356,307.089,283.216,333.244
202.179,306.825,267.027,333.626
189.849,306.863,253.397,334.190
170.942,308.139,234.683,335.394
158.837,308.158,219.435,335.402
154.754,309.033,214.006,336.158
161.151,312.162,219.245,337.403
167.627,312.113,225.492,338.094
174.037,311.018,231.505,337.898
179.118,314.306,236.933,338.217
183.988,313.698,243.130,339.551
190.110,313.918,247.664,339.802
195.805,315.858,250.686,340.419
200.664,314.622,256.861,340.820
206.425,316.185,263.324,341.491
211.233,317.565,266.924,342.326
217.233,318.613,272.404,342.531
223.553,319.801,277.629,343.614
228.416,320.967,283.337,344.534
235.066,322.474,288.768,344.687
240.420,323.488,294.312,345.627
245.611,324.236,299.916,345.800
251.534,324.120,304.899,346.077
257.477,324.300,311.684,346.843
263.630,325.142,316.999,347.941
264.837,324.265,322.291,349.062
276.155,325.589,326.878,349.497
289.252,325.144,334.198,350.680
285.794,328.447,340.056,354.014
305.803,328.800,343.425,350.661
129.590,55.669,219.851,82.458
193.708,60.409,217.074,79.725
129.797,55.806,219.935,82.489
129.590,55.744,220.272,82.437
129.862,55.667,220.359,82.519
129.799,55.781,219.910,82.451
441.092,346.938,467.733,369.877
193.563,60.404,216.834,79.693
129.645,55.262,219.647,82.387
129.795,55.570,219.888,82.444
132.932,54.958,221.692,82.392
7.565,241.316,276.907,490.488
20.813,236.802,307.432,485.531
6.997,173.560,300.924,485.143
19.540,215.931,329.019,479.941
19.711,217.339,326.612,481.995
23.194,212.083,330.489,485.945
19.577,214.314,326.228,484.935
192.862,60.075,217.895,80.493
320.269,351.878,364.334,370.545
305.644,349.313,357.713,374.019
289.595,349.690,344.028,375.477
276.924,353.206,331.595,376.507
273.488,351.933,329.299,377.551
280.199,353.906,338.818,377.147
287.570,354.520,341.775,378.451
294.473,356.044,349.451,379.577
301.663,354.662,358.645,380.303
311.342,354.860,368.619,381.212
321.489,357.835,377.661,381.835
332.106,358.833,388.779,381.808
345.011,358.511,399.640,382.678
346.338,360.336,400.039,382.475
336.072,360.465,390.737,382.943
330.658,361.822,384.156,383.553
324.971,362.266,378.682,383.645
319.988,361.882,373.407,384.498
314.787,362.172,369.283,384.942
312.418,362.171,367.219,385.514
309.983,360.173,364.457,384.737
307.894,362.483,361.459,385.476
304.497,362.336,359.092,385.820
303.015,362.866,356.935,386.211
302.760,362.832,357.372,386.266
313.373,363.762,371.027,385.010
335.105,362.107,392.259,384.111
356.482,362.151,412.541,383.958
374.184,363.538,432.143,384.538
393.589,364.270,451.648,384.551
413.677,364.341,471.691,384.772
426.321,362.664,479.203,385.546
423.727,362.355,476.926,385.775
421.560,363.696,474.767,386.829
421.343,363.868,474.539,386.590
420.714,361.578,473.558,385.620
420.078,353.258,473.777,377.515
419.807,343.270,474.314,367.338
420.080,331.173,473.692,356.314
420.951,323.934,472.769,348.208
419.264,323.453,472.885,348.738
419.907,326.994,473.887,350.007
419.538,324.922,472.708,350.372
420.056,327.449,472.808,350.843
420.186,327.226,472.750,350.740
419.840,324.797,472.534,350.080
420.384,326.975,472.494,350.402
419.825,324.332,472.578,350.016
419.074,324.599,472.853,349.895
418.603,324.438,472.973,349.515
418.561,324.209,473.187,349.665
420.073,323.260,471.785,349.959
419.100,323.613,471.968,349.248
418.322,322.712,472.237,348.767
418.620,323.022,471.488,348.087
418.309,323.665,472.364,347.498
419.878,322.229,470.795,346.486
418.363,323.157,471.923,346.927
419.035,321.652,471.239,346.224
418.955,321.490,470.656,346.075
418.577,321.217,470.714,345.592
418.378,320.862,470.557,345.489
418.178,320.312,470.339,344.913
418.888,320.481,470.259,344.541
418.265,320.456,469.910,344.559
417.380,319.868,469.533,343.905
416.845,319.148,470.169,343.460
416.908,319.060,469.499,343.112
415.730,317.706,469.549,342.882
415.266,318.058,469.829,342.475
415.217,318.349,469.447,342.014
415.481,317.990,468.915,341.501
414.966,315.437,467.087,341.481
414.708,315.399,466.820,341.124
414.837,316.693,467.554,340.156
414.784,314.660,466.708,339.970
414.225,316.343,466.729,339.223
414.028,313.952,467.165,338.235
413.158,319.923,465.381,345.304
412.712,329.253,464.972,355.296
412.488,339.092,464.986,364.840
410.628,343.940,465.028,369.113
410.410,341.682,464.863,367.349
409.414,340.550,465.359,365.894
409.458,342.188,464.276,365.401
409.416,339.752,462.547,364.123
409.418,339.299,461.674,364.012
408.548,338.714,462.969,362.917
407.108,338.167,462.043,362.406
408.143,336.570,460.936,361.248
407.612,335.691,460.408,360.418
406.816,335.698,458.789,360.181
405.674,335.109,458.047,360.014
404.506,333.976,457.650,359.389
403.370,333.180,457.506,358.695
404.126,333.726,457.407,358.382
403.648,333.309,456.260,358.110
403.073,333.078,455.715,357.983
401.755,332.174,456.232,356.939
401.979,333.371,454.977,357.708
400.766,332.007,454.104,356.926
400.119,331.445,454.214,356.170
399.878,331.688,454.162,356.366
399.522,331.525,453.247,356.367
399.316,331.343,451.766,356.171
398.669,330.436,451.499,355.659
398.575,330.338,450.743,355.251
398.576,330.537,449.637,355.121
397.170,329.890,450.334,354.739
397.199,330.821,448.985,354.983
397.040,329.730,448.823,354.429
396.793,330.152,447.632,355.030
396.020,328.957,448.362,354.076
395.074,327.856,448.063,353.222
395.178,326.979,447.435,351.873
393.620,324.965,447.745,350.301
393.409,322.307,446.790,347.043
392.783,320.311,446.189,345.012
392.059,314.542,445.306,341.591
391.569,310.467,445.822,337.784
390.978,307.783,444.003,334.330
391.045,302.690,444.274,328.538
390.050,297.006,443.646,323.834
389.679,291.295,442.814,318.645
389.108,286.065,441.778,313.645
389.163,282.449,442.148,307.403
389.138,274.650,442.230,302.566
387.781,271.525,441.628,296.903
388.479,274.244,440.823,300.340
386.108,278.769,439.886,305.981
386.935,283.693,439.646,310.440
386.439,289.307,438.560,314.948
386.488,294.061,437.458,319.829
384.241,299.293,437.681,325.350
384.855,304.169,436.623,329.541
383.301,309.197,436.670,334.972
383.457,311.929,436.853,336.343
381.638,303.900,435.545,330.118
382.565,298.950,435.010,324.826
382.368,292.685,434.514,319.682
381.804,289.485,434.071,315.312
380.078,283.416,434.123,309.816
381.459,281.209,432.998,305.545
380.402,276.365,432.818,301.015
378.956,278.908,432.462,304.187
378.886,283.488,432.011,309.156
379.088,290.746,430.333,315.776
379.086,296.329,430.130,321.359
377.454,301.486,430.352,327.948
377.059,307.445,429.822,333.219
375.627,316.026,429.921,339.461
374.995,320.347,429.138,345.730
374.880,325.565,428.521,351.210
374.371,333.811,427.532,357.764
373.973,339.806,426.100,363.931
372.704,344.778,425.273,369.866
372.585,346.038,425.202,370.611
372.050,342.442,424.187,365.683
371.407,337.749,424.477,361.536
370.470,332.927,423.478,357.242
368.978,330.238,422.224,354.529
368.353,325.694,422.808,351.003
368.136,323.969,423.025,347.223
367.577,320.461,421.477,344.434
367.441,317.689,420.740,341.546
366.303,315.688,420.670,338.277
365.794,311.798,418.803,335.430
365.740,309.191,418.237,333.544
364.766,305.567,419.117,330.457
363.587,303.872,419.048,327.374
364.001,301.590,417.559,325.817
364.110,307.070,416.279,332.451
363.082,314.564,415.750,339.529
362.975,322.138,415.315,347.500
361.382,330.187,415.462,355.684
361.384,337.539,415.260,362.773
361.217,344.847,414.350,371.301
360.310,352.541,413.975,377.941
359.279,350.871,414.338,375.732
359.313,346.552,414.276,371.552
359.236,343.325,413.462,367.790
358.307,341.781,411.958,365.565
357.429,339.483,411.207,364.111
358.652,339.033,410.908,362.456
358.307,336.831,409.939,361.324
357.144,335.916,409.626,360.085
356.180,334.791,409.323,359.315
355.195,334.286,409.291,358.940
354.259,334.638,409.511,358.525
354.530,334.764,409.416,358.324
354.756,333.315,408.323,357.936
353.922,334.493,407.898,358.121
353.800,334.584,407.203,357.793
353.536,334.656,407.536,358.058
353.189,334.149,406.951,357.812
353.081,334.159,406.561,358.035
352.846,334.492,406.668,358.004
351.935,332.299,405.725,356.885
350.872,331.993,404.822,356.579
350.784,331.473,404.658,355.424
350.484,330.589,405.003,354.757
350.624,328.304,403.703,353.161
349.771,326.845,404.109,351.442
350.065,324.111,404.437,349.413
350.063,324.198,403.225,347.913
349.471,323.072,402.868,345.995
349.317,319.774,403.137,343.209
349.417,317.760,402.037,341.011
348.136,314.155,402.086,338.615
348.082,313.275,401.637,335.818
348.362,308.880,400.734,333.468
347.387,305.122,400.592,330.243
346.789,303.476,401.477,327.000
346.566,299.419,400.640,323.562
345.941,294.446,400.288,320.143
345.868,292.796,400.725,317.017
344.438,288.371,399.574,313.299
344.365,284.382,398.868,309.848
343.732,283.036,398.559,306.838
343.528,279.782,398.573,303.730
343.383,277.382,397.899,301.826
344.153,278.029,397.727,300.654
343.147,273.813,398.072,298.968
342.257,273.912,397.356,297.985
341.423,272.744,396.863,297.525
340.810,272.715,396.784,297.079
339.987,271.856,395.521,297.060
339.753,273.016,394.588,296.749
339.431,273.534,394.070,296.718
339.513,273.003,393.735,296.803
339.209,272.929,393.536,296.823
338.688,272.236,393.744,296.821
338.155,277.658,392.326,303.307
338.109,287.590,391.435,313.905
338.518,297.908,391.241,323.751
338.159,307.593,390.825,334.826
338.232,318.574,390.671,344.600
337.070,320.354,390.887,345.353
337.032,319.674,391.060,344.285
337.257,318.910,390.673,343.325
336.659,319.178,390.854,343.412
335.895,319.457,390.379,343.705
335.740,319.403,390.257,343.780
335.151,319.593,389.893,343.700
335.599,319.542,389.492,344.159
335.270,319.578,388.582,344.380
335.245,319.816,387.777,344.230
334.970,320.235,388.103,344.610
334.423,320.599,387.557,344.844
334.238,320.727,387.655,344.706
334.096,320.733,387.094,344.935
334.159,320.718,386.886,345.429
332.922,321.501,385.850,345.117
334.017,320.815,385.288,345.146
333.708,320.750,384.370,345.218
327.845,320.704,379.721,344.287
307.664,320.269,360.908,343.550
286.498,319.585,340.477,343.301
269.973,319.799,321.905,344.263
269.413,319.571,320.575,344.220
270.391,319.630,322.840,344.113
269.069,319.452,323.514,343.847
268.070,319.436,324.797,343.887
268.240,319.445,325.593,343.684
267.257,318.819,325.918,343.270
267.085,319.138,326.483,343.202
267.018,319.083,326.357,343.151
266.194,318.942,326.762,342.951
264.772,318.822,325.659,343.253
263.624,318.686,326.123,343.268
263.366,318.685,326.240,343.063
263.265,318.415,325.776,342.896
261.900,318.403,325.964,342.755
262.186,318.364,326.021,342.643
261.441,318.375,325.302,342.287
261.042,318.252,324.705,342.120
261.563,317.890,323.644,341.721
261.469,318.379,323.056,341.486
260.281,317.815,321.579,341.194
260.133,317.417,321.191,341.163
260.318,317.639,321.047,341.059
260.892,317.232,321.121,340.395
260.409,317.470,320.117,339.932
260.416,317.284,319.819,339.886
260.721,317.260,318.814,339.633
261.191,317.285,318.091,339.043
261.657,316.956,318.545,338.823
262.287,317.135,318.629,338.688
261.499,315.482,319.010,338.825
264.233,317.291,319.756,338.444
263.779,316.806,320.834,338.364
264.450,316.737,320.633,338.520
263.642,316.644,322.128,338.720
262.490,314.816,322.321,338.578
261.545,316.291,321.136,338.786
261.161,316.610,321.126,339.226
260.456,316.489,320.729,339.204
259.882,316.448,321.048,339.349
259.551,316.422,320.722,339.173
258.908,316.464,320.618,339.177
258.333,316.389,320.977,339.243
257.535,316.104,320.878,339.628
257.058,316.261,321.263,339.589
257.387,316.523,321.193,339.479
256.936,316.588,321.127,339.461
256.832,316.421,321.261,339.396
256.228,316.570,320.871,339.403
256.145,316.505,321.250,339.323
256.444,316.352,321.106,339.208
256.408,314.016,320.370,339.227
255.573,313.915,320.521,339.148
255.567,314.114,320.045,339.009
255.283,314.543,319.343,338.755
255.371,314.120,319.644,338.645
254.979,314.216,319.294,338.465
255.394,313.927,318.800,338.481
255.118,313.824,319.138,338.383
255.482,313.613,319.138,338.199
255.372,313.811,318.530,338.029
255.164,313.775,318.393,337.950
255.451,313.899,318.334,337.959
255.573,313.958,317.863,337.666
255.428,313.844,317.891,337.642
255.447,313.775,318.352,337.628
255.705,313.699,318.250,337.526
255.387,313.765,318.635,337.473
255.455,313.860,317.988,337.503
255.414,313.727,317.297,337.537
255.735,313.663,316.902,337.474
256.067,314.129,315.710,337.635
256.697,314.144,315.517,337.767
257.184,313.977,314.733,337.897
257.210,313.821,314.622,337.915
257.307,313.525,314.390,338.375
257.477,313.666,313.030,338.745
257.909,313.820,312.867,338.797
258.020,313.559,312.700,338.846
258.924,313.702,311.986,339.355
259.105,314.005,310.361,339.626
259.360,315.169,307.756,339.586
259.174,315.442,307.572,340.026
259.087,315.579,307.255,340.367
259.329,316.148,307.206,340.788
258.914,315.943,307.400,340.919
258.939,316.037,306.999,341.461
259.258,317.356,307.815,341.790
259.138,317.580,308.292,342.141
259.153,317.781,308.105,342.540
259.410,318.252,308.529,342.820
259.197,319.497,308.222,343.589
259.197,319.381,308.779,343.835
260.001,320.898,310.998,344.571
261.362,320.910,310.501,345.109
262.433,320.270,311.377,345.805
264.358,320.485,312.975,346.597
264.210,322.177,315.141,346.640
267.508,320.458,315.769,347.539
268.428,322.848,317.300,347.438
269.419,323.065,320.255,348.276
270.992,323.217,321.484,348.659
274.001,324.014,324.094,349.278
276.097,325.030,326.126,349.116
279.003,323.523,327.539,350.124
281.031,325.001,330.159,350.280
284.538,324.714,332.274,350.955
281.635,327.222,334.023,350.950
266.713,328.003,320.542,350.571
247.812,328.443,303.355,351.020
230.399,328.414,286.355,351.740
213.936,328.380,268.422,352.119
203.315,328.935,254.419,353.265
207.800,328.754,258.407,353.738
213.598,331.088,264.900,354.170
217.391,330.717,266.802,354.834
220.256,329.627,270.376,355.289
222.905,331.799,275.297,355.161
228.567,329.838,277.419,356.130
230.399,332.006,281.209,355.801
233.721,332.552,285.287,356.508
238.029,332.988,288.239,357.098
240.404,333.617,291.856,357.255
245.092,333.182,295.849,357.293
247.837,331.785,299.751,358.372
251.722,334.029,303.587,358.058
256.774,334.343,307.203,358.023
260.745,334.365,310.913,358.339
264.028,334.882,315.361,358.582
268.168,334.635,317.553,358.629
271.220,334.686,322.081,358.717
276.543,336.598,326.551,359.437
280.984,335.584,330.089,359.442
285.664,335.715,334.459,359.436
290.031,335.627,338.900,360.041
294.543,336.536,341.874,360.478
299.932,335.978,346.528,360.481
303.249,338.043,352.151,360.303
308.970,336.294,356.543,360.522
313.205,337.638,362.452,360.840
316.889,337.774,366.131,360.641
308.602,338.287,359.482,360.393
291.035,338.241,342.602,360.387
275.361,339.196,327.040,360.407
260.621,339.041,311.349,360.238
249.127,338.753,298.936,360.151
252.025,338.928,304.643,360.380
260.947,338.647,311.137,360.346
266.222,338.714,316.343,360.484
270.105,338.257,320.555,359.946
277.157,338.404,326.019,360.288
281.691,338.309,330.246,359.973
285.251,337.747,336.373,359.531
290.636,337.394,341.886,359.106
296.660,337.549,346.365,359.383
301.485,337.478,351.555,359.009
306.699,334.968,357.410,358.002
311.654,335.116,361.853,357.648
315.894,335.118,366.989,357.435
321.583,334.997,373.373,357.110
325.698,334.732,377.431,356.584
332.717,334.540,381.007,355.965
337.481,334.648,385.384,356.468
342.617,334.467,390.792,355.425
347.867,333.850,393.454,354.715
356.028,333.648,393.658,354.195
360.792,333.628,394.499,354.227
348.657,332.388,384.925,353.207
332.681,332.544,365.506,350.814
317.341,335.065,339.196,351.675
125.579,57.008,221.821,83.834
125.967,56.840,221.010,83.997
125.657,57.160,220.808,83.909
125.557,57.009,219.938,83.928
133.181,57.320,218.768,84.301
133.344,57.307,218.888,84.426
128.453,54.241,222.237,83.887
129.243,54.419,221.385,83.901
130.878,55.267,219.674,83.865
133.010,56.675,218.150,84.141
125.817,56.861,219.347,83.931
129.343,53.525,220.902,83.923
125.569,56.791,219.103,83.949
129.055,53.907,221.409,83.881
130.525,55.090,220.038,83.980
129.381,53.952,221.789,83.979
133.435,57.047,218.456,83.806
127.262,56.668,221.109,83.752
133.130,57.766,221.076,84.479
127.771,57.280,220.712,83.721
131.881,57.813,219.931,83.462
387.861,71.159,630.476,464.922
439.423,289.305,530.278,354.467
130.077,56.436,220.426,83.626
130.310,56.557,220.478,83.686
128.853,56.484,220.654,83.807
129.552,56.063,222.325,83.560
449.796,327.572,517.067,355.219
129.094,56.507,219.716,83.558
384.205,65.643,627.178,454.044
129.008,56.406,219.119,83.585
476.016,188.998,505.798,210.090
472.432,191.498,512.963,244.179
128.951,56.089,219.858,83.372
381.160,67.117,629.073,458.455
132.690,57.369,219.521,83.040
128.470,56.236,220.872,83.654
192.971,61.282,217.459,80.143
61.847,8.790,101.032,32.703
61.799,8.772,100.974,32.607
129.204,56.071,219.251,82.537
134.761,56.354,219.821,82.159
129.535,56.084,219.596,82.485
129.382,55.956,219.783,82.651
130.016,55.752,220.087,82.749
129.325,56.127,219.932,82.627
129.605,55.933,220.325,82.657
134.985,55.817,220.505,82.186
134.908,55.952,220.377,82.087
128.494,56.358,219.419,82.599
128.899,56.214,219.539,82.685
129.446,56.097,220.060,82.679
129.280,55.899,219.708,82.649
128.763,55.961,219.632,82.652
128.630,55.747,219.544,82.584
133.550,56.222,219.070,81.998
128.595,55.961,218.972,82.541
134.948,55.958,220.074,82.195
128.981,56.090,219.121,82.660
128.954,56.099,218.932,82.659
134.839,56.237,219.896,82.214
129.416,55.866,219.124,82.702
129.263,55.871,219.181,82.698
129.325,55.946,218.879,82.659
129.136,56.242,218.802,82.650
129.241,56.048,218.887,82.637
460.721,314.311,496.929,337.674
465.132,315.223,505.456,338.278
463.395,312.294,512.002,339.261
465.170,313.409,517.588,338.268
464.150,313.993,525.015,338.598
469.266,313.447,529.377,339.763
479.319,314.672,532.418,338.323
476.436,314.440,530.884,337.790
461.707,313.411,516.317,338.252
446.313,314.578,501.426,337.970
430.558,314.751,489.357,338.299
416.494,314.824,474.306,337.863
415.295,316.716,471.010,338.025
423.323,314.883,479.414,338.104
430.648,314.873,485.771,338.242
438.196,314.071,491.424,337.947
445.626,314.018,497.724,337.988
449.359,313.831,503.195,338.504
458.414,314.438,510.758,338.200
464.470,314.203,516.902,337.589
471.617,314.227,525.531,338.049
477.179,314.180,533.136,338.376
483.284,314.046,537.937,338.130
489.911,314.323,544.936,337.983
496.329,313.889,550.468,338.191
496.158,313.733,550.594,338.777
481.517,314.835,538.370,338.565
465.511,313.841,524.990,339.037
453.941,316.582,513.695,339.293
441.917,316.919,499.146,339.332
426.075,314.819,484.676,339.234
413.716,316.851,473.762,339.536
412.163,317.519,469.576,340.694
421.061,317.572,480.164,340.458
430.694,317.230,486.900,340.453
438.114,317.526,494.307,340.743
445.543,317.369,502.634,341.222
452.321,316.294,510.014,341.261
461.445,317.686,516.401,341.118
467.819,317.527,526.521,341.439
474.738,317.519,531.199,341.666
481.855,317.284,538.131,341.836
488.582,317.029,548.973,342.043
495.804,317.308,554.880,342.007
500.604,317.256,559.656,342.112
489.742,317.509,551.186,341.890
476.727,317.812,536.886,342.586
463.850,317.554,524.816,342.762
451.919,317.560,513.606,342.847
440.106,318.372,499.957,342.734
427.498,318.024,489.536,343.096
414.002,317.764,478.738,343.288
404.116,317.593,466.312,343.486
411.288,317.362,474.234,344.223
420.322,316.758,485.040,344.570
430.581,316.338,492.884,344.592
438.543,316.934,500.965,344.365
446.209,317.367,509.802,344.731
455.068,317.502,517.314,344.183
462.882,317.850,526.025,344.503
471.499,317.846,534.068,344.342
478.709,317.639,542.458,344.770
486.904,318.044,550.150,344.505
495.895,318.566,558.453,344.067
502.035,318.370,565.469,345.069
501.006,318.660,563.968,345.270
486.716,318.389,550.943,345.153
474.504,318.275,538.226,345.637
463.594,320.544,526.479,345.960
450.642,318.939,512.771,346.163
439.398,319.384,502.494,346.199
426.837,319.038,489.923,346.472
416.500,321.520,479.311,347.226
403.100,319.789,466.587,347.114
391.334,321.082,455.804,348.028
381.230,321.716,444.895,347.909
375.993,321.523,438.170,348.287
383.635,322.418,447.496,348.436
393.783,321.361,457.477,348.570
405.187,322.648,466.143,348.951
413.661,322.292,474.314,349.249
419.566,320.969,483.116,349.107
431.785,322.741,493.211,349.226
440.988,322.709,498.942,349.073
450.031,323.602,507.766,348.957
459.743,324.471,515.917,348.686
465.433,323.811,525.308,348.818
475.608,323.753,534.776,348.813
485.127,323.840,540.994,348.897
482.158,323.732,538.047,349.197
469.222,323.436,527.477,348.736
455.241,324.470,513.699,349.457
445.069,323.760,505.321,349.288
432.641,324.172,492.017,349.671
421.431,323.743,480.682,349.990
409.676,323.420,469.822,350.170
399.448,324.024,458.714,349.421
387.808,324.477,447.340,350.278
384.842,323.896,445.037,350.613
397.782,324.569,457.651,350.309
406.613,323.812,468.263,350.477
419.064,323.987,479.362,349.738
428.980,323.926,488.543,349.736
437.558,324.522,497.845,350.651
447.235,324.349,508.640,351.234
457.633,324.698,517.001,350.933
465.638,324.067,525.883,350.878
469.039,324.348,529.396,351.475
460.630,325.017,520.935,350.606
448.708,325.426,509.008,350.904
436.557,324.840,495.329,351.402
424.759,325.557,487.077,351.870
415.874,327.067,477.723,351.963
402.285,325.139,464.178,351.918
393.316,327.480,454.009,352.367
382.904,327.627,443.684,352.742
371.599,327.254,432.389,352.326
360.341,327.429,421.878,352.186
349.993,327.380,411.916,353.594
340.400,327.808,400.691,353.065
329.086,327.607,390.587,353.325
327.695,328.032,389.139,353.954
340.370,328.625,401.279,353.471
351.712,328.049,413.817,354.514
361.845,328.208,422.930,354.076
369.898,328.220,432.649,354.701
379.145,328.079,443.059,354.496
390.776,328.091,452.740,354.529
399.563,328.024,463.402,354.900
406.470,328.280,468.057,355.673
397.830,328.047,460.999,355.611
387.247,328.000,447.994,354.477
377.334,330.768,437.699,355.690
365.638,328.507,426.873,356.043
354.711,327.901,416.147,355.560
342.786,328.881,404.609,356.185
335.407,331.140,395.297,356.600
322.661,328.915,384.012,356.761
310.246,328.841,371.718,356.714
301.147,328.892,361.824,356.867
289.194,329.217,351.743,357.024
286.534,330.994,344.796,357.417
293.358,330.924,356.801,357.423
304.860,330.194,366.387,357.290
315.698,329.924,376.330,357.917
327.598,329.853,386.432,357.963
337.922,332.242,397.856,358.057
347.193,332.025,407.843,358.409
356.959,332.293,416.563,358.355
365.244,330.178,426.261,358.306
375.891,332.166,436.998,358.518
382.739,332.726,445.170,358.570
374.105,331.421,437.268,358.510
364.703,333.271,425.706,358.571
351.788,332.913,416.052,358.852
342.296,333.230,406.189,358.986
333.680,332.499,394.097,359.196
321.210,332.693,383.883,358.946
312.125,333.486,374.243,359.448
299.886,332.313,361.925,359.332
289.156,332.349,351.943,359.498
279.239,332.572,341.808,359.700
281.480,332.558,344.121,359.388
295.215,333.296,355.874,359.285
305.540,332.929,368.092,359.483
315.439,333.333,378.404,359.484
324.235,333.167,388.813,359.462
337.014,333.174,398.060,359.223
347.207,332.921,408.179,359.139
358.001,333.568,417.410,359.557
367.317,333.168,428.018,359.501
376.515,332.392,439.432,358.692
387.181,334.217,448.434,359.767
395.948,333.838,459.608,359.837
404.751,333.487,465.783,359.877
398.424,334.097,457.091,359.816
382.227,334.014,444.079,359.942
374.960,334.178,434.190,359.810
364.722,333.731,425.360,359.817
351.912,333.530,413.207,360.613
340.151,333.513,403.633,360.838
330.571,333.472,391.745,360.868
319.032,333.361,382.301,360.759
309.388,333.130,372.486,361.300
299.994,333.655,365.398,360.487
288.983,333.643,350.756,360.569
281.107,333.905,342.405,360.192
268.716,333.444,331.647,361.365
259.552,335.194,323.034,361.185
253.816,335.603,315.378,361.337
263.514,335.888,326.110,361.339
275.398,335.969,338.422,361.690
283.703,333.526,346.227,361.410
296.125,335.578,357.732,361.737
299.000,335.709,361.384,361.512
288.284,335.472,352.560,361.419
276.280,335.245,341.053,361.416
265.747,333.879,329.318,361.720
257.453,336.274,320.249,361.560
242.902,334.042,307.319,361.992
232.818,333.704,295.181,361.778
226.712,335.624,290.375,362.087
232.027,333.616,297.069,361.731
248.582,336.129,311.462,361.502
259.551,336.503,321.087,361.597
269.411,335.585,329.804,361.431
276.423,333.520,337.268,362.032
286.349,333.536,347.424,361.609
295.625,333.791,357.954,361.368
294.869,333.327,357.694,361.370
285.754,335.326,350.769,361.084
269.961,333.152,333.113,361.269
259.067,332.741,323.836,361.219
248.715,332.951,312.344,361.331
238.693,333.366,302.520,361.240
242.726,333.578,310.875,360.796
255.756,333.046,322.503,360.495
268.543,333.430,330.775,359.937
277.479,332.931,340.059,360.185
287.034,332.882,349.628,360.086
298.012,334.124,358.681,359.761
297.223,333.788,358.592,359.474
285.800,333.389,346.802,359.563
274.037,333.505,334.160,359.452
261.689,333.202,325.595,359.475
250.739,332.744,313.261,359.270
238.271,332.369,302.258,359.439
238.046,332.905,299.736,359.329
247.947,331.083,307.828,359.064
258.145,333.284,320.152,358.526
268.780,330.724,326.890,358.463
277.290,332.572,337.998,358.360
285.128,330.901,346.593,357.629
293.263,331.772,353.259,358.146
299.227,331.690,359.409,357.772
288.345,330.945,352.064,357.178
276.524,331.004,337.441,357.404
261.507,328.857,322.053,356.874
250.768,328.755,314.453,356.028
238.137,330.077,301.450,356.042
223.670,327.601,289.030,356.382
211.836,326.792,277.294,355.530
201.105,327.246,264.114,354.862
188.852,327.014,252.760,354.290
176.413,326.615,239.211,353.538
165.278,326.638,227.523,353.087
164.470,325.723,227.215,352.918
173.908,324.229,237.409,352.069
184.202,323.794,244.782,351.667
191.614,323.487,253.734,350.855
199.513,322.931,260.270,350.908
205.554,321.637,269.911,350.490
209.897,321.859,273.128,349.990
207.585,320.774,271.427,348.681
206.895,322.030,270.610,349.060
203.225,319.866,264.855,348.340
200.020,319.200,262.538,347.839
198.345,318.571,260.897,347.096
194.474,317.685,257.219,346.995
192.631,319.713,255.187,346.158
188.245,316.700,250.861,345.572
186.770,316.723,248.627,344.506
185.213,317.048,245.581,343.682
181.336,316.526,243.841,343.275
177.548,316.165,241.785,342.368
175.934,315.892,236.494,341.411
172.554,315.525,232.782,341.031
165.909,312.262,228.887,340.596
164.868,313.083,226.784,339.540
162.283,312.855,223.378,339.400
157.769,310.031,218.716,338.952
154.768,309.747,216.237,337.889
153.501,308.517,211.531,337.389
147.047,307.195,209.089,336.717
143.239,306.739,206.735,335.713
140.972,306.378,202.617,335.195
139.595,306.768,201.808,334.052
143.624,304.629,205.294,332.527
153.688,303.847,215.721,331.723
163.877,303.207,222.381,331.189
170.980,302.597,232.166,330.093
