286.000,370.000,321.000,394.000
282.290,370.720,318.807,393.581
276.808,371.208,316.805,394.652
274.875,369.643,311.593,395.800
271.358,370.103,308.425,396.242
268.134,370.509,304.878,395.267
266.400,370.904,300.913,394.828
261.109,371.867,297.308,393.709
259.000,371.541,293.631,394.681
253.988,372.359,289.040,393.380
251.350,372.353,287.580,392.605
246.338,372.687,284.242,393.794
243.089,373.016,278.507,394.646
240.581,372.151,279.767,396.102
190.298,374.131,362.143,419.831
465.735,372.047,502.445,396.040
464.034,372.240,502.803,395.600
447.397,372.275,501.416,394.220
454.677,372.824,494.005,397.112
451.130,373.285,489.959,395.272
433.190,372.504,484.742,397.203
435.726,372.567,482.938,396.863
436.360,372.874,480.575,396.744
438.696,374.044,477.695,396.689
435.372,374.235,474.764,395.606
433.495,373.436,471.616,396.224
427.886,372.840,471.960,398.381
421.506,372.588,472.595,397.298
417.815,372.247,475.044,396.363
418.169,371.613,466.975,395.322
415.284,371.233,462.115,394.238
413.582,370.729,456.840,393.956
411.186,370.861,446.402,393.918
410.542,370.140,440.747,393.408
407.849,370.521,440.601,393.363
406.462,369.859,434.204,393.455
402.058,369.620,432.894,393.040
399.589,369.425,430.549,392.710
397.820,370.863,425.924,394.430
395.229,371.468,422.643,394.871
388.202,371.054,420.602,394.716
381.800,370.211,423.429,393.182
179.092,276.869,194.801,296.526
178.565,277.490,194.201,296.410
368.623,372.198,404.769,395.401
179.496,277.437,194.826,296.279
179.501,277.430,194.824,296.275
179.494,277.441,194.824,296.286
179.486,277.115,194.656,296.633
179.413,277.003,194.616,296.580
179.572,277.073,194.662,296.388
341.290,369.540,380.595,391.090
336.179,368.872,377.919,391.287
333.023,369.162,374.358,390.737
329.293,368.477,370.426,390.011
326.775,368.994,365.927,390.075
179.003,277.588,194.556,296.448
179.536,277.591,193.758,297.312
179.924,277.798,193.511,296.535
179.817,277.481,194.812,296.100
179.584,277.575,194.831,296.769
179.596,277.590,194.821,296.768
179.236,277.100,194.999,296.843
179.238,277.096,194.989,296.857
178.757,277.454,194.769,296.887
178.771,277.488,194.768,296.758
178.774,277.490,194.758,296.765
178.250,277.687,194.152,297.105
283.287,363.676,320.806,386.544
278.934,364.086,317.442,384.918
275.635,363.707,314.914,386.200
272.499,363.163,311.552,385.917
270.205,364.047,304.511,383.490
266.935,363.344,303.194,385.766
265.633,362.716,299.381,385.245
264.627,362.654,294.613,382.731
261.214,361.674,291.257,384.247
259.873,361.534,286.877,382.632
179.610,277.389,194.651,296.436
179.561,277.342,194.712,296.442
248.324,257.095,401.046,334.545
226.158,279.229,257.748,296.813
464.558,361.265,497.559,377.512
464.306,360.796,498.504,378.003
459.074,361.033,498.057,378.020
458.904,360.433,494.266,378.162
456.009,359.830,492.385,378.019
452.361,360.268,488.561,378.519
449.586,359.459,482.935,377.145
445.180,360.337,478.130,377.612
438.191,360.490,471.152,377.959
427.740,276.370,443.079,298.326
422.597,359.670,460.484,377.336
421.080,359.798,457.820,376.361
422.349,359.320,458.742,377.749
418.882,358.488,454.098,378.051
416.107,358.283,452.038,378.385
412.243,358.890,449.698,378.227
408.004,357.868,448.131,378.717
405.814,357.537,443.919,378.866
403.404,357.762,440.611,379.085
399.386,356.966,439.373,378.547
394.200,357.326,432.855,377.546
388.373,356.886,430.287,376.933
379.335,340.839,427.942,379.046
381.041,355.960,425.408,376.278
378.704,340.525,422.580,379.973
374.941,340.415,421.075,380.311
373.065,342.298,417.149,379.622
363.929,343.609,418.628,379.763
364.429,355.584,405.499,378.376
362.204,355.709,401.634,378.414
358.084,356.109,397.615,377.922
355.237,356.130,395.257,377.788
355.006,356.194,393.273,377.629
351.546,356.654,388.294,377.359
349.145,355.626,384.367,379.643
345.437,355.569,379.706,378.656
342.887,356.362,373.408,376.771
339.490,357.048,369.915,376.203
335.228,355.191,365.034,376.613
330.090,355.662,362.393,376.670
325.418,356.664,358.728,374.847
319.834,356.282,355.965,374.742
314.498,356.410,351.912,375.806
309.758,355.160,350.458,376.207
307.873,354.024,349.311,377.584
305.282,354.432,343.247,378.609
302.097,354.439,339.419,379.480
300.768,354.796,333.886,376.510
297.216,353.719,330.935,378.119
296.103,354.155,327.405,375.911
294.340,353.997,324.174,375.483
291.274,353.956,321.433,375.101
286.774,355.472,317.131,375.148
284.269,354.298,314.158,374.696
278.569,354.026,309.953,374.305
275.399,354.359,307.108,373.885
271.023,354.586,303.234,373.840
427.637,273.798,442.847,295.879
260.125,355.127,295.678,374.610
254.484,356.253,290.021,375.251
250.341,356.898,280.469,376.670
240.779,356.284,273.988,374.290
427.228,273.891,443.248,295.986
237.681,355.416,272.029,375.473
234.778,355.580,272.035,375.437
230.937,355.449,269.296,375.031
230.182,354.956,268.563,374.813
427.069,275.056,442.913,296.625
224.365,354.828,266.416,375.282
220.049,354.929,261.315,376.012
216.529,355.538,255.653,375.625
212.380,355.239,248.416,375.508
210.012,354.355,244.425,376.148
207.218,354.583,240.719,376.546
202.427,355.986,239.879,376.728
199.699,355.926,236.543,376.745
195.373,356.424,232.706,378.690
192.765,355.654,231.578,378.839
189.170,355.540,232.303,378.554
185.239,355.934,227.601,379.129
181.246,356.359,221.797,379.260
177.232,357.379,216.348,378.406
172.764,357.379,213.624,378.326
170.959,357.695,210.968,378.147
212.561,357.573,270.287,379.402
378.229,358.640,424.702,377.816
375.772,358.044,418.723,379.756
375.941,358.440,417.988,380.170
375.234,359.223,414.821,379.164
372.752,358.892,410.412,378.744
368.691,359.628,407.923,379.765
365.594,359.967,403.049,379.781
362.993,360.129,401.825,379.560
360.182,359.364,399.298,380.181
356.170,360.416,394.316,380.310
355.571,360.197,392.157,380.347
351.306,359.684,388.427,380.883
347.642,359.238,386.635,380.980
349.120,359.259,383.866,381.231
349.300,360.607,374.569,381.058
328.892,360.512,372.949,380.023
330.222,359.812,374.812,379.899
328.929,360.142,363.354,381.476
162.429,320.432,197.778,359.383
312.735,255.052,348.070,274.602
307.262,255.728,345.574,275.011
308.145,255.530,339.230,274.557
163.694,235.010,210.863,267.671
300.788,257.762,332.172,276.349
159.474,235.406,208.238,269.181
317.484,254.773,375.725,276.252
421.118,258.249,453.033,276.694
422.671,258.640,452.970,276.412
312.833,235.203,363.829,267.943
418.023,258.603,449.147,275.962
412.820,258.934,444.852,276.856
314.092,235.121,365.250,268.663
308.580,235.033,361.666,268.059
309.958,235.384,361.063,268.014
313.124,235.194,363.077,266.955
397.002,259.329,429.457,279.824
309.076,235.712,361.423,268.554
384.379,260.658,419.231,279.030
380.383,260.874,417.811,278.637
377.653,260.254,416.004,278.717
376.357,260.221,410.462,279.669
374.442,260.520,407.856,279.918
372.249,260.094,406.159,279.341
368.616,259.619,400.989,279.661
364.082,261.142,398.458,279.830
363.776,260.563,390.881,280.003
362.630,260.327,388.477,280.719
351.841,260.660,386.306,283.461
342.407,261.914,378.103,281.222
313.945,234.079,365.992,272.330
312.690,232.112,369.121,283.254
313.655,232.000,370.320,285.333
313.209,232.622,368.477,285.788
314.512,232.086,366.756,286.028
312.498,233.173,364.987,286.162
310.835,234.386,360.695,286.932
310.493,234.244,360.047,286.804
304.752,234.322,359.118,287.013
303.513,234.716,357.911,286.396
300.381,235.025,353.202,285.408
298.963,234.747,351.028,285.273
298.343,236.068,346.676,288.374
295.100,256.949,329.543,286.782
291.231,257.441,327.741,284.191
286.989,257.854,322.701,286.468
280.625,257.493,321.889,284.886
279.430,258.091,319.712,284.916
279.153,257.685,314.549,285.073
275.610,258.658,310.510,285.107
274.413,262.121,304.728,284.211
274.551,258.855,305.698,284.253
268.152,260.180,299.266,284.217
263.629,260.456,297.357,283.751
259.010,260.408,292.535,283.486
251.913,262.478,286.783,281.196
248.276,261.902,281.623,281.148
242.245,262.042,282.276,281.899
239.888,262.060,279.558,281.840
235.569,261.767,277.279,282.077
324.098,236.435,380.610,272.616
448.055,259.731,475.460,281.381
446.716,259.867,475.550,282.024
55.059,234.364,128.092,273.391
55.697,234.070,127.292,273.866
53.076,234.418,126.552,271.925
427.654,263.444,462.604,283.199
55.149,234.286,124.031,271.676
55.127,234.411,124.680,271.920
421.508,262.786,455.663,282.952
57.355,233.952,128.914,273.416
53.870,234.665,125.224,272.047
53.357,234.756,124.287,272.090
53.260,236.785,126.128,276.868
65.265,273.675,115.253,312.323
59.528,281.934,127.927,320.583
388.632,310.109,424.711,336.191
385.919,312.127,419.311,334.872
383.362,312.518,414.966,337.381
377.688,311.022,414.735,338.494
373.581,310.510,413.016,338.168
369.533,312.720,410.410,337.673
366.425,312.155,407.201,337.484
360.748,311.207,404.121,338.559
357.771,311.788,399.862,338.160
354.199,311.512,397.870,338.449
352.547,311.138,393.107,339.714
348.399,311.847,388.641,339.472
345.102,313.987,383.675,337.272
221.986,309.911,440.451,399.854
523.355,312.447,560.119,337.022
523.776,313.195,560.607,337.332
521.219,312.676,558.074,337.070
514.591,311.952,555.765,335.952
509.630,312.746,552.677,337.126
508.983,314.000,549.426,335.986
499.401,313.152,547.697,336.476
500.599,314.013,545.127,335.417
498.924,314.681,539.645,335.709
495.839,314.582,535.993,335.129
494.282,311.998,533.125,336.380
489.778,314.442,528.818,335.351
266.312,283.334,330.926,318.031
484.322,313.217,519.261,336.241
481.154,312.994,517.218,335.897
476.535,313.240,513.126,336.807
468.020,313.295,514.582,335.298
461.547,313.049,512.353,335.622
458.653,313.639,505.717,336.066
462.285,313.482,499.860,337.068
459.018,313.376,497.432,336.371
455.534,314.766,492.267,335.052
450.347,314.140,486.200,337.734
447.084,314.033,482.232,337.344
441.359,314.900,478.631,336.346
438.869,314.981,475.402,337.951
434.504,315.226,471.529,337.235
430.485,316.222,467.119,336.328
427.351,316.917,463.867,336.037
423.305,316.393,461.711,336.993
421.363,316.918,458.871,336.397
415.621,316.820,457.574,336.138
412.454,317.208,451.469,336.991
406.920,315.784,449.387,337.898
404.116,315.761,444.672,337.265
399.929,316.170,440.822,339.664
395.810,317.226,437.435,338.683
391.808,316.302,435.986,340.883
388.196,316.177,430.576,341.634
384.408,317.617,424.991,340.137
380.423,316.813,420.273,341.103
375.875,316.520,415.612,340.888
371.694,316.908,412.980,340.774
368.331,316.352,409.079,342.379
365.449,316.532,404.954,340.578
360.563,316.272,399.603,342.599
356.612,317.088,397.459,341.477
353.712,316.555,392.832,342.233
350.579,316.354,389.095,342.841
346.108,317.032,384.660,342.301
343.493,317.307,380.983,342.279
339.058,317.398,378.475,342.322
336.951,317.648,372.847,342.259
263.431,282.397,332.901,320.364
327.808,317.768,364.560,342.007
263.581,281.441,335.887,319.609
267.292,281.380,336.620,320.182
265.724,279.395,339.093,325.456
265.670,279.597,338.770,325.089
265.956,279.632,337.641,325.157
266.545,280.452,338.250,332.284
309.692,282.642,395.398,325.533
491.472,274.700,560.261,342.865
496.864,279.780,560.454,342.502
497.488,280.899,557.771,341.508
496.387,281.345,559.246,337.593
497.411,281.443,561.611,320.981
496.600,280.237,566.785,322.953
255.670,303.085,294.169,318.923
257.463,303.441,294.306,319.530
257.520,303.451,294.314,319.767
501.182,281.881,565.234,318.323
503.012,282.299,565.003,316.774
257.504,303.270,294.482,319.141
503.114,283.464,566.321,319.955
501.688,282.391,565.597,318.557
501.647,282.855,564.515,318.304
501.123,281.058,566.771,319.694
496.261,282.644,567.092,318.863
501.904,282.225,565.567,317.056
502.146,283.511,564.171,318.887
502.099,284.242,560.125,319.239
501.853,283.452,559.541,316.167
501.329,284.040,558.538,318.852
501.839,284.361,557.935,318.650
501.823,284.287,557.437,319.252
501.717,284.501,558.469,319.138
502.087,284.322,558.592,319.066
502.073,284.165,559.106,319.058
502.058,284.139,558.458,319.043
502.508,284.294,560.960,318.697
394.503,318.669,429.764,337.454
389.809,319.197,425.126,337.179
384.734,318.878,422.714,338.178
499.290,282.514,560.785,318.557
498.372,281.559,563.268,317.579
500.788,282.728,557.199,317.122
499.543,283.586,560.084,318.082
365.461,315.349,401.508,342.089
501.185,284.320,564.443,318.647
502.213,282.656,562.970,316.568
501.240,282.763,563.911,316.526
501.629,284.305,560.444,318.453
502.034,282.640,563.754,316.539
500.607,281.780,566.005,318.991
498.631,282.583,564.959,317.114
502.201,284.521,558.646,318.539
499.590,282.567,562.411,318.520
322.267,314.931,357.941,339.635
317.483,313.626,357.094,342.278
315.118,313.167,355.510,342.283
313.613,313.463,355.961,342.605
308.639,313.614,350.261,340.985
303.688,314.619,340.131,337.293
500.347,281.349,563.094,319.456
295.183,312.600,332.195,340.962
499.964,281.590,561.129,319.568
499.326,282.023,560.524,317.558
498.819,282.138,562.393,317.660
496.360,282.134,561.888,317.374
257.524,305.533,310.840,339.179
253.189,305.039,308.381,339.875
250.773,304.200,308.870,344.285
251.750,304.791,303.417,337.849
254.565,303.550,297.901,337.937
252.284,303.762,294.216,337.363
247.189,305.180,293.565,336.145
244.819,305.125,293.190,336.096
242.650,304.997,289.534,336.125
238.264,304.984,291.518,335.115
232.784,305.116,291.768,334.909
229.623,304.979,290.169,336.002
224.935,308.613,274.728,336.410
224.587,308.879,261.754,335.040
216.881,309.564,256.542,333.913
214.612,310.103,249.566,334.286
211.090,309.485,250.713,332.667
205.787,309.118,244.376,332.448
201.108,309.067,241.557,333.553
416.907,265.934,438.433,283.872
384.154,307.347,423.279,328.577
376.359,306.225,415.239,328.524
375.348,306.245,414.165,329.044
372.403,304.813,412.613,330.287
371.744,304.172,408.679,328.603
367.183,302.449,405.086,329.338
363.925,304.100,399.752,327.996
361.904,296.925,396.782,329.328
359.897,296.428,392.586,328.035
352.678,300.618,389.813,326.362
348.784,300.924,389.236,325.813
343.439,301.305,382.481,326.727
338.147,301.323,381.856,326.514
334.220,302.440,377.276,326.890
330.319,302.152,369.783,328.695
326.790,302.238,367.310,327.590
321.831,302.089,362.648,329.026
320.113,303.583,357.485,325.878
313.806,302.392,353.588,326.460
310.193,302.561,348.992,326.311
305.082,302.392,344.526,327.065
302.029,301.680,341.668,326.886
295.960,301.551,335.233,325.722
291.112,301.600,331.843,326.260
288.152,301.757,327.392,325.483
284.607,300.277,323.915,326.710
279.570,301.238,318.174,325.568
274.215,301.331,314.765,325.344
270.998,300.050,309.007,325.742
266.051,300.179,305.058,325.197
261.791,300.063,301.963,324.217
258.308,300.052,296.644,325.380
253.899,299.208,293.604,324.355
249.917,299.496,287.567,324.925
245.194,299.648,283.727,325.002
239.940,298.893,278.944,324.534
236.397,299.413,274.593,324.914
231.156,299.547,270.471,324.672
166.432,267.907,211.258,289.683
231.327,266.994,284.692,286.403
443.454,297.926,482.319,322.444
433.302,298.288,471.462,321.833
432.981,297.737,470.352,324.044
430.260,298.563,466.903,322.121
389.299,268.600,425.774,291.205
389.539,270.105,426.058,289.492
390.183,269.695,425.966,289.911
390.473,270.111,425.728,289.988
389.798,268.473,426.262,292.231
389.539,268.119,426.203,292.081
389.545,269.314,426.059,292.990
390.682,270.681,426.306,290.354
389.975,271.376,424.089,289.963
390.686,270.884,425.527,290.005
384.763,267.933,426.363,323.501
378.276,267.839,428.781,322.772
390.898,271.398,425.736,290.263
367.379,271.012,427.358,323.552
362.800,287.875,403.022,320.088
359.406,287.862,396.474,321.110
355.805,286.822,398.272,320.463
353.860,286.536,397.006,320.683
351.181,287.349,391.874,320.558
348.518,285.636,389.815,319.687
390.657,270.464,425.680,288.882
390.061,270.918,424.746,289.667
390.296,271.226,424.759,289.823
390.243,271.088,424.944,289.696
390.182,271.178,424.790,289.809
315.401,296.645,353.945,320.218
312.247,296.671,350.766,322.342
306.407,296.434,346.239,322.695
305.153,295.195,342.410,322.027
301.818,295.602,338.114,323.731
296.388,295.693,333.641,323.084
292.683,295.523,328.606,320.826
389.730,271.094,423.566,289.920
389.242,271.505,424.547,290.405
389.425,270.746,423.711,290.091
255.526,291.879,310.581,316.156
254.915,290.763,298.081,316.247
254.944,291.333,294.501,318.642
255.120,291.536,292.029,321.243
251.379,291.861,287.668,319.393
248.842,291.505,286.069,321.174
389.942,270.210,425.194,289.862
391.375,270.085,425.762,289.066
391.546,270.329,425.693,289.095
391.480,270.645,425.838,289.188
390.041,270.864,425.129,289.977
390.992,270.659,425.995,289.312
390.103,271.410,425.113,289.931
393.846,270.364,428.572,288.880
529.960,289.652,560.068,304.977
523.569,289.768,554.350,305.448
527.257,289.164,556.420,305.771
530.319,289.592,558.853,305.480
529.675,289.682,559.089,304.952
530.763,289.176,559.440,304.590
530.560,289.292,560.119,304.827
531.904,290.405,559.800,304.631
532.190,290.433,559.671,304.524
530.957,288.766,559.892,305.806
531.159,289.541,560.237,304.758
424.767,295.856,450.453,315.191
418.784,293.612,450.116,316.146
415.487,293.745,447.217,313.826
412.297,293.818,445.232,316.091
408.109,294.141,441.349,313.533
403.605,293.627,436.844,315.048
393.486,293.798,432.951,313.241
394.210,294.066,427.184,313.067
389.798,293.045,422.831,312.827
386.916,293.995,415.988,313.993
380.030,294.134,410.507,313.346
376.220,292.867,407.413,314.918
371.106,292.432,407.238,314.835
362.827,291.675,403.187,314.048
360.415,291.873,400.129,314.938
356.454,291.743,398.387,314.698
353.735,291.713,394.327,315.189
350.937,292.491,386.089,315.357
345.537,292.525,381.137,315.702
341.521,292.430,377.266,315.219
337.625,292.557,372.594,315.508
330.875,292.543,368.409,314.986
328.179,292.353,365.136,313.609
321.366,292.627,364.497,313.570
316.489,292.478,358.625,315.025
313.353,292.201,354.767,314.879
309.535,292.321,347.275,315.051
305.452,292.598,343.615,315.266
306.554,292.117,339.244,314.314
299.437,291.589,334.315,313.350
295.273,292.375,329.036,314.680
290.695,292.651,324.663,312.770
284.387,292.342,321.171,313.721
280.857,292.247,317.830,313.525
275.978,292.487,310.652,314.854
274.764,291.926,306.969,314.710
270.048,291.962,302.628,314.359
265.981,292.553,299.771,315.773
258.022,292.230,296.813,314.853
250.417,291.665,292.523,314.475
242.174,291.402,287.187,314.453
236.472,291.649,281.299,314.642
417.920,290.341,464.460,316.024
410.328,290.481,450.949,315.905
409.043,290.420,448.830,316.386
407.661,290.995,447.503,315.487
404.252,290.182,442.532,316.240
399.287,290.497,437.574,316.047
394.108,290.524,432.988,316.636
390.172,290.305,430.241,316.908
385.583,290.803,425.070,315.608
382.057,290.479,421.502,315.812
377.076,290.474,416.922,315.603
373.358,289.057,412.092,316.772
370.884,290.159,408.658,313.683
364.847,288.712,406.797,316.163
360.693,288.497,399.436,314.288
356.452,288.451,396.136,314.110
352.421,288.073,393.302,314.245
348.180,288.209,386.569,315.430
344.081,287.494,381.323,314.757
339.338,287.685,379.246,314.382
335.601,287.434,373.568,314.731
329.826,287.227,369.257,313.986
326.457,287.439,364.677,312.937
322.929,288.277,360.961,312.018
592.839,285.422,630.785,312.130
581.720,285.635,620.652,311.562
577.555,285.228,618.940,311.965
577.049,284.906,617.213,311.669
574.120,285.499,612.678,312.094
569.194,284.837,610.815,311.732
565.377,285.185,605.200,311.084
561.087,284.734,598.894,311.581
557.175,284.885,595.371,311.058
552.850,284.618,591.217,310.828
549.280,284.525,587.250,311.200
544.089,284.663,584.718,311.104
539.749,284.942,582.538,310.555
536.601,285.099,574.084,307.884
531.788,285.125,569.875,308.243
527.110,284.434,565.211,310.039
521.863,284.982,561.364,308.953
518.163,285.909,557.616,308.771
512.529,284.823,552.296,308.462
510.140,284.513,547.735,309.883
505.046,284.390,542.427,309.626
502.021,284.664,539.257,310.112
495.970,284.509,533.881,309.840
491.281,284.960,529.766,309.305
485.991,284.727,526.111,308.994
482.015,284.781,522.077,308.603
479.200,284.607,517.323,309.479
473.948,284.240,512.060,309.496
469.251,284.360,508.439,309.782
465.550,284.168,502.875,309.292
461.705,284.236,499.160,309.661
456.651,284.120,493.719,309.459
451.994,284.291,489.634,309.523
448.183,283.909,486.000,309.583
443.142,283.939,481.424,309.339
438.310,283.895,477.574,310.271
433.750,283.244,472.426,310.464
430.000,283.746,468.227,309.690
424.738,285.263,462.940,308.787
420.031,284.272,458.654,309.685
415.270,283.940,453.220,310.329
410.813,283.993,448.922,310.070
407.478,284.436,444.563,310.495
402.323,284.504,439.702,309.996
397.704,284.598,435.137,310.717
392.698,284.128,430.079,310.843
388.000,284.258,425.779,310.595
383.588,284.289,420.190,311.043
377.640,284.236,417.711,308.875
373.678,284.496,411.539,310.093
369.293,284.155,406.388,309.457
366.583,284.159,403.835,309.945
362.451,284.063,398.151,309.522
358.470,284.285,393.278,309.082
355.606,284.094,388.206,309.069
354.477,285.413,382.597,306.510
347.925,285.524,379.999,305.982
165.423,216.698,335.218,291.947
337.966,285.254,368.366,305.903
332.919,284.931,364.331,306.917
326.070,282.919,359.336,306.299
321.589,283.994,350.308,305.369
313.973,274.487,348.309,305.319
310.963,278.820,346.093,304.629
162.795,217.372,332.240,293.321
162.842,217.396,331.700,293.890
299.908,279.481,326.011,305.137
297.417,279.173,325.465,305.867
286.915,281.400,319.100,306.051
284.728,285.077,315.696,304.194
278.534,285.281,313.999,304.916
277.136,286.228,306.126,305.723
165.726,217.343,326.478,300.438
165.383,217.477,325.516,301.224
165.771,217.491,323.771,302.388
252.081,284.262,283.338,302.297
247.467,284.568,280.476,302.651
242.843,284.226,279.270,303.505
239.978,284.341,277.490,303.512
165.042,217.748,323.551,301.349
231.556,285.102,270.959,304.889
165.438,218.017,321.309,303.656
222.335,283.105,263.712,306.913
219.726,283.551,256.751,307.314
165.307,217.525,322.384,302.750
165.138,217.832,321.817,303.680
207.165,285.918,237.915,308.562
202.031,285.823,234.351,306.372
192.252,285.884,230.778,306.466
189.475,285.911,225.232,307.028
321.444,215.827,481.162,299.097
325.196,283.069,361.939,303.785
322.699,283.718,360.417,304.327
324.369,216.829,486.503,299.301
315.409,283.874,353.739,304.359
313.589,283.818,351.262,305.197
307.667,285.187,339.517,307.209
303.122,285.654,334.354,306.173
297.088,284.479,334.176,307.140
293.045,284.394,331.532,306.707
287.696,283.855,325.270,309.197
282.397,283.470,322.341,309.191
