0.007566
0.035426
0.064556
0.079533
0.085287
0.054305
0.048573
0.034636
0.077124
0.054850
0.046022
0.042243
0.041209
0.039928
0.044290
0.050757
0.077840
0.087201
0.084559
0.058406
0.053734
0.080011
0.060661
0.044286
0.040566
0.039629
0.040462
0.052068
0.067678
0.078692
0.086416
0.076844
0.045602
0.087389
0.048153
0.059960
0.041169
0.041796
0.042517
0.042300
0.049275
0.075375
0.081008
0.088386
0.052615
0.042894
0.087876
0.059425
0.051528
0.042997
0.039648
0.039882
0.041470
0.079002
0.078616
0.088691
0.077002
0.047198
0.051856
0.078470
0.055878
0.044074
0.041575
0.039588
0.042267
0.042545
0.080826
0.079272
0.088713
0.077680
0.046680
0.046272
0.083688
0.057271
0.043206
0.040982
0.039317
0.044924
0.046654
0.065372
0.086030
0.085299
0.088032
0.061766
0.052593
0.073997
0.051832
0.051021
0.040003
0.040888
0.044418
0.042945
0.064728
0.075768
0.085153
0.085256
0.046774
0.056258
0.070892
0.045913
0.041568
0.041030
0.040262
0.043986
0.042982
0.047378
0.073114
0.086323
0.088445
0.058283
0.053970
0.065483
0.056077
0.057568
0.041027
0.044603
0.042517
0.041545
0.052155
0.064557
0.080255
0.087793
0.062306
0.047296
0.070248
0.055418
0.056594
0.041727
0.040272
0.040599
0.044485
0.062363
0.079354
0.088660
0.081853
0.045774
0.076231
0.063815
0.058019
0.040855
0.041316
0.041145
0.041242
0.045921
0.061184
0.082958
0.082623
0.089382
0.052648
0.052266
0.059022
0.047466
0.050078
0.040747
0.042614
0.045220
0.043280
0.049846
0.073462
0.080807
0.088235
0.057515
0.051158
0.080683
0.059004
0.041697
0.038483
0.037605
0.039083
0.042633
0.068917
0.079724
0.081808
0.082320
0.046538
0.044356
0.075656
0.057304
0.045238
0.039852
0.039787
0.040072
0.041664
0.044802
0.072029
0.075962
0.087808
0.075765
0.047627
0.049250
0.064132
0.054051
0.050514
0.042713
0.042132
0.041341
0.068510
0.047315
0.048353
0.069205
0.081746
0.086036
0.063260
0.048373
0.078906
0.060602
0.055473
0.040683
0.041103
0.042592
0.042651
0.064126
0.078846
0.079315
0.084468
0.048660
0.044774
0.063834
0.047718
0.041226
0.035899
0.040015
0.051656
0.046082
0.084586
0.080134
0.088578
0.056704
0.048339
0.067337
0.055391
0.063837
0.041497
0.042983
0.042943
0.040743
0.049120
0.069663
0.072807
0.087820
0.069835
0.046732
0.084065
0.058924
0.050459
0.040773
0.040256
0.041593
0.047943
0.078948
0.083855
0.090709
0.073007
0.044198
0.083048
0.060410
0.049630
0.040835
0.038228
0.041690
0.070339
0.082916
0.043221
0.057073
0.077687
0.080227
0.090715
0.058550
0.046141
0.040779
0.067228
0.053452
0.039370
0.040493
0.040718
0.040474
0.044061
0.056050
0.080970
0.083829
0.088332
0.048426
0.082256
0.055016
0.049291
0.043374
0.041168
0.039201
0.043536
0.066067
0.083266
0.079812
0.087526
0.055616
0.048746
0.068723
0.050548
0.042375
0.042119
0.041454
0.042805
0.050414
0.073311
0.073292
0.087301
0.069655
0.045513
0.068636
0.052740
0.038375
0.040259
0.039153
0.042488
0.046165
0.073954
0.083642
0.086314
0.056255
0.044956
0.050722
0.060761
0.052305
0.043987
0.041292
0.040469
0.039779
0.042020
0.062014
0.081014
0.084701
0.081316
0.046880
0.082438
0.049187
0.077022
0.043993
0.042651
0.039227
0.044631
0.061795
0.082466
0.084813
0.084362
0.043833
0.043635
0.053161
0.070215
0.065512
0.040367
0.040413
0.042939
0.053798
0.054861
0.075239
0.079747
0.089612
0.062198
0.042664
0.085809
0.054197
0.051120
0.040787
0.040931
0.042045
0.041472
0.041145
0.046334
0.071874
0.077775
0.089934
0.082774
0.047484
0.061902
0.056480
0.064293
0.040466
0.041263
0.041482
0.043658
0.043173
0.066286
0.070317
0.088640
0.077010
0.040814
0.084392
0.056429
0.054423
0.040576
0.041163
0.039923
0.045634
0.046217
0.078098
0.081493
0.087912
0.061173
0.040472
0.086607
0.059793
0.050605
0.041595
0.042439
0.042093
0.044129
0.043276
0.082826
0.077705
0.089359
0.076932
0.046856
0.081832
0.079322
0.062160
0.044549
0.040189
0.039340
0.041539
0.042715
0.043325
0.063708
0.083415
0.082835
0.089620
0.053788
0.053554
0.070913
0.051247
0.046771
0.042183
0.042268
0.041497
0.040432
0.066576
0.087368
0.088895
0.079918
0.047283
0.085287
0.061102
0.053400
0.042601
0.039305
0.044837
0.042288
0.043411
0.081574
0.080880
0.089863
0.072322
0.050399
0.062801
0.049934
0.060120
0.041375
0.041353
0.041693
0.043397
0.045659
0.074709
0.076494
0.089306
0.074200
0.046058
0.086000
0.051559
0.054969
0.041427
0.043164
0.043120
0.043397
0.051592
0.073099
0.076638
0.088856
0.066084
0.042779
0.085083
0.058194
0.043405
0.040869
0.040776
0.042113
0.043230
0.047566
0.081310
0.080933
0.090636
0.075660
0.042025
0.084264
0.061684
0.056952
0.041134
0.040520
0.040833
0.041771
0.043229
0.071631
0.081381
0.086727
0.087451
0.045920
0.053014
0.066844
0.047688
0.040729
0.041166
0.042606
0.043851
0.043198
0.051564
0.068135
0.083489
0.085235
0.056370
0.037850
0.081403
0.054058
0.055625
0.046962
0.038848
0.042968
0.047333
0.042626
0.080541
0.084236
0.087812
0.063359
0.044117
0.046117
0.079686
0.060755
0.040412
0.039973
0.040453
0.040754
0.042960
0.078306
0.085144
0.088524
0.083627
0.046191
0.047452
0.076126
0.060695
0.041049
0.043990
0.041446
0.042773
0.053598
0.083680
0.082499
0.089948
0.061450
0.044797
0.082082
0.060199
0.057927
0.039949
0.041046
0.042779
0.044904
0.041308
0.050887
0.069817
0.081471
0.088399
0.081091
0.050318
0.050055
0.063944
0.049872
0.041322
0.040844
0.042007
0.041872
0.042612
0.042612
0.070456
0.076776
0.089878
0.074396
0.048049
0.048831
0.080131
0.056637
0.049938
0.041513
0.041560
0.041147
0.043973
0.043722
0.071802
0.078657
0.083565
0.088785
0.048241
0.043469
0.082800
0.055077
0.057309
0.041500
0.041098
0.043966
0.041856
0.042806
0.054832
0.074638
0.081028
0.089516
0.072591
0.046194
0.075763
0.058473
0.068914
0.040977
0.040851
0.040876
0.043632
0.046146
0.076397
0.085535
0.090636
0.062920
0.044855
0.075906
0.051955
0.050192
0.042520
0.041618
0.041446
0.046227
0.051222
0.076821
0.081046
0.088985
0.060353
0.046206
0.070758
0.055453
0.039967
0.041267
0.041091
0.038263
0.039584
0.043005
0.046615
0.071176
0.074817
0.087728
0.073626
0.043292
0.052718
0.078784
0.064899
0.042338
0.041517
0.041328
0.041297
0.044553
0.044032
0.069247
0.076402
0.084703
0.088626
0.048394
0.047016
0.085198
0.061428
0.035562
0.041709
0.042506
0.039293
0.043568
0.066130
0.085544
0.082436
0.087524
0.054883
0.054001
0.079248
0.061261
0.041452
0.041414
0.044281
0.048225
0.046201
0.078264
0.082783
0.089175
0.063598
0.047149
0.078984
0.061260
0.042928
0.043645
0.041840
0.055358
0.042933
0.083392
0.078063
0.090108
0.070671
0.044262
0.085972
0.061498
0.050351
0.042772
0.040547
0.048021
0.050117
0.058815
0.075084
0.077112
0.090770
0.067721
0.041899
0.085657
0.059556
0.054563
0.040252
0.041868
0.046502
0.048661
0.083478
0.084821
0.086642
0.062592
0.052348
0.072283
0.060396
0.042749
0.040380
0.041538
0.042629
0.043045
0.064896
0.081287
0.083603
0.081759
0.044503
0.046405
0.063258
0.051425
0.046974
0.043732
0.048014
0.050627
0.052891
0.075166
0.081565
0.088590
0.048772
0.043056
0.077791
0.050362
0.043848
0.042114
0.040538
0.041347
0.042918
0.042548
0.048278
0.068411
0.072418
0.089000
0.076608
0.051583
0.049198
0.062279
0.051695
0.041550
0.041752
0.040931
0.041836
0.043601
0.049634
0.073585
0.079867
0.089226
0.065421
0.043490
0.082500
0.051187
0.049426
0.040889
0.042356
0.038450
0.040283
0.042843
0.058488
0.079145
0.079819
0.088048
0.046213
0.047176
0.043089
0.083004
0.056483
0.052124
0.041724
0.041463
0.041488
0.042146
0.055042
0.075969
0.083062
0.089847
0.072762
0.046689
0.039832
0.079987
0.058328
0.052502
0.045625
0.042624
0.040822
0.044207
0.075145
0.081175
0.087718
0.079522
0.048023
0.083576
0.056858
0.041890
0.045731
0.041738
0.045809
0.068901
0.080157
0.089606
0.086177
0.048637
0.067240
0.051754
0.063255
0.042028
0.042530
0.041386
0.045710
0.049790
0.074793
0.081340
0.088753
0.058686
0.044255
0.084340
0.057877
0.056648
0.043414
0.042758
0.042619
0.042475
0.044508
0.059847
0.083695
0.083119
0.089845
0.060108
0.052936
0.072492
0.054113
0.041920
0.041390
0.041322
0.042238
0.043873
0.045946
0.071029
0.073347
0.089740
0.082362
0.042195
0.081408
0.054793
0.058560
0.040042
0.040350
0.052882
0.045830
0.079714
0.076758
0.088280
0.075308
0.046201
0.078534
0.052567
0.050978
0.039956
0.036348
0.039010
0.043244
0.066324
0.075732
0.081935
0.083033
0.049658
0.086680
0.054734
0.078595
0.039187
0.040789
0.053310
0.044571
0.081774
0.085418
0.088189
0.076888
0.044688
0.072123
0.053293
0.068066
0.042074
0.041262
0.041202
0.049496
0.058825
0.086420
0.086554
0.078327
0.045233
0.071183
0.063087
0.055371
0.040955
0.041187
0.042597
0.045083
0.042469
0.054671
0.073054
0.080810
0.089934
0.069515
0.045051
0.066799
0.056781
0.067843
0.040533
0.041268
0.041353
0.046477
0.045918
0.078999
0.083121
0.089532
0.067113
0.045590
0.087333
0.058456
0.047567
0.045213
0.038168
0.041065
0.048735
0.065186
0.079160
0.078115
0.085605
0.056485
0.050242
0.062551
0.056681
0.040419
0.040071
0.041523
0.043108
0.045752
0.072373
0.084254
0.089134
0.070040
0.048948
0.089560
0.059508
0.057606
0.040426
0.042323
0.044534
0.049988
0.071175
0.080519
0.089413
0.070423
0.041542
0.078238
0.058111
0.057460
0.037290
0.038749
0.038513
0.042376
0.047866
0.077745
0.082108
0.089846
0.080218
0.044935
