0.005239
0.026828
0.055434
0.051632
0.040053
0.041078
0.038902
0.043955
0.052796
0.075281
0.079498
0.086241
0.068789
0.045247
0.082129
0.051718
0.049174
0.041862
0.039910
0.043711
0.047262
0.069579
0.079972
0.087161
0.063580
0.049850
0.077773
0.059326
0.079403
0.074244
0.040132
0.039852
0.045648
0.082082
0.041459
0.070115
0.078385
0.089694
0.083758
0.079837
0.042607
0.048408
0.066378
0.055545
0.082661
0.048649
0.040887
0.040095
0.050896
0.052315
0.080918
0.082074
0.084962
0.062401
0.044145
0.050824
0.055383
0.052438
0.046483
0.042637
0.040918
0.043583
0.049049
0.069419
0.086167
0.085141
0.077085
0.046217
0.052276
0.071136
0.058351
0.042401
0.038569
0.052466
0.059797
0.069745
0.087603
0.085753
0.083412
0.062279
0.055391
0.064388
0.054004
0.074516
0.039497
0.039905
0.039910
0.056012
0.049369
0.076814
0.089125
0.083053
0.085097
0.046471
0.052998
0.074277
0.057097
0.043024
0.042682
0.044835
0.081753
0.045301
0.065244
0.081278
0.087773
0.085805
0.052910
0.055638
0.069703
0.057324
0.065785
0.040001
0.040360
0.039547
0.065786
0.044857
0.071119
0.085856
0.090966
0.083999
0.045675
0.054756
0.078498
0.059656
0.073231
0.073558
0.042317
0.040418
0.042697
0.067245
0.044856
0.085649
0.083268
0.085601
0.084429
0.061218
0.042083
0.049734
0.060491
0.050534
0.068620
0.040680
0.041828
0.039627
0.049774
0.042074
0.078809
0.087666
0.088307
0.084014
0.047197
0.046885
0.067223
0.051101
0.055353
0.040458
0.039602
0.071155
0.056375
0.054250
0.084473
0.084158
0.086888
0.063097
0.043190
0.038664
0.083955
0.048623
0.050670
0.041221
0.042874
0.040293
0.062555
0.042892
0.084322
0.079397
0.086270
0.072316
0.044466
0.046735
0.079333
0.061419
0.043435
0.042134
0.039796
0.045865
0.042813
0.082170
0.073124
0.089442
0.079618
0.042914
0.051018
0.081452
0.063441
0.064504
0.042027
0.040329
0.042852
0.044156
0.069507
0.081197
0.086121
0.086279
0.058713
0.056263
0.076983
0.055837
0.065536
0.042907
0.043195
0.046898
0.049320
0.084972
0.077670
0.089303
0.072378
0.048610
0.043862
0.081640
0.062267
0.055096
0.042089
0.042073
0.069991
0.045492
0.060810
0.083617
0.085371
0.085592
0.064213
0.043155
0.045430
0.078373
0.052801
0.059125
0.055016
0.041218
0.041971
0.042595
0.080082
0.043586
0.065026
0.085255
0.082918
0.087492
0.075845
0.049053
0.051368
0.062210
0.058111
0.045126
0.041783
0.040731
0.041448
0.054823
0.040601
0.086853
0.078378
0.089168
0.070801
0.047155
0.070109
0.052391
0.072349
0.040082
0.040530
0.040284
0.047438
0.073342
0.084311
0.084485
0.085565
0.056962
0.046102
0.072757
0.054119
0.061468
0.041862
0.042226
0.046730
0.050529
0.080041
0.086381
0.088328
0.063790
0.050469
0.077635
0.055524
0.054600
0.041581
0.040775
0.040292
0.050067
0.067266
0.078722
0.088059
0.088000
0.053213
0.043741
0.087162
0.061493
0.056704
0.053361
0.045288
0.044381
0.039079
0.047316
0.067396
0.086015
0.085248
0.088767
0.053269
0.062346
0.069678
0.060571
0.041977
0.035669
0.041193
0.043611
0.045372
0.067613
0.076850
0.088492
0.078916
0.046547
0.068703
0.058279
0.059327
0.057445
0.042386
0.042095
0.048953
0.050205
0.043177
0.077834
0.087068
0.088697
0.086826
0.058801
0.053539
0.074889
0.058771
0.056445
0.043607
0.041102
0.044766
0.050771
0.052960
0.080835
0.080420
0.085862
0.077405
0.046232
0.054954
0.066186
0.054439
0.057433
0.040072
0.041371
0.061249
0.050200
0.068574
0.087890
0.090586
0.084913
0.059627
0.052380
0.054463
0.056654
0.074355
0.043675
0.042988
0.052865
0.075820
0.043102
0.084793
0.087377
0.087541
0.072521
0.050093
0.090848
0.059981
0.075007
0.041265
0.047722
0.046300
0.077597
0.041226
0.082958
0.085309
0.085756
0.086801
0.053820
0.052857
0.077520
0.059246
0.069349
0.039440
0.041367
0.042158
0.043241
0.069291
0.085912
0.088969
0.090101
0.058002
0.047410
0.082642
0.058458
0.077333
0.038934
0.040007
0.044206
0.049109
0.063518
0.083182
0.082887
0.088112
0.065462
0.050964
0.086433
0.057831
0.055387
0.041425
0.038759
0.041960
0.052495
0.048536
0.081399
0.079299
0.088553
0.062947
0.038532
0.084818
0.047259
0.049376
0.057765
0.039947
0.046402
0.040759
0.051913
0.041922
0.062187
0.080925
0.089637
0.080579
0.047820
0.048716
0.073329
0.060900
0.061940
0.041342
0.039831
0.045703
0.039937
0.052480
0.067951
0.080574
0.091313
0.063416
0.051495
0.052812
0.061382
0.054440
0.067802
0.041111
0.040281
0.041848
0.043366
0.048422
0.073820
0.075367
0.089692
0.087654
0.060194
0.043282
0.081314
0.051789
0.064577
0.040666
0.039929
0.040931
0.045274
0.041785
0.050075
0.077344
0.083724
0.088805
0.087248
0.050556
0.043148
0.081469
0.051067
0.054288
0.040644
0.042189
0.042090
0.053344
0.051957
0.049399
0.072509
0.079419
0.085820
0.069881
0.049439
0.048768
0.077907
0.056288
0.085770
0.043873
0.044710
0.045027
0.086454
0.041037
0.048609
0.075216
0.081300
0.088743
0.084515
0.047771
0.060921
0.051454
0.066065
0.054905
0.040838
0.040530
0.070653
0.045654
0.063375
0.086735
0.087071
0.085508
0.052946
0.053614
0.085909
0.052928
0.059216
0.040581
0.042369
0.039577
0.041868
0.048601
0.080320
0.089421
0.088005
0.086382
0.057475
0.051857
0.084045
0.055949
0.045145
0.038720
0.038794
0.047417
0.045268
0.078000
0.075278
0.089912
0.074009
0.054312
0.087814
0.057739
0.051509
0.041456
0.040774
0.040933
0.043038
0.043305
0.043517
0.060772
0.077643
0.083744
0.089512
0.054890
0.054606
0.080797
0.057481
0.045109
0.047311
0.039100
0.041954
0.044949
0.061541
0.082160
0.083677
0.086113
0.055012
0.051939
0.083555
0.061789
0.062564
0.042408
0.041390
0.042688
0.046138
0.045316
0.075694
0.079128
0.090577
0.083465
0.045901
0.041409
0.079558
0.048313
0.071621
0.051361
0.040639
0.039883
0.040056
0.057055
0.051883
0.075874
0.087157
0.088128
0.084422
0.062448
0.045207
0.088347
0.063213
0.051415
0.041638
0.042782
0.039267
0.046377
0.044005
0.081708
0.078310
0.090306
0.082390
0.049138
0.052667
0.054606
0.057247
0.049649
0.043261
0.042498
0.038414
0.043283
0.044460
0.071160
0.075982
0.087769
0.076732
0.041857
0.050000
0.074660
0.056607
0.071821
0.040747
0.039869
0.039601
0.051497
0.045097
0.076036
0.066391
0.088591
0.084247
0.045042
0.044715
0.070780
0.066687
0.062237
0.040932
0.041878
0.041337
0.047518
0.066225
0.042814
0.079380
0.075320
0.087575
0.086398
0.048262
0.054393
0.065460
0.058800
0.049434
0.041135
0.040515
0.042928
0.079612
0.043270
0.067033
0.079213
0.091858
0.079691
0.045671
0.049137
0.069306
0.060740
0.049449
0.041554
0.041441
0.042696
0.071393
0.044573
0.082051
0.083200
0.089342
0.069142
0.048184
0.052733
0.073020
0.059649
0.042479
0.040881
0.040962
0.041848
0.048988
0.060699
0.084136
0.082800
0.088610
0.053660
0.046754
0.084586
0.057850
0.044102
0.040339
0.040100
0.039441
0.041632
0.047195
0.083278
0.081116
0.085639
0.074104
0.045947
0.078864
0.051789
0.057869
0.060831
0.040062
0.043021
0.047387
0.048986
0.083117
0.083009
0.088481
0.079101
0.046235
0.082033
0.050935
0.072351
0.046475
0.042221
0.040836
0.042011
0.042474
0.073449
0.082405
0.088933
0.081906
0.048929
0.068976
0.067498
0.061314
0.044298
0.039698
0.042227
0.042988
0.043118
0.074125
0.077096
0.088734
0.081011
0.050228
0.062636
0.052874
0.087355
0.076287
0.041830
0.046546
0.044175
0.043120
0.042214
0.072150
0.080509
0.088669
0.087710
0.072032
0.045713
0.076507
0.046499
0.066913
0.063299
0.041313
0.041144
0.041587
0.041220
0.055418
0.074106
0.084142
0.088473
0.065534
0.054435
0.067717
0.062027
0.064842
0.040597
0.066106
0.061470
0.084103
0.086333
0.084630
0.077251
0.045628
0.073263
0.059989
0.069945
0.045258
0.039381
0.043085
0.043471
0.075051
0.083302
0.086573
0.083347
0.043024
0.041146
0.078924
0.051847
0.056871
0.075396
0.042723
0.040931
0.041650
0.044262
0.069347
0.082383
0.086153
0.085204
0.072136
0.049121
0.082804
0.063525
0.059393
0.057470
0.040756
0.042208
0.051721
0.046728
0.078364
0.080795
0.088436
0.082858
0.051818
0.049873
0.071271
0.062730
0.064189
0.043293
0.044420
0.048751
0.040864
0.050735
0.072531
0.077183
0.087685
0.068720
0.042548
0.070994
0.053129
0.073867
0.048910
0.040532
0.039938
0.043830
0.050521
0.069194
0.081200
0.083976
0.081661
0.045870
0.085966
0.067751
0.065464
0.068738
0.041457
0.041385
0.041854
0.067187
0.055548
0.064230
0.087070
0.090197
0.089128
0.087266
0.045321
0.084799
0.058845
0.049582
0.054073
0.045344
0.042754
0.042228
0.051473
0.063325
0.086396
0.086465
0.087221
0.059517
0.045926
0.080633
0.055791
0.059115
0.042456
0.043788
0.042173
0.057980
0.051716
0.078165
0.082238
0.089779
0.069481
0.043673
0.083101
0.060312
0.053346
0.041894
0.040545
0.066632
0.054785
0.053646
0.074599
0.081561
0.089451
0.065616
0.047852
0.084898
0.053234
0.058243
0.043581
0.041462
0.038142
0.048343
0.082112
0.042202
0.072434
0.074766
0.089864
0.087376
0.048549
0.055450
0.064142
0.060089
0.050131
0.046899
0.041175
0.075335
0.060315
0.069051
0.081451
0.088858
0.087563
0.049073
0.069820
0.049157
0.069517
0.077916
0.044341
0.042459
0.042313
0.061292
0.086744
0.086255
0.043706
0.073457
0.089377
0.090466
0.090008
0.070991
0.057805
0.086405
0.057916
0.056356
0.049012
0.042774
0.042609
0.041157
0.041557
0.045531
0.052043
0.084722
0.087627
0.090318
0.083965
0.051500
0.055561
0.069292
0.059123
0.087018
0.088585
0.088042
0.088324
0.069631
0.047407
0.061074
0.059957
