311	361	47	23
322	361	51	21
336	361	49	21
350	361	49	21
363	360	49	21
363	361	52	21
304	363	57	19
247	361	38	20
195	358	54	24
151	361	50	19
172	363	50	19
189	362	45	18
196	363	44	16
209	363	41	17
224	364	36	18
237	364	35	16
252	364	35	16
262	364	38	15
278	364	36	16
291	363	37	16
305	365	37	14
315	364	38	15
328	363	46	16
342	364	40	18
355	364	39	18
366	364	42	17
382	363	37	18
395	364	37	18
406	364	42	17
417	363	45	17
427	363	49	16
447	362	37	17
459	362	46	17
474	361	45	17
485	359	48	18
496	360	50	18
511	359	48	18
483	360	58	19
456	351	71	30
370	340	105	45
271	357	65	22
221	358	53	21
227	358	49	20
249	358	46	21
261	359	44	18
270	359	45	18
282	358	43	19
294	358	43	19
306	358	47	19
318	356	47	19
332	357	43	18
287	357	57	19
241	355	65	22
180	342	81	39
78	354	62	21
17	356	51	18
0	305	44	115
1	237	109	122
0	306	48	116
0	350	41	23
0	353	37	16
10	353	37	16
19	354	43	15
33	353	41	16
46	352	41	16
59	352	38	17
70	351	37	18
84	351	36	18
95	351	38	17
107	350	38	18
120	351	36	18
130	350	39	17
145	350	39	17
157	349	36	17
170	349	39	17
182	349	40	16
195	348	37	18
207	349	39	17
218	347	40	19
232	348	39	18
244	347	39	18
256	347	41	18
269	345	40	20
282	346	40	19
295	345	39	18
307	344	41	18
320	344	40	18
327	344	40	20
282	350	65	31
200	338	66	45
128	321	58	62
117	322	47	54
129	324	55	47
138	333	60	30
157	341	47	20
172	340	43	22
185	340	41	22
197	340	41	21
210	340	39	19
220	341	44	19
232	340	46	18
243	340	48	18
257	339	46	18
270	339	45	18
282	338	46	19
295	338	46	19
308	338	43	19
320	337	45	19
331	338	44	19
318	339	52	19
275	336	52	21
217	328	60	36
126	328	89	34
47	327	82	35
29	335	44	22
52	338	40	17
65	337	38	16
72	336	38	17
82	336	38	17
94	335	38	17
105	335	40	19
115	332	51	21
129	332	44	21
142	332	39	21
152	332	42	20
157	332	49	19
171	332	49	18
189	332	42	19
202	330	41	20
213	329	43	20
225	331	43	19
237	330	43	19
251	328	41	19
262	329	41	18
274	330	40	17
286	329	38	18
300	329	38	17
311	328	39	17
322	328	40	18
321	328	42	18
272	326	42	21
210	316	73	32
123	326	47	22
76	326	40	18
88	327	43	19
105	328	42	18
112	326	42	19
121	327	41	19
132	326	41	20
141	326	42	21
152	326	42	21
160	327	43	20
169	327	42	20
178	328	40	20
188	325	41	21
195	327	42	19
205	328	41	18
212	327	41	18
219	327	42	18
226	327	41	18
232	327	41	18
238	327	43	18
244	326	42	18
250	327	42	18
256	326	40	18
261	326	39	18
266	327	39	18
271	327	40	18
276	326	39	18
279	325	42	19
284	326	39	19
286	326	41	18
291	326	40	19
294	325	40	19
295	326	40	18
246	325	49	19
253	295	64	79
175	390	100	39
192	393	74	32
168	366	89	52
107	314	144	42
98	315	111	34
103	321	50	22
108	323	40	18
110	324	40	16
112	323	38	17
114	323	39	16
117	323	39	17
118	323	40	16
121	323	39	16
123	323	38	16
125	322	39	17
126	322	40	17
130	322	39	17
132	321	40	18
134	321	40	18
136	321	39	17
139	321	40	18
142	321	39	18
143	321	40	18
147	321	39	17
149	322	40	18
153	323	38	17
155	322	38	18
159	323	39	17
161	323	40	18
165	323	43	19
166	323	48	20
170	324	45	19
172	323	51	21
174	324	46	19
179	322	48	25
181	324	48	26
186	324	44	24
190	321	41	25
195	323	39	27
197	322	41	29
201	320	41	30
202	323	44	28
205	323	45	28
207	323	49	27
208	323	52	27
211	324	54	26
216	324	54	24
214	324	60	25
225	323	52	21
176	321	63	27
102	319	53	25
77	321	44	21
90	323	44	20
96	323	41	18
97	321	38	18
100	321	41	19
106	322	40	18
109	323	41	17
115	321	38	17
119	321	39	17
123	322	40	17
128	321	40	17
134	322	38	16
140	322	36	16
143	322	38	16
149	321	39	16
155	321	37	16
161	322	36	15
166	322	36	15
171	321	37	16
176	321	37	16
182	321	38	17
187	320	37	18
193	320	38	16
199	321	38	16
205	321	37	16
211	321	37	16
216	321	38	17
221	321	41	17
228	320	40	18
234	320	39	18
240	320	41	18
246	321	42	18
252	320	39	19
259	321	38	17
264	322	39	16
270	322	39	17
278	322	38	17
284	323	38	16
289	323	40	17
296	321	39	17
302	321	40	17
310	322	39	18
315	321	40	18
319	321	43	17
329	320	50	20
337	320	47	20
341	320	43	20
291	320	51	20
241	307	79	47
195	312	68	33
228	320	44	21
235	322	39	18
236	323	40	16
244	322	38	17
251	324	38	16
258	325	38	16
265	325	39	17
271	326	41	16
278	326	41	17
286	326	40	17
293	326	42	17
301	326	42	18
307	326	43	18
313	327	45	18
319	326	47	18
326	327	46	18
335	328	45	18
345	326	40	19
352	327	41	18
313	328	56	19
256	320	68	27
198	312	84	39
101	328	50	19
103	329	43	17
121	330	41	16
124	330	41	16
126	332	43	16
133	332	43	17
141	331	41	16
148	331	40	17
155	333	39	16
162	333	40	16
171	332	41	16
178	335	39	17
188	336	37	17
194	336	37	17
203	336	36	17
211	338	36	15
217	337	37	16
223	337	39	16
230	339	39	15
238	338	39	17
247	338	39	16
254	338	38	17
261	339	38	16
270	339	38	16
236	338	49	18
210	298	76	81
180	149	176	87
142	94	329	234
150	128	385	171
155	145	370	201
149	115	398	206
154	117	375	166
158	136	397	209
83	106	420	237
107	132	426	238
100	120	428	266
68	98	444	226
88	147	439	206
155	191	354	160
166	171	369	185
186	150	338	193
190	168	322	151
183	147	370	161
154	128	371	191
151	135	396	232
151	167	367	175
202	181	318	152
272	182	244	147
304	195	214	132
313	165	220	154
323	201	193	102
352	195	169	82
395	204	139	74
414	209	111	62
391	208	145	65
363	206	161	73
377	211	124	56
282	209	165	69
173	216	156	72
154	212	111	51
119	212	138	65
131	207	136	80
164	210	106	55
172	213	89	60
185	215	79	59
201	217	60	50
198	218	64	50
192	218	68	50
174	222	78	53
168	214	92	55
199	214	65	56
197	218	63	50
181	220	77	56
180	214	87	57
188	217	84	60
219	346	47	21
235	350	38	17
242	349	39	16
248	349	40	17
255	350	41	17
262	348	42	17
269	349	42	17
279	349	38	17
286	349	40	17
293	348	41	18
299	348	41	19
308	349	40	19
313	349	45	20
318	349	45	20
308	349	48	21
251	349	46	20
190	339	69	40
139	347	55	18
165	349	43	19
173	349	39	16
178	348	37	16
184	350	36	16
188	350	37	17
195	349	39	17
204	349	38	17
210	350	39	17
219	351	36	17
226	350	38	17
234	350	39	19
242	350	40	21
249	351	40	21
254	350	43	22
262	352	41	22
270	352	40	20
279	352	39	18
284	354	42	17
294	356	40	17
292	356	51	15
309	356	40	16
316	357	41	16
324	358	40	16
331	358	40	18
340	357	40	18
348	359	38	17
339	358	44	19
332	318	68	67
190	292	204	110
191	48	196	171
150	52	288	207
154	39	322	285
154	31	327	226
153	33	335	321
154	31	295	227
124	27	426	248
133	41	375	339
148	32	318	285
150	30	381	244
136	37	367	279
101	38	466	338
128	25	368	315
137	22	410	264
132	30	384	333
118	23	491	330
102	28	501	395
111	4	467	389
129	34	361	312
136	26	399	259
112	33	434	341
145	102	357	276
117	39	390	267
159	32	321	275
124	42	438	352
102	6	527	371
138	34	310	325
152	34	345	275
104	41	474	310
123	63	448	307
93	33	480	350
0	0	606	503
85	0	473	236
138	8	353	116
199	11	282	109
214	5	276	111
216	10	263	107
239	7	223	106
224	14	251	99
228	14	241	103
225	17	239	97
216	5	251	109
233	13	234	102
238	15	226	102
236	6	233	109
238	15	231	101
243	8	226	107
245	13	219	103
245	9	224	107
257	13	207	103
219	5	252	111
248	7	220	106
251	10	212	106
257	13	203	104
240	7	227	109
249	13	218	102
251	9	213	107
257	15	204	101
238	8	223	108
247	18	218	95
234	8	228	107
222	12	238	112
119	10	325	128
37	25	393	112
13	21	305	135
36	17	259	131
17	5	238	108
43	12	204	97
23	0	249	114
38	8	217	107
54	23	248	125
33	18	225	101
33	40	338	204
0	43	407	201
0	23	568	320
0	4	576	450
0	0	573	123
6	3	466	276
0	32	463	301
0	38	605	449
0	27	489	446
0	28	388	442
0	20	636	396
0	9	339	500
0	17	358	279
0	35	472	276
5	28	518	458
0	0	576	219
26	33	490	270
0	25	457	230
54	12	585	366
0	0	640	512
0	0	539	158
0	6	489	250
0	32	353	226
0	35	403	213
0	9	593	293
0	0	395	132
63	32	352	161
10	0	288	120
0	25	594	271
20	113	605	332
0	0	640	506
181	268	453	191
415	313	210	127
475	309	155	126
481	306	156	130
481	308	158	128
480	308	159	127
482	308	157	127
480	308	159	128
478	308	161	128
477	307	162	130
475	307	164	131
479	310	160	128
474	310	165	128
476	310	163	127
477	310	162	126
479	308	160	128
480	308	159	128
481	308	157	127
477	308	162	128
478	308	161	127
480	308	159	127
475	307	164	128
476	307	163	130
445	304	194	133
473	305	166	129
481	306	158	129
465	305	174	131
474	307	165	130
432	305	207	135
451	304	188	131
476	305	162	130
471	305	168	131
480	306	159	130
476	306	163	128
451	296	186	138
409	292	188	141
409	296	188	139
415	296	185	139
412	296	184	138
412	297	178	137
412	299	175	134
411	299	182	136
411	299	176	137
408	297	183	139
410	298	182	139
411	299	176	137
410	296	185	142
411	296	187	140
409	295	185	140
410	298	179	138
410	299	177	137
409	297	182	140
411	300	174	136
408	297	188	144
408	298	182	134
410	300	179	136
408	297	187	147
408	297	182	136
411	298	180	140
408	299	177	136
364	299	218	143
277	352	328	88
200	296	218	139
168	302	202	140
174	304	191	140
175	303	176	130
169	303	183	134
167	303	184	141
167	306	199	166
169	302	186	144
166	302	182	137
168	303	186	147
167	300	178	132
168	303	185	134
165	301	191	141
167	301	178	131
168	302	184	135
166	301	184	149
165	303	193	145
166	299	182	133
166	307	185	137
170	347	184	138
164	370	199	141
172	411	182	99
189	364	175	130
173	397	185	113
180	383	185	120
169	393	195	118
174	396	190	115
182	378	183	118
179	380	188	128
171	407	190	104
207	340	156	141
169	351	197	141
167	308	184	140
163	307	254	141
166	302	187	135
166	304	187	147
164	304	194	136
168	305	182	131
167	306	183	135
168	307	187	137
166	303	190	141
166	306	245	135
165	303	203	137
165	305	223	148
167	305	195	134
167	303	184	143
168	305	179	132
166	305	185	133
168	303	188	145
168	302	184	135
170	304	182	151
166	302	183	135
170	303	184	153
167	304	191	144
166	303	203	134
165	303	189	148
108	313	200	139
15	361	224	88
5	299	198	162
4	301	208	163
3	301	238	159
0	301	211	142
3	303	205	172
5	348	237	140
2	302	209	166
4	304	258	187
0	301	198	183
6	302	267	162
3	302	232	150
1	300	206	162
15	336	240	151
6	298	218	169
0	325	329	158
0	301	191	138
7	307	226	174
0	303	264	152
3	301	226	136
0	322	313	176
11	314	322	175
13	344	338	154
0	354	240	156
0	344	241	151
211	251	145	64
246	267	86	35
267	277	40	20
270	280	38	17
274	280	39	17
278	279	38	17
278	280	40	17
285	280	37	17
285	280	41	17
291	279	38	17
293	280	39	18
297	280	38	17
301	279	37	17
277	279	50	18
224	275	80	26
136	263	105	42
114	280	49	18
130	281	39	17
131	282	38	16
131	281	36	17
132	280	36	16
134	283	38	16
139	283	37	16
142	281	35	16
144	284	37	15
147	284	37	15
150	283	37	15
151	284	39	14
156	285	37	16
158	285	37	15
161	284	39	15
164	285	37	16
167	286	38	16
171	285	37	16
173	284	37	16
175	287	39	17
180	286	37	17
180	285	39	17
186	286	37	17
188	287	37	17
192	288	37	17
194	287	36	16
197	288	37	16
198	290	40	16
203	288	38	17
206	288	38	16
210	289	38	17
213	289	38	17
215	289	39	17
220	289	37	16
222	291	38	16
227	289	37	17
228	291	39	16
232	292	40	16
237	292	38	17
237	291	41	16
242	292	41	17
244	293	43	16
251	292	38	16
253	292	40	15
258	292	38	17
262	294	37	15
264	294	39	15
266	294	39	16
269	294	41	19
271	294	44	21
276	293	42	22
282	294	41	22
286	295	42	21
289	295	42	22
294	295	44	22
299	297	41	20
302	297	40	20
308	295	38	19
313	296	38	18
317	298	36	17
317	296	41	18
323	297	38	17
325	298	42	17
330	297	41	18
333	296	44	18
338	295	42	19
344	295	41	21
350	293	39	22
356	293	37	22
362	292	35	24
364	293	38	23
360	294	45	22
303	294	59	27
223	264	153	62
166	274	128	47
149	284	117	38
168	285	89	31
203	293	57	22
216	292	44	21
223	293	41	20
227	295	43	20
233	295	41	19
238	294	41	18
245	295	39	18
250	297	39	17
255	295	38	17
261	295	38	18
266	295	38	18
272	294	38	18
278	293	37	16
284	295	36	17
288	294	37	17
294	293	37	18
299	292	38	18
303	293	39	17
310	292	38	18
315	291	39	17
320	292	39	16
327	293	37	16
331	292	40	17
338	290	38	17
345	292	37	17
349	290	37	19
355	289	38	18
361	290	36	19
366	291	37	19
365	288	41	21
310	287	50	23
252	267	87	43
228	283	69	26
252	285	41	21
247	287	46	17
247	288	49	17
255	287	45	18
269	287	36	17
274	288	36	16
278	288	37	16
285	286	36	17
291	286	37	17
296	286	37	18
303	287	36	17
308	286	36	18
314	287	36	17
319	287	37	18
324	286	39	19
331	286	37	18
336	287	39	18
343	286	39	19
350	285	38	19
355	285	39	19
362	286	39	19
362	284	45	22
372	283	41	21
376	285	42	19
338	284	55	21
301	269	78	37
333	180	136	120
235	428	261	83
244	427	256	83
251	423	253	86
245	422	256	78
242	426	254	80
238	421	258	86
237	425	258	84
236	422	262	84
239	423	258	85
240	419	258	84
243	425	256	81
242	422	255	84
244	420	255	85
246	423	253	80
240	423	258	79
243	423	255	84
244	422	255	82
243	424	256	80
242	422	256	85
245	420	255	87
245	424	254	84
240	417	262	86
240	424	257	83
244	422	253	86
244	422	255	85
245	421	253	83
243	424	252	79
241	421	255	89
239	422	261	86
242	422	256	86
242	417	256	92
239	418	255	89
238	424	260	85
242	422	256	84
244	419	256	88
244	423	252	84
241	422	257	86
243	421	258	85
243	423	254	82
243	422	258	84
242	422	259	87
243	420	257	89
241	419	258	87
242	425	257	80
231	419	254	85
168	408	251	100
101	413	269	80
26	408	306	78
28	380	261	130
94	179	405	216
51	125	485	380
40	148	538	363
68	211	406	254
41	240	425	235
62	204	508	295
74	199	510	302
36	136	497	348
34	243	485	268
34	233	488	238
45	229	456	241
52	215	436	259
24	192	497	308
34	137	521	365
62	148	446	344
42	161	465	350
34	192	506	319
66	243	434	214
64	169	487	336
53	184	518	305
52	165	506	341
52	147	532	349
90	162	466	349
51	171	502	336
88	154	500	342
27	143	537	368
15	92	600	414
0	75	620	429
191	121	432	192
151	135	416	239
158	126	412	201
177	119	290	190
234	135	327	145
209	125	354	179
145	134	413	263
164	131	353	152
194	138	321	253
166	132	319	147
291	127	299	173
226	134	306	160
213	144	342	216
187	133	388	206
188	139	371	214
155	121	407	272
168	133	395	148
236	129	297	191
182	128	329	180
222	134	305	171
165	139	367	202
166	136	298	143
238	127	333	181
209	141	293	241
175	132	385	207
157	115	336	266
198	130	373	194
192	136	352	274
163	139	350	189
169	130	345	162
212	129	331	219
218	127	316	206
186	127	327	228
166	134	305	164
154	117	402	256
92	97	472	273
74	96	452	255
99	94	367	227
97	93	375	221
113	95	363	209
92	87	390	223
76	93	406	207
95	98	372	197
104	95	341	199
106	95	283	198
43	82	462	323
70	84	396	229
122	93	390	295
97	88	394	216
52	93	415	199
51	84	488	276
69	85	410	260
71	91	395	246
69	92	411	264
74	87	395	280
72	94	431	301
74	89	439	330
94	86	382	275
89	97	437	337
98	83	423	288
106	87	374	239
81	91	380	214
97	90	362	221
64	92	395	214
93	84	388	272
108	87	405	271
92	88	405	324
117	93	338	202
100	82	363	243
107	92	356	197
101	84	356	257
104	94	300	192
46	91	454	322
97	85	339	272
21	66	547	415
0	94	608	257
403	178	236	200
379	180	250	207
380	178	255	212
390	176	245	204
362	178	267	223
343	178	284	262
372	178	263	213
372	178	261	213
373	176	259	211
368	177	264	212
358	178	271	236
336	177	293	257
382	180	253	207
382	176	251	198
363	178	265	220
344	177	283	268
360	177	274	220
351	175	278	258
379	177	256	208
374	177	260	201
369	175	262	205
372	177	259	208
366	177	266	214
355	177	274	242
357	179	274	229
