0.008020
0.027700
0.051195
0.074875
0.060438
0.039238
0.041064
0.040830
0.041487
0.046709
0.048941
0.073121
0.081703
0.089587
0.071083
0.042063
0.071098
0.049918
0.059957
0.042154
0.041606
0.043056
0.044835
0.049299
0.076477
0.085188
0.087310
0.055773
0.051760
0.080438
0.058131
0.047427
0.042097
0.040778
0.055789
0.057665
0.086028
0.079333
0.090053
0.067324
0.043774
0.076512
0.058341
0.041620
0.040557
0.041783
0.049390
0.039845
0.077665
0.084331
0.087971
0.054091
0.043959
0.071409
0.052326
0.049248
0.041381
0.041450
0.045844
0.044680
0.062058
0.081534
0.087874
0.076781
0.047122
0.083495
0.060230
0.051689
0.041405
0.040529
0.041133
0.044617
0.049723
0.079695
0.084074
0.090067
0.068170
0.045130
0.085760
0.052495
0.053125
0.041563
0.044185
0.042346
0.044866
0.050865
0.082719
0.076252
0.086263
0.051862
0.044292
0.035148
0.078410
0.059608
0.044446
0.041614
0.041315
0.041366
0.053549
0.061727
0.086209
0.079746
0.089679
0.048659
0.059118
0.076289
0.056475
0.040126
0.039075
0.076850
0.073313
0.088229
0.088762
0.086755
0.059323
0.044518
0.066869
0.053226
0.046979
0.040861
0.042560
0.042407
0.044894
0.042078
0.053724
0.071647
0.082339
0.089561
0.052927
0.044122
0.042905
0.086028
0.057142
0.041314
0.040314
0.041764
0.042586
0.044896
0.066860
0.083003
0.085046
0.086904
0.046889
0.040329
0.078905
0.055553
0.051562
0.041965
0.042153
0.041857
0.049088
0.079331
0.076017
0.089213
0.065722
0.046591
0.046104
0.076002
0.058543
0.040230
0.044524
0.042208
0.042044
0.042864
0.081172
0.076657
0.089030
0.064013
0.043218
0.084637
0.059491
0.050862
0.037931
0.040561
0.038198
0.042437
0.042469
0.078452
0.081377
0.089195
0.074397
0.047715
0.044923
0.061336
0.049929
0.051941
0.041335
0.041579
0.041764
0.045006
0.058986
0.083523
0.084759
0.085467
0.051577
0.065562
0.064857
0.056559
0.039130
0.039640
0.042582
0.045644
0.044562
0.082609
0.080993
0.089405
0.080827
0.047726
0.086849
0.063186
0.051584
0.043332
0.040383
0.041153
0.054049
0.054242
0.084749
0.079889
0.088594
0.063809
0.048807
0.071377
0.054735
0.050872
0.041076
0.040300
0.042469
0.043157
0.072651
0.081217
0.085663
0.073094
0.045008
0.082027
0.055098
0.053051
0.039360
0.040721
0.041474
0.040639
0.049093
0.065597
0.076242
0.085493
0.085716
0.051893
0.057488
0.069422
0.053601
0.041369
0.041709
0.040351
0.041864
0.045697
0.061311
0.081730
0.082728
0.086487
0.046425
0.055667
0.085961
0.058136
0.041934
0.041364
0.041073
0.046881
0.046093
0.076689
0.081421
0.086709
0.074391
0.047072
0.088474
0.058065
0.052585
0.042156
0.041967
0.041646
0.044588
0.047126
0.080045
0.089319
0.090425
0.066958
0.048757
0.059856
0.051448
0.053697
0.041444
0.042035
0.040959
0.042721
0.052504
0.074600
0.081598
0.087309
0.051630
0.053256
0.088105
0.065104
0.062155
0.042083
0.043003
0.043389
0.049655
0.052616
0.074802
0.081284
0.089231
0.069370
0.043461
0.047608
0.064741
0.057665
0.042247
0.041120
0.041754
0.042316
0.047605
0.045451
0.079686
0.084194
0.089121
0.058892
0.047982
0.084138
0.061804
0.045166
0.038559
0.040577
0.057593
0.054119
0.077366
0.076425
0.087211
0.068321
0.041603
0.045019
0.080014
0.058499
0.045636
0.041626
0.041141
0.043271
0.044179
0.047266
0.071274
0.076008
0.090127
0.082587
0.047324
0.052391
0.076485
0.059273
0.045788
0.043236
0.038569
0.040565
0.042701
0.042152
0.067544
0.079750
0.083063
0.087860
0.051243
0.038892
0.082447
0.053444
0.056670
0.040238
0.040538
0.040442
0.047571
0.042264
0.078058
0.079098
0.087882
0.083875
0.046123
0.070218
0.051723
0.049944
0.047137
0.042948
0.046263
0.046075
0.048363
0.067466
0.074691
0.088342
0.068490
0.045430
0.047573
0.068013
0.055320
0.044504
0.043306
0.042073
0.047666
0.044714
0.074346
0.088797
0.089730
0.081322
0.044854
0.051486
0.054517
0.042415
0.041959
0.041981
0.041187
0.043717
0.042684
0.051480
0.069289
0.079132
0.086038
0.059295
0.052189
0.074981
0.052692
0.042134
0.039228
0.041326
0.042693
0.048102
0.075890
0.075549
0.088099
0.077489
0.044402
0.082109
0.062164
0.054929
0.041696
0.040774
0.040762
0.040505
0.043798
0.073298
0.077443
0.083716
0.088969
0.048348
0.042465
0.050050
0.068573
0.054990
0.043496
0.043269
0.041807
0.045269
0.042398
0.063919
0.083144
0.080286
0.086273
0.048290
0.045277
0.079625
0.050722
0.040698
0.040103
0.040486
0.040720
0.069280
0.055045
0.053014
0.076319
0.084064
0.089155
0.050512
0.043397
0.077545
0.059591
0.042362
0.042265
0.041117
0.043425
0.048272
0.069216
0.077762
0.089916
0.068292
0.045077
0.086403
0.057890
0.049882
0.040964
0.040460
0.040718
0.043308
0.049634
0.076604
0.081906
0.090899
0.067611
0.055103
0.073194
0.058383
0.053102
0.041409
0.041134
0.044537
0.045266
0.064631
0.077589
0.084502
0.084832
0.046816
0.056433
0.085867
0.055938
0.048830
0.042327
0.041126
0.041750
0.044925
0.046942
0.077235
0.073901
0.086934
0.075901
0.050200
0.050869
0.070428
0.057715
0.040220
0.044079
0.041799
0.042156
0.046275
0.067583
0.079566
0.081027
0.085650
0.046796
0.042917
0.086088
0.051440
0.053105
0.040405
0.040590
0.041168
0.042296
0.042319
0.063507
0.078618
0.082186
0.088950
0.051510
0.045249
0.072610
0.061137
0.056849
0.043138
0.044823
0.040742
0.039771
0.049286
0.063924
0.082772
0.088376
0.084037
0.051505
0.048348
0.077852
0.057179
0.047032
0.043242
0.039324
0.042295
0.046603
0.064882
0.084339
0.081906
0.089674
0.053978
0.038654
0.075865
0.054907
0.043117
0.042596
0.041649
0.043326
0.042718
0.063481
0.085740
0.085365
0.084414
0.054449
0.050751
0.054803
0.046483
0.042783
0.040994
0.041195
0.041771
0.048725
0.072604
0.079937
0.089554
0.067352
0.043329
0.041144
0.072882
0.055028
0.044320
0.041309
0.040456
0.040923
0.041514
0.046275
0.085770
0.080822
0.089396
0.056852
0.045599
0.073389
0.050679
0.046621
0.042287
0.041497
0.039274
0.044884
0.042919
0.078593
0.085100
0.088883
0.059079
0.035025
0.083614
0.053193
0.052028
0.041679
0.041300
0.041428
0.045456
0.048097
0.082250
0.082308
0.089067
0.061939
0.053397
0.070678
0.049998
0.045264
0.041652
0.040176
0.042065
0.045279
0.084855
0.082645
0.088528
0.064684
0.047264
0.062573
0.057895
0.053119
0.041877
0.041675
0.042114
0.048965
0.044989
0.073940
0.076570
0.089556
0.067549
0.045616
0.079394
0.056348
0.053705
0.042524
0.042362
0.042973
0.049529
0.068389
0.087983
0.089312
0.088374
0.057304
0.054364
0.057756
0.058140
0.044104
0.038653
0.055326
0.043688
0.085376
0.088506
0.087098
0.069956
0.043461
0.082696
0.052155
0.045130
0.042025
0.043161
0.046777
0.042028
0.069224
0.086669
0.088424
0.083312
0.046563
0.052650
0.068772
0.050687
0.041104
0.040225
0.041382
0.043959
0.045007
0.073144
0.077384
0.089582
0.070926
0.046117
0.054629
0.077354
0.063037
0.053253
0.039574
0.041487
0.042547
0.045197
0.070962
0.086116
0.083727
0.089543
0.068985
0.044575
0.071205
0.053228
0.058520
0.043218
0.043381
0.043802
0.045807
0.056763
0.081324
0.084380
0.088560
0.051032
0.052884
0.077746
0.064271
0.040048
0.037751
0.040950
0.048936
0.039831
0.080584
0.077719
0.089534
0.074528
0.046176
0.056153
0.084844
0.056219
0.047509
0.041878
0.042140
0.044548
0.045655
0.075071
0.085968
0.087184
0.089134
0.044871
0.046870
0.081559
0.056338
0.050531
0.047561
0.041839
0.040485
0.043187
0.048495
0.074048
0.080349
0.085708
0.080734
0.048912
0.044397
0.077383
0.056436
0.039080
0.038931
0.042559
0.048239
0.070170
0.086835
0.089292
0.076086
0.044330
0.041531
0.081426
0.051104
0.055247
0.043540
0.040679
0.048271
0.041077
0.081377
0.073294
0.089765
0.069855
0.044705
0.077885
0.054792
0.046750
0.041302
0.041406
0.040767
0.053925
0.076155
0.080386
0.088076
0.061646
0.047003
0.067212
0.058976
0.041107
0.041638
0.041229
0.042027
0.044866
0.061561
0.083362
0.082291
0.084598
0.048113
0.051890
0.066496
0.061334
0.039874
0.041722
0.040242
0.042556
0.044496
0.080751
0.072122
0.089833
0.076059
0.045276
0.085161
0.054926
0.051142
0.041280
0.041379
0.043835
0.055673
0.062694
0.087788
0.076526
0.088329
0.050803
0.048946
0.069990
0.053381
0.044209
0.040679
0.040076
0.040600
0.046451
0.060005
0.085234
0.083395
0.088240
0.051407
0.051840
0.079664
0.057086
0.047185
0.044501
0.040892
0.041517
0.039383
0.047463
0.080668
0.083180
0.090787
0.070812
0.046757
0.037208
0.050068
0.044831
0.051140
0.045767
0.043672
0.033311
0.036732
0.055225
0.046862
0.046119
0.052010
0.051494
0.052244
0.051211
0.052126
0.049802
0.049647
0.048990
0.047845
0.037548
0.037132
0.037025
0.038019
0.036936
0.038453
0.033928
0.045082
0.028603
0.037236
0.042984
0.037970
0.032155
0.034086
0.038931
0.036680
0.036630
0.037903
0.033913
0.039828
0.035484
0.039474
0.032248
0.031861
0.031755
0.061834
0.048753
0.055815
0.066308
0.067980
0.061130
0.065791
0.054494
0.065829
0.073742
0.070107
0.065471
0.066653
0.055993
0.051928
0.058087
0.050020
0.056804
0.047541
0.049777
0.047786
0.037228
0.037596
0.039109
0.037897
0.034378
0.041887
0.040485
0.035699
0.036532
0.037336
0.072002
0.084142
0.085473
0.084350
0.083097
0.085695
0.082488
0.083239
0.085128
0.085571
0.083143
0.084469
0.088673
0.085652
0.085228
0.072034
0.054003
0.038663
0.041569
0.040848
0.039904
0.058505
0.080317
0.058803
0.054591
0.038832
0.042741
0.042428
0.037204
0.038808
0.056936
0.076225
0.050890
0.042331
0.041372
0.042621
0.042581
0.039469
0.086899
