0.008770
0.046689
0.042985
0.034737
0.039745
0.057379
0.041063
0.083597
0.086317
0.085842
0.072106
0.045814
0.065715
0.053390
0.076280
0.037408
0.039009
0.037960
0.049524
0.038979
0.064340
0.071788
0.084405
0.082965
0.044662
0.045160
0.078653
0.054462
0.043764
0.039721
0.049240
0.033593
0.043231
0.046502
0.050133
0.075210
0.079892
0.085404
0.048397
0.044620
0.077880
0.060279
0.051901
0.040601
0.039243
0.041840
0.047935
0.060107
0.082566
0.083065
0.087286
0.053295
0.036944
0.082254
0.052164
0.054651
0.043909
0.044603
0.042298
0.038732
0.045376
0.077357
0.077703
0.091666
0.060855
0.039819
0.062947
0.051250
0.063239
0.032812
0.034293
0.051899
0.049442
0.062785
0.086781
0.086751
0.085892
0.047914
0.049064
0.079800
0.045710
0.039278
0.040537
0.039647
0.044680
0.039973
0.076231
0.079107
0.088008
0.066049
0.044661
0.068182
0.045933
0.067689
0.040603
0.041655
0.039754
0.039054
0.041503
0.081044
0.078595
0.086915
0.073019
0.046308
0.040724
0.083727
0.042778
0.047843
0.037281
0.037927
0.035293
0.043788
0.055992
0.078601
0.084112
0.090824
0.045159
0.047850
0.077883
0.060240
0.046843
0.048073
0.034590
0.041800
0.059737
0.087135
0.080569
0.084213
0.047100
0.047512
0.066284
0.051129
0.075304
0.044718
0.042066
0.040099
0.046223
0.080595
0.086949
0.084262
0.083239
0.044050
0.080619
0.049045
0.044114
0.040429
0.040285
0.041301
0.044617
0.040583
0.063947
0.074111
0.084029
0.078035
0.045900
0.046964
0.053990
0.047894
0.043398
0.041784
0.032474
0.043126
0.062433
0.078894
0.087923
0.069287
0.041130
0.077413
0.051999
0.046036
0.042438
0.039152
0.039315
0.057045
0.058814
0.081920
0.078424
0.088570
0.053540
0.049366
0.067749
0.049935
0.043705
0.038988
0.039601
0.050329
0.041247
0.066107
0.083128
0.084646
0.086356
0.060402
0.049103
0.064741
0.056466
0.079340
0.040014
0.040282
0.040577
0.040854
0.045140
0.053969
0.081060
0.083372
0.087097
0.053543
0.045768
0.074462
0.056845
0.053485
0.044473
0.037644
0.044511
0.044870
0.062742
0.076254
0.087846
0.085672
0.049037
0.046046
0.074921
0.056754
0.052037
0.043625
0.038939
0.040620
0.040486
0.039860
0.041589
0.047042
0.076342
0.080914
0.090506
0.073389
0.041268
0.052987
0.069645
0.051593
0.040606
0.041741
0.039049
0.044630
0.044393
0.070971
0.073455
0.089064
0.065705
0.039090
0.073565
0.049107
0.045188
0.042329
0.033030
0.039432
0.040817
0.053934
0.078489
0.082789
0.075299
0.044568
0.074685
0.052814
0.046748
0.040432
0.040606
0.040858
0.040636
0.041055
0.059043
0.078955
0.081096
0.082282
0.036233
0.042144
0.066253
0.048938
0.040533
0.040833
0.039896
0.044449
0.066340
0.066362
0.089676
0.071682
0.038390
0.083764
0.059877
0.046336
0.039987
0.042116
0.038074
0.048303
0.069880
0.076416
0.095330
0.068782
0.036571
0.065880
0.045098
0.046280
0.040528
0.040669
0.038274
0.039538
0.042937
0.080754
0.086922
0.086884
0.071894
0.048897
0.041038
0.081891
0.056279
0.045381
0.041183
0.038420
0.062093
0.039902
0.081346
0.079796
0.087987
0.061669
0.043748
0.068157
0.044548
0.046815
0.039312
0.039067
0.040033
0.052423
0.078539
0.081706
0.086786
0.066064
0.039742
0.071141
0.053110
0.041323
0.040450
0.047073
0.044756
0.033140
0.048112
0.078806
0.080891
0.083866
0.055901
0.044618
0.055715
0.045068
0.038623
0.039231
0.041341
0.039992
0.039979
0.075840
0.077897
0.087019
0.060331
0.055904
0.051564
0.061560
0.057448
0.042423
0.037126
0.039820
0.045197
0.044964
0.058170
0.070078
0.083129
0.080701
0.053345
0.043670
0.077378
0.059171
0.041566
0.041929
0.041706
0.052630
0.045402
0.082232
0.077347
0.087944
0.066688
0.047441
0.066092
0.056383
0.073139
0.042913
0.040695
0.055396
0.043957
0.078812
0.086637
0.085871
0.070041
0.043905
0.075703
0.054090
0.040917
0.040690
0.043811
0.048908
0.041140
0.056892
0.082031
0.084960
0.076770
0.044008
0.036792
0.067438
0.044193
0.045684
0.040397
0.038985
0.039103
0.039188
0.044714
0.060616
0.085580
0.087095
0.086229
0.048296
0.050954
0.070684
0.058394
0.049938
0.039597
0.038525
0.044110
0.043043
0.065292
0.082185
0.081175
0.086731
0.056022
0.038705
0.085277
0.048818
0.057935
0.042671
0.039815
0.049317
0.040897
0.045831
0.069075
0.082235
0.089801
0.065618
0.043558
0.077510
0.055785
0.038987
0.040035
0.043941
0.053975
0.043145
0.076786
0.077895
0.087335
0.062272
0.044642
0.073847
0.057427
0.077921
0.049372
0.032222
0.040834
0.060109
0.057027
0.082309
0.087200
0.086616
0.057240
0.037880
0.067099
0.049969
0.050423
0.040123
0.041590
0.057715
0.046851
0.073705
0.081664
0.087339
0.059895
0.047023
0.057255
0.044254
0.052804
0.037171
0.034717
0.046631
0.033550
0.031683
0.032935
0.048652
0.048137
0.049846
0.053792
0.051046
0.046201
0.049974
0.052226
0.044691
0.046330
0.047987
0.048148
0.036307
0.037044
0.034698
0.037404
0.036571
0.037647
0.030211
0.037221
0.036460
0.035542
0.047899
0.028574
0.046396
0.057214
0.043488
0.036495
0.035278
0.046200
0.035929
0.031642
0.032820
0.033026
0.047784
0.043499
0.045075
0.034351
0.057144
0.050816
0.049447
0.062296
0.079688
0.055039
0.058501
0.080089
0.058239
0.061383
0.081744
0.062903
0.068092
0.056333
0.062091
0.061038
0.044962
0.059453
0.072538
0.067457
0.053109
0.050947
0.039326
0.033764
0.033528
0.036723
0.034872
0.035336
0.035442
0.035917
0.034787
0.034513
0.032933
0.035497
0.035581
0.034283
0.035918
0.034365
0.036304
0.033082
0.035339
0.034303
0.036323
0.035760
0.037271
0.032998
0.035438
0.036389
0.035456
0.033028
0.035289
0.034462
0.035535
0.035452
0.036478
0.033960
0.034348
0.026872
0.034183
0.034947
0.034374
0.034928
0.034106
0.036254
0.040135
0.037895
0.032966
0.038109
0.036204
0.032213
0.039192
0.040812
0.069550
0.067843
0.046012
0.040170
0.039902
0.032901
0.046083
0.080921
0.064911
0.055557
0.039688
0.039349
0.042651
0.041868
0.087721
0.064440
0.067665
0.040024
0.040013
0.039185
0.046610
0.085630
0.055757
0.045970
0.037930
0.039547
0.043816
0.041171
0.059486
0.074899
0.062589
0.040326
0.041106
0.039803
0.046896
0.057390
0.079733
0.054240
0.053637
0.041569
0.036642
0.049062
0.036530
0.084044
0.059659
0.063430
0.040329
0.038889
0.039405
0.051939
0.049464
0.077389
0.059604
0.040157
0.039787
0.040144
0.043283
0.038274
0.084443
0.060083
0.047242
0.040363
0.041226
0.043744
0.040187
0.083595
0.067253
0.081800
0.082022
0.039636
0.041014
0.044424
0.037724
0.037092
0.084684
0.060748
0.041250
0.040657
0.041868
0.051397
0.062165
0.066023
0.057297
0.040033
0.039448
0.041526
0.049354
0.082499
0.061377
0.061937
0.041308
0.040818
0.046449
0.038782
0.084409
0.061075
0.053248
0.040262
0.040464
0.054682
0.039790
0.054312
0.083074
0.054174
0.037750
0.039034
0.052244
0.040160
0.084911
0.062103
0.055217
0.043102
0.041900
0.040677
0.042765
0.084024
0.059224
0.053560
0.039534
0.042034
0.040596
0.038782
0.047615
0.081051
0.050673
0.036788
0.040544
0.041246
0.041266
0.050571
0.079065
0.064771
0.083155
0.083438
0.067684
0.039102
0.034196
0.044220
0.039013
0.055950
0.077048
0.049146
0.040756
0.040372
0.041541
0.046417
0.037603
0.035403
0.035280
0.031593
0.036708
0.035659
0.035476
0.036973
0.046481
0.077400
0.059774
0.037314
0.040502
0.042409
0.038844
0.049738
0.080626
0.055743
0.044283
0.039967
0.039531
0.039616
0.038067
0.060225
0.073583
0.059134
0.082109
0.080481
0.039145
0.039312
0.039739
0.041023
0.048630
0.080113
0.057081
0.044492
0.039209
0.040641
0.039693
0.039685
0.056567
0.076880
0.049920
0.037655
0.035988
0.038652
0.041493
0.056608
0.075664
0.053074
0.041532
0.037801
0.039882
0.040533
0.054759
0.077292
0.051266
0.040495
0.038983
0.034361
0.049740
0.039711
0.079583
0.059228
0.085349
0.078919
0.039920
0.041547
0.042287
0.045458
0.046527
0.077650
0.057104
0.040414
0.042672
0.041396
0.044784
0.058671
0.077301
0.051965
0.041718
0.041321
0.040285
0.043235
0.056979
0.077089
0.054170
0.039412
0.040013
0.038805
0.039235
0.038831
0.057857
0.072063
0.050342
0.039194
0.042657
0.040603
0.041904
0.056244
0.073182
0.053029
0.041676
0.039700
0.042969
0.040906
0.055417
0.076976
0.054874
0.042088
0.040194
0.042638
0.048584
0.057856
0.074551
0.066874
0.055964
0.039562
0.039533
0.045164
0.051349
0.079585
0.054254
0.043552
0.041491
0.041198
0.047900
0.056793
0.068085
0.050205
0.040872
0.039517
0.038895
0.049317
0.037886
0.089329
0.061397
0.042135
0.040702
0.039305
0.041906
0.039154
0.084028
0.058024
0.047387
0.039231
0.040333
0.041669
0.035964
0.058131
0.072031
0.069105
0.085567
0.087480
0.049762
0.040146
0.040829
0.040677
0.045022
0.083319
0.059700
0.057243
0.037148
0.039156
0.061188
0.039941
0.083524
0.058169
0.045014
0.041382
0.040355
0.048394
0.039315
0.055536
0.079987
0.048757
0.034549
0.040592
0.040068
0.039420
0.053644
0.078703
0.053616
0.084293
0.084388
0.041075
0.040277
0.041344
0.040658
0.034173
0.065501
0.073390
0.050519
0.041391
0.040652
0.056155
0.044908
0.086452
0.056606
0.050882
0.039962
0.039837
0.046673
0.035218
0.056504
0.071826
0.031231
0.049330
0.043889
0.049212
0.064809
0.040345
0.039038
0.039641
0.035738
0.053922
0.079777
0.047643
0.040084
0.042128
0.062866
0.038612
0.058252
0.076430
0.050075
0.039997
0.039015
0.038844
0.043060
0.036988
0.083390
0.057861
0.042908
0.039181
0.039241
0.057225
0.040799
0.067405
0.065691
0.055594
0.038999
0.039983
0.039877
0.039101
0.040245
0.086456
0.055131
