0.008686
0.033301
0.082204
0.058462
0.043404
0.037995
0.040158
0.050839
0.056521
0.079025
0.055684
0.085105
0.086450
0.081496
0.041531
0.040514
0.047369
0.038790
0.055628
0.086434
0.049826
0.041057
0.041359
0.040231
0.041314
0.043505
0.088037
0.060583
0.048498
0.039011
0.041365
0.043250
0.037604
0.060685
0.080151
0.048957
0.045287
0.040603
0.049869
0.042715
0.061616
0.080088
0.053924
0.038364
0.037005
0.037812
0.037263
0.039400
0.074770
0.066568
0.070369
0.060875
0.039823
0.041738
0.044050
0.041376
0.084213
0.063887
0.079317
0.078542
0.040745
0.042754
0.069306
0.039092
0.088053
0.062620
0.076497
0.079372
0.042701
0.041967
0.040743
0.038028
0.054974
0.082330
0.053948
0.038228
0.037110
0.035842
0.037381
0.037838
0.059762
0.075549
0.053972
0.040801
0.041043
0.040154
0.039692
0.040684
0.085854
0.065419
0.042830
0.040367
0.039351
0.043512
0.039000
0.062979
0.075913
0.048164
0.042264
0.040320
0.040223
0.038227
0.057415
0.080844
0.050402
0.041029
0.041759
0.041887
0.040028
0.037483
0.060908
0.078624
0.054222
0.038717
0.039535
0.040835
0.037987
0.042844
0.086211
0.059280
0.041785
0.040363
0.040529
0.041556
0.040880
0.042719
0.083028
0.060428
0.039750
0.041682
0.041247
0.040322
0.038239
0.055305
0.084397
0.056232
0.041258
0.041360
0.041090
0.040974
0.037436
0.087508
0.062842
0.044931
0.038234
0.040595
0.040656
0.038667
0.058235
0.077720
0.051449
0.040941
0.040225
0.041653
0.040585
0.060506
0.073557
0.053572
0.041406
0.040085
0.042059
0.039541
0.042197
0.090581
0.060761
0.040369
0.040802
0.041168
0.040266
0.039339
0.057987
0.079831
0.049015
0.042243
0.039627
0.041420
0.037332
0.054234
0.079372
0.049805
0.041571
0.040735
0.039390
0.038669
0.067183
0.074972
0.058732
0.039900
0.040284
0.040092
0.041424
0.056129
0.081139
0.057296
0.043022
0.039625
0.040950
0.040108
0.037432
0.044766
0.084358
0.061508
0.041215
0.041331
0.041251
0.040127
0.038549
0.054291
0.083623
0.058947
0.082628
0.049141
0.041708
0.039632
0.042071
0.036942
0.069315
0.074227
0.053550
0.040323
0.041748
0.038619
0.039923
0.088852
0.061756
0.044216
0.040742
0.041278
0.041543
0.043885
0.037360
0.068466
0.075253
0.050656
0.040377
0.037461
0.029769
0.041102
0.043114
0.046409
0.038490
0.086987
0.066475
0.041250
0.040461
0.041845
0.044209
0.038440
0.057651
0.078236
0.054841
0.039115
0.041712
0.041761
0.040139
0.061649
0.081944
0.048963
0.037674
0.039468
0.041285
0.042288
0.038938
0.084372
0.062712
0.048719
0.042605
0.040812
0.041027
0.040586
0.048362
0.084174
0.055974
0.040130
0.042264
0.038604
0.038175
0.057286
0.076974
0.053400
0.042371
0.045969
0.040496
0.037780
0.053193
0.078690
0.057148
0.043761
0.039866
0.040069
0.036509
0.055212
0.080909
0.063583
0.035346
0.039477
0.043144
0.040873
0.086221
0.058579
0.044946
0.042248
0.041191
0.041027
0.038665
0.071745
0.077691
0.051572
0.044078
0.040529
0.042141
0.036052
0.054306
0.084296
0.051881
0.042251
0.040065
0.040765
0.042732
0.038084
0.087577
0.063906
0.069185
0.061965
0.036799
0.041610
0.041360
0.039525
0.037110
0.033225
0.039227
0.035919
0.036076
0.036352
0.053901
0.081059
0.059826
0.040605
0.039547
0.043430
0.048547
0.054879
0.077816
0.061458
0.041842
0.041363
0.041919
0.038096
0.040412
0.058775
0.078904
0.059218
0.041558
0.042390
0.040582
0.040535
0.058672
0.078008
0.054842
0.039506
0.039462
0.040553
0.040862
0.039248
0.086449
0.069452
0.041738
0.040628
0.040896
0.040291
0.036529
0.038227
0.087987
0.060982
0.039757
0.039310
0.039981
0.040399
0.039071
0.058704
0.080983
0.061806
0.083287
0.041041
0.041554
0.041366
0.041391
0.054466
0.083784
0.049707
0.041925
0.039272
0.037643
0.036766
0.060076
0.076002
0.055228
0.036380
0.040457
0.051460
0.038898
0.060794
0.080197
0.058127
0.042137
0.041728
0.041796
0.039162
0.055658
0.081007
0.058864
0.041707
0.041102
0.041944
0.042888
0.046552
0.079638
0.066679
0.046340
0.040700
0.040383
0.045409
0.034697
0.051603
0.081762
0.063061
0.040949
0.040525
0.042308
0.046223
0.042118
0.090726
0.067028
0.040391
0.040887
0.041463
0.042206
0.038315
0.078195
0.070144
0.074858
0.085953
0.053568
0.042966
0.042742
0.041412
0.041539
0.086068
0.058034
0.044613
0.041951
0.041338
0.040815
0.039318
0.055652
0.083367
0.059219
0.042005
0.041381
0.041368
0.040514
0.045269
0.091183
0.062639
0.038409
0.041454
0.041766
0.046070
0.044408
0.088462
0.065707
0.039893
0.042047
0.041863
0.044880
0.060325
0.078034
0.061226
0.042708
0.042181
0.041911
0.039423
0.085523
0.065561
0.069388
0.070366
0.041002
0.042019
0.041278
0.040391
0.043657
0.087417
0.061259
0.039524
0.040348
0.040513
0.040207
0.039011
0.055576
0.084344
0.059329
0.046270
0.042113
0.041809
0.042499
0.041118
0.057956
0.082058
0.051670
0.040697
0.041306
0.041250
0.040500
0.040799
0.055333
0.084607
0.055642
0.042338
0.042583
0.038421
0.040592
0.053831
0.088660
0.054054
0.042719
0.043102
0.040854
0.041928
0.049370
0.084891
0.061045
0.045110
0.041941
0.038997
0.045512
0.056389
0.080746
0.054660
0.042476
0.041870
0.042123
0.041686
0.044184
0.083844
0.058831
0.047940
0.038610
0.040665
0.041213
0.039647
0.052131
0.081992
0.057456
0.042170
0.042944
0.045661
0.040359
0.040627
0.085669
0.061888
0.049738
0.041261
0.039478
0.042731
0.036352
0.086143
0.061832
0.048393
0.040001
0.040418
0.040045
0.038036
0.058446
0.079535
0.060115
0.041176
0.043064
0.050206
0.039756
0.060702
0.079353
0.050425
0.039866
0.041400
0.040846
0.040420
0.052608
0.088201
0.055019
0.041312
0.040504
0.040497
0.038770
0.059199
0.081831
0.049045
0.042547
0.042291
0.042541
0.041646
0.088697
0.064472
0.048677
0.041224
0.042376
0.041351
0.042592
0.075564
0.075495
0.046152
0.041362
0.042587
0.038569
0.038836
0.054863
0.081682
0.075083
0.084520
0.048941
0.041000
0.040128
0.044637
0.053386
0.078261
0.056749
0.043838
0.042180
0.041731
0.042025
0.039858
0.086130
0.061607
0.068865
0.059536
0.041056
0.040818
0.041749
0.036706
0.087700
0.063915
0.045478
0.040708
0.042577
0.042824
0.040465
0.048528
0.085474
0.059263
0.040887
0.042337
0.040004
0.042934
0.036868
0.061003
0.081379
0.052903
0.042662
0.041363
0.040038
0.039954
0.033761
0.086877
0.057418
0.041394
0.039083
0.042118
0.039213
0.039201
0.053598
0.083922
0.057590
0.038838
0.039913
0.041169
0.040522
0.039819
0.084875
0.066407
0.047589
0.040363
0.042284
0.044261
0.036029
0.052137
0.085031
0.056743
0.045634
0.040279
0.045945
0.045284
0.053387
0.081171
0.055200
0.039251
0.041236
0.041317
0.041001
0.039289
0.064404
0.076860
0.053110
0.042372
0.042988
0.042666
0.042329
0.063463
0.078044
0.055638
0.040701
0.041471
0.040050
0.039912
0.041260
0.087963
0.061247
0.044008
0.042016
0.041672
0.041092
0.040853
0.038019
0.075249
0.071445
0.047221
0.041724
0.041208
0.041108
0.044453
0.060358
0.074608
0.051944
0.040436
0.040785
0.040575
0.039524
0.041563
0.088620
0.068378
0.041903
0.041089
0.040884
0.040160
0.040155
0.057679
0.078945
0.054363
0.042057
0.040553
0.058888
0.037191
0.055879
0.078205
0.063083
0.060132
0.039546
0.038883
0.038965
0.040480
0.037546
0.037689
0.039289
0.034998
0.036887
0.036110
0.087541
0.067064
0.044756
0.042215
0.042675
0.042288
0.040346
0.054882
0.082460
0.053376
0.040910
0.040781
0.040513
0.046182
0.059878
0.077827
0.064983
0.081192
0.061669
0.043592
0.044291
0.040812
0.036560
0.052773
0.080643
0.057717
0.040708
0.040757
0.036083
0.039279
0.040244
0.051609
0.084341
0.059449
0.040478
0.041496
0.042495
0.043399
0.040026
0.057061
0.083018
0.054365
0.042137
0.042251
0.042033
0.042687
0.041226
0.061632
0.082345
0.052898
0.042716
0.039404
0.049231
0.035106
0.061645
0.081872
0.058725
0.040837
0.041804
0.042848
0.040086
0.055519
0.083919
0.054555
0.043834
0.042665
0.042673
0.042254
0.042537
0.088363
0.059990
0.044487
0.041546
0.041585
0.039721
0.039873
0.053886
0.083535
0.053920
0.041928
0.042732
0.042579
0.041411
0.039365
0.054902
0.079895
0.058810
0.040569
0.041985
0.041849
0.041468
0.038976
0.086001
0.065764
0.053580
0.042262
0.041824
0.041054
0.039470
0.063491
0.080162
0.056157
0.038899
0.039476
0.040827
0.038108
0.039968
0.088162
0.064491
0.045479
0.042456
0.042429
0.043326
0.041845
0.060774
0.076653
0.049958
0.044202
0.038633
0.040551
0.036177
0.057027
0.084403
0.059515
0.041508
0.041019
0.043600
0.041787
0.037381
0.046941
0.085789
0.062585
0.045259
0.042195
0.041319
0.040015
0.042567
0.059693
0.082100
0.054498
0.039997
0.042167
0.042018
0.043426
0.060156
0.079401
0.053660
0.040885
0.040528
0.041229
0.048009
0.047992
0.085238
0.061541
0.043606
0.042569
0.042230
0.042079
0.039239
0.057520
0.082203
0.054402
0.040533
0.039838
0.040712
0.040505
0.040879
0.059187
0.083537
0.058168
0.039868
0.043876
0.039751
0.039671
0.041719
0.083861
0.063869
0.055614
0.039930
0.039999
0.050959
0.043658
0.092755
0.062094
0.045812
0.038857
0.040840
0.042097
0.039239
0.086194
0.060658
0.074425
0.080989
0.042774
0.042236
0.042063
0.041276
0.039125
0.082188
0.073508
0.044191
0.040470
0.040029
0.041680
0.037296
0.053924
0.081132
0.058537
0.042064
0.042372
0.042256
0.041421
0.038581
0.048145
0.082912
0.063342
0.042690
0.044822
0.044403
0.041469
0.052444
0.077707
0.061624
0.042094
0.042288
0.041836
0.040734
0.047923
0.081107
0.060718
0.041549
0.039926
0.039278
0.040720
0.037985
0.057911
