302 284 18 21
302 285 18 18
301 285 16 17
299 286 18 15
298 286 20 16
298 285 19 16
297 285 17 15
296 286 18 14
296 286 19 16
296 286 18 16
294 286 19 16
294 286 18 15
293 286 18 14
292 286 19 15
292 286 19 14
292 285 19 15
292 286 18 14
292 286 17 14
291 286 19 16
290 285 19 16
290 285 20 16
289 285 19 16
290 285 18 16
289 286 19 15
290 286 17 15
289 286 18 14
289 286 17 14
289 286 17 14
290 286 16 14
289 286 17 14
289 286 17 14
290 286 15 13
290 286 16 13
289 286 15 13
290 286 15 13
290 286 15 13
289 286 16 14
289 286 17 14
289 285 17 15
289 284 18 16
288 285 18 15
289 284 16 15
289 284 16 14
288 284 17 15
288 284 16 13
289 284 16 13
289 283 16 13
288 283 17 15
287 283 18 15
287 283 18 14
287 282 18 15
287 282 18 16
286 281 19 16
286 281 19 17
286 281 20 17
285 281 20 17
285 281 19 16
284 281 19 16
284 282 18 15
284 281 18 17
283 281 19 16
283 281 19 16
283 281 18 16
282 281 19 17
282 281 19 17
281 281 19 16
281 281 18 16
280 281 18 17
279 280 18 17
279 281 18 16
279 281 18 17
278 281 18 16
278 281 18 16
277 282 19 16
276 281 19 17
275 282 20 16
276 282 19 16
275 282 18 15
275 282 18 16
275 283 18 16
275 283 17 16
275 283 17 15
275 283 17 15
275 283 16 15
275 284 16 15
274 284 18 15
274 283 19 16
274 284 19 16
274 284 18 15
275 284 18 16
275 284 17 15
275 284 18 15
275 284 19 17
275 284 20 17
276 285 19 17
277 285 18 16
277 286 18 16
277 286 19 16
278 286 18 17
279 286 17 17
279 286 19 17
280 287 18 16
280 287 19 17
280 287 20 17
281 287 19 17
283 288 18 15
284 288 18 17
284 289 18 16
284 289 19 17
285 289 18 15
287 290 17 15
288 290 17 15
289 291 17 15
290 292 17 15
291 292 17 15
293 292 16 14
293 292 18 15
293 292 19 16
295 293 18 16
296 293 17 16
297 294 16 15
298 294 16 15
299 294 16 16
300 295 18 16
300 295 18 16
302 295 16 16
303 295 15 16
304 297 17 16
305 297 17 17
306 297 17 17
307 298 17 16
308 298 17 16
309 299 17 16
310 300 16 15
311 301 16 15
312 301 16 15
312 302 17 15
313 302 18 15
314 303 17 15
315 303 17 15
317 304 16 15
317 304 17 16
318 305 16 15
319 305 17 15
319 306 18 14
320 307 18 14
322 307 18 14
324 308 16 14
324 309 17 14
325 310 17 13
326 310 16 14
327 310 16 13
329 311 15 14
329 311 15 14
330 312 16 15
331 312 15 14
332 313 15 13
332 314 16 13
334 313 15 14
334 297 16 15
335 298 17 14
336 299 16 14
337 300 16 14
338 300 16 14
339 301 16 14
340 302 16 14
341 302 17 15
342 303 17 14
343 303 17 15
345 304 17 15
346 305 17 15
347 305 18 16
348 306 17 14
349 306 18 14
351 307 17 14
352 307 17 15
354 309 15 13
355 309 15 13
349 310 18 14
312 311 20 13
312 311 20 13
312 311 20 13
312 311 20 13
312 311 20 13
312 311 20 13
312 311 20 13
312 311 20 13
312 311 20 13
312 311 20 13
312 311 20 13
312 311 20 13
312 311 20 13
312 311 20 13
312 311 20 13
312 311 20 13
312 311 20 13
312 311 20 13
312 311 20 13
312 311 20 13
312 311 20 13
312 311 20 13
312 311 20 13
312 311 20 13
312 311 20 13
312 311 20 13
312 311 20 13
312 311 20 13
312 311 20 13
312 311 20 13
312 311 20 13
312 311 20 13
312 311 20 13
312 311 20 13
312 311 20 13
312 311 20 13
312 311 20 13
312 311 20 13
312 311 20 13
312 311 20 13
312 311 20 13
312 311 20 13
312 311 20 13
312 311 20 13
281 273 15 16
281 267 17 15
284 268 16 16
285 268 17 16
287 269 17 15
289 270 17 16
291 270 18 16
293 271 17 16
296 272 17 15
298 272 18 15
300 272 18 16
303 273 17 15
305 273 17 16
307 275 16 14
309 275 16 16
311 276 16 16
313 276 17 16
314 276 18 17
317 278 19 16
319 278 18 17
322 279 17 17
323 279 17 17
325 280 18 17
327 281 19 17
329 281 18 17
333 283 16 15
334 283 17 15
337 284 16 16
340 285 15 15
342 286 17 16
344 286 17 15
345 287 17 16
347 287 18 17
350 288 17 16
353 289 17 15
356 290 17 17
357 290 18 17
360 292 18 16
362 293 19 16
365 293 17 16
367 294 17 16
370 295 17 16
372 296 17 14
375 297 16 15
377 297 17 15
379 298 18 14
382 299 17 14
385 300 16 14
387 301 16 14
389 301 17 14
391 302 17 14
394 303 17 14
397 304 16 14
399 304 17 15
398 306 17 13
366 307 20 14
329 306 17 16
329 306 17 16
329 306 17 16
329 306 17 16
329 306 17 16
329 306 17 16
329 306 17 16
329 306 17 16
329 306 17 16
329 306 17 16
329 306 17 16
329 306 17 16
329 306 17 16
329 306 17 16
329 306 17 16
329 306 17 16
329 306 17 16
329 306 17 16
329 306 17 16
329 306 17 16
329 306 17 16
329 306 17 16
329 306 17 16
329 306 17 16
329 306 17 16
329 306 17 16
329 306 17 16
329 306 17 16
329 306 17 16
329 306 17 16
329 306 17 16
329 306 17 16
329 306 17 16
329 306 17 16
290 279 17 18
288 280 17 17
291 280 16 16
293 281 17 16
295 282 17 16
298 282 17 17
300 283 18 18
303 283 18 17
305 284 19 17
308 285 17 17
311 286 17 16
314 287 18 16
316 287 17 17
319 288 18 16
321 289 18 15
325 290 17 14
327 290 17 15
329 291 17 14
332 292 17 15
334 292 17 15
337 294 17 15
339 294 16 15
341 295 17 15
344 296 16 15
346 296 17 15
348 297 17 15
350 298 17 14
351 299 17 14
354 300 16 15
356 301 16 14
359 301 15 15
361 302 15 16
362 303 16 15
365 304 16 14
367 305 15 14
367 306 16 14
370 307 17 15
373 308 15 13
374 308 16 14
377 309 15 15
377 309 16 16
380 310 17 15
381 311 16 15
383 312 16 14
385 313 15 14
386 303 16 17
389 282 17 17
390 260 16 18
390 257 19 16
393 259 16 15
394 260 17 14
396 261 16 14
397 262 17 14
399 263 17 15
401 263 17 16
402 264 17 16
376 265 22 15
334 266 19 16
297 268 16 13
264 269 15 14
263 269 17 15
267 270 16 16
266 270 16 15
267 271 15 15
268 272 16 15
268 273 17 16
271 274 15 15
271 275 17 16
273 275 17 15
274 276 18 16
275 277 18 17
276 278 19 16
277 279 18 16
280 280 17 17
281 280 17 16
282 281 18 15
283 282 17 15
285 283 17 15
287 284 16 15
288 285 16 15
289 286 16 15
290 286 17 16
292 287 17 17
293 287 17 16
293 288 19 18
294 288 19 17
295 290 20 17
297 291 18 16
299 292 18 15
301 293 17 14
303 294 16 14
304 294 15 14
306 295 15 15
307 295 16 16
307 297 17 15
281 298 21 15
242 298 18 15
242 298 18 15
242 298 18 15
242 298 18 15
242 298 18 15
242 298 18 15
242 298 18 15
242 298 18 15
242 298 18 15
242 298 18 15
242 298 18 15
242 298 18 15
242 298 18 15
204 261 18 15
198 260 18 14
199 260 18 14
199 261 19 15
200 261 19 15
201 262 20 15
204 262 19 16
205 264 19 16
206 264 18 16
208 265 17 15
209 266 17 15
210 267 18 15
211 268 18 15
212 269 18 14
215 269 17 14
216 270 18 14
217 271 17 14
219 272 17 14
220 273 17 14
221 273 17 14
222 275 17 14
224 276 17 14
225 276 17 15
225 277 18 15
228 278 16 14
229 278 16 16
230 280 16 14
232 280 16 14
232 281 16 14
234 282 16 14
235 283 16 14
236 284 17 14
236 285 17 14
238 286 17 14
239 287 17 15
239 287 17 15
240 287 17 16
241 288 18 16
242 290 18 15
244 291 17 14
245 292 17 13
245 292 18 14
247 293 16 13
248 294 16 13
248 295 16 13
248 295 18 14
250 296 16 15
250 297 17 15
251 298 17 15
251 298 17 16
252 300 16 14
252 300 18 15
253 302 16 14
253 302 17 14
253 303 17 14
254 303 17 14
255 304 17 14
255 305 17 15
256 306 16 14
256 307 16 13
256 307 16 13
257 308 16 14
256 309 16 13
256 309 16 14
257 310 17 16
257 311 16 15
257 311 17 16
258 312 17 16
258 312 16 16
259 313 15 16
259 315 16 14
259 316 16 13
258 317 16 13
259 312 16 16
258 289 18 19
258 267 19 20
257 256 20 19
258 258 18 18
259 260 18 17
258 261 17 15
259 262 17 15
259 263 17 14
258 264 17 14
258 265 17 14
259 265 16 14
259 266 16 16
259 267 16 14
259 268 15 15
259 269 16 14
258 269 16 15
258 270 16 14
257 270 17 16
258 271 17 16
258 271 17 17
258 272 17 16
258 274 18 16
257 274 17 16
258 275 15 15
259 277 14 13
259 278 14 13
258 278 16 14
258 279 16 15
258 279 16 15
256 281 17 15
257 281 17 15
256 282 18 15
255 283 18 16
255 284 17 14
255 285 18 14
255 286 18 14
255 286 17 16
255 287 17 16
254 288 18 16
254 289 17 15
254 290 17 15
254 291 17 15
254 292 17 15
253 292 17 14
252 293 17 15
252 294 17 14
251 295 18 15
250 295 18 16
249 296 18 15
248 297 17 15
247 297 17 15
246 299 18 14
245 300 18 14
244 300 18 14
243 301 18 14
242 302 18 14
241 302 19 14
239 303 20 15
239 304 17 16
238 304 17 16
237 305 16 16
236 306 16 14
234 308 17 13
233 309 17 14
231 309 17 14
231 310 15 14
232 311 18 14
266 312 20 15
306 313 18 15
343 311 18 17
355 313 19 15
351 314 18 16
351 315 18 15
350 316 19 16
350 317 18 15
348 298 18 19
347 276 19 20
345 254 20 19
344 249 17 17
342 250 18 17
341 252 18 15
340 254 17 15
338 254 19 16
337 255 17 16
335 256 18 16
334 257 17 16
333 257 16 16
331 258 17 16
330 260 16 15
328 261 16 14
327 262 15 14
325 263 15 14
323 264 17 14
321 264 18 14
319 266 18 15
318 266 18 14
316 267 18 14
315 268 17 14
314 269 16 14
312 269 16 16
310 270 17 17
308 270 18 18
306 272 17 16
305 273 17 16
303 274 16 15
302 275 16 15
300 276 17 14
298 276 19 16
297 277 17 15
296 279 16 15
294 279 16 16
293 280 17 15
290 280 18 16
288 282 17 16
287 282 17 17
286 283 16 16
284 284 16 15
281 285 17 17
280 286 17 15
278 287 17 16
277 288 17 16
274 288 17 16
272 289 17 15
271 290 17 14
269 291 17 14
267 292 16 14
265 293 18 14
263 293 18 14
261 294 18 14
260 295 18 14
258 296 17 14
256 296 17 15
254 298 18 15
252 299 18 15
251 300 18 14
249 301 16 15
247 301 18 16
246 302 17 17
244 303 18 15
241 304 18 15
240 305 17 15
239 305 17 16
237 306 17 15
235 308 18 14
232 309 19 14
231 310 18 14
230 310 17 14
228 311 18 15
225 311 18 15
224 312 18 14
222 313 17 14
220 314 18 14
219 314 16 14
217 315 17 13
215 316 16 14
215 317 17 14
239 319 19 12
277 318 16 12
277 318 16 12
277 318 16 12
277 318 16 12
277 318 16 12
277 318 16 12
277 318 16 12
277 318 16 12
277 318 16 12
277 318 16 12
277 318 16 12
277 318 16 12
277 318 16 12
277 318 16 12
277 318 16 12
277 318 16 12
277 318 16 12
277 318 16 12
277 318 16 12
277 318 16 12
277 318 16 12
277 318 16 12
277 318 16 12
277 318 16 12
277 318 16 12
277 318 16 12
277 318 16 12
308 287 13 11
310 282 14 13
308 283 15 12
305 283 17 14
304 284 16 14
303 285 15 15
301 286 15 15
299 287 15 15
296 287 15 15
294 288 16 15
292 289 16 15
289 288 18 16
288 290 17 15
287 291 16 15
285 292 16 14
283 293 16 12
281 293 16 13
280 294 15 13
278 294 16 13
275 295 16 14
273 295 16 15
272 296 16 14
270 297 16 14
268 298 15 13
266 298 16 14
264 299 15 13
262 300 15 14
260 301 16 14
258 302 16 14
257 302 15 13
255 303 15 13
254 298 14 15
250 275 16 17
248 255 17 17
247 256 15 16
245 257 16 16
243 258 16 16
241 259 17 15
239 260 18 15
253 260 22 14
296 262 19 15
330 262 15 14
323 262 15 16
319 262 17 17
320 263 17 16
319 264 17 17
317 264 17 16
316 265 16 15
314 266 17 15
313 267 16 14
311 268 15 14
310 269 15 14
308 270 14 13
306 270 15 14
305 270 15 14
303 270 16 16
301 271 16 16
299 272 16 16
297 272 17 16
295 273 16 16
293 274 17 16
291 274 17 15
290 275 16 15
289 276 15 14
287 277 14 14
285 277 16 14
284 278 16 14
282 279 14 14
280 279 15 14
278 279 16 17
276 280 16 16
274 281 17 16
273 281 16 16
271 282 18 16
293 283 22 15
335 283 20 16
374 280 22 21
420 284 20 18
417 285 17 18
414 285 17 19
414 287 16 16
413 287 17 15
412 286 18 16
410 264 17 17
408 242 18 18
407 226 16 16
405 228 18 15
403 229 16 15
402 230 17 15
401 231 17 15
399 231 17 16
398 232 16 15
396 232 15 14
395 233 16 15
393 234 16 14
390 234 17 14
389 234 17 14
388 235 17 14
386 236 15 13
382 237 16 13
350 237 18 15
350 237 18 15
350 237 18 15
350 237 18 15
350 237 18 15
350 237 18 15
350 237 18 15
350 237 18 15
350 237 18 15
350 237 18 15
350 237 18 15
350 237 18 15
350 237 18 15
350 237 18 15
350 237 18 15
350 237 18 15
350 237 18 15
350 237 18 15
350 237 18 15
350 237 18 15
350 237 18 15
350 237 18 15
350 237 18 15
350 237 18 15
350 237 18 15
350 237 18 15
350 237 18 15
350 237 18 15
350 237 18 15
350 237 18 15
350 237 18 15
350 237 18 15
350 237 18 15
350 237 18 15
350 237 18 15
350 237 18 15
350 237 18 15
350 237 18 15
350 237 18 15
350 237 18 15
313 271 16 16
307 267 15 15
306 269 15 15
304 270 17 15
303 271 17 16
302 272 16 16
301 272 17 17
299 273 17 17
298 274 16 15
297 275 15 15
294 276 17 15
293 276 16 15
292 277 15 14
290 278 17 15
288 278 18 16
287 278 18 16
286 279 17 16
284 279 16 18
283 280 16 16
281 282 17 16
280 282 17 16
278 284 18 16
277 285 18 15
275 285 17 15
274 286 16 15
273 287 16 15
272 287 16 15
270 288 17 15
269 289 17 15
268 290 17 14
267 291 16 14
265 292 16 14
263 293 15 13
262 294 16 14
261 294 17 14
265 295 19 14
301 296 17 16
301 296 17 16
301 296 17 16
301 296 17 16
301 296 17 16
301 296 17 16
301 296 17 16
301 296 17 16
301 296 17 16
301 296 17 16
301 296 17 16
301 296 17 16
301 296 17 16
301 296 17 16
301 296 17 16
301 296 17 16
301 296 17 16
301 296 17 16
301 296 17 16
301 296 17 16
301 296 17 16
301 296 17 16
338 309 14 18
347 310 14 17
345 312 16 15
343 312 16 16
342 313 16 14
340 298 17 17
339 275 16 18
337 269 17 18
335 270 17 17
334 271 17 17
334 272 15 15
332 274 17 15
331 274 16 14
330 274 15 14
328 275 16 14
327 275 16 14
326 276 16 14
325 275 15 14
323 275 16 14
322 276 13 13
320 275 16 14
319 275 16 14
318 275 16 14
317 274 16 15
316 274 15 15
314 274 16 15
312 272 17 16
311 272 15 15
310 272 16 17
309 271 16 17
308 271 15 16
306 270 15 16
304 269 16 15
303 268 16 15
302 266 17 15
301 265 17 15
300 264 16 15
298 262 17 16
297 262 16 16
295 261 17 16
294 259 17 16
293 259 18 17
292 257 16 16
291 255 18 17
289 254 19 18
287 252 18 18
286 251 18 15
286 250 16 15
285 248 16 15
284 246 16 16
282 244 17 16
280 242 18 16
279 240 18 17
277 239 18 15
277 236 17 16
275 235 18 16
273 232 18 15
272 231 19 17
271 229 18 16
270 227 18 16
270 225 16 17
268 223 17 14
266 221 17 14
265 227 16 16
264 247 15 17
263 267 16 18
261 269 17 17
260 267 18 15
259 265 18 15
257 262 18 16
257 260 16 15
255 258 16 16
254 256 16 16
253 254 17 14
251 251 16 14
250 249 17 14
249 246 17 14
248 244 16 16
246 241 17 15
244 239 18 14
243 237 19 14
241 234 19 15
240 231 18 16
257 227 21 18
302 226 18 17
343 223 15 18
379 220 15 20
392 217 18 17
388 228 15 17
388 248 15 17
389 269 14 16
387 271 15 15
385 268 15 14
385 266 14 14
383 263 17 14
381 259 17 16
380 257 17 17
378 254 17 15
377 252 15 14
375 267 15 15
374 287 17 16
372 288 17 16
371 285 16 16
370 283 16 14
368 280 17 14
367 277 16 15
366 275 16 15
364 272 17 15
362 269 17 16
361 267 15 14
359 264 17 15
357 261 17 14
356 259 17 14
355 256 16 16
354 254 15 15
351 251 17 16
320 249 23 14
279 247 23 17
234 244 23 17
191 238 20 20
170 239 20 17
171 236 21 16
