330 247 65 31
336 247 63 26
340 246 60 26
344 252 61 28
348 261 59 24
353 269 58 26
358 277 57 23
362 285 56 22
366 292 55 23
368 300 58 24
371 307 59 23
375 303 58 25
368 301 60 25
351 298 61 25
334 296 62 25
319 294 59 26
301 292 60 24
284 291 61 22
275 288 58 23
281 286 58 24
286 284 59 25
291 281 59 26
295 279 59 25
300 277 54 24
301 275 60 25
306 272 58 25
311 269 55 25
315 267 56 23
320 264 53 24
322 262 56 24
324 259 58 24
327 257 57 24
332 253 55 25
333 251 56 25
335 243 55 29
338 231 54 28
340 218 52 27
340 206 55 26
340 202 58 24
341 201 59 23
339 198 60 23
326 196 58 22
304 193 60 22
285 189 61 24
267 186 60 25
266 184 56 24
270 183 57 23
271 181 58 24
273 181 56 22
274 179 55 22
275 179 55 22
277 178 54 21
275 176 56 22
276 176 57 21
279 175 55 23
279 173 55 25
279 173 57 23
281 173 55 22
280 171 57 24
282 162 57 26
284 152 56 25
285 140 55 27
287 136 55 24
289 138 54 22
290 137 55 23
291 137 54 23
292 137 57 22
295 137 55 22
297 136 54 23
298 137 55 22
299 138 56 22
302 138 55 22
304 138 56 23
306 139 55 21
308 140 57 22
311 142 56 20
313 142 56 21
314 142 56 21
310 143 59 22
292 143 63 23
270 144 67 23
250 144 70 27
233 142 71 36
235 142 67 37
235 141 75 41
236 142 81 41
240 144 76 35
246 145 69 35
250 148 66 31
249 148 71 30
251 149 73 30
251 147 76 33
254 140 76 30
258 130 76 31
264 123 72 26
269 125 70 24
271 127 72 24
281 129 65 22
284 130 64 22
288 132 63 21
291 133 63 21
300 134 59 21
303 134 59 21
308 136 58 21
311 135 59 22
315 137 59 21
319 137 58 22
323 138 58 22
324 138 61 22
330 139 58 22
334 141 58 21
340 141 57 22
344 142 57 21
349 143 57 23
354 143 56 23
357 145 58 22
360 145 59 22
367 146 58 22
373 148 56 22
376 148 57 22
371 150 59 21
354 149 60 23
336 150 63 25
321 151 64 25
306 152 62 23
292 154 61 23
282 156 59 21
287 156 60 22
294 157 60 24
298 158 62 25
295 159 61 24
280 161 60 23
264 162 61 26
247 162 62 27
245 164 58 25
254 165 58 25
259 166 60 26
267 167 58 26
271 169 60 25
277 171 60 24
277 172 62 25
265 173 64 25
245 175 67 24
233 176 64 25
235 177 61 24
244 179 61 25
253 181 58 23
259 181 61 23
266 183 58 24
271 184 59 23
274 185 58 25
263 187 58 23
244 188 62 23
232 189 59 21
218 191 58 21
209 192 56 21
218 194 53 21
224 194 55 22
230 195 55 22
235 197 57 22
242 198 56 22
247 199 57 22
243 200 60 22
230 202 59 22
213 202 60 23
200 202 59 24
201 204 58 24
210 205 59 24
217 206 59 24
224 207 57 23
230 207 59 24
234 209 61 24
243 211 59 24
250 213 57 23
257 216 57 23
249 217 61 23
234 219 63 22
219 220 62 23
208 222 61 23
208 223 65 25
219 226 63 22
227 227 62 22
233 229 65 22
238 230 64 22
242 231 66 23
236 233 69 22
220 235 71 22
208 237 66 21
195 237 65 21
182 238 63 22
177 238 60 23
185 239 60 23
195 240 59 21
200 241 61 20
204 240 63 21
213 241 59 20
221 241 57 20
228 241 56 21
231 241 61 21
238 241 61 20
246 242 59 20
251 241 59 21
258 241 57 20
264 241 58 21
271 241 58 21
273 241 60 21
266 242 60 21
250 243 62 20
237 242 61 21
220 242 63 22
206 242 60 21
192 242 61 21
178 242 60 22
178 242 60 22
186 243 60 21
194 243 59 22
196 242 62 22
204 243 59 21
210 242 60 22
214 242 60 22
221 243 58 21
228 243 57 21
229 243 60 20
238 242 57 20
239 242 62 21
247 242 57 21
250 241 60 22
255 239 58 22
261 230 57 23
265 218 59 24
270 207 57 23
274 199 59 21
278 199 59 21
281 197 60 22
285 197 60 22
292 195 55 23
294 193 57 22
299 191 56 23
301 189 58 23
303 187 59 24
304 184 61 25
303 181 65 26
305 178 63 26
309 175 61 26
311 171 62 28
312 169 62 25
315 166 59 25
321 164 54 25
321 161 55 24
322 158 54 24
325 155 53 23
324 152 54 24
324 149 55 25
323 147 57 24
323 144 57 24
323 141 58 26
321 139 61 26
324 138 58 23
325 136 57 24
326 134 55 24
327 133 56 22
327 131 57 22
328 129 57 24
328 128 57 24
328 126 60 24
330 125 58 24
331 124 58 24
332 122 59 25
333 121 58 25
333 119 60 25
335 119 59 24
338 117 58 26
340 117 56 24
341 116 58 24
342 115 59 25
338 114 59 25
320 113 61 25
303 112 59 25
301 111 55 26
304 111 58 27
308 110 58 26
310 110 59 26
314 110 58 27
318 110 56 25
321 111 58 25
326 111 55 24
328 111 57 24
329 111 61 24
333 112 60 25
339 112 58 24
343 112 58 25
346 112 57 27
348 112 61 29
352 113 60 28
356 114 58 27
361 115 58 25
366 115 58 25
369 115 59 26
374 115 58 28
378 116 59 25
385 117 56 24
389 117 58 24
392 118 58 25
397 118 59 26
403 118 57 26
408 119 56 25
412 120 59 25
418 112 59 27
422 104 60 26
428 99 59 26
434 104 57 21
439 108 58 22
439 112 61 23
427 118 60 23
412 124 58 22
396 130 61 24
381 136 62 26
367 143 61 26
358 152 59 23
363 159 59 23
371 168 59 22
378 175 57 22
385 183 57 24
385 190 57 24
370 198 61 24
356 206 60 24
343 213 62 26
328 221 62 26
323 228 60 25
333 235 57 26
342 241 56 27
350 247 58 29
351 256 59 26
288 300 57 23
297 307 60 25
309 314 58 25
319 320 58 28
329 327 59 29
338 334 58 28
349 342 56 28
359 349 57 26
368 357 58 25
379 365 58 25
389 373 58 22
399 381 59 21
408 388 55 21
398 395 58 23
387 402 58 25
375 410 61 24
367 417 59 25
358 425 59 25
349 432 60 25
338 439 62 26
328 445 60 28
320 452 59 27
310 459 59 24
312 466 59 22
324 470 62 23
335 472 64 23
348 475 60 22
359 477 60 22
370 477 58 23
381 478 58 22
389 476 61 23
398 474 63 25
410 470 59 25
419 466 60 24
430 462 57 23
441 456 56 25
450 449 58 25
458 442 56 25
449 435 60 28
439 428 57 29
428 420 58 31
416 415 58 27
404 407 60 29
393 401 59 29
381 395 60 27
370 387 59 30
358 382 60 29
346 375 60 31
334 369 59 31
322 365 60 32
310 360 59 33
298 357 60 33
285 354 60 32
273 351 61 34
261 349 60 34
248 347 61 34
235 345 60 34
230 346 55 29
236 346 60 25
247 345 58 24
254 343 59 25
262 342 57 24
268 339 57 31
275 344 57 37
281 354 59 36
296 365 52 30
296 368 61 26
306 365 56 26
314 363 54 26
318 359 59 30
326 355 58 30
331 354 60 30
337 351 60 29
330 350 62 26
316 348 60 26
302 345 60 26
289 343 59 25
274 340 59 25
271 338 58 25
280 334 57 26
289 332 56 25
288 328 60 26
275 325 63 26
262 322 59 25
247 319 60 24
233 315 60 26
221 311 61 28
227 307 61 29
236 306 57 25
240 302 61 26
248 299 57 26
252 296 59 26
249 292 59 26
233 289 60 25
217 286 60 25
202 283 61 25
183 279 65 26
171 276 60 25
157 271 57 26
140 269 60 24
128 266 59 25
130 262 61 24
140 259 56 23
144 255 57 23
149 251 57 24
140 247 59 25
122 244 62 23
106 241 61 21
92 236 59 23
74 233 63 23
67 230 57 21
74 225 58 23
79 221 60 23
85 218 57 23
91 214 56 22
94 209 60 21
100 205 56 21
104 199 58 23
109 193 59 25
114 190 58 22
119 194 57 22
123 197 58 24
129 200 57 24
133 203 58 26
137 207 59 24
143 209 57 22
145 200 62 25
152 192 58 24
158 185 57 24
162 177 58 24
165 170 59 25
169 169 61 26
174 172 59 23
179 174 58 23
184 175 57 24
188 178 57 24
193 181 56 22
200 184 55 21
202 175 57 24
206 166 58 24
212 158 56 24
216 150 55 23
220 140 57 27
223 132 57 28
225 124 59 29
231 116 56 27
235 107 57 28
239 100 59 26
244 91 58 26
248 84 56 25
252 74 58 28
255 66 55 27
243 58 57 26
225 49 59 27
208 42 64 25
193 33 61 26
176 25 61 29
160 16 60 28
150 9 58 25
155 0 59 25
158 -1 58 22
166 -4 58 17
166 -4 58 17
166 -4 58 17
166 -4 58 17
161 59 59 25
159 64 61 33
186 -6 59 25
191 -2 59 22
194 0 58 22
199 7 57 21
203 13 56 22
207 20 57 24
211 29 56 24
214 37 58 28
215 47 60 30
219 58 60 30
225 69 57 29
229 81 58 30
233 94 57 29
237 102 56 27
240 102 58 25
245 104 56 25
248 106 58 25
251 107 57 24
241 109 59 24
222 111 61 24
204 112 61 25
196 115 58 24
202 117 57 22
208 118 58 23
213 120 57 23
217 122 57 23
222 123 56 22
226 119 56 26
228 111 58 25
232 102 59 27
236 94 58 25
241 91 57 25
245 94 57 25
247 97 57 23
252 99 56 23
255 101 58 24
259 102 57 23
262 94 59 25
266 86 59 26
271 77 57 25
275 71 56 24
279 75 56 22
283 78 54 23
287 80 55 23
291 81 54 25
295 84 55 26
298 86 55 25
301 89 56 24
303 91 58 23
307 93 60 24
312 96 57 22
317 99 56 23
319 101 58 24
323 104 59 24
327 107 58 23
332 103 57 24
335 96 59 24
339 93 58 24
342 98 59 24
345 102 61 25
348 106 62 24
353 109 61 26
357 112 60 28
361 115 58 30
365 116 56 34
363 119 62 35
371 123 58 31
375 128 59 32
377 134 61 27
382 138 60 25
386 142 62 26
390 137 59 25
395 131 58 25
400 126 56 24
403 119 57 25
406 113 57 25
411 110 57 25
416 115 55 22
418 120 56 22
421 123 58 23
426 126 57 23
429 121 57 22
433 113 57 24
436 106 58 25
438 99 61 25
444 101 57 25
450 107 55 21
449 109 56 22
434 112 59 22
416 115 59 22
398 118 61 24
383 121 58 24
369 125 56 22
368 128 58 22
375 130 57 23
379 134 58 22
380 136 57 22
365 139 60 22
347 142 60 22
330 144 60 22
321 146 57 23
328 149 53 22
332 151 55 22
336 153 56 22
342 155 53 22
345 157 55 22
348 160 56 22
351 162 57 21
355 164 56 21
358 165 58 22
362 167 58 22
366 169 58 21
370 170 56 22
372 172 59 22
377 173 55 23
381 176 56 20
385 177 55 21
388 177 57 23
391 176 57 23
396 167 56 23
400 158 56 23
403 150 57 21
406 142 58 22
411 144 57 23
413 146 58 23
417 147 58 24
422 148 57 23
422 149 56 23
406 150 59 24
387 150 61 24
373 152 58 22
376 154 55 21
382 153 57 22
388 153 54 23
391 155 56 22
396 156 55 22
400 156 56 22
403 156 58 22
406 157 58 21
407 157 59 22
393 156 60 23
375 158 60 21
358 158 60 22
343 157 60 22
326 157 61 23
310 157 59 23
304 156 57 26
309 156 58 24
316 156 56 23
320 155 56 24
325 155 56 22
330 154 55 23
334 154 55 21
337 153 57 23
343 152 55 23
345 151 56 24
347 150 59 23
335 150 59 22
317 149 59 21
301 148 59 21
287 147 57 22
285 145 57 21
292 144 57 22
297 144 56 20
300 142 57 22
304 140 58 23
309 139 57 23
313 140 56 21
318 139 56 22
320 139 58 21
325 137 57 23
329 137 58 23
333 137 58 23
338 137 57 22
342 138 57 21
346 137 56 21
351 137 55 22
355 138 55 22
359 139 56 22
362 139 56 21
368 140 55 23
370 141 56 22
374 142 56 22
377 143 58 23
382 145 57 22
386 146 57 22
391 148 55 22
394 150 58 22
399 152 56 21
402 152 58 23
406 153 58 24
411 156 58 23
415 159 57 21
419 160 58 22
423 162 57 22
427 164 58 24
432 167 57 23
434 169 59 23
439 171 57 24
443 175 58 23
448 177 58 24
446 180 57 23
428 183 62 22
412 186 60 22
396 189 60 22
380 192 60 22
363 195 60 23
348 198 59 23
331 200 58 26
315 205 59 23
312 209 54 23
316 212 58 22
322 215 58 24
327 219 57 23
331 223 57 24
335 226 58 23
337 230 62 23
343 234 60 22
347 237 58 24
352 241 57 22
355 244 58 22
357 247 61 22
361 250 60 21
365 254 60 21
369 256 60 21
373 258 60 23
377 261 60 21
380 263 60 22
379 264 60 23
361 265 62 22
345 265 61 21
329 265 59 21
312 263 59 21
294 262 62 21
279 260 60 21
277 258 58 22
285 257 58 21
290 255 58 23
293 253 59 25
298 251 59 24
302 247 58 26
305 245 59 26
309 243 58 26
312 239 60 28
316 237 60 26
318 234 63 27
321 231 64 27
327 228 60 26
331 226 60 25
337 224 58 23
342 221 56 23
344 218 59 23
349 216 58 23
353 213 57 23
357 211 58 24
361 208 58 24
362 206 58 25
345 204 62 25
329 202 61 24
314 200 59 25
298 198 59 24
281 197 59 24
265 196 59 22
248 195 61 23
235 193 57 24
231 191 60 24
239 190 58 24
243 188 60 26
247 187 62 26
252 185 60 25
256 185 60 24
261 183 60 25
267 181 58 26
272 181 57 24
276 179 57 24
281 178 57 24
285 176 58 25
289 174 61 27
294 172 60 28
300 173 57 24
305 172 58 23
310 170 57 24
315 169 56 23
319 168 57 23
324 168 58 22
328 166 57 23
334 165 57 23
338 162 58 24
341 161 58 23
331 161 62 22
315 159 60 23
299 158 61 22
284 157 60 22
268 155 61 22
255 154 60 22
258 152 60 23
265 151 60 24
271 149 59 24
275 148 61 23
281 147 60 24
287 146 57 23
291 144 58 25
297 143 57 24
301 142 58 26
306 140 59 27
311 140 57 26
316 138 60 27
321 136 60 27
325 134 59 27
331 133 57 25
335 131 59 24
338 129 61 24
343 127 60 24
348 124 60 26
354 122 59 24
358 119 59 25
363 116 58 24
350 113 61 24
332 108 62 25
317 104 60 24
302 99 60 25
285 96 62 24
270 91 61 25
270 86 58 25
279 83 57 23
285 79 57 23
290 74 57 25
295 71 57 22
300 67 57 23
307 64 55 23
311 60 57 25
315 56 58 26
319 55 58 24
325 52 57 24
329 49 59 25
334 53 58 27
339 61 57 25
343 69 59 26
349 77 58 26
354 85 57 25
359 93 56 26
362 101 60 27
367 109 58 26
372 117 59 26
378 124 58 26
383 131 57 26
387 137 58 26
393 145 56 25
398 152 57 24
401 158 58 24
407 164 56 24
410 171 59 24
416 177 58 24
421 182 58 24
426 188 58 24
431 193 57 25
435 199 60 26
441 200 58 25
445 196 60 25
450 194 59 23
455 193 58 25
458 192 61 23
456 192 60 23
439 191 63 24
420 190 65 25
406 189 63 23
393 188 60 24
377 186 61 23
358 184 65 24
344 182 63 24
329 181 63 23
313 179 64 25
297 176 63 25
282 174 62 24
270 172 59 23
271 170 61 24
279 167 58 24
284 164 59 24
287 161 62 23
294 156 59 24
299 151 58 24
303 146 59 25
307 141 59 24
312 135 58 26
317 130 58 25
320 124 60 26
325 119 59 26
331 113 56 26
335 107 56 26
339 102 56 26
330 113 58 26
367 62 57 23
370 57 58 24
374 51 58 24
377 46 60 24
382 40 58 25
384 34 60 27
374 28 63 27
357 25 61 24
338 19 63 24
322 12 61 25
304 9 64 23
287 4 64 23
279 0 61 24
285 0 59 20
289 0 62 17
292 0 63 16
296 0 62 13
287 -1 64 13
271 0 60 12
253 0 61 11
237 0 61 12
228 0 61 14
234 0 61 15
241 2 60 22
243 13 60 25
246 26 60 25
250 38 61 27
255 50 59 28
258 64 58 29
260 78 62 28
266 92 58 27
270 99 57 26
273 103 59 26
276 106 62 27
281 112 58 25
284 118 59 25
286 123 63 26
290 129 63 27
294 135 61 27
298 141 61 26
303 147 60 27
307 152 61 28
312 150 58 25
315 146 60 25
317 142 62 24
322 138 61 26
325 135 61 23
328 130 62 25
333 125 61 26
337 123 60 25
342 128 58 26
344 135 59 26
349 141 57 25
352 147 59 25
354 151 60 26
360 152 56 25
363 149 57 22
364 143 60 23
367 141 60 24
372 148 59 25
375 154 58 25
377 160 59 24
381 166 59 24
383 171 61 25
386 177 61 26
389 183 60 26
392 189 61 25
397 195 57 26
399 201 59 25
401 206 60 27
404 213 60 26
405 219 61 25
410 224 59 25
410 230 63 25
415 237 59 23
417 242 60 23
421 239 59 25
425 235 56 25
427 231 57 25
429 225 59 27
432 222 58 25
436 227 58 27
438 234 58 27
440 241 58 25
445 249 55 25
435 255 61 24
415 261 63 24
397 267 63 25
381 273 62 26
362 280 64 24
345 286 62 25
326 292 64 27
308 299 64 25
290 305 64 26
274 312 62 26
273 318 58 26
278 318 57 24
279 316 60 23
282 313 60 23
285 311 57 22
288 308 58 22
291 303 59 26
293 301 60 24
296 298 59 23
299 295 59 22
303 297 57 23
306 304 57 23
309 311 58 24
312 317 59 23
