346 309 67 49
350 313 58 40
349 313 61 37
351 313 57 39
354 313 55 40
353 313 57 41
354 312 57 42
353 313 57 40
354 313 56 40
354 313 56 41
353 313 59 43
352 314 61 41
353 315 59 39
356 315 55 39
355 315 56 38
354 316 58 39
354 315 58 38
356 315 55 38
356 316 56 35
355 316 57 38
355 315 59 39
355 315 57 41
355 309 58 40
355 299 59 39
358 289 57 40
357 290 56 40
356 291 58 41
356 291 59 43
355 292 61 41
355 292 61 40
356 293 59 42
354 294 61 38
356 293 59 42
355 293 60 42
355 295 60 39
356 295 58 38
357 294 56 40
356 293 58 42
355 293 59 44
356 293 59 45
356 294 61 43
356 295 60 41
356 294 60 44
355 294 62 43
356 294 61 44
356 294 60 46
355 294 61 45
355 295 60 44
355 294 60 44
354 294 64 48
352 293 67 50
353 294 66 57
355 294 60 61
356 289 60 56
353 289 63 62
355 293 60 64
354 295 63 63
354 291 66 55
353 291 64 60
354 295 61 60
353 296 63 59
353 297 61 62
351 297 67 64
352 298 67 63
351 294 74 71
352 294 68 74
353 295 61 70
352 298 62 63
352 299 62 59
351 290 61 63
352 297 60 67
351 288 61 72
351 297 64 67
351 299 60 64
350 287 62 74
349 295 64 67
350 299 61 65
350 291 59 68
348 294 63 70
349 298 62 68
350 289 59 70
349 296 61 69
348 302 67 64
348 303 60 63
349 293 57 66
348 299 57 67
348 303 58 62
348 288 58 71
347 293 60 72
345 301 63 62
344 303 62 62
347 293 58 66
345 297 59 67
342 302 64 62
344 302 61 60
344 302 61 60
342 303 63 59
343 303 61 58
344 304 59 56
342 303 61 57
340 303 64 58
339 301 65 61
340 301 62 62
340 301 62 62
339 301 63 64
338 300 63 66
338 299 64 66
336 300 67 65
337 300 64 66
335 301 64 62
335 301 65 62
337 301 60 56
336 302 61 61
337 302 55 48
334 305 59 42
337 305 56 41
336 303 56 43
334 305 57 40
334 305 58 41
333 306 58 39
334 305 57 40
334 306 55 39
332 305 57 38
333 305 57 39
333 305 56 38
332 305 56 39
333 305 55 38
329 305 60 42
330 305 57 40
330 307 57 36
329 306 57 39
329 306 57 38
328 306 56 39
329 306 54 38
329 307 53 38
328 307 54 35
328 307 55 37
327 307 55 37
327 307 54 37
327 306 53 38
326 308 54 36
324 307 56 38
322 308 57 35
324 308 56 36
323 309 56 35
321 310 57 34
323 309 54 36
323 310 55 36
324 309 53 36
322 309 55 37
320 308 56 39
318 307 57 40
319 310 56 36
321 310 53 36
322 311 52 34
322 311 52 36
319 311 54 37
318 312 54 34
318 312 55 34
318 312 54 35
316 311 55 37
316 313 55 34
317 313 54 35
315 313 56 35
317 314 53 35
318 313 51 35
317 313 52 35
315 314 53 34
317 313 50 34
314 314 53 35
317 314 50 35
314 313 53 36
312 314 55 35
313 315 53 35
316 314 50 37
315 314 51 36
315 315 50 35
313 316 52 34
312 316 52 35
313 317 50 32
313 316 50 35
313 315 51 36
312 316 52 34
310 316 54 34
310 316 54 34
309 316 54 36
309 317 55 35
308 317 55 34
309 317 54 34
312 317 49 35
309 317 52 36
309 317 51 36
309 317 51 36
307 318 54 35
307 318 53 34
307 318 53 36
308 318 52 35
308 319 52 35
306 319 53 35
307 320 52 35
307 321 52 35
307 320 51 36
307 319 52 38
307 320 53 36
307 321 53 35
306 321 53 36
307 322 53 35
306 321 52 35
305 321 55 37
306 322 53 34
305 321 53 37
303 322 56 37
307 323 52 34
307 315 51 37
303 306 56 32
305 305 54 36
304 307 55 36
307 308 51 36
306 308 53 37
303 309 56 34
305 309 53 36
304 309 54 36
305 310 55 35
303 309 55 38
305 310 54 37
304 310 54 37
304 310 55 36
303 311 55 37
305 309 52 40
303 310 56 40
304 311 55 37
303 311 56 38
302 311 55 40
307 310 50 41
303 311 55 40
301 311 55 40
303 313 54 38
303 312 54 42
300 313 57 40
304 314 52 39
307 315 49 36
306 315 50 36
303 315 52 38
302 315 53 38
303 315 52 38
308 315 47 38
309 316 44 36
309 316 44 37
311 317 42 36
314 317 38 40
309 317 44 35
310 317 41 39
308 317 43 37
310 318 42 38
303 317 49 37
304 317 48 39
308 317 44 41
311 319 40 37
313 318 37 39
310 319 41 38
301 317 50 38
306 317 45 42
308 318 41 37
309 319 40 37
312 319 36 37
307 320 42 34
312 319 37 37
309 319 39 37
305 319 42 37
308 319 38 38
313 318 32 40
307 319 38 39
309 318 36 41
304 318 41 40
306 318 38 40
309 319 34 39
305 320 36 35
305 320 36 38
307 320 34 39
301 321 39 34
302 319 37 37
302 319 36 38
301 319 37 38
301 319 36 38
301 319 35 38
300 319 35 38
300 320 35 37
299 320 35 37
297 320 35 37
295 320 36 36
294 320 38 37
294 320 37 38
292 320 36 37
293 320 34 39
292 321 35 38
292 321 35 36
291 322 33 34
290 322 35 36
289 323 34 34
287 323 36 35
287 323 34 31
286 324 35 35
288 324 28 30
288 326 29 27
286 327 32 27
285 328 30 25
286 328 30 20
284 329 31 21
284 328 31 24
285 328 28 25
284 330 29 24
283 329 29 27
284 329 25 22
284 330 26 24
282 330 27 26
279 330 28 22
277 331 30 22
275 331 32 25
279 330 27 30
278 330 25 23
271 332 26 26
273 332 27 22
272 333 30 26
269 333 30 29
263 332 36 30
255 334 41 29
252 332 42 32
255 335 40 25
258 334 36 27
253 334 40 32
247 334 46 29
243 334 51 33
239 333 56 36
237 332 58 44
235 331 60 46
236 329 57 48
233 330 61 48
236 330 57 45
232 330 59 46
228 327 64 49
227 326 62 50
227 324 62 54
235 327 54 48
231 329 56 48
224 330 62 42
221 329 67 47
220 329 67 46
220 328 68 50
219 325 69 59
224 323 61 61
221 314 63 72
222 308 63 75
226 283 63 82
227 270 64 88
214 292 66 69
215 296 62 60
219 300 53 51
216 301 56 46
215 303 57 42
215 303 56 45
214 304 54 45
212 305 57 43
212 303 56 45
214 303 53 43
212 305 52 40
211 304 56 43
208 305 57 42
208 305 58 43
206 305 58 42
208 306 55 42
208 303 55 46
206 306 58 42
204 307 58 41
206 307 55 39
203 307 58 42
202 307 59 39
206 309 50 28
209 309 45 29
201 310 52 25
201 310 52 27
201 310 50 25
200 310 52 24
201 312 51 21
205 311 45 24
206 312 42 23
209 312 38 22
208 314 38 19
207 313 37 23
213 312 33 28
223 312 40 24
247 311 38 25
259 313 36 23
256 314 36 17
252 317 39 19
247 313 44 20
248 313 40 19
244 314 45 24
248 313 38 25
244 313 39 23
244 313 37 20
247 315 33 24
250 313 30 18
248 315 30 20
250 313 28 18
245 314 31 21
246 313 30 19
245 313 30 22
241 313 33 20
240 313 33 23
239 313 34 20
236 313 34 23
237 313 32 20
236 313 31 24
238 312 29 19
230 316 35 21
227 313 38 28
227 312 37 30
225 312 37 30
225 312 36 30
225 313 37 28
222 313 39 24
220 313 39 25
220 314 37 22
216 313 40 23
214 313 42 26
215 313 39 24
213 313 39 24
213 313 40 23
214 313 37 22
211 313 39 23
210 313 39 23
211 313 35 22
209 314 37 20
208 314 37 20
208 313 36 22
206 312 38 22
204 313 40 20
203 312 40 23
203 313 39 22
205 312 37 21
203 312 38 22
201 312 40 22
204 311 36 24
203 310 37 24
203 312 36 22
202 310 37 24
205 311 34 21
202 311 37 22
205 310 33 23
203 309 35 24
205 310 33 25
204 310 35 25
206 310 33 23
207 310 31 23
207 310 31 22
208 310 31 23
211 310 28 20
213 311 25 18
212 312 26 17
214 311 24 17
215 311 23 17
215 311 22 18
214 311 24 18
215 311 21 17
216 311 21 17
215 311 23 17
214 311 23 18
216 311 22 18
217 311 21 18
218 310 21 18
218 309 21 18
218 310 22 18
210 311 23 22
209 311 24 21
209 311 25 22
210 310 22 25
212 310 20 21
214 311 16 18
214 312 14 17
214 312 13 18
233 310 13 15
235 311 13 15
236 310 12 13
236 311 14 15
236 311 14 15
236 311 15 15
237 311 13 15
236 311 15 15
237 311 13 16
239 311 11 18
238 311 13 17
239 311 14 17
239 310 13 18
239 310 13 19
240 310 13 19
235 308 17 20
233 308 19 17
233 308 19 14
231 308 21 15
231 308 21 14
235 306 17 16
235 307 16 14
236 307 16 14
235 307 17 13
239 305 16 16
252 306 17 18
272 303 19 20
285 301 21 19
285 301 21 20
283 302 21 18
281 302 21 19
280 301 23 19
280 301 22 18
282 302 19 15
282 302 18 15
283 302 15 15
284 302 14 14
285 302 12 14
286 302 12 15
286 302 11 16
286 300 12 19
291 299 15 19
310 299 19 21
325 297 22 21
342 294 25 23
358 293 29 22
368 297 30 19
366 296 32 18
365 296 29 18
364 296 30 16
367 296 28 16
363 295 30 15
366 295 26 15
365 295 27 14
363 294 27 16
362 294 29 16
362 293 27 16
361 292 27 16
365 291 22 18
362 290 24 17
359 290 25 15
358 290 25 16
355 289 27 18
352 290 29 16
350 290 29 15
350 289 28 16
357 288 29 13
377 288 29 13
397 287 29 13
412 286 31 14
427 287 30 14
444 287 27 13
443 286 26 14
437 285 26 14
432 285 27 14
430 285 26 13
425 284 28 16
421 284 27 16
417 284 28 17
414 284 28 16
410 284 28 14
407 284 28 15
404 284 28 14
399 283 30 14
396 283 30 16
410 282 27 15
426 283 29 13
442 283 30 14
449 283 30 16
443 283 29 15
437 282 29 16
435 283 27 15
432 282 27 14
429 282 26 15
424 282 26 15
422 282 24 14
415 282 26 15
413 282 24 12
412 284 24 12
404 282 23 12
402 281 21 13
396 281 22 14
400 281 24 14
414 279 27 17
434 279 23 15
448 280 24 15
460 280 28 15
476 279 29 14
491 279 29 15
496 279 26 14
489 278 27 14
484 277 25 14
481 277 23 13
477 277 23 14
473 276 22 15
468 275 22 14
463 275 24 15
458 275 23 15
454 274 23 15
451 273 22 18
445 272 24 22
440 271 26 23
436 271 26 24
431 271 26 24
425 271 29 23
419 270 31 25
413 268 34 28
405 269 37 31
404 268 38 28
393 268 41 32
391 266 42 31
379 266 50 38
368 266 54 47
367 263 52 42
362 265 56 43
355 264 57 46
345 263 63 47
349 263 54 43
340 265 56 36
331 265 58 35
338 265 52 31
327 265 52 35
327 265 54 33
320 264 60 32
332 264 61 31
354 264 59 31
368 264 59 31
374 264 56 30
368 263 54 31
367 262 49 29
361 263 51 28
360 262 48 28
355 260 49 29
349 260 49 31
346 259 49 30
341 259 50 31
337 258 51 29
329 258 55 26
329 257 52 29
322 256 54 30
319 255 54 34
315 255 54 36
326 253 49 37
346 254 48 33
364 254 48 31
380 255 50 28
396 254 49 26
407 253 53 28
412 252 56 36
410 251 50 36
408 251 50 34
404 251 54 33
399 251 53 33
392 251 57 30
393 251 57 29
378 250 66 30
381 249 66 29
366 251 65 28
360 250 70 34
353 248 72 37
347 248 75 39
339 247 79 41
348 243 94 48
324 242 95 48
317 237 91 56
333 240 95 49
326 235 97 55
327 238 84 56
356 238 76 51
367 239 82 47
379 238 84 45
377 237 78 46
378 236 71 46
369 238 71 35
371 238 69 38
374 238 63 37
373 238 62 38
374 238 60 39
372 239 60 39
370 238 57 41
369 237 54 40
369 236 60 39
358 235 64 38
358 234 68 41
353 233 81 38
340 232 91 43
340 231 95 44
324 229 108 48
322 229 120 52
342 229 122 55
343 228 141 65
372 232 138 52
356 227 146 73
357 228 152 75
318 220 173 92
309 223 180 88
306 224 182 86
306 222 185 85
297 244 193 93
292 226 198 94
288 225 191 85
285 223 199 88
289 223 199 89
285 224 188 86
307 221 195 88
293 221 195 89
290 216 195 98
288 218 196 94
294 215 181 101
290 218 190 98
294 218 170 97
311 215 182 98
316 216 173 99
342 218 182 95
345 216 169 95
351 217 154 94
351 216 157 97
344 219 165 90
349 217 151 93
339 219 157 90
327 220 158 86
319 218 158 83
310 218 170 70
338 218 155 89
331 216 143 86
322 218 151 78
321 218 148 67
325 219 132 68
332 219 113 65
337 220 107 55
342 221 97 49
345 220 94 50
348 220 86 47
353 220 77 47
360 221 63 45
360 222 63 42
375 222 64 40
395 223 61 33
417 223 61 39
432 223 56 38
430 223 59 38
427 224 54 38
426 224 55 37
426 223 54 36
421 223 59 37
419 223 58 37
417 222 60 38
418 222 58 38
414 222 62 36
417 223 57 34
416 223 56 32
411 222 61 34
406 224 65 32
409 224 62 32
410 224 59 31
409 224 59 30
410 224 56 31
409 224 55 32
409 224 53 31
407 225 54 29
408 225 56 29
407 226 57 27
405 226 59 27
405 226 57 28
405 227 54 27
404 226 56 28
404 226 57 29
405 226 53 30
403 227 56 28
407 228 51 26
402 228 58 28
400 229 60 25
401 229 58 26
403 229 55 28
401 230 57 27
402 230 56 27
403 230 56 28
400 231 60 28
400 232 61 27
403 231 54 28
404 231 53 27
402 232 55 26
403 233 55 25
401 233 56 26
402 234 54 25
401 234 56 27
399 235 57 25
397 234 60 26
397 234 58 28
398 234 58 28
398 234 58 29
400 234 56 29
400 236 55 27
402 235 55 29
401 236 55 31
400 235 57 31
402 236 54 30
402 236 53 30
400 237 56 31
402 237 54 35
404 236 53 36
403 236 54 41
405 236 52 38
404 236 53 39
403 237 55 38
405 237 52 38
404 238 52 37
404 238 54 39
391 240 64 34
391 238 69 39
396 239 62 40
394 239 66 42
396 239 62 43
394 240 63 40
397 241 59 40
387 247 53 37
391 254 46 29
398 255 40 27
392 256 43 28
400 258 36 22
396 259 38 25
400 261 34 25
398 261 36 27
394 261 40 27
400 262 36 24
395 262 37 28
399 262 38 27
394 266 38 23
399 265 41 22
400 262 47 24
399 263 49 28
390 264 56 30
386 266 58 32
386 268 57 31
385 269 61 31
386 271 58 32
386 273 59 31
384 273 64 33
385 275 61 36
386 279 60 32
385 280 59 35
388 283 57 35
393 285 51 36
394 286 50 37
394 279 52 34
392 270 54 32
393 264 51 36
391 255 54 30
391 254 52 29
392 256 54 31
394 258 51 35
392 258 54 42
391 261 53 41
390 260 55 41
393 263 51 41
395 263 48 42
395 265 47 42
395 265 49 42
391 267 52 42
391 268 54 41
390 269 54 41
392 271 50 42
388 273 55 40
400 274 57 38
424 275 54 39
442 277 56 37
455 279 56 37
455 282 56 39
456 285 51 39
456 286 50 37
454 288 52 36
454 290 51 38
453 289 53 42
450 291 57 40
449 294 56 38
449 296 56 38
455 300 48 41
453 300 51 43
451 301 53 45
452 304 51 47
453 311 50 38
453 311 52 41
453 313 49 42
453 317 49 40
453 319 49 42
452 323 50 40
450 326 52 39
449 328 51 39
451 331 48 40
452 332 45 43
451 336 45 42
449 339 47 42
450 342 45 43
450 344 43 44
448 349 43 41
448 352 44 42
447 352 45 45
445 357 45 43
444 360 46 44
442 363 47 44
440 366 46 43
439 368 46 46
438 373 45 44
436 376 46 40
435 367 47 39
437 360 41 40
424 355 52 41
413 348 61 41
406 345 66 42
399 348 70 45
395 350 71 45
396 351 66 45
392 352 68 44
392 352 64 45
391 351 63 46
405 353 64 44
422 353 63 44
438 354 63 46
441 354 60 45
425 353 60 45
410 352 60 47
401 352 63 47
396 352 67 46
391 352 68 46
386 353 65 46
384 352 61 48
379 352 61 48
374 352 62 46
369 352 62 47
367 352 59 47
355 353 63 47
357 353 56 46
348 352 60 48
344 351 59 49
341 351 55 48
337 352 53 47
326 352 58 49
316 352 64 50
318 353 64 49
333 354 63 50
350 354 60 47
365 354 59 48
380 355 56 46
395 355 57 43
397 355 56 44
386 357 53 39
376 357 53 41
368 361 49 39
363 358 54 43
352 357 60 44
349 358 55 43
342 359 56 42
336 359 56 45
324 358 59 44
318 358 62 43
333 355 60 50
342 356 62 44
358 358 60 39
370 357 62 43
379 359 68 41
391 361 63 44
383 360 70 45
369 354 83 54
352 362 79 42
351 365 65 39
345 365 63 41
344 365 57 42
334 365 59 43
330 367 54 43
319 367 56 45
307 367 61 47
292 367 70 50
285 366 70 50
284 369 64 46
285 373 56 41
290 371 61 47
296 369 64 45
306 371 67 45
316 375 72 41
326 380 78 29
337 377 80 39
343 382 73 35
341 384 65 37
335 386 63 38
327 384 61 43
317 387 63 39
315 389 55 39
304 389 59 41
296 390 59 42
290 390 57 41
283 392 54 40
274 391 55 46
275 391 51 42
278 393 57 38
287 395 62 41
298 393 66 43
311 393 64 41
322 393 65 43
337 394 57 46
349 393 58 47
