384 90 27 17
382 91 26 16
381 92 26 15
379 92 28 15
378 93 27 17
377 93 26 17
375 94 26 16
374 94 27 15
372 95 29 15
371 96 28 15
369 96 30 16
368 96 25 17
367 97 26 15
365 98 25 16
363 98 26 16
361 99 27 15
360 99 29 16
358 100 26 15
357 101 26 14
355 101 27 14
354 101 26 16
352 101 27 15
350 102 28 16
348 102 28 15
346 102 26 15
344 102 27 15
343 103 27 15
342 102 27 16
340 103 28 16
339 103 28 15
336 104 29 14
335 103 31 16
332 104 34 15
331 104 33 15
330 103 31 18
328 104 31 16
327 105 29 16
325 105 31 16
323 106 27 14
321 106 29 15
320 105 26 18
318 107 26 16
316 106 27 17
314 106 27 17
312 107 29 16
310 107 28 17
308 107 27 18
306 108 27 18
304 108 27 17
303 108 28 16
301 109 28 17
299 109 27 16
297 110 27 15
295 110 28 16
294 110 27 18
292 110 27 18
290 111 26 17
288 111 27 16
286 111 27 17
284 112 27 17
282 112 27 17
280 113 27 18
278 113 27 17
276 113 27 18
275 114 26 17
272 115 28 18
270 115 27 20
268 116 28 19
266 117 27 19
265 117 28 20
262 117 30 21
260 118 28 19
257 119 29 19
255 119 30 19
255 119 28 19
252 119 28 20
250 121 29 19
248 122 28 18
247 123 28 17
244 124 28 16
243 124 28 16
240 126 31 16
239 126 27 16
237 127 28 17
234 128 31 17
232 128 30 21
230 129 32 20
228 129 28 21
227 131 27 18
224 131 28 17
222 133 28 16
221 134 27 15
219 134 27 15
217 135 29 15
215 136 31 15
211 136 32 16
211 137 29 16
208 138 29 16
206 138 30 17
204 139 32 15
203 140 29 15
201 141 28 14
197 142 30 14
195 142 33 15
194 142 34 15
193 142 34 15
189 143 35 15
183 143 32 18
183 143 31 17
184 143 30 17
182 144 30 15
180 144 32 15
179 145 29 15
177 144 29 16
175 145 29 16
173 144 29 16
171 145 29 15
166 145 33 15
164 146 35 14
163 146 36 14
160 145 32 15
161 146 29 14
159 146 28 14
157 146 29 14
155 146 29 14
152 146 30 14
151 147 29 14
148 147 30 13
147 146 29 15
146 147 28 15
144 147 28 15
142 147 31 15
140 148 34 14
136 149 38 13
131 149 35 15
133 149 33 17
132 150 33 16
130 151 28 15
129 151 28 15
126 151 30 15
121 152 28 16
122 152 28 15
121 152 28 14
120 152 28 15
119 153 28 15
116 153 30 15
115 154 27 14
113 154 27 15
109 155 29 16
109 154 28 18
106 154 27 17
105 154 27 18
104 154 28 19
103 154 30 21
100 156 32 23
93 156 30 20
92 157 30 20
93 156 29 20
92 157 28 19
89 160 31 18
88 157 32 20
85 158 30 20
83 161 32 17
79 162 30 17
77 163 31 16
77 163 31 16
77 164 30 15
76 163 27 16
73 166 29 14
69 165 32 15
65 166 33 15
65 167 28 15
64 167 27 14
64 167 27 14
64 168 26 14
61 168 26 14
59 168 28 15
58 167 28 16
57 168 30 14
51 171 30 14
49 169 31 15
48 169 30 16
48 168 31 17
47 169 30 17
44 169 32 18
40 170 33 18
35 170 31 19
38 169 28 21
37 170 28 19
37 169 28 21
33 171 32 18
31 171 32 18
26 174 29 15
25 174 26 15
23 175 27 15
23 174 27 15
23 175 26 15
21 174 27 15
19 174 28 15
16 174 29 14
15 174 30 14
15 174 28 14
12 174 31 13
12 174 31 14
7 173 34 16
7 173 39 15
2 171 41 18
2 169 40 19
2 171 44 17
0 168 44 21
0 169 44 20
-2 166 43 24
-9 166 47 24
-16 165 41 27
-14 166 39 24
-10 166 34 23
-9 165 32 23
-7 165 30 22
-10 164 27 22
-6 164 22 24
-9 164 25 22
-6 165 23 22
-3 165 19 21
-4 165 20 20
-2 166 18 20
0 165 16 20
-3 165 18 18
0 166 15 19
0 165 14 19
0 166 13 19
0 165 14 19
0 165 14 19
0 165 14 20
0 166 14 20
0 165 14 21
-8 162 16 20
0 165 15 21
0 164 12 18
0 165 12 16
0 165 10 15
0 164 10 15
0 163 11 15
0 161 12 17
0 159 13 18
0 159 16 19
1 157 17 19
0 155 19 19
1 155 21 20
0 155 24 15
0 154 25 15
1 153 27 16
3 152 26 17
3 151 27 17
7 151 26 17
8 151 27 16
10 150 28 16
11 150 28 17
12 149 29 18
15 147 27 20
16 148 28 18
17 147 27 20
19 147 27 21
21 147 27 21
22 146 27 21
24 146 26 21
25 146 25 21
26 145 26 21
27 146 26 21
27 146 26 21
27 145 27 22
29 146 27 20
29 145 27 22
29 146 28 20
29 145 27 21
29 146 27 20
30 146 27 21
30 146 26 20
30 146 26 20
29 146 27 19
29 145 27 20
28 146 27 20
28 145 26 20
27 146 26 20
26 147 25 18
25 147 27 17
24 148 27 16
24 148 26 14
23 149 25 13
22 149 26 13
20 149 27 12
19 150 27 12
18 150 27 12
16 150 27 12
15 150 28 12
14 150 27 11
13 150 26 12
12 150 26 12
11 150 27 12
10 150 28 12
9 150 27 11
8 150 25 12
7 150 26 11
6 150 26 11
4 150 27 10
3 150 27 11
3 150 26 11
2 150 26 11
1 149 27 11
0 150 26 11
0 149 26 12
0 149 25 11
0 149 25 11
0 148 24 12
0 148 23 12
0 148 22 13
1 148 20 13
0 147 20 13
0 147 20 13
0 147 19 13
0 147 19 13
0 147 18 13
0 146 18 13
0 146 17 13
0 146 17 12
0 146 16 12
0 146 16 11
0 145 15 12
0 145 15 11
0 145 14 11
0 145 14 12
0 144 13 11
0 144 13 12
0 144 13 12
0 144 12 12
0 143 12 12
0 143 11 12
0 143 10 11
0 143 10 10
0 143 11 10
0 142 11 11
0 142 10 12
0 142 10 12
0 141 11 11
0 141 10 11
-1 141 10 11
-1 140 10 13
0 140 9 12
0 139 9 12
0 139 8 12
0 139 9 12
0 138 9 12
0 138 9 12
0 138 9 12
0 138 8 12
0 137 9 12
0 138 10 12
0 137 9 12
0 136 10 12
0 135 10 13
0 136 10 13
0 136 11 11
0 136 12 11
0 135 11 12
0 135 11 12
0 134 11 13
0 134 12 13
0 133 12 14
0 133 12 14
0 133 12 14
0 133 13 14
0 132 13 14
0 133 12 13
0 132 14 13
0 132 14 14
0 132 14 14
0 132 14 14
0 132 14 14
1 131 13 14
1 131 14 13
0 131 15 14
0 131 15 14
0 130 16 14
0 130 15 14
0 130 16 15
0 130 16 14
0 130 17 15
0 130 17 15
0 128 17 17
0 129 17 16
0 129 17 15
0 129 18 15
0 128 18 17
0 128 17 15
0 128 18 14
0 128 19 14
0 128 19 16
0 128 19 14
1 128 19 15
0 128 19 14
0 128 20 15
1 128 19 14
0 127 20 15
0 128 20 14
0 128 20 14
0 127 20 14
0 127 21 15
0 128 21 14
0 128 21 15
1 128 21 15
0 129 21 15
1 130 21 14
0 130 22 13
1 130 22 14
0 131 22 15
2 131 21 15
1 132 21 14
1 132 21 14
1 133 21 14
1 134 22 15
1 135 22 13
0 135 23 14
0 136 22 14
1 137 21 14
0 138 22 14
1 139 22 14
0 141 23 12
1 142 22 12
0 143 23 13
0 144 23 13
0 146 22 14
1 147 22 13
1 148 22 14
0 150 23 13
0 151 24 14
1 152 22 15
2 154 21 14
3 156 21 14
2 158 21 14
1 159 22 15
1 160 22 16
1 163 21 13
1 164 22 15
0 165 22 17
1 166 22 19
0 166 22 21
2 168 21 20
0 167 21 21
0 168 21 20
2 169 20 19
0 167 18 22
0 168 23 24
2 168 20 26
3 168 19 29
2 167 20 33
2 167 20 35
1 167 22 38
4 168 17 37
1 179 21 39
1 176 20 42
3 169 18 42
2 188 19 41
2 178 20 44
0 192 20 38
1 196 19 34
1 199 20 30
0 202 22 24
1 205 20 19
0 208 21 16
0 211 21 15
0 214 22 13
1 216 20 12
0 217 20 13
0 219 20 13
1 220 20 13
0 222 20 13
0 224 20 13
0 226 21 12
0 228 21 12
1 231 20 11
1 232 19 12
0 234 21 11
0 235 20 12
0 236 21 13
0 238 21 12
0 240 20 12
0 241 20 11
0 242 20 11
0 243 21 12
0 244 21 11
0 245 21 13
0 246 20 13
0 247 21 12
0 248 22 12
0 249 21 12
0 249 21 13
0 249 21 13
0 249 21 14
0 250 21 12
0 250 20 12
0 250 21 12
0 251 20 12
0 251 21 12
0 251 21 12
1 252 20 12
0 251 22 13
1 251 21 12
0 251 21 12
0 251 21 12
0 251 22 12
1 251 21 12
0 251 21 12
0 252 21 11
0 251 21 12
0 252 21 11
0 252 22 11
0 252 22 11
0 252 22 12
0 252 21 11
0 252 22 11
0 252 22 11
1 252 22 12
0 252 21 12
0 252 21 12
0 252 22 12
1 252 21 12
1 253 21 12
0 253 21 12
0 253 22 12
0 253 22 12
0 253 22 13
0 253 22 12
0 253 21 12
0 253 22 12
1 253 20 12
0 254 21 11
0 253 22 12
0 254 21 12
0 254 22 11
1 254 21 11
1 254 21 11
0 254 22 12
1 254 21 12
1 254 21 12
1 254 21 12
0 254 21 12
1 254 21 12
0 254 21 12
0 255 21 11
0 255 22 11
0 255 21 11
1 255 21 11
1 255 21 11
1 255 21 11
1 255 20 12
1 255 21 12
1 255 21 12
0 255 22 11
0 256 21 11
1 255 21 11
1 255 21 12
1 255 21 12
0 255 21 12
0 256 20 11
1 256 20 11
0 255 21 12
1 256 20 12
1 256 20 11
1 256 20 12
1 256 20 12
0 256 20 11
1 256 20 11
1 256 20 12
1 256 20 12
0 256 20 12
1 256 20 13
1 256 20 13
0 255 20 12
0 256 21 11
0 256 20 11
0 256 20 11
1 256 20 12
0 256 21 12
0 257 21 12
0 257 21 11
0 257 21 12
0 256 22 12
0 256 22 13
0 256 23 13
0 256 23 12
0 257 24 11
0 256 24 12
0 257 24 11
0 256 25 11
0 256 25 11
1 256 25 12
2 256 25 12
1 256 26 12
2 256 26 12
2 255 27 13
3 256 27 12
4 256 26 13
4 256 27 12
5 256 27 12
5 256 26 12
7 256 27 12
8 256 26 12
8 256 28 13
9 256 28 12
10 256 27 13
12 256 26 13
13 256 25 13
14 256 26 11
15 256 26 12
17 256 25 12
17 256 26 11
18 256 27 12
19 256 27 12
20 256 27 13
22 257 26 12
22 257 28 11
23 257 27 12
24 257 28 11
27 257 27 12
28 257 27 11
29 257 27 11
30 256 26 12
32 256 26 12
32 257 27 11
35 256 26 13
36 257 27 11
37 256 26 11
38 256 27 11
39 256 27 11
41 256 27 10
43 256 27 10
43 256 28 11
45 256 27 11
47 256 26 10
49 256 26 11
50 256 26 11
51 256 27 10
53 256 26 11
54 256 26 11
55 255 27 10
57 255 26 11
59 255 26 11
59 254 27 11
62 255 26 11
63 254 26 11
64 254 27 11
66 255 27 11
68 254 27 11
69 255 27 10
70 254 27 12
72 254 26 11
74 254 25 11
76 254 26 11
77 254 25 11
78 254 27 11
80 254 26 11
82 253 26 12
83 253 26 11
85 253 25 11
87 253 27 11
88 253 27 12
90 253 26 11
91 252 26 12
93 253 27 11
94 253 27 11
96 253 27 11
99 253 25 11
101 253 25 11
102 253 26 11
104 253 26 11
105 253 26 11
107 253 26 12
108 252 27 12
111 252 27 11
113 252 25 12
114 252 26 12
116 253 26 12
117 253 27 11
119 252 26 11
121 252 26 11
123 252 26 11
125 252 26 12
126 252 27 12
129 252 27 12
131 252 27 11
133 252 26 11
134 252 25 11
136 252 26 10
138 252 26 10
140 252 26 10
142 252 26 11
144 252 26 10
145 252 27 10
148 251 26 11
149 251 26 11
151 252 26 11
153 251 26 12
155 251 26 11
157 251 25 11
160 251 25 11
161 251 27 11
163 251 26 11
165 251 25 11
168 251 25 11
169 251 26 11
171 251 27 11
173 251 27 10
174 251 27 11
176 250 26 11
178 250 27 12
180 250 27 11
183 250 26 11
185 251 26 11
187 251 26 11
189 250 26 11
190 250 27 11
193 250 26 11
195 251 26 11
196 251 28 11
199 250 27 11
201 250 26 11
202 250 27 10
204 250 27 11
207 251 26 10
208 250 27 10
210 250 28 11
213 250 26 11
215 250 26 11
216 250 26 11
218 249 26 11
220 250 27 11
222 249 27 11
224 249 26 11
226 250 27 10
228 250 26 10
229 250 27 11
232 249 26 11
234 249 26 11
235 250 27 11
237 250 26 10
239 250 27 10
240 250 26 10
243 249 26 11
245 249 26 11
246 249 26 11
247 249 27 11
249 249 26 11
251 249 27 12
253 249 26 11
254 249 26 11
256 249 26 11
258 249 26 10
260 249 26 12
262 249 26 10
263 249 25 10
265 249 26 10
267 249 26 11
269 249 25 11
271 249 25 11
272 249 26 11
273 249 27 11
275 249 26 10
277 249 26 11
278 249 26 11
280 249 26 10
282 249 26 11
283 249 26 10
285 249 26 11
286 248 27 11
288 249 27 11
290 248 26 11
291 249 27 10
293 249 26 11
294 248 26 12
296 249 26 10
298 248 25 11
299 248 26 11
300 248 26 11
302 248 26 11
304 247 26 11
306 248 26 11
306 248 27 11
308 248 27 12
310 248 25 12
312 247 25 12
313 248 26 11
315 248 25 11
316 248 26 11
317 248 26 11
319 247 26 11
320 247 26 11
321 247 26 11
323 247 26 11
325 247 27 11
326 247 26 11
327 247 26 10
329 247 27 11
331 247 26 10
332 247 26 11
334 247 26 11
335 247 26 10
337 247 26 10
338 247 27 11
340 247 25 11
342 247 26 11
343 247 26 10
345 247 25 10
346 247 26 10
348 247 26 10
349 247 27 10
351 247 25 10
352 246 25 10
354 246 25 10
355 246 25 10
357 246 25 10
359 246 25 11
360 246 26 10
362 246 26 10
364 246 25 10
365 246 26 10
367 246 25 10
368 246 26 10
370 246 25 10
371 246 25 10
373 246 25 10
374 245 26 11
376 245 25 11
377 246 25 10
379 245 26 11
380 245 27 11
382 245 26 11
384 244 24 12
385 245 25 11
387 245 25 11
388 244 26 12
390 244 25 11
391 245 26 11
393 245 25 11
395 245 25 11
397 245 24 11
398 245 25 11
400 245 25 10
401 245 25 11
402 245 26 10
404 245 25 11
405 244 26 12
407 244 26 11
408 245 26 11
410 245 25 10
412 245 25 10
413 245 25 10
415 245 24 11
417 245 25 11
419 245 25 10
420 244 26 11
422 245 25 11
424 245 25 10
426 244 25 11
428 245 25 11
429 245 25 10
431 244 25 11
434 244 25 11
435 244 25 11
437 244 25 11
439 244 25 11
442 244 24 11
442 244 26 11
445 244 25 11
447 244 25 10
450 244 25 11
450 244 26 11
453 244 25 11
455 244 25 11
457 244 25 11
459 244 25 10
462 244 24 11
464 244 25 11
466 244 25 10
468 244 25 11
470 244 25 12
471 244 26 11
474 244 25 11
476 244 25 12
478 244 25 11
481 245 25 10
483 245 25 10
485 245 24 10
487 245 24 10
490 244 24 11
491 244 26 11
493 244 25 11
495 244 25 11
498 244 25 11
500 245 25 11
503 244 24 11
504 245 24 11
507 245 24 11
509 245 24 10
510 244 24 11
512 244 25 11
514 245 25 10
516 245 25 10
518 245 24 10
520 245 24 10
522 245 25 10
523 246 26 10
526 246 25 10
528 246 24 9
531 246 24 9
532 246 25 10
534 245 24 11
536 245 24 11
539 245 24 10
540 246 24 9
542 246 24 10
544 245 25 11
546 246 25 10
548 246 25 10
550 246 24 10
552 246 24 10
554 246 25 10
556 246 25 10
556 246 26 10
559 246 24 10
562 246 24 10
563 246 24 10
565 246 24 9
567 246 23 9
569 246 23 10
571 246 24 10
572 246 24 10
574 245 24 11
575 246 24 10
577 246 24 10
579 246 24 9
580 246 24 10
582 246 24 10
583 246 24 9
585 246 23 10
586 246 24 10
587 246 23 10
589 246 23 10
591 245 23 11
592 246 23 11
593 246 23 10
594 246 23 11
594 246 24 11
596 246 23 10
597 246 23 10
598 246 23 11
599 245 24 11
600 246 23 11
600 246 23 11
601 246 23 10
602 246 23 10
603 246 23 10
603 246 23 10
604 246 23 11
604 246 23 11
604 245 24 11
605 246 24 11
605 245 23 12
606 245 23 11
606 245 24 11
606 245 24 11
607 245 24 11
607 245 24 11
607 245 24 11
607 245 23 11
608 245 23 10
608 245 23 11
608 245 23 11
608 245 23 11
608 245 23 11
608 245 23 10
608 245 23 10
608 244 23 11
608 245 23 10
608 245 23 10
608 245 23 10
608 244 23 11
609 244 23 11
608 244 23 11
609 244 22 11
608 243 23 11
608 244 23 11
608 244 23 11
608 244 22 11
608 243 23 11
608 243 23 10
608 243 23 10
608 243 23 10
608 243 23 11
607 243 24 10
608 243 23 11
608 243 23 9
608 242 23 10
608 242 23 11
607 242 23 10
608 242 23 10
608 242 23 10
607 241 24 10
607 241 23 11
607 240 23 11
607 240 23 11
607 241 23 10
607 241 23 10
607 240 23 10
606 240 23 11
606 240 24 11
606 239 23 11
605 239 24 11
606 239 24 11
606 239 23 11
606 239 23 12
605 239 23 12
605 239 24 11
605 239 24 10
605 239 24 10
605 239 24 10
605 239 24 10
605 239 23 10
605 238 23 10
604 238 23 11
605 239 23 9
605 238 23 10
604 238 23 10
604 238 24 10
604 237 23 10
604 237 23 10
604 237 23 9
604 236 23 11
604 236 23 11
604 236 23 10
604 236 23 10
604 235 23 11
604 235 23 10
604 235 24 10
603 235 24 9
604 235 24 10
604 234 24 10
604 234 24 11
603 234 24 10
604 234 23 10
604 233 23 10
604 233 23 10
604 233 24 10
605 233 23 11
605 232 22 11
604 232 23 11
605 232 23 10
605 232 23 10
605 231 23 10
604 231 24 10
605 231 23 10
604 231 24 10
605 230 23 10
605 230 23 10
605 230 23 10
605 230 23 10
605 230 23 10
605 229 23 11
606 229 23 11
606 229 23 11
606 228 23 11
605 228 24 12
606 228 23 12
606 227 23 12
606 227 24 11
606 228 24 10
607 227 24 11
607 227 24 11
607 227 23 12
607 227 23 12
607 227 24 12
607 227 24 12
607 228 24 10
608 228 24 11
608 229 24 10
608 230 24 10
608 230 23 10
608 230 23 11
608 231 24 11
608 231 24 11
609 232 23 11
609 233 23 12
609 234 23 11
610 234 22 12
609 235 22 12
609 237 23 11
609 237 22 11
609 239 23 11
610 240 24 11
610 240 23 11
610 241 23 12
610 242 24 12
610 243 23 12
610 245 23 11
610 246 23 12
610 247 23 11
611 248 22 11
611 249 23 11
611 251 23 10
610 251 23 11
610 252 24 11
610 254 23 10
611 255 23 10
611 256 23 11
610 257 24 11
611 257 23 12
611 259 23 11
611 260 23 11
611 261 23 12
611 262 23 11
611 263 23 11
611 264 23 11
611 265 23 11
611 266 23 10
610 266 24 11
611 266 24 11
611 266 23 11
611 267 23 11
611 267 23 10
611 267 23 10
611 267 23 10
610 267 23 10
610 267 23 11
611 267 23 11
610 267 24 11
611 267 23 10
610 267 23 10
610 267 23 11
611 267 23 10
610 267 23 10
610 266 23 11
610 265 23 11
610 265 23 10
610 265 23 11
610 264 23 11
609 264 24 10
609 264 23 10
609 264 24 10
610 263 23 11
610 263 23 10
610 262 23 11
610 261 24 11
609 261 24 11
609 260 23 11
609 260 23 11
609 259 23 12
609 259 23 11
609 259 23 11
609 258 23 11
609 258 24 12
608 257 23 11
608 256 23 12
608 256 24 12
608 256 23 12
608 255 23 13
607 255 24 12
607 255 24 13
608 254 23 12
607 254 24 12
607 254 24 13
607 253 23 13
607 253 23 13
607 252 23 13
607 252 23 13
607 251 24 14
606 251 24 14
606 251 23 13
606 251 23 13
605 251 24 13
605 251 24 13
605 250 23 13
605 250 24 14
605 250 23 13
604 250 23 13
605 250 22 13
604 249 23 13
604 249 23 13
603 249 24 14
602 249 25 13
602 249 24 13
602 248 24 13
601 248 24 14
601 248 23 13
600 247 24 13
599 247 24 14
599 247 24 14
599 247 23 14
598 247 24 14
598 247 24 14
597 247 24 14
597 247 23 14
596 246 24 15
596 246 24 15
595 247 24 14
595 246 24 15
593 246 25 15
592 246 25 15
592 246 25 15
592 246 23 16
592 246 23 15
591 246 23 16
591 246 22 16
590 246 23 16
589 246 23 15
588 246 24 15
588 247 23 14
587 247 24 15
587 246 24 15
586 247 24 14
586 247 24 14
585 247 24 14
585 247 24 15
584 247 23 15
585 248 22 13
584 248 23 13
583 248 22 13
583 248 22 13
583 248 22 13
582 248 23 14
582 248 21 14
581 249 22 13
580 249 22 14
579 249 23 14
579 249 22 14
579 250 23 13
578 249 22 13
578 249 22 14
577 249 22 14
576 250 22 14
576 250 23 14
576 251 22 14
575 250 22 14
574 251 22 14
574 251 22 14
573 251 23 14
574 251 21 14
574 252 21 14
572 252 22 14
572 252 22 14
573 252 21 15
572 253 22 15
572 253 22 16
572 253 22 16
571 253 22 15
571 254 22 16
571 254 22 15
572 254 22 15
572 255 23 15
574 255 21 15
574 255 21 15
575 256 20 14
575 256 21 15
575 257 22 14
576 257 22 14
577 257 22 13
578 257 22 13
579 257 21 14
579 257 22 13
581 258 22 12
582 258 22 12
583 258 21 11
583 258 21 11
584 258 21 11
586 258 21 12
586 257 21 12
587 258 21 12
588 257 20 12
588 257 20 13
589 258 20 12
589 258 20 12
590 257 21 13
590 258 21 12
591 258 21 12
591 257 21 13
591 257 21 13
592 257 20 13
592 257 21 13
593 257 20 14
593 256 20 14
594 257 19 13
593 256 20 14
593 257 20 13
593 257 20 13
593 257 20 13
593 256 19 14
593 257 19 13
593 257 19 13
593 257 19 13
591 257 19 13
591 257 19 13
591 258 18 12
589 258 19 13
589 257 19 12
588 259 20 11
588 259 19 11
587 259 19 11
586 259 20 10
585 259 19 10
584 259 19 10
583 259 19 10
583 260 19 10
582 260 19 10
581 260 19 10
580 259 19 10
579 260 19 10
578 260 19 9
578 261 19 9
577 261 19 9
576 260 19 10
576 261 19 9
575 260 19 9
574 261 19 10
573 261 19 9
572 261 19 9
571 261 19 9
571 261 19 10
570 260 19 10
570 260 18 11
569 261 19 9
568 261 18 10
568 260 19 10
567 260 19 10
567 261 18 10
567 261 18 10
566 260 18 11
565 260 18 10
565 261 19 10
565 260 18 11
564 260 18 11
564 260 18 10
564 260 18 11
564 259 17 12
563 260 17 11
563 260 17 11
563 260 17 12
563 259 17 12
563 260 16 12
562 259 17 12
562 260 17 12
563 259 16 13
562 259 17 14
562 260 18 12
562 259 18 14
561 258 17 15
561 258 18 15
561 258 18 16
561 259 18 15
561 257 18 16
561 258 17 16
561 259 17 15
561 258 17 15
561 257 18 17
561 258 17 16
561 258 17 16
561 259 17 14
561 260 17 14
560 260 18 15
560 259 18 16
560 257 17 18
560 257 18 18
560 259 18 17
561 261 17 14
561 260 17 15
560 261 18 15
560 261 17 14
561 261 17 15
561 261 17 15
562 261 17 14
561 262 18 15
561 261 17 16
561 262 17 14
561 261 17 16
561 262 17 15
562 263 16 14
562 263 16 15
562 263 16 14
562 264 16 13
562 265 17 13
562 265 17 13
562 265 16 12
562 265 16 12
561 266 17 11
562 267 16 12
562 266 16 12
561 266 16 12
561 267 17 11
561 267 17 11
561 267 17 12
561 267 17 12
561 268 16 11
561 268 15 12
560 268 16 11
560 269 16 11
560 269 16 11
560 269 16 11
560 270 15 11
560 270 15 10
559 271 16 10
559 271 15 10
558 271 16 11
558 271 17 10
558 270 17 12
557 271 16 11
558 272 15 10
557 272 15 11
557 272 15 10
557 273 15 11
556 272 16 11
555 273 15 10
555 274 16 9
554 274 16 10
553 274 15 10
553 275 16 9
553 275 15 10
553 274 14 10
552 275 15 10
552 275 15 10
551 275 15 11
551 275 15 11
551 276 15 10
550 277 15 9
549 277 15 9
549 278 15 8
548 278 15 8
547 278 17 9
547 279 15 8
546 279 16 8
546 279 15 8
545 279 15 9
545 280 15 8
544 280 15 8
543 280 16 8
543 280 16 8
543 280 15 8
543 281 15 8
542 281 14 8
542 281 15 8
542 281 15 9
541 282 15 8
541 281 15 9
541 282 15 8
540 282 15 8
540 282 15 8
539 282 15 8
539 282 15 8
539 282 14 9
539 283 15 8
538 284 16 8
538 283 15 8
537 283 16 9
537 283 15 10
537 284 15 8
537 284 15 8
537 284 15 8
537 285 15 8
537 285 15 9
536 284 15 9
536 284 15 9
536 285 15 9
536 285 14 10
536 286 14 8
537 286 14 8
536 286 15 8
536 286 15 8
536 286 14 9
536 286 14 9
536 287 14 9
537 287 14 9
536 287 15 8
536 287 14 9
537 287 14 9
536 287 15 9
536 287 14 9
536 287 14 9
536 288 14 9
537 288 14 9
536 287 14 9
537 287 14 9
537 288 14 9
537 288 13 9
537 288 14 9
538 289 13 9
537 289 13 9
538 289 13 9
538 289 13 8
538 289 13 8
537 289 14 9
537 289 14 9
538 290 14 8
538 290 14 8
539 290 13 9
539 290 13 8
