361 14 30 22
360 13 30 23
360 13 31 25
360 13 32 24
360 14 32 23
360 14 32 25
359 14 33 25
360 14 31 25
361 13 30 25
361 14 32 25
360 14 33 26
360 14 32 25
361 14 31 26
361 14 33 26
362 14 32 25
363 14 31 26
362 14 32 25
362 14 32 26
363 14 31 26
363 14 31 25
363 14 31 25
363 14 31 26
363 15 31 25
362 15 32 25
362 15 33 24
362 15 32 25
362 14 32 25
363 15 32 25
362 15 32 25
362 14 31 26
362 14 32 26
362 14 32 25
362 14 32 26
362 15 32 25
362 15 31 25
362 15 32 25
361 15 32 25
362 15 32 26
362 15 32 26
361 15 32 26
362 16 31 25
362 17 30 25
360 17 32 25
360 18 31 24
359 19 31 24
359 18 32 25
360 19 31 25
360 19 30 24
359 18 31 26
359 18 31 26
360 19 31 26
359 19 31 26
359 20 31 26
359 20 32 26
358 20 33 26
360 21 30 24
359 21 31 24
359 22 31 24
358 22 32 25
359 22 31 25
358 23 32 25
358 23 33 25
358 24 32 24
358 25 32 24
357 25 32 24
358 25 32 25
358 26 32 25
358 26 31 25
358 27 32 25
358 28 32 24
358 28 33 25
358 28 32 26
359 29 32 26
360 30 32 26
362 32 31 25
365 33 29 25
366 34 31 26
369 35 30 26
370 37 31 25
373 38 31 25
375 41 31 25
378 42 31 25
381 42 32 27
385 45 31 26
390 46 29 26
392 49 31 25
397 51 30 24
401 53 30 25
406 53 29 26
409 55 32 26
414 56 30 26
419 60 30 25
425 61 28 25
430 64 29 24
434 66 29 24
439 68 29 24
445 71 28 23
449 72 29 25
454 75 29 24
459 78 29 24
464 80 29 23
470 82 29 23
476 85 28 23
480 87 28 23
486 88 28 24
492 91 28 22
498 93 27 22
503 94 28 22
510 95 27 23
515 98 27 22
522 100 27 21
528 101 27 22
534 102 28 23
541 104 26 22
548 105 28 22
554 107 28 22
561 108 28 22
569 110 27 21
577 111 27 22
584 112 27 21
592 112 27 23
599 113 28 22
609 115 27 22
617 116 23 21
625 116 21 21
631 112 24 23
631 112 24 23
631 112 24 23
631 112 24 23
631 112 24 23
631 112 24 23
631 112 24 23
631 112 24 23
631 112 24 23
631 112 24 23
631 112 24 23
631 112 24 23
631 112 24 23
631 112 24 23
631 112 24 23
631 112 24 23
631 112 24 23
631 112 24 23
631 112 24 23
631 112 24 23
631 112 24 23
631 112 24 23
631 112 24 23
631 112 24 23
631 112 24 23
631 112 24 23
631 112 24 23
631 112 24 23
631 112 24 23
631 112 24 23
631 112 24 23
631 112 24 23
631 112 24 23
631 112 24 23
631 112 24 23
631 112 24 23
631 112 24 23
631 112 24 23
631 112 24 23
631 112 24 23
631 112 24 23
631 112 24 23
631 112 24 23
631 112 24 23
631 112 24 23
631 112 24 23
631 112 24 23
631 112 24 23
631 112 24 23
631 112 24 23
631 112 24 23
631 112 24 23
631 112 24 23
631 112 24 23
631 112 24 23
631 112 24 23
631 112 24 23
631 112 24 23
631 112 24 23
631 112 24 23
631 112 24 23
631 112 24 23
631 112 24 23
631 112 24 23
631 112 24 23
631 112 24 23
631 112 24 23
631 112 24 23
631 112 24 23
631 112 24 23
631 112 24 23
631 112 24 23
631 112 24 23
631 112 24 23
631 112 24 23
631 112 24 23
631 112 24 23
631 112 24 23
631 112 24 23
631 112 24 23
631 112 24 23
631 112 24 23
631 112 24 23
631 112 24 23
631 112 24 23
631 112 24 23
631 112 24 23
631 112 24 23
631 112 24 23
631 112 24 23
631 112 24 23
631 112 24 23
631 112 24 23
631 112 24 23
631 112 24 23
631 112 24 23
631 112 24 23
631 112 24 23
631 112 24 23
631 112 24 23
631 112 24 23
631 112 24 23
631 112 24 23
631 112 24 23
631 112 24 23
631 112 24 23
631 112 24 23
631 112 24 23
631 112 24 23
631 112 24 23
631 112 24 23
631 112 24 23
631 112 24 23
631 112 24 23
631 112 24 23
631 112 24 23
631 112 24 23
631 112 24 23
631 112 24 23
631 112 24 23
631 112 24 23
631 112 24 23
631 112 24 23
631 112 24 23
631 112 24 23
631 112 24 23
631 112 24 23
631 112 24 23
631 112 24 23
631 112 24 23
631 112 24 23
631 112 24 23
631 112 24 23
631 112 24 23
631 112 24 23
631 112 24 23
631 112 24 23
631 112 24 23
631 112 24 23
631 112 24 23
631 112 24 23
631 112 24 23
631 112 24 23
631 112 24 23
631 112 24 23
631 112 24 23
631 112 24 23
631 112 24 23
631 112 24 23
631 112 24 23
631 112 24 23
631 112 24 23
631 112 24 23
631 112 24 23
631 112 24 23
631 112 24 23
631 112 24 23
631 112 24 23
631 112 24 23
631 112 24 23
631 112 24 23
631 112 24 23
631 112 24 23
631 112 24 23
631 112 24 23
631 112 24 23
631 112 24 23
631 112 24 23
631 112 24 23
631 112 24 23
631 112 24 23
631 112 24 23
631 112 24 23
631 112 24 23
631 112 24 23
631 112 24 23
631 112 24 23
631 112 24 23
631 112 24 23
631 112 24 23
631 112 24 23
631 112 24 23
631 112 24 23
631 112 24 23
631 112 24 23
631 112 24 23
631 112 24 23
631 112 24 23
631 112 24 23
631 112 24 23
631 112 24 23
631 112 24 23
631 112 24 23
631 112 24 23
631 112 24 23
631 112 24 23
631 112 24 23
631 112 24 23
631 112 24 23
631 112 24 23
631 112 24 23
631 112 24 23
631 112 24 23
631 112 24 23
631 112 24 23
631 112 24 23
631 112 24 23
631 112 24 23
631 112 24 23
631 112 24 23
631 112 24 23
631 112 24 23
631 112 24 23
631 112 24 23
631 112 24 23
631 112 24 23
631 112 24 23
631 112 24 23
631 112 24 23
631 112 24 23
631 112 24 23
631 112 24 23
631 112 24 23
631 112 24 23
631 112 24 23
631 112 24 23
631 112 24 23
631 112 24 23
631 112 24 23
631 112 24 23
631 112 24 23
631 112 24 23
631 112 24 23
631 112 24 23
631 112 24 23
631 112 24 23
631 112 24 23
631 112 24 23
631 112 24 23
631 112 24 23
631 112 24 23
631 112 24 23
631 112 24 23
631 112 24 23
631 112 24 23
631 112 24 23
631 112 24 23
631 112 24 23
631 112 24 23
631 112 24 23
631 112 24 23
631 112 24 23
631 112 24 23
631 112 24 23
631 112 24 23
631 112 24 23
631 112 24 23
631 112 24 23
631 112 24 23
631 112 24 23
631 112 24 23
631 112 24 23
631 112 24 23
631 112 24 23
631 112 24 23
631 112 24 23
631 112 24 23
631 112 24 23
631 112 24 23
631 112 24 23
631 112 24 23
631 112 24 23
631 112 24 23
631 112 24 23
631 112 24 23
631 112 24 23
631 112 24 23
631 112 24 23
631 112 24 23
631 112 24 23
631 112 24 23
631 112 24 23
631 112 24 23
631 112 24 23
631 112 24 23
631 112 24 23
631 112 24 23
631 112 24 23
631 112 24 23
631 112 24 23
631 112 24 23
631 112 24 23
627 66 20 22
632 45 23 19
632 45 23 19
632 45 23 19
632 45 23 19
632 45 23 19
632 45 23 19
632 45 23 19
632 45 23 19
632 45 23 19
632 45 23 19
632 45 23 19
632 45 23 19
632 45 23 19
632 45 23 19
632 45 23 19
632 45 23 19
632 45 23 19
632 45 23 19
632 45 23 19
632 45 23 19
632 45 23 19
632 45 23 19
632 45 23 19
632 45 23 19
632 45 23 19
632 45 23 19
632 45 23 19
632 45 23 19
632 45 23 19
632 45 23 19
632 45 23 19
632 45 23 19
632 45 23 19
632 45 23 19
632 45 23 19
632 45 23 19
632 45 23 19
632 45 23 19
632 45 23 19
632 45 23 19
632 45 23 19
632 45 23 19
632 45 23 19
632 45 23 19
632 45 23 19
632 45 23 19
632 45 23 19
632 45 23 19
632 45 23 19
632 45 23 19
632 45 23 19
632 45 23 19
632 45 23 19
632 45 23 19
632 45 23 19
632 45 23 19
632 45 23 19
632 45 23 19
632 45 23 19
632 45 23 19
632 45 23 19
632 45 23 19
632 45 23 19
632 45 23 19
632 45 23 19
632 45 23 19
632 45 23 19
632 45 23 19
632 45 23 19
632 45 23 19
632 45 23 19
632 45 23 19
632 45 23 19
632 45 23 19
632 45 23 19
632 45 23 19
632 45 23 19
632 45 23 19
632 45 23 19
632 45 23 19
632 45 23 19
632 45 23 19
632 45 23 19
632 45 23 19
632 45 23 19
632 45 23 19
632 45 23 19
632 45 23 19
632 45 23 19
632 45 23 19
632 45 23 19
632 45 23 19
632 45 23 19
632 45 23 19
632 45 23 19
632 45 23 19
632 45 23 19
632 45 23 19
632 45 23 19
632 45 23 19
632 45 23 19
632 45 23 19
632 45 23 19
632 45 23 19
632 45 23 19
632 45 23 19
632 45 23 19
632 45 23 19
632 45 23 19
632 45 23 19
632 45 23 19
632 45 23 19
632 45 23 19
632 45 23 19
632 45 23 19
632 45 23 19
632 45 23 19
632 45 23 19
632 45 23 19
632 45 23 19
632 45 23 19
632 45 23 19
632 45 23 19
632 45 23 19
632 45 23 19
632 45 23 19
632 45 23 19
632 45 23 19
632 45 23 19
632 45 23 19
632 45 23 19
632 45 23 19
632 45 23 19
632 45 23 19
632 45 23 19
632 45 23 19
632 45 23 19
632 45 23 19
632 45 23 19
632 45 23 19
632 45 23 19
632 45 23 19
632 45 23 19
632 45 23 19
632 45 23 19
632 45 23 19
632 45 23 19
632 45 23 19
632 45 23 19
632 45 23 19
632 45 23 19
632 45 23 19
632 45 23 19
632 45 23 19
632 45 23 19
632 45 23 19
632 45 23 19
632 45 23 19
632 45 23 19
632 45 23 19
632 45 23 19
632 45 23 19
632 45 23 19
632 45 23 19
632 45 23 19
632 45 23 19
632 45 23 19
632 45 23 19
632 45 23 19
632 45 23 19
632 45 23 19
632 45 23 19
632 45 23 19
632 45 23 19
632 45 23 19
632 45 23 19
632 45 23 19
632 45 23 19
632 45 23 19
632 45 23 19
632 45 23 19
632 45 23 19
632 45 23 19
632 45 23 19
632 45 23 19
632 45 23 19
632 45 23 19
632 45 23 19
632 45 23 19
632 45 23 19
632 45 23 19
632 45 23 19
632 45 23 19
632 45 23 19
632 45 23 19
632 45 23 19
632 45 23 19
632 45 23 19
632 45 23 19
632 45 23 19
632 45 23 19
632 45 23 19
632 45 23 19
632 45 23 19
632 45 23 19
632 45 23 19
632 45 23 19
632 45 23 19
632 45 23 19
632 45 23 19
632 45 23 19
632 45 23 19
632 45 23 19
632 45 23 19
632 45 23 19
632 45 23 19
632 45 23 19
632 45 23 19
632 45 23 19
632 45 23 19
632 45 23 19
632 45 23 19
632 45 23 19
632 45 23 19
632 45 23 19
632 45 23 19
632 45 23 19
632 45 23 19
632 45 23 19
632 45 23 19
632 45 23 19
632 45 23 19
632 45 23 19
632 45 23 19
632 45 23 19
632 45 23 19
632 45 23 19
632 45 23 19
632 45 23 19
632 45 23 19
632 45 23 19
632 45 23 19
632 45 23 19
632 45 23 19
632 45 23 19
632 45 23 19
632 45 23 19
632 45 23 19
632 45 23 19
632 45 23 19
632 45 23 19
632 45 23 19
632 45 23 19
632 45 23 19
632 45 23 19
632 45 23 19
632 45 23 19
632 45 23 19
632 45 23 19
632 45 23 19
632 45 23 19
632 45 23 19
632 45 23 19
632 45 23 19
632 45 23 19
632 45 23 19
632 45 23 19
632 45 23 19
632 45 23 19
632 45 23 19
632 45 23 19
632 45 23 19
632 45 23 19
632 45 23 19
632 45 23 19
632 45 23 19
632 45 23 19
632 45 23 19
632 45 23 19
632 45 23 19
632 45 23 19
632 45 23 19
632 45 23 19
632 45 23 19
632 45 23 19
632 45 23 19
632 45 23 19
632 45 23 19
632 45 23 19
632 45 23 19
632 45 23 19
632 45 23 19
632 45 23 19
632 45 23 19
632 45 23 19
632 45 23 19
632 45 23 19
632 45 23 19
632 45 23 19
632 45 23 19
632 45 23 19
632 45 23 19
632 45 23 19
632 45 23 19
632 45 23 19
632 45 23 19
632 45 23 19
632 45 23 19
632 45 23 19
632 45 23 19
632 45 23 19
632 45 23 19
632 45 23 19
632 45 23 19
632 45 23 19
632 45 23 19
632 45 23 19
632 45 23 19
632 45 23 19
632 45 23 19
632 45 23 19
632 45 23 19
632 45 23 19
632 45 23 19
632 45 23 19
632 45 23 19
632 45 23 19
632 45 23 19
632 45 23 19
632 45 23 19
632 45 23 19
632 45 23 19
632 45 23 19
632 45 23 19
632 45 23 19
632 45 23 19
632 45 23 19
632 45 23 19
632 45 23 19
632 45 23 19
632 45 23 19
632 45 23 19
632 45 23 19
632 45 23 19
632 45 23 19
632 45 23 19
632 45 23 19
632 45 23 19
632 45 23 19
632 45 23 19
632 45 23 19
632 45 23 19
632 45 23 19
632 45 23 19
632 45 23 19
632 45 23 19
632 45 23 19
632 45 23 19
632 45 23 19
632 45 23 19
632 45 23 19
632 45 23 19
632 45 23 19
632 45 23 19
632 45 23 19
632 45 23 19
632 45 23 19
632 45 23 19
632 45 23 19
632 45 23 19
632 45 23 19
632 45 23 19
632 45 23 19
632 45 23 19
632 45 23 19
632 45 23 19
632 45 23 19
632 45 23 19
632 45 23 19
632 45 23 19
632 45 23 19
632 45 23 19
632 45 23 19
632 45 23 19
632 45 23 19
632 45 23 19
632 45 23 19
632 45 23 19
632 45 23 19
632 45 23 19
632 45 23 19
632 45 23 19
632 45 23 19
632 45 23 19
632 45 23 19
632 45 23 19
632 45 23 19
632 45 23 19
632 45 23 19
632 45 23 19
632 45 23 19
632 45 23 19
632 45 23 19
632 45 23 19
632 45 23 19
632 45 23 19
632 45 23 19
632 45 23 19
632 45 23 19
632 45 23 19
632 45 23 19
632 45 23 19
632 45 23 19
632 45 23 19
632 45 23 19
632 45 23 19
632 45 23 19
632 45 23 19
632 45 23 19
632 45 23 19
632 45 23 19
632 45 23 19
632 45 23 19
632 45 23 19
632 45 23 19
632 45 23 19
632 45 23 19
632 45 23 19
632 45 23 19
632 45 23 19
632 45 23 19
632 45 23 19
632 45 23 19
632 45 23 19
632 45 23 19
632 45 23 19
632 45 23 19
632 45 23 19
632 45 23 19
632 45 23 19
632 45 23 19
632 45 23 19
632 45 23 19
632 45 23 19
632 45 23 19
632 45 23 19
632 45 23 19
632 45 23 19
632 45 23 19
632 45 23 19
632 45 23 19
632 45 23 19
632 45 23 19
632 45 23 19
632 45 23 19
632 45 23 19
632 45 23 19
632 45 23 19
632 45 23 19
632 45 23 19
632 45 23 19
632 45 23 19
632 45 23 19
632 45 23 19
632 45 23 19
632 45 23 19
632 45 23 19
632 45 23 19
632 45 23 19
632 45 23 19
632 45 23 19
632 45 23 19
632 45 23 19
632 45 23 19
632 45 23 19
632 45 23 19
632 45 23 19
632 45 23 19
632 45 23 19
632 45 23 19
632 45 23 19
632 45 23 19
632 45 23 19
632 45 23 19
632 45 23 19
632 45 23 19
632 45 23 19
632 45 23 19
632 45 23 19
632 45 23 19
632 45 23 19
632 45 23 19
632 45 23 19
632 45 23 19
632 45 23 19
632 45 23 19
632 45 23 19
632 45 23 19
632 45 23 19
632 45 23 19
632 45 23 19
632 45 23 19
632 45 23 19
632 45 23 19
632 45 23 19
632 45 23 19
632 45 23 19
632 45 23 19
632 45 23 19
632 45 23 19
632 45 23 19
632 45 23 19
632 45 23 19
632 45 23 19
632 45 23 19
632 45 23 19
632 45 23 19
632 45 23 19
632 45 23 19
632 45 23 19
632 45 23 19
632 45 23 19
632 45 23 19
632 45 23 19
632 45 23 19
632 45 23 19
632 45 23 19
632 45 23 19
632 45 23 19
632 45 23 19
632 45 23 19
632 45 23 19
632 45 23 19
632 45 23 19
632 45 23 19
632 45 23 19
632 45 23 19
632 45 23 19
632 45 23 19
632 45 23 19
632 45 23 19
632 45 23 19
632 45 23 19
632 45 23 19
632 45 23 19
632 45 23 19
632 45 23 19
632 45 23 19
632 45 23 19
632 45 23 19
632 45 23 19
632 45 23 19
632 45 23 19
632 45 23 19
632 45 23 19
632 45 23 19
632 45 23 19
632 45 23 19
632 45 23 19
632 45 23 19
632 45 23 19
632 45 23 19
632 45 23 19
632 45 23 19
632 45 23 19
632 45 23 19
632 45 23 19
632 45 23 19
632 45 23 19
632 45 23 19
632 45 23 19
632 45 23 19
632 45 23 19
632 45 23 19
632 45 23 19
632 45 23 19
632 45 23 19
632 45 23 19
632 45 23 19
632 45 23 19
632 45 23 19
632 45 23 19
632 45 23 19
632 45 23 19
632 45 23 19
632 45 23 19
632 45 23 19
632 45 23 19
632 45 23 19
632 45 23 19
632 45 23 19
632 45 23 19
632 45 23 19
632 45 23 19
632 45 23 19
632 45 23 19
632 45 23 19
632 45 23 19
632 45 23 19
632 45 23 19
632 45 23 19
632 45 23 19
632 45 23 19
632 45 23 19
632 45 23 19
632 45 23 19
632 45 23 19
632 45 23 19
632 45 23 19
632 45 23 19
632 45 23 19
632 45 23 19
632 45 23 19
632 45 23 19
632 45 23 19
632 45 23 19
632 45 23 19
632 45 23 19
632 45 23 19
632 45 23 19
632 45 23 19
632 45 23 19
632 45 23 19
632 45 23 19
632 45 23 19
632 45 23 19
632 45 23 19
632 45 23 19
632 45 23 19
632 45 23 19
632 45 23 19
632 45 23 19
632 45 23 19
632 45 23 19
632 45 23 19
632 45 23 19
632 45 23 19
632 45 23 19
632 45 23 19
632 45 23 19
632 45 23 19
632 45 23 19
632 45 23 19
632 45 23 19
632 45 23 19
632 45 23 19
632 45 23 19
632 45 23 19
632 45 23 19
632 45 23 19
632 45 23 19
632 45 23 19
632 45 23 19
632 45 23 19
632 45 23 19
632 45 23 19
632 45 23 19
632 45 23 19
632 45 23 19
632 45 23 19
632 45 23 19
632 45 23 19
632 45 23 19
632 45 23 19
632 45 23 19
632 45 23 19
632 45 23 19
632 45 23 19
632 45 23 19
632 45 23 19
632 45 23 19
632 45 23 19
632 45 23 19
632 45 23 19
632 45 23 19
632 45 23 19
632 45 23 19
632 45 23 19
632 45 23 19
632 45 23 19
632 45 23 19
632 45 23 19
632 45 23 19
632 45 23 19
632 45 23 19
632 45 23 19
632 45 23 19
632 45 23 19
632 45 23 19
632 45 23 19
632 45 23 19
632 45 23 19
632 45 23 19
632 45 23 19
632 45 23 19
632 45 23 19
632 45 23 19
632 45 23 19
632 45 23 19
632 45 23 19
632 45 23 19
632 45 23 19
632 45 23 19
632 45 23 19
632 45 23 19
632 45 23 19
632 45 23 19
632 45 23 19
632 45 23 19
632 45 23 19
632 45 23 19
632 45 23 19
632 45 23 19
632 45 23 19
632 45 23 19
632 45 23 19
632 45 23 19
632 45 23 19
632 45 23 19
632 45 23 19
632 45 23 19
632 45 23 19
632 45 23 19
632 45 23 19
632 45 23 19
632 45 23 19
632 45 23 19
632 45 23 19
632 45 23 19
632 45 23 19
632 45 23 19
632 45 23 19
632 45 23 19
632 45 23 19
632 45 23 19
632 45 23 19
632 45 23 19
632 45 23 19
632 45 23 19
632 45 23 19
632 45 23 19
632 45 23 19
632 45 23 19
632 45 23 19
632 45 23 19
632 45 23 19
632 45 23 19
632 45 23 19
632 45 23 19
632 45 23 19
632 45 23 19
632 45 23 19
632 45 23 19
632 45 23 19
632 45 23 19
632 45 23 19
632 45 23 19
632 45 23 19
632 45 23 19
632 45 23 19
632 45 23 19
632 45 23 19
632 45 23 19
632 45 23 19
632 45 23 19
632 45 23 19
632 45 23 19
632 45 23 19
632 45 23 19
632 45 23 19
632 45 23 19
632 45 23 19
632 45 23 19
632 45 23 19
632 45 23 19
632 45 23 19
632 45 23 19
632 45 23 19
632 45 23 19
632 45 23 19
632 45 23 19
632 45 23 19
632 45 23 19
632 45 23 19
632 45 23 19
632 45 23 19
632 45 23 19
632 45 23 19
632 45 23 19
632 45 23 19
632 45 23 19
632 45 23 19
632 45 23 19
632 45 23 19
632 45 23 19
632 45 23 19
632 45 23 19
632 45 23 19
632 45 23 19
632 45 23 19
632 45 23 19
632 45 23 19
632 45 23 19
632 45 23 19
632 45 23 19
632 45 23 19
632 45 23 19
632 45 23 19
632 45 23 19
632 45 23 19
632 45 23 19
632 45 23 19
632 45 23 19
632 45 23 19
632 45 23 19
632 45 23 19
632 45 23 19
632 45 23 19
632 45 23 19
632 45 23 19
632 45 23 19
632 45 23 19
632 45 23 19
632 45 23 19
632 45 23 19
632 45 23 19
632 45 23 19
632 45 23 19
632 45 23 19
632 45 23 19
632 45 23 19
632 45 23 19
632 45 23 19
632 45 23 19
632 45 23 19
632 45 23 19
632 45 23 19
632 45 23 19
632 45 23 19
632 45 23 19
632 45 23 19
632 45 23 19
632 45 23 19
632 45 23 19
632 45 23 19
632 45 23 19
632 45 23 19
632 45 23 19
632 45 23 19
632 45 23 19
632 45 23 19
632 45 23 19
632 45 23 19
632 45 23 19
632 45 23 19
632 45 23 19
632 45 23 19
632 45 23 19
632 45 23 19
632 45 23 19
632 45 23 19
632 45 23 19
632 45 23 19
632 45 23 19
632 45 23 19
632 45 23 19
632 45 23 19
632 45 23 19
632 45 23 19
632 45 23 19
632 45 23 19
632 45 23 19
632 45 23 19
632 45 23 19
632 45 23 19
632 45 23 19
632 45 23 19
632 45 23 19
632 45 23 19
632 45 23 19
632 45 23 19
632 45 23 19
632 45 23 19
632 45 23 19
632 45 23 19
632 45 23 19
632 45 23 19
632 45 23 19
632 45 23 19
632 45 23 19
632 45 23 19
632 45 23 19
632 45 23 19
632 45 23 19
632 45 23 19
632 45 23 19
632 45 23 19
632 45 23 19
632 45 23 19
632 45 23 19
632 45 23 19
632 45 23 19
632 45 23 19
632 45 23 19
632 45 23 19
632 45 23 19
632 45 23 19
632 45 23 19
632 45 23 19
632 45 23 19
632 45 23 19
632 45 23 19
632 45 23 19
632 45 23 19
632 45 23 19
632 45 23 19
632 45 23 19
632 45 23 19
632 45 23 19
632 45 23 19
632 45 23 19
632 45 23 19
632 45 23 19
632 45 23 19
632 45 23 19
632 45 23 19
632 45 23 19
632 45 23 19
632 45 23 19
632 45 23 19
632 45 23 19
632 45 23 19
632 45 23 19
632 45 23 19
632 45 23 19
632 45 23 19
632 45 23 19
632 45 23 19
632 45 23 19
632 45 23 19
632 45 23 19
632 45 23 19
632 45 23 19
632 45 23 19
632 45 23 19
632 45 23 19
632 45 23 19
632 45 23 19
632 45 23 19
632 45 23 19
632 45 23 19
632 45 23 19
632 45 23 19
632 45 23 19
632 45 23 19
632 45 23 19
632 45 23 19
632 45 23 19
632 45 23 19
632 45 23 19
632 45 23 19
632 45 23 19
632 45 23 19
632 45 23 19
632 45 23 19
632 45 23 19
632 45 23 19
632 45 23 19
632 45 23 19
632 45 23 19
632 45 23 19
632 45 23 19
632 45 23 19
632 45 23 19
632 45 23 19
632 45 23 19
632 45 23 19
632 45 23 19
632 45 23 19
632 45 23 19
632 45 23 19
632 45 23 19
632 45 23 19
632 45 23 19
632 45 23 19
632 45 23 19
632 45 23 19
632 45 23 19
632 45 23 19
632 45 23 19
632 45 23 19
632 45 23 19
632 45 23 19
632 45 23 19
632 45 23 19
632 45 23 19
632 45 23 19
632 45 23 19
632 45 23 19
632 45 23 19
632 45 23 19
632 45 23 19
632 45 23 19
632 45 23 19
632 45 23 19
632 45 23 19
632 45 23 19
632 45 23 19
632 45 23 19
632 45 23 19
632 45 23 19
632 45 23 19
632 45 23 19
632 45 23 19
632 45 23 19
632 45 23 19
632 45 23 19
632 45 23 19
632 45 23 19
632 45 23 19
632 45 23 19
632 45 23 19
632 45 23 19
632 45 23 19
632 45 23 19
632 45 23 19
632 45 23 19
632 45 23 19
632 45 23 19
632 45 23 19
632 45 23 19
632 45 23 19
632 45 23 19
632 45 23 19
632 45 23 19
632 45 23 19
632 45 23 19
632 45 23 19
632 45 23 19
632 45 23 19
632 45 23 19
632 45 23 19
632 45 23 19
632 45 23 19
632 45 23 19
632 45 23 19
632 45 23 19
632 45 23 19
632 45 23 19
632 45 23 19
632 45 23 19
632 45 23 19
632 45 23 19
632 45 23 19
632 45 23 19
632 45 23 19
632 45 23 19
632 45 23 19
632 45 23 19
632 45 23 19
632 45 23 19
632 45 23 19
632 45 23 19
632 45 23 19
632 45 23 19
632 45 23 19
632 45 23 19
632 45 23 19
632 45 23 19
632 45 23 19
632 45 23 19
632 45 23 19
632 45 23 19
632 45 23 19
632 45 23 19
632 45 23 19
632 45 23 19
632 45 23 19
632 45 23 19
632 45 23 19
632 45 23 19
632 45 23 19
