183 297 12 10
184 297 13 10
188 297 12 10
192 298 12 9
195 298 12 9
198 299 12 9
201 299 11 9
203 299 11 9
207 299 9 10
206 300 11 10
208 300 11 10
210 300 11 10
212 299 10 11
212 301 10 10
212 301 11 10
212 301 10 10
213 300 10 10
212 300 11 11
213 301 10 10
213 301 10 9
212 302 11 9
211 302 11 9
209 302 10 9
207 302 11 9
206 302 10 9
203 303 12 8
201 302 11 9
198 303 12 9
195 303 12 9
193 303 12 8
191 303 11 8
186 303 12 8
184 303 12 8
180 303 11 8
177 303 13 8
173 303 12 8
170 303 12 8
167 303 10 8
161 303 11 7
158 303 12 8
153 303 11 8
150 303 12 8
148 303 11 8
148 303 11 8
148 303 11 8
148 303 11 8
148 303 11 8
148 303 11 8
148 303 11 8
148 303 11 8
148 303 11 8
148 303 11 8
148 303 11 8
148 303 11 8
148 303 11 8
148 303 11 8
148 303 11 8
148 303 11 8
148 303 11 8
148 303 11 8
148 303 11 8
148 303 11 8
148 303 11 8
148 303 11 8
148 303 11 8
148 303 11 8
148 303 11 8
148 303 11 8
148 303 11 8
148 303 11 8
148 303 11 8
148 303 11 8
148 303 11 8
148 303 11 8
148 303 11 8
148 303 11 8
148 303 11 8
148 303 11 8
148 303 11 8
148 303 11 8
148 303 11 8
148 303 11 8
148 303 11 8
148 303 11 8
148 303 11 8
148 303 11 8
148 303 11 8
148 303 11 8
148 303 11 8
148 303 11 8
148 303 11 8
148 303 11 8
148 303 11 8
148 303 11 8
148 303 11 8
148 303 11 8
148 303 11 8
148 303 11 8
148 303 11 8
171 303 9 9
171 303 9 9
171 303 9 9
171 303 9 9
171 303 9 9
171 303 9 9
171 303 9 9
171 303 9 9
150 296 8 10
151 297 10 8
155 297 10 8
158 297 10 8
161 297 11 9
163 298 11 8
166 298 11 9
168 298 11 9
171 298 11 8
172 298 12 9
175 299 11 9
177 299 10 9
179 299 10 8
180 300 10 8
181 299 10 9
183 299 11 10
183 300 11 9
184 300 11 10
185 300 11 9
185 300 11 11
186 300 10 10
187 300 10 10
187 300 9 10
185 301 10 10
184 302 9 10
183 302 11 9
181 302 10 9
180 302 10 9
180 302 10 9
180 302 10 9
180 302 10 9
180 302 10 9
180 302 10 9
180 302 11 9
180 302 10 9
180 302 10 9
180 302 10 9
180 302 10 9
180 302 11 9
180 302 10 9
180 302 10 9
180 302 10 8
180 302 10 9
180 302 10 9
180 302 10 9
180 302 10 9
180 302 10 9
180 302 10 9
180 302 10 9
180 302 10 9
180 302 10 9
180 302 10 9
180 302 10 9
180 302 10 9
180 302 10 9
180 302 10 9
180 302 10 9
180 302 10 9
180 302 10 9
180 302 10 9
180 302 10 9
180 302 10 9
180 302 10 9
180 302 10 9
180 302 10 9
180 302 10 9
180 302 10 9
180 302 10 9
180 302 10 9
180 302 10 9
180 302 10 9
180 302 10 9
180 302 10 9
180 302 10 9
180 302 10 9
180 302 10 9
180 302 10 9
180 302 10 9
180 302 10 9
180 302 10 9
180 302 10 9
180 302 10 9
180 302 10 9
180 302 10 9
180 302 10 9
180 302 10 9
180 302 10 9
180 302 10 9
180 302 10 9
180 302 10 9
180 302 10 9
180 302 10 9
180 302 10 9
180 302 10 9
180 302 10 9
180 302 10 9
180 302 10 9
180 302 10 9
180 302 10 9
180 302 10 9
180 302 10 9
180 302 10 9
180 302 10 9
180 302 10 9
180 302 10 9
180 302 10 9
180 302 10 9
180 302 10 9
180 302 10 9
180 302 10 9
180 302 10 9
180 302 10 9
180 302 10 9
180 302 10 9
180 302 10 9
180 302 10 9
180 302 10 9
180 302 10 9
180 302 10 9
180 302 10 9
180 302 10 9
180 302 10 9
180 302 10 9
180 302 10 9
180 302 10 9
180 302 10 9
180 302 10 9
180 302 10 9
180 302 10 9
180 302 10 9
180 302 10 9
180 302 10 9
180 302 10 9
180 302 10 9
180 302 10 9
180 302 10 9
180 302 10 9
180 302 10 9
180 302 10 9
180 302 10 9
180 302 10 9
180 302 10 9
180 302 10 9
180 302 10 9
180 302 10 9
180 302 10 9
180 302 10 9
180 302 10 9
180 302 10 9
180 302 10 9
180 302 10 9
180 302 10 9
180 302 10 9
180 302 10 9
180 302 10 9
180 302 10 9
180 302 10 9
180 302 10 9
180 302 10 9
180 302 10 9
180 302 10 9
180 302 10 9
180 302 10 9
180 302 10 9
180 302 10 9
180 302 10 9
180 302 10 9
180 302 10 9
180 302 10 9
180 302 10 9
180 302 10 9
180 302 10 9
180 302 10 9
180 302 10 9
180 302 10 9
180 302 10 9
180 302 10 9
180 302 10 9
180 302 10 9
180 302 10 9
180 302 10 9
180 302 10 9
180 302 10 9
180 302 10 9
180 302 10 9
180 302 10 9
180 302 10 9
180 302 10 9
180 302 10 9
180 302 10 9
180 302 10 9
180 302 10 9
180 302 10 9
180 302 10 9
180 302 10 9
180 302 10 9
180 302 10 9
180 302 10 9
180 302 10 9
180 302 10 9
180 302 10 9
180 302 10 9
180 302 10 9
180 302 10 9
180 302 10 9
180 302 10 9
180 302 10 9
180 302 10 9
180 302 10 9
180 302 10 9
180 302 10 9
180 302 10 9
180 302 10 9
180 302 10 9
180 302 10 9
180 302 10 9
180 302 10 9
180 302 10 9
180 302 10 9
180 302 10 9
180 302 10 9
180 302 10 9
180 302 10 9
180 302 10 9
180 302 10 9
180 302 10 9
180 302 10 9
180 302 10 9
180 302 10 9
180 302 10 9
180 302 10 9
180 302 10 9
180 302 10 9
180 302 10 9
180 302 10 9
180 302 10 9
180 302 10 9
180 302 10 9
180 302 10 9
180 302 10 9
180 302 10 9
180 302 10 9
180 302 10 9
180 302 10 9
180 302 10 9
180 302 10 9
180 302 10 9
180 302 10 9
180 302 10 9
180 302 10 9
180 302 10 9
180 302 10 9
180 302 10 9
180 302 10 9
180 302 10 9
180 302 10 9
180 302 10 9
180 302 10 9
180 302 10 9
180 302 10 9
180 302 10 9
180 302 10 9
180 302 10 9
180 302 10 9
180 302 10 9
180 302 10 9
180 302 10 9
180 302 10 9
180 302 10 9
180 302 10 9
180 302 10 9
180 302 10 9
180 302 10 9
180 302 10 9
180 302 10 9
180 302 10 9
180 302 10 9
180 302 10 9
180 302 10 9
180 302 10 9
180 302 10 9
180 302 10 9
180 302 10 9
180 302 10 9
180 302 10 9
180 302 10 9
180 302 10 9
180 302 10 9
180 302 10 9
180 302 10 9
180 302 10 9
180 302 10 9
180 302 10 9
180 302 10 9
180 302 10 9
180 302 10 9
180 302 10 9
180 302 10 9
180 302 10 9
180 302 10 9
180 302 10 9
180 302 10 9
180 302 10 9
180 302 10 9
180 302 10 9
180 302 10 9
180 302 10 9
180 302 10 9
180 302 10 9
180 302 10 9
180 302 10 9
180 302 10 9
180 302 10 9
180 302 10 9
180 302 10 9
180 302 10 9
180 302 10 9
180 302 10 9
180 302 10 9
180 302 10 9
180 302 10 9
180 302 10 9
180 302 10 9
180 302 10 9
180 302 10 9
180 302 10 9
180 302 10 9
180 302 10 9
180 302 10 9
180 302 10 9
180 302 10 9
180 302 10 9
180 302 10 9
180 302 10 9
180 302 10 9
180 302 10 9
180 302 10 9
180 302 10 9
180 302 10 9
180 302 10 9
180 302 10 9
180 302 10 9
180 302 10 9
180 302 10 9
180 302 10 9
180 302 10 9
180 302 10 9
180 302 10 9
180 302 10 9
180 302 10 9
180 302 10 9
180 302 10 9
183 305 8 10
189 304 9 12
189 305 10 11
188 303 10 13
191 304 9 13
189 304 8 12
192 304 8 13
190 303 9 12
191 304 8 13
191 304 9 12
190 304 8 12
191 304 9 13
190 304 8 12
191 303 8 12
191 303 8 13
191 304 9 13
191 303 8 13
191 304 9 13
191 304 8 13
191 304 8 12
190 303 9 13
191 304 8 12
191 304 8 12
191 304 8 12
191 304 8 12
191 304 8 13
191 304 9 12
191 304 8 12
191 304 8 13
191 304 8 12
191 304 8 12
191 304 8 12
191 304 8 12
191 304 8 12
190 304 9 12
191 304 8 12
190 304 8 12
191 304 8 12
191 304 8 12
191 304 8 12
191 304 8 12
190 304 9 13
191 304 8 13
191 304 8 13
190 303 9 13
191 303 8 13
191 304 8 14
191 303 9 14
191 304 8 13
191 304 8 12
191 304 8 12
191 304 9 13
191 304 9 12
191 304 8 12
191 304 8 12
191 304 9 13
190 304 9 13
191 303 8 13
191 304 8 13
190 304 9 12
191 304 9 12
191 304 8 12
191 304 8 12
190 304 8 12
190 304 9 12
191 304 8 12
190 305 8 12
190 304 9 12
190 304 9 12
190 304 9 13
191 304 8 13
191 304 8 13
191 304 8 13
191 304 8 13
191 304 8 13
191 303 8 13
191 304 9 13
191 304 9 13
191 304 8 13
191 304 8 12
191 304 9 12
191 304 9 12
191 304 8 12
191 304 8 12
191 303 8 13
191 304 8 13
191 303 8 13
191 304 8 13
191 304 8 12
191 304 9 12
191 304 9 13
191 304 9 13
191 304 8 13
191 304 8 13
191 304 8 13
191 304 8 13
191 304 8 13
191 304 8 12
191 304 8 12
191 304 8 13
191 304 8 13
191 304 8 12
191 304 8 12
191 303 8 12
191 304 8 12
191 303 8 12
191 303 8 12
191 304 8 12
191 305 8 11
191 304 7 12
191 303 8 12
191 303 9 13
191 303 8 13
191 304 8 12
191 304 8 12
191 303 8 13
191 304 8 11
191 304 8 13
191 303 8 13
191 304 8 13
191 304 9 13
191 304 8 12
191 304 9 13
191 304 8 13
190 304 9 13
190 304 9 13
191 304 9 13
190 304 9 13
191 304 8 12
191 304 8 12
191 303 8 13
191 303 8 13
191 304 8 12
191 304 9 12
191 304 8 13
191 304 8 12
191 304 8 13
191 304 8 13
191 304 8 12
191 304 8 12
191 304 8 12
191 304 8 12
191 304 8 11
191 304 8 12
191 304 8 12
191 304 8 12
191 304 8 12
191 303 8 13
191 304 8 12
191 303 8 12
191 303 8 13
191 304 8 12
191 303 8 12
191 304 8 12
191 303 8 12
191 304 8 12
191 304 8 12
191 304 8 13
191 304 8 13
191 304 8 12
190 304 9 12
190 304 9 13
191 304 8 13
191 304 8 12
191 304 8 13
191 304 8 13
190 304 9 13
191 304 8 13
191 304 9 13
191 304 8 13
191 304 9 13
190 304 9 13
190 304 9 12
191 304 9 12
190 304 9 13
191 304 9 12
191 305 8 11
191 304 8 12
191 304 9 13
191 303 8 13
191 303 9 14
191 303 9 13
191 304 8 13
191 303 8 14
191 303 8 14
191 303 8 14
191 303 9 14
190 303 9 14
190 303 9 15
191 304 8 14
191 304 8 13
191 303 8 14
191 303 8 13
191 304 8 12
191 303 8 13
191 303 8 13
191 303 8 13
191 303 8 13
190 303 9 13
191 304 8 13
191 303 8 13
191 304 8 13
191 303 8 13
191 303 8 13
191 303 8 13
191 303 8 13
190 303 9 13
191 303 9 13
191 304 8 12
190 304 9 13
190 304 9 13
190 304 9 14
191 304 9 13
190 304 9 12
190 304 9 13
190 303 9 14
190 303 9 14
191 304 9 13
190 304 9 13
190 304 9 12
190 304 8 13
190 304 8 13
190 304 9 12
190 304 9 13
190 304 9 12
190 304 9 12
190 304 9 12
191 304 8 13
190 304 9 13
190 304 9 12
190 304 9 12
190 304 9 12
190 304 9 12
191 304 8 12
191 304 8 13
190 304 9 13
190 303 9 14
190 304 9 13
190 304 9 13
191 304 9 13
191 304 8 13
191 304 8 13
191 303 8 13
191 303 8 14
191 303 9 13
191 303 8 13
191 304 9 13
190 303 9 15
190 303 9 14
191 303 8 13
191 304 8 12
191 304 8 12
191 304 8 12
191 304 8 13
191 304 8 12
191 304 8 12
191 304 8 12
191 304 9 13
191 304 8 12
190 304 9 13
191 303 9 14
191 304 8 13
191 304 8 12
191 303 8 12
191 303 8 12
191 303 8 13
190 303 9 13
190 303 8 14
191 303 8 13
191 304 8 12
191 304 9 12
191 303 8 13
191 303 8 14
191 303 9 14
190 304 9 13
190 304 9 13
191 304 8 13
191 304 8 12
191 304 8 12
191 303 8 12
191 303 8 12
191 303 8 13
191 303 8 13
191 303 8 12
191 303 8 12
190 304 8 12
190 303 9 12
190 303 9 13
190 304 9 12
190 304 9 12
190 304 9 12
191 304 9 12
191 303 9 12
190 304 9 12
191 304 8 12
191 303 8 13
191 304 8 12
191 303 8 12
191 303 9 14
190 304 9 13
191 304 8 13
190 304 9 13
190 304 9 13
190 304 9 13
190 304 9 14
190 304 9 14
191 304 9 13
191 304 8 13
191 304 8 12
191 304 8 12
191 304 8 12
191 304 9 13
190 304 9 12
191 303 8 14
191 303 8 14
190 303 9 14
190 304 9 14
190 303 9 15
190 304 9 14
190 304 9 13
191 304 9 14
191 304 8 12
191 304 9 12
191 303 8 13
191 303 8 13
191 304 8 12
191 303 8 12
191 303 9 13
191 303 8 13
191 304 8 13
191 303 8 12
190 303 9 13
191 303 8 14
191 303 8 14
190 303 9 13
191 304 9 13
191 304 8 12
190 304 9 13
191 304 8 12
191 304 8 12
191 304 9 12
191 304 8 13
190 304 9 13
190 304 9 12
191 304 8 11
191 303 8 12
191 303 8 13
191 303 8 13
191 304 8 12
191 303 8 13
190 304 9 13
191 303 8 13
190 304 8 12
190 304 9 12
191 304 8 12
191 304 9 12
191 304 8 12
191 304 9 13
191 303 8 14
191 304 8 14
191 304 8 13
191 304 8 13
191 304 8 14
191 304 8 14
191 304 8 13
191 304 8 13
191 304 8 13
191 304 8 13
191 304 8 12
191 304 8 12
191 304 8 13
190 304 9 12
190 304 9 12
190 304 9 13
191 304 8 12
191 304 8 13
191 303 8 13
191 304 8 13
191 304 8 12
191 304 8 12
191 303 8 13
191 303 8 13
191 304 8 12
191 304 8 12
191 304 8 12
191 303 8 13
191 304 9 13
191 304 8 12
191 304 8 12
191 304 8 12
191 304 8 12
191 304 8 12
191 304 9 12
191 304 8 12
191 304 8 13
191 304 8 11
191 304 8 13
191 304 8 13
191 304 8 12
191 304 9 13
191 304 8 13
191 303 8 13
191 304 8 12
191 304 8 12
191 304 9 12
191 304 8 13
191 304 8 12
191 304 9 12
191 304 8 12
191 304 8 13
191 304 8 13
191 304 8 13
191 304 8 12
191 304 8 12
191 304 8 12
191 304 8 11
190 304 9 13
191 304 9 12
191 304 9 13
190 304 9 12
191 304 9 12
190 304 9 13
190 304 9 12
191 304 8 12
190 304 9 12
191 304 8 12
190 304 9 12
190 304 9 12
190 304 9 12
190 304 9 13
190 304 9 13
190 304 9 13
190 304 9 12
190 304 9 13
190 304 9 13
190 304 9 13
190 304 9 13
190 304 9 13
190 304 9 13
190 304 9 12
191 304 9 12
191 304 8 12
191 303 8 12
191 304 8 12
191 304 8 12
191 303 8 13
191 304 8 12
191 304 8 13
190 303 9 14
191 303 8 14
191 304 8 14
191 304 8 13
191 304 8 13
191 304 8 13
191 303 8 13
191 304 8 13
190 304 9 13
191 304 8 12
191 304 8 12
191 304 8 11
191 304 8 12
191 303 8 13
191 304 8 12
191 304 8 13
191 304 8 12
191 304 8 13
191 304 8 12
191 304 9 12
191 304 9 12
191 304 8 12
191 304 9 12
191 304 8 12
191 304 8 12
191 304 8 12
191 304 8 12
191 304 8 12
191 304 8 12
191 304 8 12
191 304 9 12
191 304 8 12
191 304 8 12
190 304 9 13
190 304 9 12
191 304 9 13
191 304 8 13
191 304 8 13
191 304 8 13
190 303 9 14
191 304 8 12
191 304 8 12
191 304 8 12
191 303 8 12
191 303 9 13
191 303 8 12
191 303 8 13
191 303 8 12
191 304 9 12
190 303 9 13
191 304 9 13
191 304 9 12
191 304 8 13
191 304 8 12
191 304 8 12
191 303 8 12
191 303 8 12
191 304 8 12
191 304 8 12
191 303 8 12
191 303 8 13
191 303 8 13
191 304 8 12
190 303 9 13
191 303 9 13
191 303 8 13
191 304 8 13
191 304 8 12
191 304 8 12
191 303 8 13
191 303 8 13
191 303 8 12
191 303 8 12
191 304 8 12
191 303 8 13
191 304 8 13
191 304 8 13
191 304 8 13
191 304 8 13
191 304 9 13
191 304 8 13
191 304 9 12
191 304 9 12
191 304 8 13
191 304 9 13
191 304 9 13
190 304 9 13
190 304 9 13
190 304 9 12
191 304 8 13
190 304 9 13
191 304 8 14
190 304 9 14
191 304 8 14
191 304 9 13
191 304 8 13
190 304 9 14
191 304 8 13
191 304 8 13
191 304 8 12
191 304 8 13
191 304 8 13
191 304 8 13
190 304 9 13
191 304 8 13
191 303 8 13
191 303 8 13
191 304 8 12
191 304 8 13
191 303 9 13
191 304 9 12
191 304 8 12
191 304 8 12
191 304 8 12
191 303 8 12
191 303 8 12
191 303 7 12
191 303 7 12
191 303 8 12
191 304 8 12
191 304 8 12
191 304 8 12
191 303 8 12
191 304 8 12
191 304 9 13
191 304 8 12
191 304 8 12
191 304 8 11
191 304 8 12
191 304 8 12
191 304 8 12
191 304 8 12
191 304 8 12
190 304 9 12
191 304 9 12
191 304 8 12
191 304 8 13
191 303 8 13
191 303 8 13
191 303 8 13
191 303 8 13
191 303 8 12
191 304 8 12
191 303 8 12
191 304 8 12
191 303 8 12
191 303 9 13
190 304 9 12
191 304 9 12
191 304 8 12
191 304 8 12
191 304 8 12
190 304 9 12
191 304 8 12
191 304 8 12
191 304 9 12
191 304 8 13
191 304 8 13
190 304 9 13
191 304 9 13
190 304 9 13
190 304 9 13
191 304 9 13
191 304 8 13
191 304 8 13
191 304 8 13
191 304 8 13
191 304 8 13
191 304 8 13
190 304 9 13
190 304 9 13
190 304 9 13
190 304 9 13
191 304 8 13
191 304 8 13
190 304 9 13
191 304 9 13
190 304 9 13
191 304 8 12
191 304 9 13
191 304 8 13
191 304 8 13
191 304 8 12
191 304 8 12
191 304 8 12
191 303 9 13
191 304 9 12
191 304 8 12
191 304 9 12
191 303 9 13
191 304 9 12
191 303 8 13
191 304 8 13
191 303 8 13
191 304 8 12
191 304 8 12
191 303 8 12
191 304 9 12
191 304 8 13
191 304 8 12
191 304 8 12
190 304 9 12
190 304 8 12
191 304 8 12
190 304 9 12
190 304 9 13
190 304 9 12
191 304 8 12
191 304 8 11
191 304 9 12
191 304 8 12
191 304 8 12
191 304 9 12
191 304 8 12
191 304 8 12
191 304 8 12
191 304 8 12
191 304 8 12
191 304 8 12
191 304 8 12
191 304 8 12
191 303 8 13
191 304 8 12
191 305 8 12
191 304 8 12
191 304 8 12
191 304 8 12
191 304 8 12
191 304 8 13
191 304 8 12
191 304 8 12
191 304 8 13
190 304 9 13
191 304 9 13
191 304 9 13
190 304 9 13
190 304 8 12
190 304 9 12
190 304 9 13
190 304 9 13
191 304 8 12
191 304 8 13
191 304 8 13
191 304 8 13
191 304 9 13
190 303 9 14
190 303 9 13
190 303 9 14
190 303 9 13
190 304 9 13
191 303 8 14
190 303 9 14
190 303 9 14
191 303 9 14
191 304 8 13
191 304 9 12
191 304 8 12
190 304 9 12
191 304 8 12
191 304 8 12
191 303 8 12
190 303 9 12
191 303 8 12
190 303 8 13
191 303 8 13
191 303 8 14
191 304 8 14
190 303 9 16
190 303 9 16
190 303 9 15
190 304 9 14
191 303 8 13
191 303 8 13
191 303 8 14
191 303 8 13
191 303 8 14
191 304 8 13
191 303 8 14
191 304 8 13
191 303 8 14
191 303 8 13
191 303 8 13
191 303 8 13
191 303 9 13
191 303 8 13
191 304 9 13
191 304 9 13
191 303 8 13
191 304 8 13
191 304 8 13
191 304 8 12
190 304 9 13
190 304 9 13
190 304 9 13
191 304 8 13
190 304 9 13
190 304 8 12
190 304 9 12
190 304 8 13
191 304 8 12
190 304 9 13
190 304 9 13
190 304 9 13
190 304 9 13
190 304 8 12
191 304 8 12
190 304 9 13
191 304 8 13
190 304 9 13
190 304 9 13
191 304 8 13
191 304 8 13
190 304 8 13
191 304 8 13
191 304 8 13
191 304 8 13
191 304 8 13
191 304 8 13
191 304 8 13
191 304 8 13
191 304 8 13
191 304 8 12
191 304 9 12
190 304 9 12
191 304 8 12
191 304 8 12
191 304 8 12
191 304 8 12
191 304 8 12
191 304 8 12
191 304 8 12
191 304 8 12
191 304 8 12
191 304 8 12
191 304 8 12
191 304 8 13
191 304 8 12
191 304 8 13
191 304 8 13
191 304 8 13
191 303 8 13
191 304 8 12
190 304 9 13
191 304 9 13
191 304 8 13
191 304 8 13
191 304 8 13
191 303 8 13
190 304 9 13
191 304 8 12
191 304 8 12
191 304 8 12
191 304 8 13
191 304 9 14
190 304 9 14
191 303 8 13
191 304 8 13
191 304 8 12
191 304 9 13
191 304 9 12
191 304 8 13
190 304 9 13
190 304 9 14
190 303 9 14
191 303 9 14
191 304 8 13
191 303 8 13
191 304 9 14
191 303 9 13
191 304 8 13
190 304 9 13
191 303 8 13
191 303 8 14
191 303 9 14
191 303 8 13
191 304 9 13
191 304 8 13
190 303 9 13
190 304 9 13
191 304 8 13
191 304 8 13
191 304 8 14
190 304 9 13
190 304 9 13
190 303 9 14
191 304 8 13
190 303 9 14
191 303 8 14
190 303 9 13
191 304 8 12
191 304 8 12
191 304 8 12
191 304 8 13
191 304 8 13
191 304 8 12
191 304 9 13
190 304 9 13
190 304 8 13
190 304 9 12
191 304 8 13
191 304 8 13
191 303 8 12
191 304 8 12
191 303 8 12
191 303 7 13
191 304 8 12
191 303 8 12
191 303 8 12
191 303 8 13
191 304 8 12
191 304 8 13
191 304 8 12
191 304 8 13
191 304 8 12
191 304 8 12
191 304 8 12
191 304 8 12
191 305 8 12
190 304 9 13
190 304 9 12
190 304 9 12
190 304 9 13
190 304 9 13
190 304 9 13
191 303 8 14
190 304 9 13
190 304 9 13
191 304 8 13
190 304 9 13
191 304 9 13
190 303 9 13
190 304 9 13
191 304 8 13
191 303 9 12
191 303 8 12
190 304 9 12
190 304 8 13
191 304 8 13
191 304 8 13
190 304 9 13
190 304 9 13
190 304 9 13
191 304 8 13
190 304 9 13
191 303 9 13
191 303 8 14
191 303 8 13
191 304 8 12
191 303 8 13
191 303 9 13
190 303 9 13
191 304 9 13
191 303 9 13
190 304 9 13
190 304 8 12
190 303 9 13
191 303 9 13
191 303 8 13
190 303 9 13
190 304 9 12
190 304 9 13
191 304 8 13
190 303 9 14
191 304 8 13
190 304 9 13
191 304 9 12
191 304 8 13
191 304 8 12
191 304 8 13
191 304 8 13
191 304 8 13
191 303 8 14
191 304 8 14
191 304 8 13
191 304 8 12
191 304 9 12
191 304 8 13
191 304 8 12
190 304 9 13
190 304 9 13
190 304 9 13
190 304 9 13
191 304 9 12
191 304 9 12
191 303 8 13
191 303 8 14
191 303 8 14
190 304 9 14
190 304 9 13
190 304 9 13
190 304 9 13
190 304 9 13
190 304 9 14
190 304 9 13
190 304 9 12
190 304 9 12
190 304 9 13
190 304 9 13
190 303 9 13
190 304 9 13
190 303 9 13
190 304 8 13
190 304 9 12
190 304 9 13
191 304 8 12
191 303 8 12
191 304 8 13
191 304 8 13
191 303 8 14
191 304 8 13
191 304 8 12
191 304 8 12
191 304 8 12
191 303 8 13
191 304 8 13
190 304 8 12
190 304 8 13
191 303 8 13
191 304 8 12
191 303 8 13
191 303 8 13
191 303 8 12
191 303 8 12
191 303 8 12
191 303 8 12
191 303 8 12
191 303 8 12
191 303 8 13
191 303 8 12
191 303 8 12
191 303 8 13
191 303 8 13
191 303 8 12
191 303 9 13
191 303 9 12
191 303 8 13
191 303 8 13
191 303 8 13
191 304 8 13
190 304 9 12
190 304 9 12
190 304 8 13
190 303 9 13
190 304 9 13
191 303 8 13
191 303 8 13
191 303 8 12
191 303 8 12
191 303 8 13
191 304 8 12
191 304 8 12
191 304 8 12
191 303 8 13
191 304 8 12
191 303 8 13
190 304 9 13
190 304 9 13
191 304 8 12
191 303 8 13
191 303 8 13
191 303 8 13
191 304 8 12
191 303 8 12
191 303 8 13
191 303 8 13
191 303 8 13
191 303 8 14
191 303 8 12
191 303 8 12
191 303 8 13
191 303 8 12
191 303 8 12
191 303 8 13
191 303 8 12
191 303 8 12
191 303 8 12
191 303 8 13
191 303 8 12
191 303 8 12
191 303 8 13
191 304 8 13
191 304 8 13
191 304 8 12
190 304 8 12
191 303 8 13
190 304 9 12
190 304 9 13
190 304 9 13
190 304 9 13
190 304 9 13
190 304 9 13
190 304 9 13
191 303 8 14
