341 285 86 29
361 287 66 27
367 289 60 26
366 291 62 27
363 293 65 26
367 296 61 26
366 298 62 27
365 300 64 26
366 303 64 26
367 306 62 26
366 309 63 26
367 311 63 27
350 315 80 25
349 317 80 26
349 321 81 27
348 322 83 28
347 326 83 28
345 329 85 27
346 332 85 27
347 335 84 27
347 337 84 28
348 340 84 27
344 344 88 28
346 347 87 26
347 350 86 27
348 353 86 26
349 355 86 27
352 359 84 26
353 361 83 27
353 364 83 28
352 366 84 27
351 369 85 27
355 369 81 28
354 352 82 28
354 334 82 27
353 330 84 25
355 331 83 24
354 332 83 24
354 333 82 24
354 334 81 24
354 335 81 24
353 335 82 24
353 335 82 24
353 335 82 24
353 335 83 25
353 336 82 25
352 335 82 25
352 336 82 25
351 335 82 25
352 335 82 25
351 335 82 24
351 334 82 25
351 334 82 25
351 334 82 24
350 334 82 24
351 334 81 24
350 334 82 24
350 333 81 24
350 333 82 26
350 334 81 25
347 333 84 24
348 334 83 25
347 333 83 24
347 334 82 24
346 334 83 24
347 334 82 24
347 335 82 24
347 335 82 24
347 335 82 24
347 336 82 24
348 336 82 24
347 336 82 24
348 337 81 24
349 338 81 23
347 338 82 23
348 339 82 22
348 339 83 23
349 339 82 24
349 340 81 25
348 340 83 25
349 341 82 24
348 341 84 25
350 341 82 25
348 342 85 26
351 342 85 28
351 343 85 26
351 343 84 27
352 343 84 27
350 344 87 26
352 345 85 27
352 345 85 28
352 345 87 29
354 346 86 28
354 346 87 28
354 346 86 28
354 347 86 29
354 347 87 29
353 347 89 29
353 347 89 30
353 347 89 31
353 348 90 32
350 347 95 34
350 348 95 35
352 349 91 35
348 350 98 34
349 348 98 37
348 351 99 34
346 352 102 35
348 349 100 39
345 347 102 43
346 348 103 42
349 349 98 42
349 348 97 44
351 347 96 45
350 348 97 45
352 348 96 50
347 348 101 49
350 349 99 51
348 348 101 51
352 349 98 52
351 349 99 52
351 350 100 52
351 349 100 53
350 350 100 54
350 350 100 55
350 351 99 55
351 351 98 55
354 351 95 55
353 352 96 55
353 351 95 55
351 351 95 55
344 352 101 55
344 355 95 54
344 378 87 33
341 381 86 26
337 381 85 27
332 382 86 25
329 383 87 23
321 383 86 24
316 383 88 25
312 385 84 27
302 385 88 28
295 387 88 26
289 388 86 26
288 389 88 24
312 389 85 25
347 391 65 26
383 391 66 25
416 393 69 24
434 393 81 25
422 393 82 24
413 393 83 26
402 396 62 25
398 397 61 23
390 398 63 24
382 397 75 28
373 396 80 28
365 397 80 28
354 398 80 27
345 398 79 27
336 399 79 27
326 400 80 27
316 401 81 26
305 401 84 25
296 401 83 26
286 401 82 26
275 402 83 28
281 403 82 26
314 403 84 26
345 405 67 27
372 405 81 27
385 405 81 29
369 404 85 31
358 405 83 29
348 406 82 29
339 406 80 28
336 406 71 26
321 407 75 26
304 408 79 27
291 408 81 29
279 410 81 27
264 411 78 27
251 411 78 27
236 412 84 27
218 412 88 29
210 413 86 27
198 414 87 27
185 414 86 28
172 415 85 27
159 416 86 27
142 416 88 27
127 416 90 28
135 415 91 30
163 416 89 26
197 416 85 29
224 416 84 25
249 417 86 23
249 417 86 23
287 418 85 26
267 420 68 24
267 420 68 24
242 384 62 28
230 364 71 28
215 343 81 29
200 337 82 27
186 338 89 25
172 339 84 24
159 337 81 25
145 338 79 25
132 336 77 25
118 335 76 23
119 336 73 21
146 335 80 21
180 333 79 24
182 332 79 26
163 331 66 26
148 329 75 28
137 328 72 27
147 326 81 26
177 326 82 26
206 324 82 27
231 322 75 26
225 321 76 26
207 319 77 26
191 319 77 26
177 318 76 25
165 318 74 23
154 316 69 22
141 314 69 22
143 312 73 22
170 311 80 22
199 310 80 23
220 307 72 24
208 306 78 23
193 304 74 24
178 302 75 25
170 302 71 23
170 302 71 23
170 302 71 23
170 302 71 23
170 302 71 23
170 302 71 23
312 293 72 24
296 292 76 21
282 290 76 22
271 289 74 22
259 288 71 23
246 288 73 23
232 286 76 25
221 284 75 25
209 283 75 26
196 281 75 25
182 279 76 25
170 279 76 25
158 276 75 25
147 275 75 24
148 275 82 23
180 273 83 23
214 271 81 23
242 271 82 23
274 269 81 22
302 268 82 24
333 267 83 25
363 265 81 27
391 265 82 25
417 264 72 26
404 262 77 27
390 262 77 26
381 260 76 27
371 259 75 27
361 259 75 27
350 258 75 27
340 257 75 26
330 256 75 26
320 255 75 26
310 255 74 25
299 253 75 26
291 252 74 26
280 251 75 27
270 250 76 27
261 250 75 26
250 249 76 26
241 248 75 26
230 247 75 27
221 246 75 26
213 245 75 26
203 244 74 26
208 244 82 25
239 243 87 24
274 243 85 24
306 242 85 24
337 241 84 25
361 240 74 26
352 239 77 27
341 238 75 27
333 238 75 27
325 237 75 27
316 236 76 27
308 236 76 27
300 235 76 27
292 235 75 27
284 234 75 26
275 233 75 26
268 234 75 26
258 233 75 27
251 232 75 27
243 232 75 27
234 231 75 27
225 231 75 26
218 230 75 26
210 229 75 27
202 229 74 26
195 229 75 26
186 228 75 27
179 228 74 26
171 228 74 26
164 227 75 26
156 227 74 26
149 227 74 26
142 226 73 26
135 226 74 26
127 225 74 27
120 225 74 27
124 225 75 26
126 226 74 27
115 235 75 29
109 246 75 29
103 254 75 27
97 253 73 28
89 252 75 28
82 251 75 27
76 251 75 27
70 251 74 27
63 250 74 27
57 250 74 27
61 251 74 27
73 250 79 28
91 251 77 28
103 250 78 28
119 251 78 27
133 251 78 27
149 250 77 28
163 251 77 27
177 251 78 27
192 251 77 27
206 252 77 27
220 252 76 27
219 253 75 27
210 253 75 27
203 254 75 27
196 255 75 27
190 256 74 26
183 256 76 26
177 257 74 26
173 258 74 27
167 259 75 27
161 259 73 27
157 260 72 26
150 261 74 26
149 262 73 26
160 263 78 27
176 263 79 27
191 265 78 26
207 266 79 25
223 267 79 25
239 267 78 24
255 268 79 24
271 269 80 24
287 270 79 24
303 270 74 25
300 271 75 24
303 272 78 25
316 272 75 25
313 273 76 25
308 274 75 24
306 275 74 25
304 276 75 24
302 276 74 24
300 277 74 24
299 278 75 24
297 279 75 24
296 280 75 24
295 281 74 24
295 281 74 23
295 283 74 23
294 284 74 23
294 285 73 23
294 286 73 23
293 287 74 23
293 288 74 23
293 289 74 23
293 290 74 23
292 292 74 23
292 292 73 24
291 294 74 24
290 295 74 24
290 296 74 24
290 298 74 24
292 298 76 28
308 299 81 23
329 300 79 29
350 301 74 26
350 301 74 30
347 301 73 31
347 302 73 32
348 302 75 32
344 299 76 39
346 300 77 39
345 302 78 37
345 300 79 40
343 302 81 41
342 301 82 43
343 301 80 43
342 302 81 43
339 301 83 46
339 301 85 48
339 301 84 49
337 301 85 51
339 302 85 50
338 303 86 50
338 303 86 50
338 303 85 51
338 302 85 51
336 298 86 51
336 299 87 53
334 300 88 57
335 300 87 56
335 300 88 55
335 299 87 58
335 300 88 57
338 299 85 58
336 301 87 58
337 301 85 55
334 302 85 56
332 301 85 58
333 301 86 57
333 301 86 59
331 301 88 58
327 304 90 63
330 301 89 58
310 324 94 53
324 301 96 60
323 302 99 59
320 302 101 60
321 304 96 58
267 333 125 45
315 303 107 58
313 304 107 58
312 304 105 60
281 324 111 49
268 335 112 44
280 335 95 37
279 336 93 36
268 337 97 40
294 338 74 29
294 339 67 25
289 340 69 25
279 339 73 28
284 339 73 25
280 340 73 25
279 340 72 25
275 340 74 26
270 340 75 27
269 339 75 25
276 338 77 34
296 338 81 37
318 337 76 35
319 337 75 27
314 337 73 25
310 335 73 26
306 335 73 25
303 334 72 24
298 334 72 24
296 333 72 24
293 332 71 26
289 330 73 25
286 329 73 24
281 329 75 24
277 328 76 25
273 326 76 24
270 325 74 25
265 324 77 24
263 322 74 26
256 323 77 25
254 323 74 25
259 321 78 25
279 320 80 25
293 319 74 25
287 319 75 25
282 317 77 25
279 317 75 24
275 316 74 25
271 316 73 25
266 314 71 27
263 313 71 27
258 312 72 26
257 312 69 24
252 310 70 26
250 309 68 27
241 307 74 27
239 308 71 26
234 307 72 27
228 306 72 28
224 306 73 27
233 304 75 29
250 303 76 29
266 305 76 27
283 304 73 27
291 304 74 27
284 304 75 27
278 304 71 26
271 304 71 27
266 304 73 27
259 304 73 28
254 303 75 28
248 303 74 27
243 303 74 26
237 302 74 27
232 302 74 27
227 301 74 27
223 301 73 27
218 301 73 27
214 300 72 26
208 299 72 25
204 298 72 26
199 298 73 26
198 297 73 26
203 296 74 25
208 295 73 25
213 294 73 25
207 293 75 26
201 291 74 26
194 290 74 26
188 289 74 26
183 287 74 26
177 286 73 26
172 285 74 26
167 284 74 26
164 282 73 27
168 280 74 27
173 279 74 27
178 277 73 27
183 275 75 27
188 273 74 28
193 272 75 28
198 270 74 28
203 268 75 28
209 267 74 29
213 265 75 27
218 263 75 27
223 262 76 28
228 260 76 28
233 258 75 28
239 257 75 28
243 255 75 28
248 254 77 28
252 252 77 29
256 250 76 28
263 249 77 28
267 247 76 28
264 245 77 28
256 247 76 28
251 249 76 28
245 252 77 29
240 255 76 28
235 259 76 28
229 262 76 29
223 265 76 28
217 269 76 28
210 272 77 29
206 275 84 30
199 278 86 31
194 282 87 31
187 285 88 30
178 285 80 28
172 282 79 30
164 280 80 29
158 279 79 30
152 277 79 31
148 276 85 31
140 275 79 29
132 275 78 29
124 274 78 29
116 273 80 31
107 272 82 31
100 272 82 29
98 271 80 30
95 270 83 30
105 268 88 32
109 268 87 31
111 268 88 30
114 266 90 31
118 266 89 31
119 266 86 31
124 265 90 30
127 265 89 31
130 264 90 31
128 265 81 30
133 264 82 31
136 264 79 30
141 262 91 32
144 262 91 32
148 261 91 31
151 261 88 31
155 260 89 33
157 259 92 32
162 259 89 31
160 259 86 31
168 258 89 31
172 257 88 31
174 257 88 31
179 256 87 31
181 255 88 31
184 255 88 31
187 254 87 32
191 253 87 31
193 253 87 31
197 253 90 32
197 253 88 31
202 252 86 32
203 251 90 30
206 252 89 29
209 251 89 30
213 249 86 31
209 250 81 30
217 249 84 30
217 249 82 30
213 247 88 32
210 247 87 32
198 247 82 31
189 247 82 31
187 245 88 31
177 250 78 30
172 254 81 31
166 258 81 29
159 263 81 31
151 268 78 30
148 267 76 29
150 267 75 28
153 266 75 28
157 266 76 29
161 265 77 29
165 265 75 28
169 264 75 28
174 264 75 28
178 263 76 28
181 262 77 28
185 262 78 28
190 262 77 28
195 261 77 28
200 261 76 28
205 260 74 29
209 260 76 28
213 259 76 29
218 259 77 29
224 261 76 28
229 262 76 29
233 263 76 29
238 265 76 28
243 266 76 29
247 267 76 29
252 267 76 29
254 269 77 28
247 270 79 28
237 271 80 28
234 272 78 28
229 273 78 28
224 275 78 28
220 275 76 28
215 276 77 28
209 277 78 28
205 278 79 28
199 279 77 29
195 279 77 29
189 280 78 30
183 279 79 30
179 276 78 28
175 272 78 27
171 268 76 28
167 263 76 28
163 259 76 28
157 258 76 28
153 260 75 27
148 260 76 28
146 260 77 28
153 260 76 28
157 260 76 28
164 260 77 28
168 260 77 28
173 260 80 29
179 259 78 29
185 260 78 29
192 259 78 28
199 260 78 28
207 259 78 29
210 260 78 28
218 260 77 28
224 259 78 28
230 259 78 29
236 259 79 29
242 259 79 29
249 258 79 29
255 259 80 27
263 258 79 29
269 258 78 28
276 258 78 29
282 258 77 29
288 258 76 28
285 259 77 28
279 259 77 27
273 258 78 28
268 259 78 28
264 259 79 28
259 259 78 28
255 259 78 28
251 259 78 28
247 259 78 28
243 259 77 28
239 259 78 29
235 259 78 29
232 260 78 28
229 260 77 29
225 260 77 29
222 260 76 29
220 261 77 28
225 261 77 28
233 262 78 28
239 262 77 28
244 263 79 27
250 264 80 26
258 264 79 28
266 265 79 28
271 266 80 27
278 267 80 27
285 268 78 27
293 269 78 27
299 269 80 27
305 270 79 27
312 271 81 27
318 272 78 26
315 273 78 26
310 274 78 27
306 275 77 26
301 276 78 27
298 278 78 27
295 279 78 27
292 280 77 27
289 282 78 27
287 284 77 26
292 287 79 27
299 289 78 27
300 291 78 27
293 294 78 27
289 296 79 27
285 298 78 27
282 301 78 27
277 303 79 28
274 306 79 28
272 308 78 28
276 310 78 28
283 312 79 28
286 315 78 27
281 317 79 28
275 319 81 29
269 321 80 29
267 323 82 28
264 324 79 28
261 321 78 28
259 318 83 28
256 315 79 29
252 313 79 28
249 310 78 27
247 312 77 28
245 315 78 28
241 318 79 29
238 320 78 28
235 323 78 27
233 325 78 28
230 327 79 29
228 328 79 28
225 326 78 28
224 323 76 28
220 320 76 28
219 317 76 26
214 317 77 27
211 320 77 26
209 322 77 25
208 325 74 26
207 327 74 26
203 330 74 25
201 332 74 26
198 335 75 25
196 338 78 25
194 341 76 26
190 343 76 26
193 346 76 25
200 349 75 24
207 352 73 23
216 355 74 25
212 350 76 30
206 339 75 46
203 332 86 56
199 331 88 60
197 331 88 61
193 331 86 67
189 332 90 71
188 331 87 72
185 333 92 77
188 333 90 78
195 332 95 83
201 333 99 85
212 334 100 86
220 336 102 87
228 335 105 91
234 333 111 96
242 333 112 99
249 331 116 101
257 330 114 105
256 333 105 107
252 334 113 108
247 333 120 112
242 332 123 119
239 328 126 122
238 325 127 123
237 320 124 128
235 318 123 130
231 319 131 134
232 318 133 137
229 318 136 138
229 318 134 141
224 317 141 145
214 321 142 163
221 308 147 150
218 311 145 146
215 309 146 142
211 321 144 123
209 356 131 106
200 365 102 81
201 391 94 45
199 396 80 30
199 395 76 28
196 391 76 28
194 388 74 27
190 385 75 27
188 381 75 27
186 378 75 27
182 374 76 26
180 371 76 27
178 367 76 26
175 363 76 27
173 360 75 26
170 357 75 26
167 354 75 27
164 356 75 26
165 357 73 26
169 358 75 26
175 359 77 26
182 360 77 26
189 360 77 26
196 361 77 26
204 361 76 26
210 361 77 26
216 361 77 26
223 361 77 27
228 360 76 27
236 361 76 26
242 360 77 27
248 359 77 28
253 360 77 28
259 359 78 28
265 359 77 28
271 358 79 29
275 359 77 27
279 358 78 27
272 357 78 27
267 352 77 27
262 347 77 27
257 342 77 26
252 336 77 28
246 333 77 27
240 334 78 26
235 334 78 27
230 335 77 26
226 335 78 26
232 335 77 26
237 334 77 26
240 334 75 27
245 334 77 26
248 335 77 27
254 334 82 28
259 334 83 28
264 334 86 28
268 334 88 29
272 334 90 29
278 334 89 29
280 334 91 29
284 334 90 30
278 335 86 31
268 334 88 31
261 335 87 31
255 335 87 31
245 336 81 31
238 336 79 30
234 336 87 32
224 337 81 30
221 336 88 31
211 336 81 30
206 336 82 31
201 337 80 29
199 336 79 30
202 337 79 29
206 337 77 29
209 337 78 30
212 337 78 29
216 337 78 29
220 337 77 28
224 337 76 29
226 336 76 29
221 336 78 28
211 336 80 29
204 337 78 29
194 336 79 29
186 336 79 29
180 337 77 29
180 336 74 28
183 337 74 27
186 336 75 27
189 336 75 27
192 336 75 27
195 336 75 27
197 335 75 26
200 335 76 27
204 334 75 27
206 334 76 27
211 334 76 26
212 333 76 27
214 333 77 27
218 333 76 27
221 331 77 28
224 331 76 27
227 331 76 28
230 330 77 27
233 330 76 28
236 329 77 28
238 329 77 28
228 328 78 27
218 327 78 28
209 327 78 28
200 326 78 28
193 325 77 28
185 325 77 28
179 325 75 27
181 324 75 27
183 324 74 28
186 323 75 28
189 322 75 28
191 322 75 28
193 322 75 27
196 321 75 29
198 320 75 28
201 319 75 27
204 319 75 28
207 318 75 28
209 318 75 27
213 317 75 27
212 317 75 28
201 316 77 27
191 315 77 27
181 315 77 27
174 314 77 28
166 314 76 27
158 314 76 27
151 313 75 28
150 313 74 27
152 312 74 27
154 311 74 27
157 311 73 27
159 310 74 26
162 309 74 26
165 309 74 26
167 309 74 27
170 308 74 27
172 308 75 27
175 307 74 27
178 306 74 28
180 306 74 28
182 305 75 27
185 305 74 27
188 304 74 28
189 303 74 28
178 302 78 29
169 302 78 29
159 301 78 29
149 300 79 30
141 300 78 29
139 299 76 29
141 299 74 28
143 298 74 28
146 298 73 28
147 297 74 27
