245 263 29 18
251 264 25 15
254 264 26 16
259 264 28 16
261 264 25 16
263 263 25 17
269 263 27 17
271 264 25 16
275 264 26 16
278 264 25 16
281 264 26 17
285 264 25 16
287 264 25 17
292 264 25 16
294 264 25 16
298 264 25 15
302 264 25 17
302 264 27 17
308 263 25 17
312 263 25 17
290 264 38 16
235 262 43 18
182 263 39 19
141 263 32 18
136 262 30 18
147 264 27 16
149 263 25 16
151 264 25 16
154 264 26 15
156 263 26 17
160 264 26 15
163 263 26 16
166 263 25 16
170 264 26 15
173 264 25 15
178 263 27 16
179 264 25 16
183 264 25 16
187 264 25 15
190 263 25 16
193 264 25 15
197 263 25 16
200 264 24 15
204 263 26 16
207 263 26 16
209 264 26 14
214 263 25 16
216 263 26 16
220 263 26 17
223 264 26 16
228 263 26 16
231 264 25 16
233 264 25 15
236 264 26 16
240 264 25 15
245 263 26 16
246 263 25 17
249 265 25 15
254 264 25 16
256 264 25 15
260 264 26 16
263 263 25 17
266 264 26 16
270 264 24 16
238 264 38 16
180 264 41 17
130 265 40 16
83 265 35 16
74 265 27 15
84 264 29 17
86 264 26 17
86 266 25 15
89 265 27 16
92 266 25 15
94 265 26 16
99 264 25 18
103 264 26 17
105 265 24 17
106 266 28 17
111 265 25 16
115 267 25 15
117 266 25 16
120 267 25 15
124 267 26 15
127 267 25 15
129 269 25 14
134 267 24 15
136 267 24 15
139 268 26 15
143 267 25 15
147 267 27 16
149 268 25 14
152 269 24 13
156 268 25 14
158 268 24 14
161 267 25 15
165 267 25 14
167 267 25 15
170 267 26 15
174 268 24 14
177 268 24 14
180 266 25 15
183 266 24 16
185 266 25 16
190 268 24 14
192 265 25 17
195 267 25 15
198 267 24 14
201 267 25 15
204 267 25 15
207 266 25 16
210 267 24 15
214 266 25 16
215 266 25 16
220 267 24 15
222 267 25 15
225 267 25 14
229 268 24 14
231 268 24 14
233 267 25 15
237 267 24 15
240 266 24 16
244 266 27 16
246 265 25 18
249 267 24 16
252 266 26 16
255 266 24 17
257 266 24 17
261 268 24 14
263 267 24 15
266 266 25 16
269 267 24 15
271 265 25 17
275 267 24 15
278 266 24 16
280 266 24 16
285 266 25 16
287 266 24 17
290 267 24 15
292 266 26 16
295 265 24 17
299 267 24 15
302 266 24 17
303 265 25 17
307 267 24 15
310 267 24 14
312 266 24 16
316 265 25 16
319 265 24 17
322 265 24 17
324 265 26 17
327 265 25 16
328 265 27 17
334 265 24 17
336 265 24 16
340 265 24 16
342 264 24 17
344 264 25 16
346 265 25 15
351 264 24 17
352 264 25 17
354 264 26 16
358 264 24 17
327 264 36 16
268 264 43 17
216 264 40 17
191 265 26 15
197 265 26 15
201 264 26 16
202 264 26 16
203 265 25 15
206 264 24 17
208 264 25 16
209 264 26 16
212 263 26 17
214 264 26 16
218 265 25 15
223 264 26 16
223 264 25 16
226 266 25 14
231 264 26 16
231 265 25 15
232 265 26 15
238 264 25 16
240 264 24 17
242 264 26 16
246 263 27 17
247 264 25 16
249 264 26 16
254 264 24 17
255 264 25 17
257 264 25 17
261 264 27 17
263 264 25 17
265 265 25 15
271 264 26 16
272 264 24 17
275 265 24 16
278 264 25 17
278 264 25 17
282 264 25 17
286 265 24 16
287 265 24 16
290 264 25 17
294 266 24 15
296 265 24 17
298 266 24 15
301 267 24 15
304 267 24 15
307 265 27 16
309 267 24 15
311 266 24 16
314 266 24 16
316 267 25 14
319 267 25 15
324 267 26 15
325 267 24 16
328 267 24 15
331 268 24 14
334 267 25 15
336 267 24 15
338 268 25 14
342 267 25 15
344 267 24 15
347 268 24 14
350 268 23 14
352 268 24 15
354 267 25 15
358 269 23 13
361 268 24 15
363 268 25 15
366 268 24 14
369 268 23 14
372 268 25 15
375 268 24 14
376 267 24 15
378 268 25 14
382 267 25 15
385 267 24 15
387 266 24 17
390 265 25 18
360 266 39 17
302 266 40 17
249 267 38 16
209 268 31 15
206 268 25 13
214 268 25 14
214 266 25 16
215 267 24 14
217 265 25 16
220 265 25 17
222 265 25 17
225 266 25 14
227 266 25 14
230 265 24 16
232 266 25 15
237 265 25 15
239 265 24 16
240 265 26 16
244 266 25 14
247 266 24 14
249 265 24 15
252 265 24 14
255 264 25 16
258 264 24 15
260 265 24 13
263 264 25 16
266 259 30 21
269 258 27 21
272 258 25 21
275 258 23 21
278 259 23 21
280 259 23 21
281 259 25 21
281 259 29 21
283 260 28 19
286 261 29 17
286 261 34 18
292 263 28 15
298 263 23 15
301 263 24 15
303 262 23 16
306 262 23 15
310 261 24 16
311 263 23 14
314 261 29 16
318 262 29 15
319 261 25 15
322 262 24 15
324 262 24 14
326 262 24 14
329 262 24 13
333 262 24 14
335 261 24 14
337 261 25 13
316 260 34 17
261 258 37 17
206 259 39 17
165 260 31 16
162 260 27 15
170 260 24 14
171 259 24 13
171 258 25 15
175 259 24 14
176 259 24 14
179 257 26 15
182 258 25 14
184 257 24 15
187 257 24 15
190 257 25 15
191 256 25 15
195 257 24 15
198 256 25 15
201 256 23 15
204 257 24 14
206 256 25 15
209 255 25 16
213 256 23 14
217 255 25 16
218 255 24 15
221 255 24 15
224 255 24 15
228 255 28 15
230 255 24 16
232 255 23 16
235 255 24 15
239 254 25 16
241 255 23 15
245 255 25 15
246 255 24 15
249 255 24 15
253 255 24 15
255 254 24 16
258 255 24 15
262 254 25 16
264 255 23 14
266 254 25 15
269 254 24 15
271 254 24 14
274 253 24 15
279 252 20 17
279 252 25 17
284 251 29 18
286 251 30 18
289 250 31 18
292 251 27 16
295 251 25 15
294 251 28 14
295 252 31 15
295 252 33 16
294 252 37 15
295 251 40 16
295 251 40 16
295 251 40 16
295 251 40 16
295 251 40 16
295 251 40 16
295 251 40 16
328 251 28 14
334 253 24 11
337 254 23 9
337 254 23 9
337 254 23 9
337 254 23 9
337 254 23 9
337 254 23 9
337 254 23 9
337 254 23 9
359 254 26 12
363 253 24 12
366 254 25 11
369 253 23 11
373 253 23 12
374 253 25 12
379 254 23 11
379 254 23 11
385 254 22 11
388 254 22 10
391 254 24 10
392 253 25 11
396 253 25 11
396 253 25 11
396 253 25 11
396 253 25 11
396 253 25 11
396 253 25 11
396 253 25 11
396 253 25 11
396 253 25 11
396 253 25 11
396 253 25 11
396 253 25 11
396 253 25 11
396 253 25 11
396 253 25 11
396 253 25 11
396 253 25 11
396 253 25 11
396 253 25 11
396 253 25 11
396 253 25 11
396 253 25 11
396 253 25 11
396 253 25 11
396 253 25 11
396 253 25 11
396 253 25 11
396 253 25 11
396 253 25 11
396 253 25 11
396 253 25 11
396 253 25 11
396 253 25 11
396 253 25 11
396 253 25 11
396 253 25 11
396 253 25 11
396 253 25 11
396 253 25 11
396 253 25 11
396 253 25 11
396 253 25 11
396 253 25 11
324 254 19 14
321 253 24 14
323 254 25 15
327 254 23 14
330 254 24 14
334 253 23 14
336 253 24 14
337 253 25 15
295 252 40 18
239 253 40 17
189 253 35 17
138 252 38 18
111 254 29 16
116 253 26 15
121 253 24 16
122 253 23 16
124 254 24 15
126 254 24 16
131 253 26 16
133 254 24 15
136 253 24 15
139 254 23 15
142 254 24 14
144 254 26 15
150 253 25 15
153 253 24 16
157 254 24 14
160 253 24 15
164 254 24 14
167 253 24 15
172 253 24 14
174 253 24 15
178 253 25 15
183 253 24 15
184 253 26 14
190 253 24 15
194 253 24 15
198 252 24 15
201 252 24 14
206 252 24 15
210 252 25 15
214 252 25 15
218 251 25 15
223 252 24 15
225 252 25 14
231 251 24 14
235 251 25 14
240 251 24 14
244 250 24 15
248 251 25 15
253 250 23 16
256 249 25 17
261 250 24 15
264 249 25 16
270 250 24 16
274 249 25 16
279 248 25 17
283 249 25 16
287 249 25 16
292 249 24 16
297 249 24 16
302 248 24 16
307 248 26 16
309 249 25 15
315 248 25 16
320 248 25 16
323 249 24 15
327 248 25 16
334 248 24 16
336 249 24 15
341 248 24 16
346 249 25 15
351 248 26 16
355 249 24 15
325 248 35 17
270 248 38 17
218 248 39 18
195 249 25 16
203 249 26 15
209 249 24 16
211 249 25 15
214 249 25 15
218 248 26 15
223 248 25 16
227 249 25 15
231 249 25 15
236 248 27 15
240 248 25 15
246 248 26 16
249 248 24 15
254 248 24 16
259 248 24 15
262 248 25 16
267 248 24 15
272 248 24 16
277 248 24 15
280 248 25 16
286 248 25 16
289 248 23 15
295 247 25 16
298 248 26 15
304 247 25 16
307 248 24 15
311 247 24 16
316 247 25 16
319 248 24 15
324 248 24 15
330 247 23 16
334 247 26 16
338 247 24 15
343 247 24 16
346 248 24 15
336 247 32 15
282 247 41 17
231 247 38 16
181 246 36 17
148 247 28 16
150 246 26 16
159 247 25 16
160 247 25 16
164 247 26 16
168 247 24 16
173 247 27 16
176 247 24 15
181 246 27 16
184 247 24 15
188 246 25 15
193 246 24 15
197 246 25 15
200 246 24 16
206 246 24 16
208 247 25 15
214 246 23 16
219 246 25 16
222 246 23 16
226 246 24 15
231 246 26 16
233 246 25 15
238 247 24 15
240 246 26 15
246 247 24 15
251 246 24 15
254 246 25 15
259 246 25 15
264 247 24 14
265 247 28 14
271 247 24 13
275 247 23 14
279 246 24 15
284 246 27 14
286 247 24 14
291 247 26 14
294 246 25 14
297 246 25 15
303 246 23 14
307 246 23 14
311 246 23 13
314 246 23 13
311 246 27 15
311 246 27 15
311 246 27 15
311 246 27 15
311 246 27 15
311 246 27 15
311 246 27 15
311 246 27 15
311 246 27 15
311 246 27 15
311 246 27 15
311 246 27 15
311 246 27 15
311 246 27 15
311 246 27 15
311 246 27 15
311 246 27 15
311 246 27 15
239 244 21 15
235 245 24 14
239 244 25 14
242 245 25 13
247 244 25 14
250 245 24 13
254 245 24 13
257 244 24 13
262 244 23 13
266 244 23 14
271 243 25 14
271 244 25 14
277 244 23 13
280 243 23 14
284 243 24 14
287 243 24 14
292 243 24 14
295 243 24 14
298 243 25 14
303 242 24 15
307 242 24 15
310 242 24 14
312 241 24 16
317 241 25 16
320 242 24 15
324 241 23 16
292 241 36 16
236 241 39 15
184 242 38 15
144 241 32 16
142 242 26 15
151 242 25 14
152 241 25 15
154 241 24 16
157 242 23 14
159 242 25 14
163 242 24 14
166 241 25 15
171 242 24 14
174 242 24 15
178 241 24 16
181 241 24 15
183 241 25 16
187 242 24 14
190 242 25 15
193 242 25 15
198 241 24 14
201 241 24 15
206 241 24 15
208 241 24 15
211 242 24 14
214 243 24 13
218 242 24 14
223 241 26 16
225 242 24 14
228 242 25 14
231 242 25 14
234 242 25 14
238 242 25 15
240 242 26 15
245 243 24 14
248 242 24 15
253 242 24 14
254 243 25 14
260 243 26 15
262 242 24 16
263 244 25 14
268 244 24 14
257 243 31 16
204 243 40 17
151 242 38 18
115 245 27 15
119 245 25 14
126 244 25 15
126 244 26 16
129 246 25 14
132 244 28 15
134 246 25 14
137 245 25 15
140 245 26 14
144 246 25 14
147 246 25 15
152 247 25 14
154 247 25 14
157 246 25 15
161 247 25 14
164 248 24 13
168 248 24 14
171 246 25 17
175 247 24 16
177 246 25 18
182 247 25 17
184 247 25 16
188 249 24 13
189 248 27 14
194 248 25 14
197 248 26 15
200 248 24 14
203 248 24 15
206 248 26 16
210 248 25 16
215 248 25 17
216 249 25 17
221 249 25 15
223 249 26 16
226 249 26 15
231 249 24 16
233 250 25 14
236 250 26 15
240 251 24 13
243 251 25 15
248 250 26 15
250 251 24 14
253 251 24 15
258 251 24 15
259 250 26 16
264 253 24 13
266 251 25 14
270 252 24 14
273 252 24 14
276 252 25 15
279 252 24 15
284 253 23 13
287 252 25 14
289 252 25 15
294 252 23 14
296 252 24 14
299 252 25 15
302 252 24 15
306 252 24 14
311 252 25 15
313 253 23 14
318 252 25 15
319 252 24 15
323 253 24 14
326 253 24 14
329 252 23 15
334 252 25 15
337 253 23 14
339 253 23 13
343 253 24 14
345 253 24 14
349 253 25 14
351 253 24 14
355 252 24 14
359 252 25 15
362 253 24 14
366 252 24 14
369 252 25 15
372 253 24 14
375 253 25 14
378 253 26 14
382 253 24 14
385 253 24 14
388 252 26 15
391 253 24 14
388 253 28 15
340 251 37 15
283 251 37 17
233 250 38 18
216 253 25 15
224 253 25 14
228 252 25 14
229 253 25 15
231 252 25 14
235 252 25 14
238 252 25 15
240 252 24 14
243 252 26 15
247 253 24 14
250 252 25 15
254 253 23 14
257 252 24 14
260 252 24 14
263 252 24 14
267 252 24 14
270 252 24 15
273 252 24 14
276 252 24 15
279 253 24 13
283 252 24 13
286 252 23 14
289 252 24 14
292 252 23 14
295 252 24 14
298 252 24 14
303 252 23 14
305 252 25 14
308 251 25 14
312 252 23 13
315 251 25 14
318 252 24 13
321 251 24 14
323 251 25 15
328 252 23 13
330 251 25 14
334 252 23 13
336 251 24 14
339 252 25 13
343 251 24 15
347 251 22 14
350 253 23 12
353 251 23 13
356 251 25 13
360 251 24 14
363 251 23 17
363 251 23 17
363 251 23 17
363 251 23 17
363 251 23 17
363 251 23 17
363 251 23 17
363 251 23 17
363 251 23 17
363 251 23 17
363 251 23 17
363 251 23 17
363 251 23 17
363 251 23 17
363 251 23 17
363 251 23 17
363 251 23 17
363 251 23 17
363 251 23 17
363 251 23 17
363 251 23 17
363 251 23 17
338 294 38 16
342 294 43 21
342 294 43 21
342 294 43 21
339 293 45 18
339 293 45 18
339 293 45 18
339 293 45 18
339 293 45 18
339 293 45 18
339 293 45 18
339 293 45 18
339 293 45 18
339 293 45 18
339 293 45 18
339 293 45 18
339 293 45 18
339 293 45 18
339 293 45 18
339 293 45 18
339 293 45 18
339 293 45 18
339 293 45 18
339 293 45 18
339 293 45 18
339 293 45 18
339 293 45 18
339 293 45 18
339 293 45 18
339 293 45 18
339 293 45 18
339 293 45 18
339 293 45 18
339 293 45 18
339 293 45 18
339 293 45 18
339 293 45 18
339 293 45 18
339 293 45 18
339 293 45 18
339 293 45 18
339 293 45 18
339 293 45 18
339 293 45 18
339 293 45 18
339 293 45 18
339 293 45 18
339 293 45 18
339 293 45 18
339 293 45 18
339 293 45 18
339 293 45 18
339 293 45 18
339 293 45 18
339 293 45 18
339 293 45 18
339 293 45 18
339 293 45 18
339 293 45 18
339 293 45 18
339 293 45 18
339 293 45 18
339 293 45 18
339 293 45 18
339 293 45 18
339 293 45 18
339 293 45 18
339 293 45 18
339 293 45 18
339 293 45 18
339 293 45 18
339 293 45 18
339 293 45 18
339 293 45 18
339 293 45 18
339 293 45 18
339 293 45 18
339 293 45 18
339 293 45 18
339 293 45 18
339 293 45 18
339 293 45 18
339 293 45 18
339 293 45 18
339 293 45 18
339 293 45 18
340 239 36 14
377 240 24 13
375 238 24 14
373 239 23 12
376 239 23 13
377 238 22 14
377 238 23 14
378 238 22 13
378 238 22 13
378 238 22 13
376 238 23 12
377 238 23 13
377 238 22 13
377 238 22 13
377 237 22 13
377 238 22 13
377 238 22 13
375 238 24 13
377 238 23 13
374 237 25 13
375 238 23 13
376 237 23 13
376 237 23 13
376 237 22 13
375 237 23 13
375 237 23 13
375 238 23 11
375 237 23 12
375 236 23 13
375 238 23 12
375 237 23 12
374 236 23 12
375 236 22 13
374 237 22 12
374 237 22 12
373 236 24 13
374 238 22 11
373 236 23 12
374 236 22 13
373 235 22 14
373 235 23 13
372 235 23 13
372 235 22 14
372 234 22 14
372 234 23 14
372 236 22 12
372 235 22 13
373 235 22 13
372 236 22 12
371 236 23 12
372 235 22 13
372 236 22 12
372 235 22 12
371 235 23 13
371 235 22 13
371 235 22 13
371 234 23 14
371 234 23 14
371 234 23 14
371 234 23 14
371 233 23 14
371 233 23 15
370 233 24 15
371 234 23 14
371 234 23 14
371 234 23 13
371 234 23 13
371 234 24 14
369 233 25 14
369 233 25 15
370 234 24 13
370 234 24 13
371 234 23 13
371 234 23 13
371 234 23 13
371 234 23 13
371 234 24 14
370 234 23 14
371 234 23 14
371 234 22 14
371 234 23 13
371 235 23 13
371 235 23 13
371 235 23 13
371 235 22 13
372 235 22 12
371 235 23 12
372 236 22 12
