316 266 51 35
311 266 52 34
304 266 53 34
297 267 51 34
291 267 50 35
283 267 51 35
294 267 53 35
324 267 54 35
357 267 53 36
376 268 51 36
369 269 50 36
361 270 49 34
355 270 50 34
348 270 50 34
340 270 51 36
335 271 50 34
328 271 50 34
321 272 51 34
313 273 51 33
306 273 51 34
298 274 51 34
292 273 51 35
284 269 52 35
279 252 52 36
272 237 50 36
266 238 48 36
257 240 49 36
250 241 51 36
243 244 51 36
237 246 50 36
229 247 51 35
222 249 52 36
216 250 51 35
211 253 52 35
228 254 55 35
262 254 54 37
286 256 53 36
282 258 53 35
273 259 52 35
267 260 52 35
263 261 51 35
258 262 51 35
252 263 51 36
254 264 51 35
278 266 56 36
317 267 56 35
347 268 54 35
352 269 53 35
347 270 50 35
345 256 51 35
343 239 50 36
340 224 51 34
339 226 52 34
338 228 51 35
337 230 52 34
336 231 51 35
336 232 51 36
335 234 51 35
335 235 51 35
334 236 51 36
333 222 52 37
333 206 52 35
334 205 51 35
333 207 52 35
333 209 52 35
334 211 51 34
334 212 52 34
334 214 51 34
334 215 50 34
334 217 50 35
334 217 51 35
333 220 52 35
334 221 50 35
334 223 51 35
335 224 51 35
335 225 51 36
335 228 52 35
335 228 51 35
335 230 52 35
336 231 51 35
337 233 49 35
337 234 50 35
337 235 50 35
337 237 49 35
337 239 50 34
337 235 52 36
336 219 52 35
337 202 50 35
339 186 48 35
338 182 51 35
338 183 51 35
339 185 51 35
339 187 51 35
339 188 52 35
339 190 51 35
339 192 52 34
339 193 52 34
340 194 50 35
340 196 52 35
340 197 51 35
339 199 53 35
340 200 53 35
340 202 53 35
341 204 52 35
341 205 51 36
341 207 51 35
342 208 52 35
342 210 52 35
343 211 51 35
343 214 51 36
343 216 52 36
344 218 51 34
343 220 52 34
343 222 52 35
343 224 53 36
344 226 52 36
344 228 52 35
345 230 51 36
345 231 51 36
345 233 50 36
345 235 52 36
344 238 53 35
345 240 51 35
346 242 51 35
345 245 51 35
346 246 52 35
346 248 50 35
347 250 50 35
346 253 51 35
346 255 51 35
346 257 50 34
347 259 50 35
345 261 51 36
346 251 51 36
346 236 50 35
347 220 50 36
347 204 49 34
347 189 50 34
347 183 51 35
347 186 52 34
347 188 51 35
347 191 52 34
348 192 51 35
348 195 52 35
347 197 51 35
347 200 52 36
348 201 51 35
347 203 52 35
347 204 52 35
347 207 51 35
347 208 51 35
347 210 51 35
348 211 51 36
347 213 52 36
347 215 51 35
347 217 51 36
348 219 51 35
347 221 51 35
347 224 52 35
348 226 52 34
348 226 52 35
347 228 52 36
348 230 51 35
348 232 52 35
348 232 51 35
348 233 52 35
348 235 52 36
348 236 52 35
349 238 51 35
349 239 51 36
349 241 51 36
349 244 51 36
349 243 52 35
349 227 52 37
349 210 52 36
349 195 51 35
349 183 50 34
349 186 51 35
349 188 51 34
350 190 51 35
350 192 51 35
350 195 51 35
350 197 52 35
350 199 53 36
350 201 52 35
350 203 51 35
350 205 51 35
350 207 51 35
350 210 50 35
350 212 52 35
350 213 52 36
351 216 51 35
349 219 52 34
350 221 52 35
350 223 51 35
350 225 51 35
350 227 51 35
350 230 51 35
350 233 51 36
350 235 51 36
350 237 50 36
350 240 51 34
349 242 51 35
350 245 52 36
350 246 52 36
350 234 51 37
350 218 51 36
351 202 49 36
351 187 49 35
351 171 50 36
351 159 50 34
350 162 51 34
351 164 50 34
351 167 50 34
351 169 50 34
350 171 52 35
350 171 53 36
351 174 52 35
350 175 52 35
351 178 51 35
351 179 51 35
351 182 50 35
351 184 51 35
351 185 50 35
351 186 51 35
351 188 51 35
351 189 51 35
351 191 51 35
350 192 52 35
351 195 50 34
351 196 51 34
351 198 51 34
350 199 52 35
351 200 50 35
351 202 50 35
350 203 50 35
350 205 50 35
350 207 50 35
350 208 51 35
350 210 51 35
350 212 51 35
350 213 51 35
350 215 50 35
350 217 50 35
350 219 50 35
350 220 51 35
349 222 51 34
349 224 52 35
349 226 51 35
349 227 53 34
350 224 52 35
349 208 51 35
350 191 50 35
350 175 50 36
349 161 51 34
350 161 51 35
350 164 51 35
350 166 50 35
350 168 50 36
349 170 51 34
350 171 50 35
350 174 50 34
349 175 52 35
350 177 51 35
350 179 50 35
349 181 51 35
349 182 51 35
348 184 51 35
347 185 51 36
348 185 51 38
348 188 50 37
348 190 50 35
348 192 52 35
349 193 50 35
348 194 51 36
348 196 51 35
348 197 50 35
348 198 50 35
348 200 50 35
348 201 50 35
348 202 50 35
348 203 49 34
347 204 50 35
347 205 50 35
347 206 50 35
346 196 51 35
347 179 49 35
346 164 50 34
347 146 50 34
346 145 51 34
347 147 50 33
347 147 50 33
346 148 50 34
346 150 50 34
346 150 49 34
345 151 51 34
346 152 49 34
346 152 50 35
345 153 51 34
345 153 50 35
345 154 51 34
345 155 50 34
345 157 49 34
345 157 50 34
345 158 50 34
345 159 50 34
345 160 49 33
345 161 49 34
345 162 49 33
344 163 50 34
344 170 50 36
345 190 50 37
345 209 49 35
345 230 49 36
344 248 49 36
344 269 49 36
345 279 48 34
345 280 49 34
345 281 49 34
345 282 49 34
345 284 49 34
345 286 49 34
345 287 49 34
345 289 48 35
345 291 50 34
345 292 49 35
345 292 50 35
345 277 49 34
346 263 48 34
346 264 49 34
345 267 50 34
345 268 50 34
345 270 50 34
345 271 50 34
345 273 51 34
345 275 50 35
346 276 50 35
346 277 50 36
346 279 49 35
346 281 49 35
347 283 49 35
347 284 49 35
347 287 48 35
347 284 50 35
347 267 48 35
346 251 49 35
347 235 50 35
346 218 50 36
347 202 50 35
346 198 51 34
346 200 50 35
346 202 51 35
347 205 51 35
347 207 50 34
347 209 51 34
347 211 51 35
347 213 49 35
347 215 51 35
347 217 50 35
347 219 51 35
347 221 51 35
347 224 51 34
347 226 51 35
347 227 51 36
347 229 51 35
347 231 51 35
347 234 51 35
347 235 51 35
348 238 50 35
348 240 50 35
348 242 50 35
349 244 50 35
348 246 50 35
348 248 51 35
348 250 50 35
348 253 50 35
348 255 50 35
348 257 49 35
348 259 49 35
348 261 49 34
347 263 50 35
346 253 49 35
348 238 49 35
347 223 50 35
348 226 49 34
348 229 50 34
347 231 50 34
347 233 51 35
347 235 51 35
347 237 51 34
347 239 51 35
348 241 50 34
347 243 50 34
347 245 50 35
346 247 50 35
347 250 50 35
347 251 51 34
348 254 50 35
347 256 50 34
346 258 50 34
348 260 50 35
348 262 49 35
348 265 49 35
350 267 49 35
349 269 49 35
350 273 48 34
350 275 48 34
350 278 48 33
350 280 46 33
350 284 47 32
350 286 49 32
350 289 47 31
349 291 47 30
348 294 46 31
349 295 44 30
349 297 47 32
349 299 46 32
349 299 46 33
349 284 46 33
349 268 45 32
350 251 46 33
350 234 47 33
350 219 45 32
350 220 46 31
350 222 45 31
350 226 45 31
350 229 46 32
350 230 46 33
350 232 44 33
351 236 43 32
351 240 43 30
351 243 43 31
351 247 43 30
350 250 44 30
350 252 43 30
350 255 43 30
350 258 43 29
350 260 44 31
350 263 43 32
352 265 41 31
351 268 43 31
350 270 42 31
350 272 43 33
351 275 42 33
351 279 42 29
350 283 43 28
349 286 45 28
351 288 43 28
350 291 43 28
351 288 43 29
350 273 43 30
350 258 42 29
349 242 45 30
350 227 45 30
350 226 45 31
350 231 45 30
350 234 43 32
350 236 43 31
349 240 43 30
349 242 42 30
348 245 43 31
348 248 44 30
349 251 40 30
350 254 41 28
349 256 42 31
349 259 43 30
349 260 43 29
348 263 46 33
348 266 48 34
348 267 47 34
349 269 46 33
347 270 47 33
347 271 47 33
346 271 48 33
347 273 47 32
348 275 44 31
347 276 44 30
348 277 43 30
347 276 45 31
348 277 44 31
348 276 44 32
349 277 43 32
348 277 44 32
349 277 43 32
347 278 44 32
347 278 44 32
348 279 43 31
348 279 44 32
348 279 43 31
348 279 43 32
348 279 44 32
348 279 44 32
348 279 44 34
348 279 44 34
348 279 44 35
347 279 44 35
347 279 44 35
346 279 45 36
346 279 45 37
346 279 44 35
346 279 43 35
345 279 43 35
344 280 42 35
358 281 43 32
397 280 45 33
433 281 44 32
445 281 40 31
439 282 41 32
436 283 41 32
435 283 39 33
432 284 40 32
428 284 42 31
425 284 42 30
420 284 44 31
417 284 44 30
412 284 46 31
409 286 42 30
405 285 42 31
401 285 42 31
397 285 42 31
394 286 41 31
389 286 42 30
382 286 44 31
379 287 43 32
376 287 43 31
368 288 45 31
364 288 43 31
357 289 46 29
354 288 44 31
348 288 44 32
342 289 45 30
336 289 46 31
332 289 44 32
328 290 46 33
348 290 49 33
383 290 50 34
414 291 48 33
445 290 47 34
469 291 45 33
464 292 45 31
455 292 45 31
452 293 44 31
443 294 43 30
440 293 43 32
434 293 44 32
426 294 44 31
419 294 44 30
413 295 43 29
406 295 44 30
399 295 44 30
393 296 43 30
385 296 44 30
377 296 45 31
370 297 44 29
364 297 43 29
358 298 43 29
349 298 45 29
343 297 44 31
337 298 42 31
329 298 43 30
332 297 44 29
360 298 45 30
391 298 42 31
397 298 42 32
384 298 43 33
377 298 42 33
372 298 43 34
365 299 41 31
357 299 42 32
348 299 43 32
340 300 44 32
331 301 44 31
324 288 42 31
316 271 44 31
309 261 44 31
301 263 43 31
294 262 44 34
284 263 45 32
287 263 45 32
314 264 46 29
346 264 46 31
369 264 46 31
363 265 45 31
350 266 44 31
346 266 42 31
338 266 41 30
330 265 42 31
328 266 42 31
350 267 46 28
383 266 46 29
413 266 44 31
440 266 44 29
446 266 44 29
435 267 43 29
427 268 42 29
419 269 43 28
412 268 44 29
405 268 43 29
397 268 42 28
388 268 44 28
383 267 43 31
377 268 41 29
369 268 42 29
360 268 42 30
352 268 42 30
345 269 44 30
339 269 44 31
332 268 43 32
324 268 46 31
333 268 47 32
363 269 47 31
396 269 46 30
414 269 43 30
406 269 43 30
399 270 41 29
392 269 43 31
386 268 44 31
377 270 45 30
371 270 46 30
365 270 43 31
357 270 42 31
352 270 42 30
346 270 43 29
341 271 42 29
335 270 43 31
328 269 44 36
328 270 44 32
354 271 44 29
387 270 44 30
416 270 45 32
446 271 45 30
477 271 47 30
506 271 47 30
522 271 43 30
512 272 44 28
506 271 43 29
502 272 43 29
497 272 42 28
490 272 42 29
485 272 42 29
479 271 44 30
473 272 44 30
469 271 44 31
463 271 43 30
458 272 43 30
452 272 44 29
448 272 43 30
440 272 44 30
439 272 42 30
430 273 44 31
427 273 42 30
423 273 42 30
419 273 42 30
410 274 43 30
408 273 43 30
399 274 43 30
398 273 42 30
394 273 41 30
390 273 40 29
386 273 40 30
383 273 40 30
377 273 40 29
372 272 40 30
366 271 41 31
363 270 39 32
357 272 41 31
353 273 41 30
348 273 43 30
346 273 42 30
343 272 41 30
336 273 42 29
332 274 41 29
328 274 42 29
338 274 44 29
371 275 45 29
405 276 44 25
429 275 42 27
423 274 43 28
417 273 43 29
415 274 41 30
412 274 42 30
407 274 42 30
402 273 43 29
399 274 43 29
395 274 45 29
391 274 47 31
388 274 46 31
384 274 45 31
380 274 46 32
376 273 46 32
372 274 46 31
368 274 46 31
364 275 46 32
360 274 47 32
356 274 47 32
353 274 48 33
348 274 49 34
345 274 48 34
341 274 49 35
336 274 50 34
333 274 48 34
330 275 49 33
326 274 49 34
322 274 50 35
318 274 49 34
313 274 49 34
310 274 50 35
306 274 50 35
302 274 49 35
297 275 49 34
293 275 49 33
288 275 49 34
285 275 48 34
281 275 47 34
276 276 49 34
272 276 48 34
267 276 49 34
261 276 49 34
257 276 48 34
253 276 49 35
253 276 49 35
280 275 53 34
316 275 52 35
347 276 52 35
378 276 52 35
395 275 50 35
387 276 49 35
382 276 48 34
378 276 48 34
372 276 49 35
368 276 48 35
363 276 49 34
358 276 50 35
353 276 49 35
348 276 48 35
342 276 48 35
338 277 49 34
331 277 48 35
326 277 50 34
321 277 49 35
316 276 48 35
311 277 49 35
304 277 49 35
299 277 49 34
292 277 49 34
288 277 48 34
291 277 50 34
323 277 51 34
357 277 50 35
386 277 50 35
417 277 49 34
442 278 45 33
438 279 45 32
429 279 44 32
424 279 45 31
418 279 45 31
412 278 44 33
404 278 45 33
397 278 46 32
389 278 48 34
384 278 46 33
377 278 46 34
369 278 46 34
363 278 46 34
355 278 47 35
347 278 49 35
338 278 49 35
330 278 49 35
324 279 48 34
315 279 47 35
307 279 48 34
299 273 49 36
289 255 49 38
281 240 48 37
273 240 47 37
263 241 48 36
254 241 47 36
244 242 48 36
245 242 49 37
271 242 50 36
301 241 51 38
316 241 49 38
304 241 49 38
292 242 49 37
282 242 50 37
270 243 50 36
260 242 49 37
249 243 50 37
238 243 50 36
227 244 50 35
216 244 50 36
205 244 50 36
195 244 49 35
207 244 52 35
236 244 51 35
262 244 50 35
286 244 50 35
310 244 53 35
334 244 54 36
360 244 52 36
380 244 51 36
371 244 50 36
356 244 51 35
346 245 50 35
335 245 49 36
323 245 51 35
312 244 50 35
300 245 51 35
297 245 51 35
319 245 52 35
347 245 51 36
373 244 53 36
398 244 49 34
423 244 50 33
447 245 50 33
454 245 48 33
438 244 49 34
428 245 47 33
417 245 47 32
407 244 46 32
395 244 47 32
383 243 49 33
372 243 49 34
361 243 49 34
350 243 49 35
338 242 50 35
327 241 51 35
316 242 50 34
305 242 50 35
293 241 51 35
282 240 50 36
271 241 49 36
259 240 51 36
250 240 51 36
252 240 51 35
280 241 51 35
308 241 50 35
333 240 51 35
358 239 52 35
378 240 50 35
369 239 51 34
356 239 50 35
347 239 49 34
336 240 49 34
325 240 50 34
315 240 50 34
304 240 49 34
292 240 50 35
282 240 49 34
272 240 49 34
261 240 48 34
250 239 49 34
241 239 49 35
239 239 50 34
264 239 51 35
293 239 51 35
318 239 52 35
343 239 52 35
369 239 52 35
395 239 50 34
423 240 47 33
437 240 48 33
426 240 47 32
413 240 47 33
403 239 50 34
392 240 50 34
382 240 49 33
372 240 49 33
361 240 50 34
351 240 49 35
340 240 50 35
330 240 51 35
319 240 50 35
309 241 50 34
299 241 49 34
288 241 49 34
278 241 50 35
277 241 50 35
302 241 52 35
333 240 51 35
357 241 52 36
383 241 52 35
405 241 49 35
396 242 49 34
383 243 48 33
373 243 48 33
363 243 50 33
353 243 48 34
342 243 49 34
332 243 49 35
321 244 50 34
311 244 50 34
301 244 50 34
291 244 50 34
281 245 49 34
271 245 48 34
260 245 49 34
250 245 48 35
250 246 49 35
275 245 52 35
305 246 51 35
331 245 52 35
356 247 51 34
384 247 49 34
411 246 49 34
437 247 46 32
439 247 48 33
425 248 45 32
415 248 45 32
406 248 46 32
396 248 47 32
386 248 47 33
377 248 46 33
366 248 48 34
356 248 48 34
345 248 48 34
337 249 48 34
327 248 49 35
317 249 49 35
307 248 48 34
297 249 48 34
288 249 47 34
301 248 49 35
333 248 48 34
361 249 47 31
387 248 46 32
413 249 44 32
408 250 46 32
395 249 46 32
386 249 47 34
377 249 47 33
368 249 46 33
358 248 47 35
348 248 48 34
337 249 49 33
328 248 48 33
318 249 49 34
308 249 48 33
300 248 48 35
289 248 48 35
281 249 47 34
274 248 46 34
287 249 47 32
319 249 46 33
346 250 44 31
371 251 45 30
399 251 42 29
425 250 43 30
450 249 44 31
461 250 41 30
447 250 43 29
438 251 40 30
428 251 42 29
419 251 42 29
410 251 43 30
399 251 43 30
391 251 42 30
381 250 43 31
372 249 45 32
363 250 45 32
354 249 45 32
345 250 44 33
336 251 43 32
326 251 43 32
317 251 43 32
307 251 44 32
297 250 45 32
287 250 47 33
284 250 47 34
306 250 50 34
336 250 49 33
364 250 48 33
391 249 49 33
419 250 48 33
444 250 48 32
447 250 48 33
436 250 47 32
426 250 48 33
417 250 48 33
407 250 47 33
401 250 44 32
394 250 43 33
384 250 45 33
373 249 47 35
363 248 46 37
355 249 45 36
343 247 51 38
342 250 45 33
367 250 45 31
398 251 43 29
425 250 44 29
451 250 44 29
477 250 44 31
505 249 43 33
529 249 43 32
528 249 42 30
515 250 41 30
505 249 41 30
497 249 42 30
487 249 42 29
