439 255 25 22
433 255 26 20
428 255 25 20
423 255 25 21
419 255 24 20
414 256 23 19
407 255 24 19
401 256 25 18
396 255 24 20
391 256 22 20
386 257 24 18
379 256 24 17
374 257 24 17
369 257 23 16
365 257 21 16
365 257 21 16
352 257 24 16
345 258 25 16
340 258 24 15
340 258 24 15
340 258 24 15
340 258 24 15
340 258 24 15
340 258 24 15
340 258 24 15
340 258 24 15
340 258 24 15
340 258 24 15
340 258 24 15
340 258 24 15
340 258 24 15
340 258 24 15
340 258 24 15
340 258 24 15
340 258 24 15
340 258 24 15
340 258 24 15
340 258 24 15
340 258 24 15
340 258 24 15
340 258 24 15
340 258 24 15
329 214 17 19
329 214 17 19
329 214 17 19
329 214 17 19
329 214 17 19
329 214 17 19
329 214 17 19
329 214 17 19
329 214 17 19
329 214 17 19
329 214 17 19
329 214 17 19
329 214 17 19
329 214 17 19
329 214 17 19
329 214 17 19
329 214 17 19
415 258 13 14
412 257 22 14
405 256 24 14
400 256 24 14
394 256 24 14
388 256 24 16
382 255 24 16
376 255 23 17
369 255 24 19
363 255 24 16
355 255 27 17
351 254 26 17
344 255 25 16
339 256 25 19
335 255 29 19
335 255 29 19
335 255 29 19
335 255 29 19
335 255 29 19
335 255 29 19
335 255 29 19
335 255 29 19
335 255 29 19
335 255 29 19
418 336 25 15
418 336 25 15
418 336 25 15
418 336 25 15
418 336 25 15
418 336 25 15
418 336 25 15
418 336 25 15
418 336 25 15
418 336 25 15
418 336 25 15
418 336 25 15
418 336 25 15
418 336 25 15
418 336 25 15
418 336 25 15
418 336 25 15
418 336 25 15
418 336 25 15
418 336 25 15
418 336 25 15
418 336 25 15
418 336 25 15
418 336 25 15
418 336 25 15
418 336 25 15
418 336 25 15
418 336 25 15
418 336 25 15
418 336 25 15
418 336 25 15
418 336 25 15
418 336 25 15
418 336 25 15
418 336 25 15
418 336 25 15
418 336 25 15
418 336 25 15
418 336 25 15
418 336 25 15
418 336 25 15
418 336 25 15
418 336 25 15
418 336 25 15
418 336 25 15
418 336 25 15
418 336 25 15
418 336 25 15
418 336 25 15
418 336 25 15
418 336 25 15
418 336 25 15
418 336 25 15
418 336 25 15
418 336 25 15
418 336 25 15
418 336 25 15
418 336 25 15
418 336 25 15
418 336 25 15
418 336 25 15
418 336 25 15
418 336 25 15
418 336 25 15
418 336 25 15
418 336 25 15
418 336 25 15
418 336 25 15
418 336 25 15
418 336 25 15
418 336 25 15
418 336 25 15
418 336 25 15
418 336 25 15
418 336 25 15
389 252 34 13
382 242 24 18
374 243 25 17
368 242 26 17
360 242 27 17
354 242 27 19
348 241 26 20
341 241 26 19
336 241 25 20
328 242 26 19
322 242 26 19
314 241 27 19
308 242 26 19
303 242 25 18
296 241 26 17
311 242 36 19
364 241 38 21
408 241 27 19
401 241 28 20
392 241 27 20
388 241 26 19
383 240 26 21
376 241 26 20
369 241 26 20
363 241 26 20
357 241 26 19
349 241 27 19
343 241 26 19
336 241 26 19
329 241 27 19
322 241 27 19
316 241 27 19
310 241 26 19
304 242 26 18
296 242 26 17
289 241 26 20
282 242 26 19
276 242 27 18
269 241 26 19
261 243 27 20
270 243 33 18
318 242 40 21
371 243 38 21
416 243 36 19
440 243 27 20
428 242 27 20
422 243 26 19
417 243 26 19
410 244 27 19
404 244 26 19
398 243 26 20
392 244 25 19
385 244 27 20
378 244 27 20
371 244 26 19
365 245 26 17
358 245 25 19
353 245 24 18
349 246 23 19
340 244 25 20
340 244 25 20
300 238 38 15
353 240 48 12
353 240 48 12
353 240 48 12
312 256 46 17
298 265 45 22
298 259 47 29
301 250 46 37
304 245 44 42
304 245 44 42
304 245 44 42
304 245 44 42
304 245 44 42
304 245 44 42
304 245 44 42
304 245 44 42
304 245 44 42
304 245 44 42
304 245 44 42
304 245 44 42
304 245 44 42
304 245 44 42
304 245 44 42
304 245 44 42
304 245 44 42
304 245 44 42
304 245 44 42
304 245 44 42
304 245 44 42
304 245 44 42
304 245 44 42
304 245 44 42
304 245 44 42
304 245 44 42
304 245 44 42
304 245 44 42
304 245 44 42
304 245 44 42
304 245 44 42
304 245 44 42
304 245 44 42
304 245 44 42
304 245 44 42
304 245 44 42
304 245 44 42
339 199 35 27
354 203 29 23
349 201 19 17
354 202 12 16
355 202 11 16
355 202 11 16
354 202 11 16
354 202 11 15
354 201 12 17
405 244 17 20
399 241 25 19
392 241 25 20
386 242 25 19
379 242 25 19
372 242 26 20
366 242 24 20
359 241 26 20
353 241 25 20
347 242 25 19
340 241 25 20
335 242 25 19
328 241 25 19
322 242 24 20
315 241 25 20
308 241 25 20
302 241 25 20
296 241 25 19
292 241 23 19
285 242 24 20
275 243 24 17
269 243 24 16
265 242 24 15
265 242 24 15
265 242 24 15
246 242 24 18
240 241 22 21
233 241 24 20
259 240 37 21
312 240 36 22
355 241 25 19
351 241 25 18
339 241 25 18
337 242 24 19
333 241 24 19
329 242 23 19
315 241 27 18
392 320 16 18
392 320 16 21
392 320 14 20
393 320 14 21
393 320 14 20
393 319 14 21
393 320 13 20
393 319 14 21
392 320 14 21
407 323 11 18
407 323 11 18
407 323 11 18
407 323 11 18
407 323 11 18
407 323 11 18
407 323 11 18
407 323 11 18
407 323 11 18
407 323 11 18
407 323 11 18
407 323 11 18
337 246 19 18
329 241 26 21
322 241 27 21
317 241 26 21
310 242 26 20
312 242 31 19
354 243 39 21
409 242 37 21
456 242 37 22
505 242 37 21
537 241 26 22
528 241 27 21
521 241 25 21
516 241 26 20
512 241 26 20
506 241 26 20
499 242 26 20
494 242 25 20
488 241 25 20
481 242 27 19
474 242 26 20
469 242 26 21
463 242 26 21
456 243 26 21
450 242 26 21
445 242 25 21
440 243 24 20
433 242 25 20
427 243 26 19
420 243 26 20
416 244 24 18
410 244 25 16
402 245 26 17
397 244 25 17
391 244 24 17
386 245 24 16
379 245 24 16
373 245 25 16
367 245 24 17
360 245 24 18
354 245 25 18
347 246 26 19
342 245 24 19
337 246 24 19
331 246 24 19
324 246 25 18
318 246 25 19
312 247 25 17
306 248 25 17
314 247 33 17
362 248 38 18
416 248 37 18
457 248 26 18
453 247 26 17
443 248 24 18
440 248 24 18
436 248 23 20
431 249 22 18
426 250 22 20
419 250 24 20
415 248 24 22
405 249 24 17
400 250 24 15
392 251 24 15
388 252 25 13
382 251 23 13
376 252 24 15
376 252 24 15
376 252 24 15
376 252 24 15
376 252 24 15
376 252 24 15
376 252 24 15
376 252 24 15
376 252 24 15
376 252 24 15
376 252 24 15
376 252 24 15
376 252 24 15
376 252 24 15
376 252 24 15
376 252 24 15
376 252 24 15
376 252 24 15
376 252 24 15
376 252 24 15
376 252 24 15
318 187 25 14
379 187 25 15
379 187 25 15
379 187 25 15
412 189 22 12
415 189 21 12
416 189 21 12
415 188 22 14
416 189 21 11
417 189 21 12
417 189 21 11
416 189 22 12
417 189 21 12
418 188 21 13
417 188 21 13
418 189 21 13
417 189 21 12
418 189 21 13
418 189 21 13
417 189 21 12
417 189 21 11
418 190 20 12
418 190 21 12
454 191 18 10
454 191 18 10
454 191 18 10
419 253 27 8
407 252 27 16
400 252 26 20
396 252 25 21
390 253 26 21
385 252 26 21
379 252 26 21
374 253 25 20
368 252 26 22
362 252 26 21
357 252 25 21
352 253 25 20
345 253 25 20
339 253 25 19
334 252 25 21
327 253 26 20
321 252 26 20
315 253 26 20
309 253 26 20
304 252 26 21
297 253 26 21
292 252 26 21
286 253 26 21
295 253 33 20
344 254 38 20
395 254 37 20
442 254 29 21
445 253 27 19
434 253 26 21
431 253 25 21
426 254 26 21
420 254 25 21
416 253 25 21
409 255 26 21
403 254 26 21
398 254 25 21
393 254 25 21
388 254 25 21
382 254 26 21
376 254 26 20
369 254 26 21
363 254 26 21
358 254 26 21
352 254 26 21
346 254 26 20
341 254 26 20
335 254 26 21
328 255 26 22
322 254 26 21
318 254 25 21
321 255 32 19
361 256 30 22
361 256 25 21
351 255 25 21
346 256 25 21
341 256 25 20
335 256 25 21
329 255 25 21
325 255 25 22
319 256 25 22
313 256 25 21
309 256 24 20
303 256 25 20
297 255 24 20
292 257 23 21
287 256 23 21
282 257 21 19
275 256 24 18
275 256 24 18
275 256 24 18
275 256 24 18
275 256 24 18
275 256 24 18
275 256 24 18
275 256 24 18
275 256 24 18
275 256 24 18
275 256 24 18
275 256 24 18
275 256 24 18
275 256 24 18
275 256 24 18
275 256 24 18
275 256 24 18
275 256 24 18
275 256 24 18
275 256 24 18
275 256 24 18
275 256 24 18
275 256 24 18
275 256 24 18
275 256 24 18
275 256 24 18
275 256 24 18
275 256 24 18
275 256 24 18
275 256 24 18
275 256 24 18
275 256 24 18
275 256 24 18
275 256 24 18
275 256 24 18
275 256 24 18
275 256 24 18
275 256 24 18
275 256 24 18
275 256 24 18
275 256 24 18
275 256 24 18
275 256 24 18
275 256 24 18
275 256 24 18
275 256 24 18
275 256 24 18
275 256 24 18
275 256 24 18
275 256 24 18
275 256 24 18
275 256 24 18
275 256 24 18
275 256 24 18
275 256 24 18
275 256 24 18
275 256 24 18
275 256 24 18
275 256 24 18
275 256 24 18
275 256 24 18
275 256 24 18
275 256 24 18
275 256 24 18
275 256 24 18
275 256 24 18
275 256 24 18
275 256 24 18
275 256 24 18
275 256 24 18
275 256 24 18
275 256 24 18
275 256 24 18
275 256 24 18
275 256 24 18
275 256 24 18
275 256 24 18
275 256 24 18
275 256 24 18
275 256 24 18
275 256 24 18
275 256 24 18
275 256 24 18
275 256 24 18
275 256 24 18
363 264 22 22
357 262 26 21
352 262 26 22
346 262 25 22
341 263 25 21
336 262 25 21
330 263 26 22
324 263 26 22
321 263 26 21
348 263 37 21
402 263 38 22
439 263 26 21
427 263 28 22
421 263 27 22
418 263 28 22
413 263 27 23
407 262 27 23
404 262 26 22
397 264 26 22
392 263 27 22
386 263 27 22
381 263 27 22
376 263 27 23
371 263 26 22
366 263 26 22
359 263 27 22
355 263 27 22
350 263 27 22
344 263 28 22
339 263 27 22
335 263 26 23
355 263 37 22
407 265 38 21
459 265 37 19
504 263 31 24
508 264 28 23
499 263 28 23
496 264 28 23
493 263 27 23
486 264 28 22
484 264 28 22
480 264 27 22
472 265 28 22
467 265 29 22
463 265 28 22
457 264 29 23
453 264 28 22
448 264 27 22
442 264 28 22
438 264 27 22
433 264 27 22
428 263 27 22
425 264 27 21
419 263 26 22
414 263 28 22
408 264 28 22
404 264 27 22
400 264 27 22
395 264 27 22
390 264 26 22
385 264 27 22
381 263 29 22
376 264 27 21
370 264 28 21
366 263 28 22
361 262 29 23
357 262 28 23
353 263 28 21
348 263 27 22
344 263 27 22
339 263 27 22
335 262 26 22
330 263 26 22
325 262 27 23
321 263 27 23
317 263 27 22
314 263 27 22
308 263 26 21
303 262 28 22
299 262 27 22
295 262 28 22
292 262 28 22
287 263 26 22
282 262 27 22
278 262 28 22
274 261 26 22
271 262 26 22
266 263 26 21
260 262 27 21
257 263 27 22
254 262 28 22
249 262 26 22
268 261 36 22
323 262 38 23
376 262 38 21
411 263 28 23
403 262 27 22
398 262 26 22
397 262 26 22
392 262 26 22
389 263 27 21
385 262 26 22
383 262 26 22
378 262 26 21
374 262 25 22
370 263 27 21
367 263 26 21
362 262 26 21
359 262 26 21
354 263 27 21
362 262 26 22
329 263 26 21
324 263 27 22
321 263 27 22
319 263 26 21
313 263 26 20
311 263 26 21
306 261 26 22
303 262 27 22
298 262 26 22
297 262 25 21
292 261 26 22
289 262 27 21
285 262 25 22
281 263 26 21
279 262 25 21
273 262 26 21
271 262 27 22
266 262 26 22
263 262 27 21
259 262 26 21
256 262 26 21
252 262 26 22
249 261 27 22
252 261 32 22
297 261 40 23
355 262 39 21
405 262 30 21
412 263 26 21
402 262 24 21
401 262 25 21
400 262 25 21
396 262 24 21
393 262 24 21
389 262 24 22
387 262 24 21
383 261 24 21
380 262 23 21
379 263 24 22
374 263 23 21
370 263 22 20
368 262 23 18
364 262 23 17
359 263 23 17
355 263 23 16
351 262 24 18
348 263 22 17
344 265 24 17
341 264 23 16
338 264 24 19
336 264 22 23
330 264 23 23
328 264 26 22
328 264 26 22
328 264 26 22
317 265 20 18
311 265 22 16
306 265 25 20
304 265 24 21
302 264 23 22
297 266 23 20
293 264 23 21
289 265 22 17
282 266 22 15
280 265 23 16
276 265 23 15
274 266 23 15
270 265 23 15
269 266 24 15
269 266 24 15
269 266 24 15
269 266 24 15
269 266 24 15
269 266 24 15
269 266 24 15
269 266 24 15
205 335 24 17
205 335 24 17
205 335 24 17
205 335 24 17
205 335 24 17
206 336 25 15
206 336 25 15
206 336 25 15
206 336 25 15
206 336 25 15
206 336 25 15
206 336 25 15
207 336 25 15
207 336 24 15
207 336 24 15
207 336 24 15
207 336 24 15
207 336 24 15
208 336 20 16
207 335 16 16
208 337 15 15
207 337 16 15
207 337 16 15
207 337 16 15
207 337 16 15
207 337 16 15
207 337 16 15
207 337 16 15
207 337 16 15
207 337 16 15
207 337 16 15
207 337 16 15
207 337 16 15
207 337 16 15
207 337 16 15
207 337 16 15
207 336 16 16
207 336 16 16
207 336 16 16
207 336 16 16
207 336 16 16
207 336 16 16
207 336 16 16
206 336 17 16
268 333 17 15
268 333 17 15
268 333 17 15
207 338 15 14
207 338 15 14
207 338 15 14
207 338 15 14
207 338 15 14
207 338 15 14
207 338 15 14
207 338 15 14
207 338 15 14
206 337 16 15
206 337 16 15
206 337 16 15
206 337 16 15
206 337 16 15
206 337 16 15
212 264 21 16
212 264 21 16
212 264 21 16
199 274 20 21
195 274 22 21
194 274 21 20
194 274 21 20
150 333 26 19
197 333 16 20
199 333 13 21
196 333 12 19
198 333 13 20
197 333 14 21
198 333 13 21
198 333 13 21
199 334 13 19
198 333 13 20
197 333 13 20
197 333 13 21
196 333 14 20
196 333 13 20
195 333 13 19
195 332 13 20
194 333 13 21
194 333 13 21
194 333 13 20
193 332 14 20
194 332 13 20
207 332 22 20
260 333 28 20
321 332 25 19
367 331 15 20
414 272 26 21
407 272 27 22
404 273 26 21
401 273 27 22
398 273 27 21
393 273 26 21
391 274 26 21
386 273 26 23
384 273 25 22
379 273 25 22
375 273 26 22
371 272 26 22
367 274 25 21
361 273 27 20
358 273 26 20
353 274 26 21
349 274 26 21
346 273 24 22
342 273 25 21
337 273 26 22
331 273 27 22
328 272 26 23
323 273 27 23
319 273 26 23
316 273 26 22
311 273 27 23
305 273 27 22
302 272 26 23
312 273 34 21
362 274 38 22
417 274 37 22
467 274 36 22
514 272 33 24
539 276 22 19
529 274 24 21
526 274 22 20
520 274 25 21
514 275 27 20
511 274 26 21
509 274 25 21
502 274 26 22
497 274 26 22
493 273 26 21
489 274 25 22
487 274 24 22
484 274 23 23
479 275 23 22
479 275 23 22
479 275 23 22
479 275 23 22
479 275 23 22
479 275 23 22
479 275 23 22
479 275 23 22
479 275 23 22
479 275 23 22
425 263 29 29
416 248 37 31
410 272 32 24
410 272 32 24
415 248 40 28
398 261 30 31
393 268 35 28
387 268 41 27
383 267 46 28
399 245 54 37
400 245 53 39
408 246 54 41
420 270 40 25
471 272 38 24
497 273 27 23
486 272 28 23
480 271 28 24
479 272 27 23
472 271 27 23
467 271 28 23
463 272 28 23
456 271 28 24
449 273 29 22
446 272 27 23
441 272 27 23
434 272 27 23
430 271 28 23
423 271 28 23
417 272 28 24
411 272 28 23
407 273 30 22
401 272 29 23
396 272 27 22
389 272 28 22
383 271 27 23
378 271 28 23
371 272 28 23
368 272 27 23
363 272 28 23
355 271 27 24
350 272 28 22
344 272 27 22
337 271 28 23
331 271 27 24
327 270 26 24
319 271 28 23
313 271 29 23
307 271 28 23
304 271 28 22
298 272 28 22
292 272 28 22
284 272 28 23
280 272 28 22
274 272 28 23
278 272 32 21
321 272 40 22
375 272 38 22
424 272 34 22
437 273 28 22
425 272 28 23
420 271 27 23
415 272 27 23
411 272 27 23
405 272 28 23
399 273 27 22
394 272 28 23
388 274 27 21
382 273 28 22
