0.056439
0.164083
0.235227
0.222565
0.226568
0.224646
0.178813
0.186755
0.249422
0.220085
0.213684
0.195024
0.201932
0.234432
0.238197
0.217340
0.211980
0.154679
0.238034
0.213841
0.214232
0.191078
0.161076
0.118969
0.213604
0.177297
0.235898
0.158432
0.158739
0.160730
0.133188
0.149024
0.176559
0.167722
0.174201
0.205118
0.215073
0.116024
0.145833
0.238777
0.142260
0.168781
0.164169
0.211949
0.137890
0.148908
0.178567
0.167115
0.188179
0.162603
0.157282
0.157925
0.119093
0.150897
0.173624
0.150062
0.183523
0.174787
0.156271
0.155981
0.116350
0.147227
0.189557
0.161434
0.173040
0.160066
0.154542
0.163649
0.140197
0.160930
0.210748
0.145257
0.220885
0.171050
0.167607
0.136306
0.216616
0.181173
0.157216
0.235658
0.165915
0.166305
0.136942
0.116847
0.193152
0.183436
0.161853
0.174157
0.179456
0.189816
0.222723
0.230670
0.220489
0.217164
0.205874
0.223318
0.260082
0.252430
0.248134
0.197152
0.268969
0.272668
0.218694
0.207778
0.223676
0.229698
0.233335
0.217831
0.204390
0.206009
0.245795
0.241404
0.233640
0.206009
0.223769
0.227600
0.223458
0.204817
0.191498
0.166008
0.251511
0.205035
0.233132
0.227210
0.174288
0.251589
0.234701
0.230217
0.196615
0.177882
0.258299
0.252193
0.235772
0.195297
0.197721
0.238136
0.242747
0.231944
0.202777
0.203167
0.252736
0.245758
0.213515
0.190978
0.111229
0.154387
0.198256
0.169456
0.160952
0.170527
0.158673
0.148901
0.144315
0.138182
0.161774
0.144665
0.184675
0.152575
0.165592
0.168918
0.233354
0.240700
0.225703
0.218560
0.185338
0.168654
0.230678
0.242413
0.231033
0.205604
0.175024
0.263763
0.230977
0.243117
0.196959
0.167523
0.232073
0.229166
0.215964
0.222529
0.180907
0.245972
0.254038
0.217810
0.208671
0.204031
0.239715
0.227425
0.216288
0.199706
0.169535
0.238265
0.254221
0.226153
0.203614
0.201928
0.251779
0.230753
0.205526
0.199346
0.207959
0.233406
0.232885
0.224174
0.202642
0.203846
0.184693
0.151459
0.178356
0.158972
0.172286
0.157255
0.117532
0.144630
0.199297
0.141880
0.189713
0.156481
0.158948
0.156620
0.134838
0.201636
0.235117
0.232953
0.227335
0.182594
0.153014
0.232434
0.253464
0.231561
0.188868
0.170905
0.236660
0.246561
0.254545
0.190825
0.215872
0.203134
0.158351
0.215560
0.213992
0.191759
0.217524
0.240225
0.241383
0.223291
0.176085
0.193320
0.234805
0.246141
0.226333
0.194134
0.161452
0.247009
0.238271
0.231255
0.211263
0.156927
0.251214
0.239588
0.251760
0.208879
0.210706
0.226002
0.212074
0.188339
0.192461
0.151421
0.195423
0.252935
0.243338
0.200054
0.191298
0.113075
0.162585
0.187247
0.164612
0.165812
0.151825
0.155512
0.155174
0.124055
0.150578
0.169018
0.153234
0.164227
0.148602
0.142906
0.192836
0.160732
0.225414
0.229200
0.218133
0.210730
0.187179
0.198210
0.220484
0.205066
0.205891
0.212489
0.170639
0.210734
0.231085
0.210460
0.207962
0.194227
0.166309
0.231244
0.223557
0.229399
0.212353
0.165435
0.220828
0.216457
0.233786
0.225044
0.192193
0.173793
0.242242
0.233996
0.217769
0.196960
0.191281
0.231975
0.240751
0.238358
0.204236
0.181770
0.256758
0.238246
0.215084
0.183322
0.195088
0.251034
0.246266
0.210550
0.179013
0.147606
0.249170
0.231688
0.173973
0.159537
0.164663
0.136171
0.133635
0.178665
0.183453
0.163955
0.155427
0.151596
0.167754
0.111606
0.113183
0.154734
0.177771
0.251795
0.208320
0.192702
0.210380
0.235200
0.239654
0.209435
0.211612
0.189002
0.219422
0.249582
0.221629
0.201616
0.193413
0.229864
0.232993
0.239563
0.190861
0.189430
0.223635
0.192753
0.194220
0.183307
0.179478
0.129094
0.231308
0.206530
0.236578
0.245689
0.165605
0.168055
0.233902
0.255004
0.219988
0.208888
0.210482
0.220548
0.179235
0.197871
0.172882
0.135513
0.201745
0.203502
0.218467
0.177098
0.170343
0.180884
0.232908
0.220374
0.184031
0.173709
0.130192
0.107062
0.160361
0.141671
0.208245
0.154415
0.214926
0.131881
0.165787
0.189391
0.143766
0.181742
0.157542
0.160233
0.142013
0.166988
0.204897
0.164518
0.179651
0.161952
0.145397
0.179398
0.154879
0.236202
0.168692
0.165529
0.164526
0.138767
0.186749
0.108844
0.126879
0.175007
0.176556
0.140582
0.174453
0.146800
0.170980
0.135447
0.110818
0.151601
0.177417
0.166627
0.182498
0.149985
0.164733
0.163747
0.121364
0.109751
0.176912
0.172224
0.159673
0.219573
0.199209
0.139443
0.104991
0.158458
0.224345
0.192079
0.172571
0.164223
0.173486
0.123905
0.180471
0.190748
0.134872
0.171892
0.182357
0.149367
0.155731
0.165173
0.244089
0.211021
0.193141
0.222652
0.177666
0.189723
0.223799
0.217231
0.203055
0.200135
0.178072
0.232087
0.234962
0.238998
0.217222
0.159794
0.203210
0.245591
0.236356
0.231932
0.176258
0.125272
0.211525
0.209933
0.230283
0.232725
0.163014
0.195868
0.213078
0.232663
0.202431
0.211564
0.180678
0.278431
0.184999
0.187847
0.181767
0.166700
0.130021
0.200716
0.226833
0.225801
0.217978
0.203458
0.191903
0.248341
0.247033
0.234107
0.190506
0.185019
0.217278
0.204074
0.248017
0.193884
0.151414
0.235454
0.215188
0.245605
0.223102
0.180841
0.208758
0.242868
0.240759
0.236125
0.180118
0.197864
0.203124
0.178043
0.172078
0.149965
0.161178
0.149309
0.099195
0.148873
0.172625
0.155223
0.185601
0.164191
0.173998
0.159523
0.112843
0.148572
0.176786
0.161212
0.187407
0.166893
0.229684
0.159391
0.237912
0.229939
0.233626
0.248597
0.184266
0.244254
0.222352
0.223137
0.219948
0.213330
0.228903
0.225048
0.213140
0.195240
0.163069
0.263986
0.209288
0.211661
0.188210
0.155862
0.198262
0.245125
0.222928
0.235334
0.195742
0.154247
0.245752
0.254200
0.222232
0.211064
0.182858
0.216412
0.174274
0.190413
0.201820
0.188955
0.150806
0.252667
0.203043
0.213565
0.199190
0.169025
0.195364
0.249762
0.228137
0.201085
0.195236
0.197466
0.252507
0.221558
0.240894
0.199317
0.129687
0.241744
0.180063
0.234828
0.234890
0.160589
0.100407
0.155371
0.184459
0.167517
0.173064
0.158827
0.163109
0.157805
0.115991
0.125216
0.174382
0.181545
0.173529
0.149848
0.161838
0.169246
0.132185
0.197871
0.242558
0.231982
0.230773
0.180593
0.216351
0.227011
0.245313
0.230850
0.181905
0.158886
0.248669
0.251269
0.216458
0.215702
0.228484
0.245783
0.254304
0.226413
0.192941
0.195740
0.246167
0.254520
0.234636
0.183691
0.217527
0.239662
0.243831
0.201420
0.201220
0.193120
0.228844
0.204748
0.201687
0.204017
0.180810
0.241517
0.210994
0.254154
0.239479
0.186386
0.197371
0.256347
0.237065
0.216820
0.191864
0.225101
0.243125
0.222686
0.212684
0.205410
0.215209
0.238674
0.235693
0.206321
0.189909
0.179347
0.239152
0.151414
0.205521
0.150935
0.177221
0.134923
0.118690
0.172579
0.177900
0.137676
0.169580
0.156515
0.159543
0.147725
0.107008
0.142017
0.176232
0.155924
0.246922
0.236696
0.185558
0.244541
0.209965
0.244956
0.231534
0.189113
0.178154
0.253866
0.251267
0.214186
0.186878
0.202936
0.253933
0.234914
0.241253
0.193073
0.135712
0.243834
0.186149
0.215558
0.220370
0.193983
0.219166
0.242212
0.242368
0.205256
0.179305
0.214586
0.225156
0.220517
0.236984
0.209301
0.184156
0.246065
0.251708
0.226246
0.215222
0.211709
0.215281
0.251508
0.219420
0.195943
0.162960
0.259105
0.239698
0.223881
0.192900
0.166865
0.258103
0.254903
0.218689
0.213934
0.174517
0.248204
0.222458
0.212784
0.226002
0.197367
0.223637
0.156175
0.199105
0.179127
0.190846
0.207208
0.175396
0.155150
0.182981
0.158095
0.160249
0.158916
0.124326
0.145506
0.189607
0.153408
0.182462
0.166994
0.155135
0.158672
0.124981
0.145282
0.179717
0.170929
0.242886
0.219396
0.154675
0.113695
0.147293
0.176569
0.159381
0.192290
0.151797
0.155325
0.157650
0.171237
0.246578
0.145229
0.240552
0.240440
0.206778
0.180949
0.232739
0.203904
0.216966
0.197140
0.163391
0.243611
0.202600
0.216286
0.176055
0.188817
0.164862
0.137528
0.235191
0.159981
0.181539
0.213873
0.208604
0.112130
0.150153
0.174973
0.150577
0.172226
0.154694
0.158433
0.150993
0.206569
0.232985
0.168339
0.159650
0.171684
0.180902
0.137660
0.145970
0.184292
0.241751
0.161235
0.164063
0.163505
0.123003
0.119949
0.183522
0.191483
0.170971
0.157267
0.155691
0.165186
0.133947
0.109685
0.199502
0.185364
0.184311
0.166755
0.156708
0.162437
0.131684
0.159399
0.179001
0.168247
0.168556
0.156286
0.159706
0.149812
0.123582
0.169902
0.246430
0.155813
0.145765
0.158708
0.174089
0.156605
0.157466
0.214881
0.174141
0.173028
0.161783
0.174593
0.139932
0.101529
0.154409
0.174215
0.145591
0.233788
0.234484
0.141219
0.134050
0.165204
0.184274
0.248999
0.252471
0.211830
0.247336
0.246552
0.263814
0.239881
0.227443
0.250322
0.248349
0.217876
0.205642
0.183880
0.231893
0.252334
0.230829
0.196210
0.152443
0.238145
0.224396
0.221148
0.225813
0.160315
0.242171
0.192472
0.220111
0.224883
0.195816
0.200594
0.230242
0.232918
0.198002
0.185854
0.140260
0.243736
0.224384
0.219522
0.212020
0.166728
0.155138
0.249089
0.258417
0.214805
0.207334
0.166532
0.251504
0.202325
0.227815
0.225148
0.171413
0.255438
0.216533
0.190033
0.205802
0.150444
0.154233
0.204746
0.211801
0.195089
0.211573
0.179729
0.209071
0.226297
0.224432
0.219601
0.195213
0.114772
0.159606
0.181064
0.154061
0.178441
0.162152
0.156720
0.170914
0.116235
0.158981
0.184120
0.142075
0.179747
0.166717
0.157651
0.155978
0.120122
0.168490
0.234280
0.223025
0.158043
0.160923
0.156630
0.122101
0.140578
0.173107
0.167093
0.232621
0.152690
0.169033
0.140054
