0.100111
0.192871
0.208771
0.233666
0.242832
0.207914
0.220031
0.243326
0.238980
0.230228
0.207909
0.236036
0.227880
0.239576
0.274354
0.244651
0.276791
0.243984
0.229850
0.220387
0.162016
0.172382
0.155430
0.189118
0.141836
0.160732
0.167238
0.136869
0.153432
0.190015
0.150002
0.185834
0.167839
0.162524
0.168405
0.130323
0.093701
0.166516
0.221434
0.241780
0.218200
0.208916
0.214090
0.228035
0.259223
0.238892
0.201949
0.253171
0.212781
0.228029
0.257904
0.197171
0.209996
0.251158
0.256210
0.232894
0.184747
0.229503
0.232459
0.200047
0.163637
0.161941
0.159370
0.120676
0.171329
0.169783
0.136220
0.185356
0.155308
0.170759
0.157826
0.121317
0.130370
0.185557
0.190743
0.182825
0.180247
0.181085
0.173109
0.204998
0.257602
0.257492
0.220652
0.196954
0.198279
0.241493
0.240447
0.268584
0.203027
0.255551
0.220497
0.253399
0.239964
0.152292
0.253704
0.222362
0.245413
0.160616
0.170241
0.132738
0.099220
0.159231
0.179394
0.131432
0.175997
0.156478
0.172048
0.160417
0.127043
0.150788
0.179569
0.162780
0.179979
0.163711
0.223019
0.209002
0.227479
0.247534
0.244169
0.231913
0.182803
0.195779
0.213122
0.228004
0.249436
0.181901
0.204553
0.235807
0.221860
0.203734
0.213355
0.221869
0.248789
0.242510
0.208554
0.204140
0.112732
0.140602
0.175497
0.170777
0.183501
0.171097
0.164521
0.159054
0.135797
0.108657
0.177428
0.181632
0.169703
0.176927
0.163538
0.170324
0.131614
0.205068
0.227290
0.220933
0.203487
0.208148
0.140848
0.205289
0.220005
0.223114
0.206254
0.174106
0.181036
0.263575
0.242461
0.244376
0.210008
0.231875
0.244276
0.245121
0.240260
0.188057
0.175597
0.187909
0.144477
0.177061
0.157206
0.200388
0.128785
0.111872
0.153127
0.200933
0.144455
0.176339
0.163531
0.144435
0.152609
0.134528
0.211117
0.186580
0.178490
0.170586
0.175309
0.193115
0.148299
0.158370
0.184088
0.166121
0.181659
0.172677
0.201565
0.132673
0.130100
0.181050
0.181707
0.164868
0.170662
0.163767
0.179155
0.147886
0.160850
0.177315
0.158418
0.183699
0.154064
0.161435
0.157891
0.130130
0.149784
0.173526
0.159116
0.197981
0.162855
0.173023
0.156033
0.116415
0.146246
0.180543
0.157389
0.183676
0.157843
0.153307
0.156727
0.132334
0.147813
0.158132
0.160111
0.167707
0.172809
0.197458
0.179856
0.136381
0.151677
0.175368
0.183723
0.197796
0.162511
0.176916
0.156564
0.156708
0.198230
0.180193
0.183971
0.165892
0.161314
0.134361
0.124853
0.222001
0.191329
0.227327
0.198220
0.192853
0.177521
0.246262
0.240540
0.238649
0.195266
0.206104
0.206448
0.210407
0.214752
0.215882
0.181456
0.244484
0.198127
0.214208
0.222403
0.186325
0.213745
0.191649
0.190523
0.179524
0.170295
0.161972
0.137227
0.133069
0.178134
0.168964
0.176724
0.164178
0.162170
0.151515
0.127554
0.157602
0.179702
0.163430
0.169425
0.176446
0.228286
0.183300
0.238882
0.229826
0.222333
0.232454
0.177122
0.244015
0.186805
0.212391
0.217828
0.192480
0.204177
0.265677
0.242018
0.220163
0.203473
0.210776
0.238835
0.225694
0.224983
0.215566
0.120654
0.157043
0.195634
0.152436
0.182813
0.163207
0.184194
0.149669
0.133243
0.142100
0.179401
0.155072
0.171082
0.157744
0.147807
0.145560
0.129958
0.158184
0.216347
0.231599
0.239062
0.191699
0.200882
0.223943
0.208923
0.203213
0.241366
0.183103
0.269538
0.193191
0.230060
0.203941
0.178572
0.190806
0.241707
0.224515
0.217713
0.226941
0.139162
0.169807
0.163608
0.161970
0.181435
0.160717
0.166765
0.163620
0.124062
0.165438
0.188603
0.131156
0.180924
0.164810
0.184193
0.138875
0.121821
0.229256
0.216780
0.227549
0.246014
0.198005
0.246244
0.235834
0.245246
0.259611
0.213962
0.245940
0.235588
0.252502
0.199967
0.194160
0.251300
0.217193
0.207006
0.216481
0.122069
0.164197
0.180399
0.155563
0.180844
0.161695
0.166891
0.162017
0.124666
0.154829
0.166036
0.164367
0.190886
0.158641
0.178757
0.159079
0.115943
0.147807
0.181664
0.207708
0.253393
0.229810
0.179146
0.255483
0.229853
0.232183
0.224502
0.210385
0.233550
0.246028
0.228061
0.191688
0.228854
0.238394
0.239786
0.249890
0.191061
0.228017
0.195066
0.165615
0.163456
0.228815
0.130135
0.195442
0.166298
0.168136
0.185713
0.164302
0.170487
0.160866
0.125278
0.158302
0.218158
0.219380
0.164019
0.169057
0.179095
0.110328
0.165496
0.181654
0.147599
0.177521
0.206669
0.179634
0.124734
0.115175
0.189821
0.195072
0.160713
0.165844
0.160808
0.172347
0.131566
0.156982
0.170860
0.168868
0.199286
0.155281
0.148343
0.163336
0.134297
0.147403
0.184476
0.148156
0.187669
0.172401
0.180220
0.148725
0.111471
0.153701
0.177206
0.146748
0.179630
0.165354
0.170229
0.161058
0.129760
0.154417
0.193800
0.237216
0.228113
0.167134
0.128872
0.117091
0.209999
0.168400
0.190256
0.222395
0.175162
0.133890
0.154536
0.176775
0.163912
0.186769
0.159336
0.167103
0.188776
0.209735
0.171711
0.145946
0.210129
0.200494
0.224171
0.195542
0.258485
0.226829
0.222970
0.180875
0.151526
0.217859
0.203909
0.223589
0.211461
0.174991
0.189133
0.222589
0.224067
0.215916
0.203319
0.162357
0.213652
0.235089
0.221379
0.217473
0.164893
0.136650
0.136389
0.182447
0.179303
0.183785
0.167623
0.165661
0.160942
0.132303
0.146145
0.174006
0.161837
0.185281
0.172813
0.169143
0.162205
0.126998
0.165396
0.210111
0.170209
0.206337
0.222944
0.175290
0.228650
0.209958
0.240635
0.221064
0.179205
0.182446
0.205327
0.215654
0.214872
0.236588
0.183388
0.264226
0.270726
0.218174
0.201904
0.192453
0.205802
0.187465
0.215640
0.231460
0.176284
0.235094
0.220742
0.168424
0.169838
0.179501
0.156564
0.141578
0.131427
0.165609
0.172366
0.153919
0.178180
0.146962
0.157266
0.146615
0.124938
0.179427
0.182331
0.133553
0.203884
0.188638
0.183445
0.154055
0.240933
0.238505
0.219186
0.220647
0.196259
0.245930
0.215990
0.234432
0.251788
0.184376
0.165924
0.229679
0.248876
0.235751
0.212731
0.225370
0.257220
0.230835
0.227077
0.210504
0.208841
0.227383
0.233563
0.241462
0.197854
0.196755
0.265474
0.175875
0.164967
0.169102
0.157329
0.126014
0.172795
0.213366
0.162393
0.168197
0.163165
0.148620
0.158354
0.113507
0.174383
0.186903
0.159370
0.166787
0.233575
0.190122
0.201666
0.248636
0.255476
0.212316
0.189563
0.184043
0.271807
0.248497
0.226647
0.205261
0.210342
0.244227
0.256513
0.240085
0.179324
0.224484
0.227953
0.250310
0.243411
0.132153
0.121530
0.155444
0.172110
0.152045
0.162490
0.172503
0.150235
0.153820
0.119535
0.146197
0.169434
0.164286
0.167812
0.157648
0.161727
0.169889
0.180579
0.239598
0.243804
0.233866
0.216686
0.173790
0.242795
0.209609
0.251653
0.217378
0.188805
0.242954
0.254374
0.247257
0.215195
0.195868
0.247795
0.232348
0.229263
0.206262
0.211744
0.249756
0.238447
0.237473
0.185020
0.235335
0.231840
0.244944
0.238297
0.151444
0.106696
0.146244
0.176137
0.156706
0.241952
0.161343
0.157531
0.132882
0.104937
0.167462
0.165204
0.153323
0.191931
0.179633
0.200724
0.157851
0.130010
0.177453
0.211711
0.173024
0.152991
0.142051
0.140712
0.096625
0.086637
0.142024
0.183307
0.220676
0.141363
0.148633
0.115309
0.102651
0.159763
0.162093
0.139894
0.182511
0.153721
0.166673
0.145798
0.155988
0.164340
0.156020
0.173996
0.167077
