0.044833
0.152547
0.134177
0.147593
0.163456
0.154025
0.193896
0.171453
0.160402
0.153759
0.128809
0.166040
0.200391
0.211132
0.214571
0.216699
0.157118
0.250736
0.238202
0.239128
0.232395
0.164531
0.252259
0.221158
0.229483
0.240091
0.179503
0.222882
0.223017
0.239020
0.255581
0.178873
0.230154
0.222868
0.237622
0.158548
0.164307
0.129063
0.119249
0.160887
0.171990
0.162885
0.163529
0.171696
0.173789
0.150955
0.107147
0.159066
0.194534
0.134644
0.176740
0.171107
0.236816
0.160699
0.251755
0.245639
0.241691
0.235926
0.181423
0.240538
0.239112
0.216395
0.216631
0.211731
0.256214
0.224028
0.244575
0.188377
0.191225
0.261528
0.222496
0.223038
0.217353
0.245421
0.185512
0.150841
0.167206
0.153649
0.170993
0.142021
0.133444
0.160135
0.182102
0.161361
0.179102
0.153736
0.175432
0.136094
0.161399
0.193982
0.160644
0.193501
0.163346
0.217917
0.137180
0.121130
0.190169
0.204719
0.164230
0.155346
0.164673
0.159850
0.135661
0.156333
0.177738
0.145223
0.167944
0.179138
0.166287
0.156926
0.124720
0.154097
0.190147
0.148826
0.188654
0.164752
0.164882
0.162292
0.113592
0.148368
0.169727
0.164933
0.174467
0.166929
0.173063
0.153171
0.118350
0.176013
0.181538
0.155164
0.175491
0.162460
0.158965
0.155655
0.123807
0.192284
0.187179
0.130217
0.165026
0.229984
0.208305
0.111142
0.138742
0.192172
0.249279
0.166962
0.157822
0.156636
0.172239
0.172483
0.213638
0.176643
0.159789
0.160700
0.153597
0.124183
0.178248
0.214662
0.223827
0.234353
0.183407
0.151889
0.206982
0.237681
0.231810
0.223771
0.200182
0.154465
0.195492
0.159438
0.207705
0.217658
0.201236
0.186945
0.237828
0.220724
0.216484
0.212766
0.172134
0.232244
0.230691
0.236097
0.221153
0.197402
0.243652
0.236153
0.233289
0.199184
0.228103
0.185765
0.171080
0.176945
0.166453
0.180308
0.140455
0.110869
0.139222
0.172997
0.155573
0.178629
0.168091
0.178743
0.144196
0.115906
0.142287
0.181180
0.216568
0.231208
0.235095
0.189677
0.242360
0.248699
0.229628
0.216269
0.204109
0.235691
0.231961
0.227647
0.202916
0.213091
0.226022
0.216416
0.196518
0.194650
0.187038
0.206442
0.252364
0.232579
0.223929
0.214862
0.250873
0.217009
0.252289
0.185948
0.164340
0.121171
0.151429
0.175542
0.153523
0.182849
0.162852
0.164078
0.158363
0.129617
0.143205
0.190274
0.157795
0.180262
0.162823
0.173310
0.155509
0.138364
0.197700
0.234524
0.229003
0.239152
0.212360
0.261768
0.216976
0.233044
0.231884
0.182672
0.210377
0.231651
0.245090
0.224429
0.203659
0.244440
0.207080
0.254762
0.246819
0.172646
0.249381
0.219064
0.217385
0.226099
0.204326
0.120754
0.124226
0.179518
0.170717
0.190690
0.163210
0.159030
0.166732
0.122331
0.166578
0.179492
0.137968
0.176081
0.155421
0.173983
0.153753
0.127549
0.150589
0.179842
0.203995
0.194740
0.193028
0.207880
0.219949
0.256374
0.260736
0.259005
0.192260
0.265018
0.226433
0.256218
0.232878
0.152505
0.177513
0.224562
0.202257
0.203239
0.205065
0.191256
0.267334
0.216197
0.221418
0.233256
0.189497
0.157727
0.198540
0.163325
0.178468
0.141630
0.165525
0.148180
0.106749
0.147084
0.180131
0.160068
0.196183
0.166585
0.167755
0.154643
0.113324
0.160717
0.201553
0.176221
0.224312
0.240985
0.169784
0.233175
0.215066
0.225016
0.221851
0.208440
0.203361
0.199954
0.233298
0.239708
0.211395
0.209536
0.250628
0.235450
0.225326
0.208537
0.207968
0.259668
0.249906
0.247691
0.187591
0.201545
0.182007
0.178706
0.168739
0.192122
0.203323
0.133232
0.151108
0.184374
0.160091
0.183566
0.159330
0.164606
0.156812
0.147030
0.232970
0.174239
0.165695
0.209526
0.155912
0.164821
0.115787
0.154234
0.189545
0.142319
0.226121
0.158256
0.167291
0.136268
0.136140
0.179092
0.174385
0.158327
0.158595
0.146963
0.164787
0.144580
0.112837
0.137124
0.179575
0.152412
0.188879
0.162009
0.157723
0.164948
0.126418
0.152371
0.191849
0.146665
0.181885
0.163304
0.156145
0.163308
0.122539
0.149252
0.178590
0.165657
0.183340
0.157120
0.169082
0.158695
0.119525
0.143502
0.171334
0.165719
0.212983
0.192377
0.160657
0.139955
0.125811
0.228180
0.234347
0.174713
0.169755
0.222873
0.121951
0.144414
0.237174
0.160996
0.161363
0.163515
0.182468
0.129836
0.109315
0.212362
0.216194
0.236989
0.176876
0.180593
0.168694
0.238314
0.225374
0.240904
0.223111
0.179522
0.245234
0.207619
0.187556
0.210819
0.195195
0.218579
0.251138
0.244178
0.235060
0.194451
0.193271
0.221114
0.184441
0.215928
0.229918
0.179179
0.249619
0.267472
0.235703
0.223771
0.217797
0.189276
0.156688
0.174212
0.169028
0.168979
0.139248
0.119518
0.149899
0.175369
0.152837
0.162151
0.156039
0.156899
0.152961
0.130804
0.145653
0.168326
0.172797
0.160331
0.192649
0.209186
0.181713
0.228303
0.247762
0.232826
0.224553
0.202226
0.214040
0.243344
0.237032
0.220926
0.210539
0.199557
0.249955
0.237165
0.225806
0.214176
0.196184
0.235813
0.226743
0.233961
0.191960
0.235259
0.240600
0.236972
0.246177
0.184003
0.194786
0.184227
0.152832
0.177308
0.174002
0.163244
0.145207
0.108428
0.159091
0.174513
0.150310
0.174337
0.155946
0.155576
0.154993
0.131372
0.132576
0.166870
0.180575
0.238073
0.223804
0.204775
0.214150
0.251968
0.244791
0.234016
0.200816
0.208061
0.216269
0.203125
0.207889
0.201693
0.169280
0.251183
0.214559
0.238467
0.240776
0.191116
0.229351
0.242530
0.242422
0.227181
0.223398
0.236828
0.245569
0.245420
0.144351
0.123248
0.140046
0.176241
0.160703
0.183216
0.165096
0.166449
0.169317
0.120834
0.157090
0.186430
0.144046
0.180558
0.158429
0.174793
0.144076
0.121649
0.178258
0.234972
0.224412
0.220469
0.223011
0.243135
0.246991
0.258850
0.260938
0.180752
0.208017
0.234449
0.243533
0.241701
0.190060
0.247348
0.202256
0.217052
0.234872
0.202014
0.215560
0.244411
0.244368
0.239129
0.189952
0.237748
0.192471
0.167489
0.157107
0.160983
0.165062
0.131320
0.155056
0.177930
0.191206
0.172357
0.185784
0.163025
0.158729
0.135414
0.155087
0.158336
0.161452
0.186788
0.210730
0.177212
0.189013
0.263095
0.244667
0.250230
0.226437
0.219017
0.264711
0.266377
0.239511
0.177220
0.245817
0.213312
0.227592
0.213890
0.189397
0.219606
0.260862
0.235541
0.235899
0.194770
0.220811
0.234624
0.228323
0.203591
0.163189
0.131640
0.123066
0.179181
0.180664
0.172455
0.177012
0.231961
0.167602
0.152337
0.196782
0.145185
0.181375
0.152731
0.159769
0.159109
0.134874
0.129624
0.179152
0.179784
0.233088
0.158341
0.159153
0.150944
0.118625
0.152350
0.195148
0.148660
0.174592
0.153340
0.164140
0.184563
0.216695
0.174331
0.152436
0.170427
0.157716
0.172613
0.157094
0.118182
0.157912
0.179526
0.148575
0.184515
0.145116
0.159155
0.164503
0.132738
0.160334
0.176441
0.147670
0.183740
0.168190
0.163867
0.149548
0.120149
0.167504
0.183573
0.165245
0.179524
0.146954
0.171460
0.148077
0.111192
0.181494
0.165893
0.157271
0.171843
0.169716
0.218913
0.175991
0.152031
0.186379
0.153038
0.228839
0.163775
0.161788
0.140765
0.218371
0.203974
0.221711
0.154955
0.159317
0.166100
0.132113
0.086802
0.238099
0.209019
0.186567
0.206556
0.169781
0.176193
0.201505
0.234189
0.231893
0.235324
0.173788
0.204214
0.243437
0.228798
0.232866
0.207158
0.186862
0.232140
0.252330
0.228089
0.192839
0.190937
0.226934
0.236100
0.224552
0.199131
0.172766
0.216122
0.215820
0.203914
0.232105
0.174685
0.235018
0.213228
0.231790
0.234449
0.200519
0.206878
0.238802
0.225311
0.225685
0.192656
0.215909
0.250788
0.232834
0.237120
0.214672
0.247538
0.208096
0.235012
0.238065
0.165821
0.203432
0.185970
0.154394
0.164803
0.171568
0.180456
0.145579
0.108409
0.144683
0.160345
0.174474
0.182448
0.159716
0.168162
0.167596
0.119135
0.105884
0.160777
0.147132
0.188346
0.154413
0.163115
0.151212
0.201724
0.187491
0.204645
0.214559
0.180578
0.207208
0.225370
0.195145
0.184537
0.191973
0.152861
0.259528
0.249319
0.253027
0.207659
0.212202
0.253325
0.239611
0.241712
0.195606
0.253723
0.230838
0.229687
0.252212
0.199205
0.265455
0.252664
0.191334
0.215024
0.194076
0.274419
0.241437
0.263950
0.220610
0.263555
0.228607
0.233488
0.247374
0.173227
0.257060
0.209601
0.181397
0.164328
0.186418
0.141621
0.129555
0.157684
0.181501
0.165889
0.172904
0.158240
0.168747
0.150716
0.117635
0.150258
0.176040
0.145709
0.185412
0.213383
0.219650
0.191884
0.246384
0.259779
0.233145
0.200490
0.182512
0.238729
0.238325
0.239601
0.197101
0.241728
0.236764
0.238492
0.223153
0.197731
0.262850
0.220609
0.233360
0.227865
0.193001
0.218722
0.233814
0.252962
0.248635
0.184604
0.241192
0.224473
0.246650
0.212456
0.186226
0.148595
0.248942
0.252990
0.247003
0.211890
0.232012
0.227805
0.229744
0.169339
0.179513
0.134225
0.112144
0.169387
0.176464
0.146608
0.186301
0.161993
0.183450
0.132573
0.119388
0.174471
0.189083
0.170500
0.172292
0.209397
0.185060
0.140395
0.219770
0.218625
0.213887
0.185463
0.210532
0.163239
0.230131
0.233024
0.238208
0.255129
0.186584
0.268914
0.251977
0.233645
0.195415
0.238617
0.244500
0.250380
0.238600
0.181272
0.212820
0.257942
0.255425
0.236019
0.194165
0.251781
0.227839
0.237213
0.242844
0.214719
0.263179
0.235353
0.229019
0.202356
0.219886
0.245357
0.253017
0.227342
0.205271
0.219742
0.237494
0.240634
0.218848
0.176545
0.190838
0.161193
0.163315
0.167451
0.161071
0.154855
0.163409
0.128597
0.115563
0.173451
0.189440
0.158821
0.172637
0.161366
0.173845
0.122303
0.106727
0.156506
