0.096888
0.195800
0.197452
0.230026
0.158942
0.248278
0.215372
0.222663
0.223900
0.192342
0.227428
0.230381
0.236974
0.238702
0.200811
0.218515
0.231386
0.242810
0.227982
0.202214
0.207414
0.238055
0.226969
0.237597
0.178950
0.222459
0.250188
0.230282
0.234119
0.185972
0.148846
0.249774
0.229665
0.226738
0.201393
0.124905
0.157679
0.178752
0.142703
0.178316
0.164123
0.159374
0.157839
0.130408
0.144424
0.166061
0.165454
0.182824
0.161307
0.153842
0.165710
0.166491
0.238968
0.194556
0.243115
0.220052
0.166632
0.216469
0.228682
0.230870
0.214540
0.190559
0.163354
0.220153
0.223649
0.235453
0.217274
0.173802
0.251684
0.242459
0.217613
0.186497
0.173643
0.210245
0.238151
0.231601
0.233544
0.191533
0.178483
0.251315
0.229750
0.217620
0.204121
0.195300
0.232170
0.229666
0.219346
0.201459
0.199186
0.228851
0.235305
0.219067
0.209749
0.191071
0.250817
0.228561
0.230622
0.173273
0.205128
0.229070
0.172133
0.177826
0.166600
0.166688
0.122805
0.117934
0.184741
0.186246
0.150151
0.177130
0.160285
0.153419
0.133964
0.119316
0.237139
0.214775
0.202471
0.216221
0.173010
0.204099
0.239101
0.224154
0.218787
0.189775
0.211879
0.256844
0.239077
0.207126
0.191966
0.217426
0.233378
0.222525
0.240843
0.207552
0.192857
0.252597
0.222896
0.221025
0.196110
0.201221
0.243355
0.221969
0.220017
0.208950
0.186627
0.246061
0.217105
0.208738
0.196847
0.159756
0.228553
0.214009
0.240362
0.222883
0.178754
0.157271
0.261944
0.234684
0.223739
0.202943
0.157901
0.222898
0.185043
0.230521
0.234694
0.182801
0.210273
0.181715
0.149704
0.165528
0.159048
0.167032
0.157764
0.133538
0.143593
0.184577
0.155521
0.179806
0.153238
0.160319
0.157568
0.119592
0.188266
0.192405
0.149190
0.236142
0.214286
0.189454
0.206312
0.220367
0.226189
0.197821
0.200619
0.179543
0.264569
0.235860
0.243611
0.200440
0.179185
0.243662
0.235170
0.226025
0.214870
0.213252
0.238074
0.233506
0.251187
0.208168
0.207748
0.247797
0.230980
0.220216
0.188755
0.209362
0.244407
0.198572
0.171862
0.172292
0.124534
0.138568
0.198320
0.225482
0.201862
0.165859
0.145402
0.211810
0.203291
0.172047
0.168816
0.158392
0.143895
0.228637
0.211692
0.214507
0.228634
0.189115
0.242292
0.208925
0.187461
0.161016
0.159086
0.158304
0.138161
0.150012
0.181240
0.170245
0.197722
0.160685
0.169083
0.164512
0.141943
0.170334
0.209227
0.253568
0.225585
0.201988
0.163469
0.228890
0.227159
0.228904
0.240084
0.175185
0.257018
0.247542
0.222919
0.211364
0.209682
0.234789
0.198657
0.198612
0.212709
0.151430
0.169479
0.250281
0.221107
0.231589
0.213439
0.203389
0.251154
0.227712
0.225111
0.187691
0.153674
0.226142
0.199134
0.203642
0.190406
0.193237
0.206540
0.236841
0.219714
0.210098
0.202164
0.198699
0.253355
0.221920
0.210768
0.209553
0.215930
0.248222
0.230399
0.224541
0.176725
0.224398
0.244557
0.227467
0.184054
0.167709
0.133505
0.127245
0.245837
0.214743
0.154883
0.158802
0.166120
0.132508
0.101592
0.151434
0.176571
0.158496
0.185306
0.165920
0.163711
0.158341
0.199194
0.177295
0.166255
0.229625
0.202301
0.158278
0.123263
0.144756
0.182955
0.167209
0.178616
0.162173
0.172098
0.163995
0.127257
0.148280
0.183870
0.152735
0.184020
0.158604
0.162381
0.157698
0.119409
0.139630
0.179047
0.173808
0.182636
0.162531
0.157898
0.163639
0.124650
0.200977
0.240570
0.176214
0.160046
0.157323
0.196413
0.210549
0.199208
0.130100
0.217866
0.153200
0.214824
0.161167
0.173420
0.184895
0.162113
0.217614
0.220266
0.184255
0.147953
0.247242
0.231494
0.208409
0.225677
0.168705
0.164741
0.233234
0.236536
0.241528
0.204552
0.162192
0.261121
0.197641
0.209069
0.194657
0.156878
0.202573
0.241991
0.207733
0.225383
0.190371
0.207905
0.225217
0.232580
0.219866
0.178303
0.163466
0.213485
0.226876
0.215990
0.207826
0.214272
0.155210
0.239161
0.229209
0.240816
0.204881
0.154818
0.211011
0.230087
0.233163
0.219424
0.200779
0.203778
0.205290
0.210224
0.194662
0.189064
0.153559
0.150501
0.234793
0.239086
0.194921
0.206188
0.162060
0.152617
0.191049
0.156132
0.169467
0.161648
0.157650
0.133829
0.127542
0.140412
0.177814
0.170988
0.172292
0.156235
0.150409
0.162545
0.138578
0.126276
0.247493
0.216738
0.236598
0.214078
0.161964
0.242894
0.217492
0.238551
0.217241
0.175306
0.243785
0.218197
0.209789
0.191545
0.212965
0.176967
0.250128
0.236609
0.235290
0.203705
0.170114
0.255085
0.228693
0.204739
0.216578
0.167059
0.251844
0.243083
0.208367
0.225847
0.166514
0.259318
0.244722
0.212418
0.205441
0.213936
0.239439
0.244111
0.237608
0.176213
0.156560
0.239584
0.225365
0.219290
0.221491
0.165254
0.249986
0.245844
0.233438
0.206205
0.218787
0.236212
0.222550
0.208206
0.203000
0.158954
0.240643
0.249600
0.225018
0.191173
0.127015
0.107372
0.148907
0.177760
0.151172
0.178772
0.158734
0.172881
0.153893
0.124424
0.130696
0.172218
0.176396
0.169177
0.152960
0.155773
0.183290
0.134109
0.213342
0.224974
0.239353
0.214850
0.214286
0.149419
0.253898
0.227406
0.240735
0.218310
0.153203
0.250534
0.233380
0.222423
0.233834
0.204999
0.223905
0.209622
0.187737
0.216050
0.174651
0.239955
0.210853
0.216872
0.178185
0.192796
0.149186
0.227630
0.219380
0.238050
0.227112
0.193119
0.136803
0.238503
0.239984
0.197429
0.228882
0.161282
0.243645
0.203222
0.242476
0.248902
0.172057
0.219421
0.224375
0.245688
0.207659
0.176325
0.174119
0.245135
0.223582
0.231852
0.210420
0.191940
0.186353
0.181189
0.174465
0.162987
0.159789
0.165318
0.133245
0.146348
0.175806
0.158693
0.194701
0.159256
0.156194
0.154339
0.125834
0.224818
0.227529
0.231795
0.222209
0.201028
0.217262
0.241686
0.237133
0.237132
0.200770
0.248962
0.206991
0.229391
0.205831
0.176583
0.150582
0.226180
0.203875
0.236250
0.212671
0.185808
0.213296
0.250177
0.237716
0.225511
0.198210
0.211066
0.251807
0.245170
0.215636
0.185701
0.229264
0.234223
0.236432
0.216974
0.205406
0.245572
0.208894
0.222406
0.206319
0.204967
0.230216
0.236553
0.226785
0.222195
0.186762
0.221644
0.242561
0.234195
0.235138
0.181988
0.214916
0.251399
0.231476
0.161200
0.161345
0.142359
0.106997
0.149086
0.198868
0.131615
0.180993
0.162536
0.170296
0.161987
0.111987
0.106678
0.176994
0.178759
0.197490
0.194966
0.199828
0.168621
0.150339
0.204115
0.176624
0.205607
0.190090
0.183488
0.191338
0.244578
0.241593
0.221825
0.198237
0.199510
0.231321
0.221749
0.207209
0.218692
0.183603
0.240840
0.211299
0.206430
0.206979
0.161591
0.250121
0.201389
0.205395
0.190463
0.201328
0.164522
0.250733
0.208691
0.237799
0.196095
0.180132
0.180382
0.215125
0.196183
0.193519
0.177606
0.171048
0.155496
0.247013
0.214447
0.191031
0.206281
0.175386
0.173774
0.208287
0.189845
0.206442
0.200037
0.182024
0.202405
0.245620
0.237117
0.204503
0.195660
0.189120
0.226552
0.153986
0.178020
0.158292
0.211760
0.164163
0.194847
0.182159
0.125622
0.177375
0.153989
0.167481
0.166821
0.137086
0.115996
0.235882
0.152113
0.176557
0.209770
0.166992
0.149823
0.122211
0.156778
0.211957
0.138080
0.175793
0.160625
0.169596
0.156543
0.123908
0.150495
0.177088
0.160333
0.183296
0.160117
0.151811
0.157668
0.131106
0.163352
0.180349
0.164829
0.175946
0.151155
0.154098
0.166122
0.133398
0.111193
0.180623
0.180512
0.152253
0.172789
0.172160
0.174656
0.156147
0.140147
0.185767
0.147646
0.177202
0.216107
0.214596
0.127953
0.162619
0.221273
0.154737
0.205049
0.206755
0.153646
0.125793
0.144797
0.191129
0.152903
0.230567
0.193050
0.196702
0.168470
0.251914
0.242367
0.243976
0.182582
0.205086
0.262401
0.223877
0.243464
0.207282
0.256733
0.213986
0.243395
0.234512
0.160378
0.184315
0.255552
0.237033
0.234394
0.190354
0.206817
0.241333
0.235926
0.235255
0.214130
0.236304
0.218264
0.218760
0.208995
0.201498
0.189689
0.200767
0.187571
0.231716
0.196214
0.163842
0.235871
0.234877
0.237189
0.241926
0.188265
0.227660
0.229458
0.232294
0.235010
0.164640
0.209436
0.242414
0.227794
0.226302
0.195946
0.199611
0.249622
0.245248
0.210536
0.190906
0.200304
0.229313
0.238681
0.217886
0.195620
0.219003
0.185462
0.152598
0.167596
0.156752
0.157545
0.155863
0.127701
0.157658
0.178624
0.157228
0.179862
0.162274
0.162197
0.159351
0.111369
0.200599
0.246094
0.238484
0.219100
0.172895
0.205907
0.228054
0.223189
0.229470
0.191053
0.152728
0.176943
0.237192
0.232767
0.228944
0.200694
0.202323
0.243882
0.229326
0.230779
0.185698
0.189398
0.240034
0.258594
0.203172
0.208758
0.215569
0.236498
0.233739
0.214300
0.187179
0.208364
0.222376
0.232181
0.217653
0.212713
0.213829
0.246916
0.238536
0.231971
0.201212
0.215255
0.242074
0.237682
0.236197
0.184101
0.137088
0.235160
0.208764
0.196734
0.172998
0.198304
0.188983
0.213840
0.191753
0.232029
0.210002
0.165754
0.240296
0.225195
0.246017
0.234331
0.171635
0.220068
0.232956
0.236318
0.216304
0.163444
0.118335
0.102333
0.171417
0.178012
0.127743
0.179808
0.164217
0.150341
0.153739
0.130840
0.156214
0.175147
0.142236
0.172437
0.170340
0.166687
0.145365
0.134496
0.242241
0.219587
0.167000
0.155206
0.171007
0.164198
0.112623
0.162191
0.185450
0.182962
0.163829
0.188257
0.177268
0.127985
0.178237
0.264864
0.244913
0.224548
0.198714
0.139561
0.216398
0.185996
0.242308
0.236825
0.177328
0.211958
0.230069
0.228662
0.215546
0.193037
0.104143
0.142104
0.176980
0.155560
0.192584
0.159979
0.162512
0.137735
0.124652
