381	291	13	7
379	291	12	10
374	291	12	10
369	291	12	10
367	291	12	10
369	291	12	10
369	291	12	10
367	291	12	10
365	291	12	10
363	291	12	10
361	291	12	10
360	291	12	10
359	291	12	10
357	291	13	10
356	291	12	10
355	290	12	10
353	291	12	10
352	291	12	10
350	291	12	10
349	291	12	10
347	291	12	10
346	290	12	10
345	290	12	10
343	290	12	10
342	290	12	10
340	290	11	10
339	290	12	10
337	290	11	10
336	291	10	10
333	290	10	10
334	290	10	10
351	290	14	10
373	290	13	10
390	290	11	10
409	290	13	10
430	289	14	10
450	289	14	10
469	289	13	10
476	289	12	10
468	289	12	10
462	289	11	10
466	289	11	10
466	289	11	10
463	289	12	10
462	289	12	10
462	289	11	10
460	289	11	10
459	289	12	10
458	290	11	10
456	289	11	10
454	289	12	10
454	289	11	10
452	289	12	10
450	289	12	10
449	289	12	10
447	289	12	10
447	289	12	10
445	289	13	10
443	289	12	10
442	289	12	10
441	289	12	10
440	289	11	10
438	289	11	10
437	289	11	10
435	289	12	10
434	289	12	10
432	289	12	10
431	289	12	10
430	289	12	10
428	289	12	10
427	289	12	10
426	289	12	10
424	289	12	10
423	289	12	10
422	289	12	10
420	289	11	10
419	289	12	10
418	289	12	10
416	289	12	10
416	289	12	10
414	289	12	10
413	289	12	10
411	290	13	10
409	290	12	10
409	290	12	10
408	290	11	10
407	290	12	10
405	290	11	10
407	290	13	10
430	290	14	10
450	289	15	10
470	289	14	10
490	289	14	10
511	289	14	10
524	289	11	10
521	289	12	10
513	289	11	10
516	289	11	10
514	289	11	10
513	289	12	10
513	289	11	10
512	289	12	10
527	288	14	10
550	288	13	10
569	288	13	10
587	288	12	10
592	288	12	10
581	288	13	10
562	288	13	10
538	288	14	10
515	288	13	10
490	288	14	10
473	289	13	10
458	289	13	10
434	289	16	10
410	289	16	10
387	288	15	10
366	289	15	10
351	290	13	10
345	290	12	10
351	290	12	10
358	290	12	10
354	290	12	10
346	290	11	10
350	290	13	10
375	290	14	10
399	290	15	10
417	290	14	10
432	289	14	10
453	289	14	10
473	289	15	10
489	290	12	10
477	288	15	10
477	288	15	10
507	308	13	10
507	308	13	10
507	308	13	10
484	310	11	10
484	310	11	10
484	310	11	10
484	310	11	10
462	291	12	10
459	290	12	10
451	290	12	10
451	291	12	10
452	291	12	10
451	291	11	10
449	291	12	10
449	291	11	10
448	291	11	10
445	291	12	10
445	291	12	10
443	291	12	10
442	291	11	10
441	291	11	10
440	291	11	10
438	291	12	10
437	291	11	10
436	291	12	10
434	291	11	10
433	291	11	10
431	291	11	10
430	291	12	10
428	291	11	10
428	291	11	10
426	291	11	10
425	291	11	10
424	291	11	10
421	292	11	10
420	292	12	10
420	292	12	10
437	291	16	10
459	291	15	10
479	290	15	10
500	291	15	10
519	290	15	10
540	290	15	10
561	290	16	10
580	289	14	10
601	289	17	10
601	289	17	10
575	318	15	10
575	318	15	10
575	318	15	10
575	318	15	10
575	318	15	10
552	317	13	10
552	317	13	10
552	317	13	10
543	346	11	10
561	360	14	10
561	360	14	10
561	360	14	10
583	349	13	10
583	349	13	10
585	376	14	10
585	376	14	10
569	387	13	10
569	387	13	10
569	387	13	10
592	390	14	10
586	389	14	10
576	386	13	10
576	386	13	10
582	389	12	10
583	389	12	10
583	389	12	10
580	388	13	10
580	389	12	10
579	390	12	10
579	390	12	10
583	384	14	10
583	384	14	10
579	386	11	10
582	385	10	10
576	389	10	10
576	389	10	10
576	389	10	10
576	389	10	10
579	389	11	10
582	385	12	10
579	386	11	10
579	386	11	10
594	376	14	10
573	374	14	10
580	374	12	10
564	380	13	10
561	374	13	10
561	372	13	10
571	373	13	10
575	374	12	10
575	374	13	10
566	382	11	10
571	374	13	10
576	373	12	10
573	372	12	10
576	373	12	10
579	373	12	10
576	373	11	10
579	373	12	10
577	372	11	10
577	372	10	10
577	372	10	10
575	383	10	10
577	370	11	10
577	372	11	10
577	371	12	10
578	372	11	10
578	371	12	10
573	383	11	10
578	374	11	10
576	373	11	10
566	384	11	10
566	384	10	10
566	384	10	10
578	371	11	10
566	384	12	10
566	384	12	10
554	376	10	10
542	376	10	10
542	376	10	10
552	376	10	10
570	382	10	10
569	382	11	10
570	383	10	10
578	382	12	10
578	382	12	10
558	395	12	10
558	395	12	10
578	374	12	10
597	359	12	10
618	357	14	10
618	357	14	10
618	357	14	10
618	357	14	10
628	358	11	10
630	357	10	10
630	357	10	10
595	362	12	10
592	362	12	10
592	362	12	10
590	361	13	10
591	363	13	10
608	385	12	10
597	363	12	10
592	362	14	10
587	361	12	10
589	362	12	10
586	361	10	10
587	360	11	10
589	361	12	10
592	361	12	10
585	360	11	10
594	361	11	10
585	359	10	10
582	359	10	10
582	359	10	10
582	359	10	10
582	359	10	10
582	359	10	10
582	359	10	10
586	359	10	10
586	358	10	10
586	360	10	10
587	359	10	10
587	359	10	10
587	359	10	10
587	360	10	10
602	349	10	10
588	358	10	10
587	359	11	10
588	359	10	10
602	350	10	10
602	349	11	10
603	349	10	10
602	349	10	10
602	349	10	10
602	349	10	10
602	349	10	10
603	349	10	10
603	349	10	10
603	349	10	10
603	349	10	10
603	349	10	10
592	353	10	10
593	354	10	10
592	354	10	10
592	354	11	10
592	353	11	10
591	354	12	10
592	353	11	10
592	353	11	10
592	354	11	10
592	354	10	10
592	353	10	10
586	356	11	10
592	354	10	10
593	354	10	10
593	354	10	10
601	350	11	10
601	350	11	10
602	349	11	10
593	353	11	10
602	349	10	10
600	350	12	10
603	359	13	10
603	359	13	10
603	359	13	10
603	359	13	10
603	359	13	10
603	359	13	10
614	336	15	10
614	336	15	10
629	316	11	10
593	293	18	11
610	272	12	10
610	272	12	10
610	272	12	10
610	272	12	10
610	272	12	10
610	272	12	10
610	272	12	10
610	272	12	10
610	272	12	10
610	272	12	10
610	272	12	10
610	272	12	10
610	272	12	10
610	272	12	10
610	272	12	10
621	301	10	10
629	320	10	10
629	320	10	10
629	320	10	10
629	318	10	10
629	318	10	10
629	318	10	10
629	318	10	10
629	318	10	10
629	318	10	10
585	332	12	10
589	331	10	10
576	334	10	10
576	332	10	10
576	332	10	10
591	330	11	10
591	330	11	10
591	330	11	10
591	330	11	10
576	334	11	10
593	332	11	10
592	332	10	10
592	332	11	10
591	332	14	10
592	332	11	10
592	332	11	10
588	331	19	12
595	329	13	10
587	332	13	10
588	333	10	10
588	332	15	11
592	332	12	11
592	333	12	10
591	332	14	10
591	332	14	10
591	332	14	10
623	307	13	10
623	307	13	10
623	307	13	10
623	307	13	10
623	307	13	10
623	307	13	10
623	307	13	10
580	331	13	10
580	331	13	10
569	362	14	10
569	362	14	10
569	362	14	10
569	362	14	10
569	362	14	10
569	362	14	10
569	362	14	10
569	362	14	10
569	362	14	10
569	362	14	10
551	385	13	10
551	385	13	10
551	385	13	10
551	385	13	10
551	385	13	10
551	384	13	10
551	384	14	10
551	384	14	10
574	376	11	10
574	376	11	10
572	374	11	10
572	374	12	10
550	385	11	10
551	385	12	10
551	385	12	10
551	385	12	10
562	384	12	10
540	393	16	14
562	387	14	11
586	390	12	10
586	390	12	10
602	396	16	10
604	396	19	11
604	396	19	11
596	395	16	11
596	395	16	11
600	396	16	11
620	389	14	10
619	389	16	10
618	389	16	10
601	394	15	11
616	390	21	10
616	390	20	11
618	390	17	12
617	390	18	11
618	390	17	10
618	389	17	10
619	389	15	10
600	397	13	10
618	390	13	10
620	389	15	10
584	401	12	10
600	396	11	10
585	402	12	10
587	403	11	10
601	397	12	10
601	397	12	10
585	402	12	10
586	400	11	10
600	396	12	10
620	390	14	10
617	390	13	10
621	389	13	10
619	390	14	10
602	396	14	10
617	391	13	10
617	391	13	10
619	391	14	11
620	391	13	10
620	391	13	10
620	393	13	10
601	396	13	10
621	389	13	10
619	390	14	10
621	390	13	10
621	390	13	10
621	389	13	10
621	389	13	10
617	392	12	10
617	392	12	10
616	390	15	11
618	390	15	11
618	390	14	11
619	389	15	11
619	389	14	11
612	396	15	11
629	395	11	10
626	390	12	10
626	390	12	10
595	385	14	11
602	389	15	12
598	388	18	12
591	389	17	14
597	388	15	11
596	388	18	13
596	388	16	12
596	388	18	13
597	388	16	12
598	387	15	12
597	388	17	13
599	388	15	11
599	388	14	11
599	388	14	11
599	388	14	11
592	387	16	10
615	361	11	10
614	345	11	10
597	339	10	10
580	337	10	10
603	338	10	10
611	346	11	10
630	327	10	10
588	333	11	10
569	337	10	10
562	335	11	10
559	354	11	10
559	354	11	10
563	336	11	10
566	336	11	10
569	337	10	10
569	337	10	10
598	339	11	10
617	347	10	10
596	338	10	10
596	338	10	10
596	337	10	10
595	336	12	10
574	336	10	10
565	337	10	10
567	337	10	10
567	336	11	10
567	337	10	10
568	337	11	10
568	337	11	10
568	336	11	10
568	336	11	10
569	353	15	10
593	352	15	10
605	334	11	10
598	332	12	10
592	334	12	10
598	335	12	10
599	335	11	10
599	335	11	10
599	335	11	10
602	333	14	10
602	334	12	10
604	333	12	10
603	334	13	10
610	335	11	10
612	336	10	10
613	337	10	10
602	335	11	10
612	337	11	10
603	335	11	10
601	335	11	10
613	337	10	10
613	337	10	10
613	338	10	10
614	337	10	10
602	335	10	10
602	335	10	10
603	336	10	10
602	336	10	10
603	336	10	10
603	336	10	10
603	335	10	10
603	335	10	10
604	334	10	10
603	335	10	10
603	335	11	10
602	335	10	10
602	334	12	10
602	334	10	10
614	337	11	10
614	337	10	10
603	334	10	10
602	335	10	10
602	335	11	10
603	334	10	10
603	334	10	10
603	335	10	10
602	335	10	10
602	335	10	10
603	335	10	10
605	336	11	10
605	336	12	10
602	335	12	10
612	337	11	10
602	335	13	10
613	338	10	10
610	337	11	10
612	337	11	10
603	335	12	10
603	335	12	10
603	335	11	10
611	337	10	10
613	338	11	10
612	337	11	10
603	335	10	10
614	338	10	10
615	339	10	10
614	338	11	10
615	338	10	10
615	339	10	10
615	339	10	10
615	339	10	10
615	339	10	10
596	357	12	10
590	348	12	10
585	347	12	10
609	362	10	10
619	359	11	10
585	349	11	10
588	349	12	10
583	327	10	10
583	327	10	10
583	327	10	10
562	308	11	10
551	327	10	10
561	307	12	10
559	326	12	10
568	329	11	10
563	308	12	10
550	327	11	10
556	327	12	10
556	327	12	10
556	327	12	10
559	327	12	10
559	327	12	10
559	327	12	10
559	327	12	10
560	326	11	10
557	327	12	10
558	326	13	10
560	327	11	10
565	329	11	10
565	329	11	10
565	329	11	10
565	329	11	10
565	329	11	10
565	329	11	10
565	329	11	10
553	329	11	10
558	329	12	10
558	329	12	10
574	330	11	10
574	330	11	10
584	336	11	10
584	337	11	10
582	334	13	10
573	332	12	10
584	336	11	10
584	336	12	10
587	336	12	10
587	336	12	10
587	336	12	10
587	336	12	10
578	337	10	10
597	347	11	10
588	369	12	10
606	376	11	10
593	372	10	10
593	371	12	10
606	375	11	10
606	375	11	10
620	402	12	10
615	412	12	10
615	412	12	10
629	408	10	10
625	417	13	10
627	419	13	10
629	421	10	10
629	422	10	10
587	415	13	11
580	435	12	10
580	435	12	10
580	435	12	10
597	422	14	10
600	424	14	10
584	414	11	10
584	414	11	10
584	414	11	10
584	414	11	10
584	414	11	10
574	397	11	10
574	397	11	10
574	397	11	10
574	397	11	10
574	397	11	10
574	397	11	10
574	397	11	10
574	397	11	10
574	397	11	10
576	422	10	10
590	445	11	10
590	445	11	10
575	455	10	10
575	455	10	10
575	455	10	10
575	455	10	10
575	455	10	10
575	455	10	10
575	455	10	10
575	455	10	10
575	455	10	10
575	455	10	10
575	455	10	10
575	455	10	10
575	455	10	10
575	455	10	10
575	455	10	10
575	455	10	10
575	455	10	10
575	455	10	10
575	455	10	10
591	445	14	10
599	422	11	10
599	422	11	10
590	422	11	10
591	430	10	10
591	430	10	10
591	430	10	10
591	430	10	10
591	430	10	10
588	431	10	10
588	431	10	10
588	431	10	10
588	431	10	10
588	431	10	10
588	431	10	10
591	409	14	10
591	409	14	10
606	408	14	10
606	408	14	10
606	408	14	10
606	408	14	10
626	408	12	10
626	408	12	10
616	407	14	11
608	390	11	10
608	390	11	10
608	390	11	10
608	390	11	10
608	390	11	10
608	390	11	10
608	390	11	10
608	390	11	10
617	417	10	10
617	417	11	10
617	417	11	10
617	417	11	10
617	417	11	10
617	417	11	10
611	425	11	10
609	425	11	10
614	426	11	10
614	426	11	10
614	426	11	10
614	426	11	10
613	426	13	10
613	426	13	10
613	426	13	10
613	426	13	10
613	426	13	10
630	434	10	10
630	434	10	10
630	434	10	10
630	434	10	10
630	434	10	10
630	434	10	10
630	434	10	10
630	433	10	10
630	434	10	10
630	434	10	10
630	434	10	10
630	434	10	10
630	434	10	10
630	434	10	10
630	434	10	10
630	434	10	10
630	434	10	10
630	434	10	10
630	434	10	10
630	434	10	10
630	434	10	10
630	434	10	10
630	434	10	10
630	434	10	10
630	434	10	10
630	434	10	10
630	434	10	10
630	434	10	10
630	434	10	10
630	434	10	10
630	434	10	10
630	434	10	10
630	434	10	10
630	434	10	10
630	434	10	10
630	434	10	10
630	434	10	10
630	434	10	10
630	434	10	10
630	434	10	10
630	434	10	10
630	434	10	10
630	434	10	10
630	434	10	10
630	434	10	10
630	434	10	10
630	434	10	10
630	434	10	10
630	434	10	10
630	434	10	10
630	434	10	10
630	434	10	10
630	434	10	10
630	434	10	10
630	434	10	10
630	434	10	10
630	434	10	10
630	434	10	10
630	434	10	10
630	434	10	10
596	449	13	10
593	447	12	10
593	447	12	10
580	437	12	10
580	437	12	10
580	437	12	10
580	437	12	10
581	451	10	10
581	451	10	10
581	451	10	10
581	451	10	10
581	451	10	10
581	451	10	10
581	451	10	10
584	449	10	10
584	449	10	10
584	449	10	10
584	449	10	10
584	449	10	10
601	442	10	10
601	442	10	10
602	469	10	10
602	469	10	10
619	464	10	10
592	487	10	10
594	500	10	10
594	500	10	10
589	498	10	10
613	483	10	10
594	500	10	10
594	500	10	10
595	500	10	10
595	500	10	10
595	500	10	10
615	484	10	10
595	501	10	10
579	465	10	10
596	489	14	10
596	489	14	10
581	493	16	11
612	488	14	10
590	479	11	10
590	479	11	10
590	479	11	10
590	479	11	10
577	461	10	10
577	461	10	10
577	461	10	10
596	456	11	10
596	456	11	10
594	456	10	10
596	457	11	10
596	457	11	10
596	457	11	10
596	457	11	10
624	444	10	10
624	444	10	10
616	465	11	10
617	462	11	10
624	476	11	10
621	476	15	10
623	477	13	10
622	476	13	10
620	474	10	10
623	478	12	10
621	477	14	10
623	477	13	10
624	477	11	10
626	478	10	10
626	478	10	10
626	478	10	10
624	461	10	10
624	461	10	10
624	461	10	10
624	461	10	10
624	461	10	10
624	461	10	10
621	470	11	10
624	460	10	10
623	460	10	10
622	460	10	10
622	460	10	10
621	470	11	10
621	463	11	10
621	469	12	10
621	469	12	10
621	469	12	10
628	469	11	10
590	449	10	10
590	449	10	10
590	449	10	10
590	449	10	10
590	449	10	10
590	449	10	10
590	449	10	10
590	449	10	10
590	449	10	10
576	444	10	10
565	425	10	10
565	425	10	10
565	425	10	10
565	425	10	10
556	450	10	10
545	464	10	10
545	464	11	10
544	464	11	10
544	464	10	10
544	464	11	10
544	464	11	10
544	465	10	10
544	464	10	10
545	465	10	10
544	464	10	10
544	464	10	10
544	464	10	10
560	476	10	10
560	476	10	10
560	476	10	10
560	476	10	10
560	476	10	10
560	476	10	10
560	476	10	10
560	476	10	10
560	476	10	10
560	476	10	10
560	476	10	10
560	476	10	10
560	476	10	10
560	476	10	10
560	476	10	10
560	476	10	10
560	476	10	10
560	476	10	10
560	476	10	10
540	482	10	10
542	468	11	10
552	450	11	10
552	448	11	10
552	448	11	10
563	433	11	10
563	433	11	10
563	433	11	10
563	433	11	10
563	433	11	10
567	425	11	10
567	425	11	10
589	430	10	10
590	443	10	10
609	425	15	10
609	425	15	10
624	430	11	10
604	425	12	11
604	425	12	11
602	426	11	10
602	426	11	10
625	429	10	10
625	429	10	10
625	429	10	10
624	429	12	10
624	429	12	10
609	427	12	10
606	424	17	12
605	423	15	11
605	424	14	11
606	423	18	12
605	423	18	12
605	423	20	12
605	423	20	12
606	423	19	12
606	423	18	11
605	424	15	11
604	425	13	10
605	424	12	11
609	425	14	10
608	424	16	11
607	424	19	11
608	424	18	12
579	457	13	10
579	457	13	10
584	441	11	10
584	441	11	10
594	431	12	10
594	431	12	10
594	431	12	10
594	431	12	10
589	422	11	10
590	422	11	10
592	422	10	10
592	422	10	10
592	422	10	10
592	422	10	10
590	422	12	10
590	422	12	10
612	397	14	10
592	423	10	10
592	423	10	10
613	447	12	10
613	447	12	10
608	446	13	10
608	446	13	10
622	444	15	11
622	445	15	11
622	445	14	10
623	446	15	11
623	446	15	11
623	446	13	10
622	447	14	11
621	444	13	10
621	445	14	10
623	446	15	11
623	446	15	10
623	446	15	10
623	446	15	10
568	419	13	10
570	424	11	10
570	424	11	10
579	445	12	12
571	449	11	10
565	448	12	10
569	448	11	10
575	440	11	10
575	441	11	10
576	441	11	10
577	440	11	10
576	440	10	10
575	448	12	10
557	470	11	10
574	449	12	10
574	449	12	10
574	449	12	10
574	449	12	10
574	449	12	10
571	470	11	10
571	470	11	10
571	470	11	10
572	470	10	10
573	471	10	10
573	470	10	10
570	470	11	10
572	470	10	10
572	471	10	10
572	471	10	10
572	471	10	10
572	471	10	10
554	458	10	10
575	443	13	10
576	442	13	10
576	442	13	10
572	469	10	10
573	469	10	10
554	457	10	10
576	442	11	10
576	441	11	10
575	441	12	10
577	441	12	10
577	441	12	10
576	441	13	10
596	455	12	10
596	455	12	10
579	440	12	10
578	441	13	10
577	440	12	10
578	441	11	10
578	441	11	10
577	442	11	10
577	441	11	10
576	441	12	10
578	441	11	10
577	441	11	10
578	442	11	10
578	441	11	10
578	442	12	10
579	441	12	10
579	441	11	10
601	454	11	10
580	440	11	10
579	441	11	10
579	441	11	10
578	441	12	10
577	441	12	10
578	441	11	10
579	440	12	10
578	440	12	10
578	441	12	10
578	441	12	10
578	441	12	10
578	441	12	10
578	441	12	10
578	441	12	10
594	464	10	10
594	464	10	10
594	464	10	10
594	464	10	10
594	464	10	10
594	464	10	10
594	464	10	10
596	470	10	10
578	494	12	10
580	498	12	11
579	496	12	10
582	495	11	10
581	497	11	10
583	496	12	10
583	496	12	10
582	494	12	10
592	496	11	10
594	497	10	10
594	497	11	10
594	496	10	10
592	497	10	10
592	495	11	10
592	495	11	10
601	468	11	10
603	468	10	10
583	493	10	10
583	493	10	10
583	493	10	10
583	493	10	10
583	493	10	10
583	493	10	10
603	469	11	10
583	493	10	10
602	469	11	10
602	468	10	10
602	468	10	10
603	468	10	10
603	468	10	10
602	468	10	10
603	468	10	10
603	468	10	10
603	468	10	10
603	468	10	10
601	468	10	10
601	450	10	10
601	450	10	10
601	450	10	10
601	450	10	10
588	471	10	10
571	464	10	10
571	464	10	10
571	464	10	10
571	464	10	10
571	464	10	10
573	463	10	10
573	463	10	10
573	463	10	10
559	469	11	10
561	469	10	10
561	469	10	10
561	469	10	10
561	469	10	10
561	469	10	10
561	469	10	10
548	495	10	10
562	483	10	10
562	483	10	10
588	465	11	10
586	487	12	10
593	485	11	10
596	485	12	10
594	486	11	10
594	486	11	10
586	485	11	10
586	485	11	10
586	485	11	10
569	495	10	10
569	495	10	10
588	485	12	10
588	485	12	10
587	485	13	10
589	486	11	10
590	486	11	10
590	486	11	10
590	486	11	10
617	469	10	10
619	468	12	10
624	446	13	10
623	444	15	11
623	444	15	12
626	444	14	12
622	468	14	10
627	445	13	10
625	445	14	11
625	445	14	10
623	444	15	11
624	442	15	12
624	443	15	12
623	444	15	12
623	442	14	11
623	467	14	10
623	467	14	10
621	467	14	10
617	467	14	10
624	468	14	10
624	468	14	10
623	445	11	10
623	445	11	10
599	456	12	10
599	456	12	10
599	455	13	10
601	455	11	10
598	454	12	10
620	468	12	10
620	468	13	10
601	454	11	10
620	468	11	10
600	455	11	10
601	455	11	10
602	455	10	10
602	455	10	10
624	447	11	10
622	468	13	10
600	454	10	10
600	455	11	10
599	455	11	10
599	455	11	10
599	455	11	10
623	446	11	10
623	446	11	10
623	446	11	10
623	446	11	10
621	468	13	10
590	484	11	10
590	484	11	10
566	487	12	10
549	465	10	10
549	465	10	10
535	472	10	10
557	461	11	10
543	448	10	10
540	430	11	10
540	430	11	10
536	410	10	10
533	430	11	10
534	431	10	10
534	431	10	10
534	431	10	10
536	428	13	10
536	428	13	10
536	428	13	10
536	428	13	10
516	425	13	10
510	417	13	10
537	395	11	10
537	395	11	10
520	385	11	10
499	405	10	10
481	419	10	10
472	415	10	10
481	415	10	10
494	413	10	10
515	401	11	10
537	388	10	10
524	372	12	10
524	372	12	10
552	385	12	10
552	385	12	10
557	362	10	10
554	361	12	10
566	346	13	10
573	336	12	10
573	336	12	10
573	336	12	10
577	336	12	10
569	348	11	10
569	347	10	10
550	358	11	10
550	358	11	10
556	384	11	10
542	375	11	10
539	392	10	10
528	387	10	10
528	395	10	10
528	395	10	10
549	416	10	10
549	417	11	10
549	424	10	10
548	422	10	10
546	419	10	10
551	422	11	10
551	422	11	10
568	402	10	10
590	420	10	10
590	419	11	10
591	420	10	10
590	420	10	10
590	420	10	10
590	420	10	10
590	421	10	10
590	424	10	10
590	424	10	10
608	408	10	10
608	408	10	10
608	408	10	10
627	421	11	10
604	445	11	10
604	445	11	10
630	431	10	10
630	431	10	12
604	436	11	10
629	433	10	10
630	432	10	12
630	432	10	12
630	432	10	13
602	427	11	10
602	428	11	10
603	428	10	10
627	432	12	10
630	431	10	10
629	431	10	10
627	430	12	10
625	430	12	10
628	430	11	10
625	430	14	10
628	430	12	10
628	430	12	10
627	449	12	10
627	449	12	10
622	433	10	10
627	448	12	10
621	432	10	10
621	432	10	10
628	449	11	10
623	434	10	10
621	432	10	10
622	433	10	10
623	433	10	10
623	433	10	10
624	433	10	10
614	452	10	10
598	447	11	10
591	427	11	10
591	427	11	10
591	427	11	10
616	439	10	10
616	457	10	10
616	457	10	10
616	457	10	10
603	455	10	10
589	460	10	10
586	477	10	10
588	500	10	10
582	501	11	10
561	462	10	10
561	462	10	10
561	462	10	10
561	462	10	10
561	462	10	10
576	466	10	10
556	454	10	10
556	454	10	10
552	433	10	10
552	433	10	10
552	414	10	10
552	414	10	10
534	400	10	10
550	400	10	10
550	384	10	10
550	384	10	10
550	384	10	10
550	384	10	10
530	389	10	10
532	373	10	10
530	360	10	10
530	344	10	10
526	354	10	10
526	362	10	10
526	364	10	10
526	362	10	10
526	362	10	10
526	365	10	10
527	379	10	10
529	379	10	10
522	368	10	10
522	368	10	10
529	384	10	10
526	402	10	10
527	402	10	10
526	402	10	10
527	402	10	10
527	401	10	10
527	402	10	10
527	402	10	10
527	402	10	10
527	402	10	10
527	402	10	10
527	402	10	10
527	402	10	10
527	402	10	10
527	402	10	10
526	402	10	10
527	402	10	10
526	402	10	10
526	402	10	10
526	413	10	10
526	413	10	10
526	413	10	10
526	413	10	10
526	413	10	10
528	397	10	10
528	397	10	10
528	397	10	10
528	397	10	10
542	403	10	10
542	403	10	10
533	399	11	10
533	399	11	10
533	399	11	10
533	401	10	10
532	402	10	10
532	401	11	10
532	401	11	10
518	425	10	10
518	425	11	10
518	424	11	10
533	403	10	10
519	426	10	10
518	425	11	10
517	425	11	10
518	425	10	10
518	424	11	10
533	403	10	10
532	401	10	10
532	400	10	10
517	425	10	10
518	426	10	10
518	426	10	10
518	426	10	10
518	426	10	10
517	426	10	10
518	426	10	10
517	426	10	10
517	425	10	10
519	425	10	10
519	425	10	10
499	406	10	10
519	424	10	10
519	424	10	10
533	404	10	10
533	404	10	10
533	404	10	10
531	391	11	10
532	372	10	10
531	396	10	10
532	381	10	10
527	385	10	10
527	384	10	10
527	391	10	10
527	391	10	10
527	390	10	10
527	390	10	10
527	390	10	10
527	391	10	10
526	391	10	10
527	391	10	10
527	391	10	10
527	391	10	10
522	377	10	10
503	359	10	10
503	359	10	10
