320.000,239.000,119.000,53.000
320.625,237.594,118.530,53.854
319.337,236.023,118.272,54.596
320.973,235.267,117.435,54.552
319.324,234.083,117.562,54.956
321.008,234.345,115.877,54.714
318.608,233.831,115.175,54.986
321.123,233.195,112.541,54.113
321.419,232.555,112.046,53.793
322.070,232.623,111.279,53.295
318.664,231.400,109.400,53.288
321.225,231.348,107.900,52.799
322.234,230.764,106.658,52.235
323.308,230.290,106.016,51.565
321.854,230.865,106.083,51.053
322.494,230.711,104.418,50.560
321.961,230.227,101.880,50.024
323.492,230.259,99.464,48.947
323.799,229.883,97.631,47.738
324.820,230.313,95.965,46.723
323.888,230.376,94.469,46.393
324.710,230.048,93.208,45.619
324.722,229.642,92.019,45.219
326.334,229.708,90.717,44.394
326.437,229.638,89.699,43.677
326.736,229.604,90.172,43.771
325.499,228.747,88.844,43.538
326.776,228.877,87.484,42.843
327.238,228.856,86.889,42.103
328.095,228.795,85.732,41.727
329.355,228.249,85.197,41.376
328.662,228.579,85.013,41.234
330.019,229.003,84.849,40.161
327.522,228.858,83.714,40.236
328.161,229.650,82.865,39.850
328.544,229.252,81.214,39.172
329.569,229.974,79.262,38.190
330.367,230.434,78.230,37.439
330.721,230.106,77.139,36.944
332.025,230.554,75.473,36.515
331.456,230.198,75.425,36.950
331.609,230.133,74.967,36.770
331.107,230.801,75.021,36.831
330.193,230.507,75.024,36.647
331.480,231.037,74.178,36.342
330.623,231.131,73.129,36.344
331.569,230.807,71.534,36.069
330.139,231.123,71.341,35.868
331.421,231.510,70.320,34.944
331.052,231.657,69.955,34.745
332.191,231.891,69.798,35.058
331.410,231.709,68.673,35.216
331.933,232.725,67.301,34.506
332.550,232.773,66.808,33.848
331.140,232.667,65.901,34.111
331.305,233.262,65.636,33.394
332.512,233.428,66.017,33.075
333.264,233.712,65.612,33.050
333.326,233.438,65.037,33.383
335.960,233.568,64.288,33.226
338.147,234.102,63.797,32.286
339.117,234.274,64.050,31.911
338.759,234.292,63.732,31.797
341.564,234.844,63.550,31.952
343.965,234.969,62.898,31.176
346.862,235.579,61.613,30.768
346.980,235.142,61.486,30.569
350.594,235.790,59.891,30.512
352.613,236.098,58.762,30.130
355.038,236.605,59.388,29.809
354.046,236.271,60.297,29.609
357.319,236.851,58.954,29.709
362.289,236.809,58.301,29.227
367.914,236.795,57.132,29.005
372.758,237.362,56.595,29.032
373.335,237.427,56.343,29.049
377.589,237.031,56.027,29.190
381.689,237.596,53.877,29.023
387.397,237.020,52.714,28.958
387.389,237.161,52.386,28.745
391.198,237.596,52.680,28.210
395.207,237.861,52.941,27.618
399.522,238.118,53.613,27.097
402.918,239.357,51.494,26.425
404.369,238.676,51.532,26.177
407.520,238.914,50.564,26.185
412.883,239.043,49.684,25.778
415.762,239.085,49.850,25.845
416.457,239.219,49.713,25.635
420.239,239.123,49.515,25.646
423.887,239.469,49.133,25.522
426.343,239.703,48.360,25.604
426.464,239.421,47.653,25.572
425.376,240.181,47.602,25.267
423.164,240.110,47.931,24.862
419.887,240.473,48.260,24.790
417.795,240.712,46.782,24.361
416.281,240.713,45.554,23.863
417.223,241.002,44.869,23.512
414.589,241.650,43.763,23.231
413.971,241.960,43.411,23.029
411.504,242.221,42.895,23.103
411.484,242.236,41.671,22.888
410.500,242.441,40.631,22.809
409.041,242.750,40.233,22.519
405.637,243.264,39.819,22.552
402.518,243.257,39.318,22.391
398.875,243.820,38.882,22.239
394.072,243.911,38.390,22.138
385.550,244.128,38.336,22.294
381.324,244.496,37.212,21.905
377.099,244.203,36.868,21.859
370.313,245.445,35.523,21.225
368.202,245.638,34.741,20.763
366.097,246.036,34.280,20.420
363.782,246.674,34.094,19.956
360.502,247.119,32.707,19.696
361.021,247.134,32.204,19.699
355.506,247.690,32.299,19.365
352.882,247.916,31.434,18.852
351.052,248.141,31.293,18.961
346.371,248.093,31.500,18.845
340.109,248.933,30.672,18.620
337.437,249.382,30.135,18.423
335.689,249.098,30.427,18.028
335.747,249.314,30.269,18.133
336.858,249.975,30.131,17.781
336.713,250.190,29.339,17.410
337.057,249.885,28.888,17.463
337.143,249.954,28.288,17.326
336.197,250.489,27.872,17.216
336.138,250.264,27.472,16.949
336.025,251.010,26.535,16.719
335.815,250.928,26.187,16.539
335.902,251.355,26.011,16.197
337.549,250.772,25.812,16.118
337.934,250.295,25.692,16.571
339.807,249.976,26.157,16.975
340.722,250.858,25.689,16.734
340.489,251.503,26.622,16.112
341.724,251.413,26.048,16.035
342.030,251.667,25.905,15.747
342.030,251.327,25.180,15.938
344.185,251.225,24.874,15.949
345.296,251.241,24.470,15.737
346.735,251.970,24.118,15.155
348.694,251.628,23.867,15.071
351.056,252.376,23.108,14.570
352.203,252.389,23.134,14.549
353.786,252.524,23.350,14.361
356.083,252.547,23.080,14.012
358.300,252.860,22.796,13.808
360.506,253.107,22.317,13.826
362.027,253.251,21.998,13.860
366.227,253.325,21.192,13.275
367.889,253.287,20.513,13.144
368.270,253.372,20.814,13.082
367.702,253.725,20.600,12.946
366.497,253.777,20.076,12.645
363.081,254.394,20.577,12.248
363.226,254.485,20.498,12.182
363.886,254.634,20.333,12.105
363.707,254.747,19.985,11.871
362.911,255.115,20.060,12.077
362.022,254.886,20.297,11.885
361.627,255.218,19.790,11.651
361.576,255.361,20.757,11.777
359.658,255.179,20.319,11.625
358.470,255.289,19.171,11.665
356.954,255.641,18.765,11.522
354.205,256.116,19.177,11.454
351.574,256.027,18.768,11.617
351.024,255.910,18.371,11.693
349.603,256.135,17.866,11.459
347.264,256.154,17.576,11.397
346.610,256.365,17.498,11.434
345.084,256.012,17.723,11.525
344.310,256.400,17.687,11.400
342.683,256.288,17.172,11.448
341.501,256.405,16.987,11.827
341.296,256.321,18.271,11.853
338.627,256.818,17.902,11.642
336.436,256.853,17.844,11.501
336.537,256.886,17.506,11.436
335.391,257.220,17.194,11.245
334.844,257.208,17.054,11.146
334.741,257.509,16.726,10.921
335.253,257.728,16.668,10.722
335.385,257.631,16.637,10.574
336.458,257.826,16.278,10.247
337.108,257.627,16.281,10.410
337.653,257.987,15.947,10.349
337.854,257.786,15.504,10.344
338.106,258.215,15.447,10.198
338.448,257.924,15.119,10.128
338.729,257.942,15.474,10.245
339.191,257.933,15.864,10.154
339.409,258.441,15.800,10.092
340.134,257.903,16.128,10.205
339.714,258.215,15.890,10.131
341.341,258.101,16.150,10.104
340.960,258.244,16.300,10.000
342.547,258.368,16.289,10.319
342.676,258.137,16.309,10.468
343.475,257.620,16.273,10.737
343.478,257.369,16.093,11.021
343.756,257.359,16.290,11.034
343.859,257.948,16.262,10.874
343.859,258.831,16.607,10.267
345.669,258.313,16.945,10.239
347.737,258.688,16.404,10.126
349.824,258.181,15.802,10.320
350.573,258.638,15.513,10.115
351.215,258.633,15.388,10.218
351.824,258.257,15.540,10.240
352.168,258.700,15.415,10.282
353.109,258.789,15.474,10.000
354.621,259.390,14.993,10.000
356.300,258.820,15.245,10.000
356.624,258.616,15.488,10.000
357.880,258.586,15.182,10.000
360.077,259.111,15.753,10.000
360.820,259.031,15.482,10.000
362.054,259.296,15.256,10.000
362.185,259.349,15.047,10.000
363.603,259.456,14.518,10.000
365.382,258.793,14.773,10.000
366.927,258.984,14.542,10.150
366.864,259.345,14.332,10.000
368.026,259.221,14.461,10.000
369.264,258.852,14.483,10.000
370.474,259.130,14.399,10.000
370.488,258.930,14.410,10.000
372.606,258.633,14.201,10.300
374.339,259.169,13.733,10.208
374.714,259.529,13.312,10.000
375.114,259.830,13.300,10.000
375.545,260.037,13.161,10.005
377.097,260.124,13.359,10.000
376.719,260.139,13.618,10.000
377.604,260.372,13.903,10.000
380.034,260.226,13.435,10.000
381.719,260.312,12.556,10.000
383.292,260.640,12.452,10.000
383.581,260.577,12.766,10.000
383.915,260.780,12.969,10.000
383.270,261.330,12.992,10.073
382.557,261.072,12.758,10.000
382.119,261.167,12.434,10.000
380.834,261.550,12.408,10.033
380.800,261.728,12.183,10.000
380.251,261.436,12.059,10.000
378.925,262.337,12.843,10.000
378.102,262.447,13.055,10.000
377.593,262.385,13.233,10.000
377.366,262.506,13.336,10.000
375.956,262.780,13.528,10.000
375.890,262.580,13.474,10.000
376.107,262.887,13.206,10.000
375.610,262.710,12.886,10.000
375.345,263.065,12.625,10.000
375.186,263.509,12.353,10.000
376.618,263.245,12.600,10.000
375.367,262.661,12.466,10.000
374.422,262.849,11.917,10.000
374.800,263.135,11.561,10.000
374.243,263.040,11.338,10.000
373.617,262.787,11.244,10.000
373.446,263.006,11.303,10.000
373.013,262.716,11.170,10.000
372.751,262.958,11.210,10.000
372.280,263.265,11.275,10.000
372.433,263.610,11.348,10.000
372.208,263.606,11.492,10.000
371.281,263.569,11.590,10.000
371.379,263.114,11.995,10.000
370.394,263.786,11.990,10.000
369.183,263.355,12.348,10.000
369.726,263.130,12.645,10.000
369.266,263.712,12.708,10.000
368.806,263.752,12.769,10.000
368.780,263.829,12.793,10.000
368.529,263.592,12.789,10.000
368.295,263.717,12.605,10.000
367.999,263.616,12.401,10.000
367.745,264.185,12.357,10.000
367.806,264.172,12.322,10.000
367.849,264.119,12.355,10.000
368.325,263.938,12.619,10.000
367.335,264.374,12.410,10.110
366.884,264.470,12.168,10.000
367.432,264.391,12.145,10.000
366.418,264.480,11.736,10.000
366.568,264.199,11.492,10.000
366.496,264.430,10.972,10.000
366.512,263.965,10.548,10.000
366.785,263.882,10.216,10.000
366.894,263.966,10.000,10.000
366.686,264.200,10.000,10.000
366.735,263.993,10.000,10.000
366.626,264.472,10.000,10.000
366.651,264.483,10.000,10.000
366.429,265.081,10.000,10.000
366.529,265.237,10.000,10.000
365.615,264.647,10.007,10.000
365.931,265.387,10.000,10.000
365.457,264.479,10.222,10.000
364.918,264.948,10.224,10.000
364.578,264.937,10.187,10.000
364.476,264.877,10.198,10.000
364.634,265.390,10.191,10.000
364.228,264.606,10.316,10.000
363.803,264.977,10.434,10.000
363.869,264.965,10.536,10.000
363.838,264.724,10.628,10.000
362.959,264.482,10.667,10.000
362.432,265.749,10.514,10.000
363.408,264.763,10.970,10.000
362.406,265.879,10.603,10.000
362.115,265.230,10.652,10.000
361.865,265.358,10.762,10.000
361.105,266.660,10.761,10.000
360.769,266.468,10.947,10.000
360.284,266.844,11.084,10.000
359.884,266.325,11.201,10.000
359.354,267.568,11.113,10.004
359.085,267.704,11.075,10.000
358.983,268.156,10.866,10.150
359.187,267.717,10.733,10.119
359.357,266.558,10.517,10.000
358.985,267.952,10.355,10.233
359.449,267.187,10.367,10.289
359.346,267.211,10.326,10.291
359.332,267.741,10.262,10.159
359.223,266.862,10.218,10.000
359.119,267.662,10.120,10.000
359.356,267.073,10.000,10.000
359.367,267.126,10.000,10.000
359.368,266.783,10.000,10.000
359.285,266.846,10.000,10.000
359.217,266.914,10.000,10.000
359.635,266.721,10.000,10.000
359.576,266.529,10.090,10.000
359.466,266.639,10.161,10.000
359.416,266.559,10.216,10.000
359.420,266.545,10.273,10.000
360.232,267.132,10.429,10.000
360.416,267.491,10.582,10.000
358.908,266.908,10.343,10.000
359.288,267.013,10.197,10.000
359.242,266.859,10.050,10.000
359.321,266.819,10.000,10.000
359.154,267.228,10.000,10.000
359.634,266.758,10.017,10.000
359.621,266.911,10.100,10.000
360.066,266.442,10.387,10.000
359.776,267.143,10.363,10.000
360.215,266.509,10.644,10.000
359.750,267.509,10.632,10.000
360.355,266.989,10.919,10.000
359.683,267.486,10.677,10.000
359.702,267.286,10.432,10.000
359.784,267.201,10.241,10.000
359.961,267.490,10.053,10.000
359.849,267.286,10.000,10.000
359.805,267.479,10.000,10.000
359.818,267.232,10.000,10.000
360.779,267.673,10.195,10.000
361.262,268.168,10.460,10.000
361.484,268.246,10.762,10.000
361.745,268.424,11.080,10.000
359.228,267.868,10.920,10.000
359.534,268.768,10.761,10.000
359.414,268.464,10.585,10.000
359.572,268.487,10.470,10.000
359.967,269.594,10.256,10.103
359.861,269.290,10.109,10.022
359.474,269.662,10.051,10.001
359.487,268.687,10.111,10.000
359.435,268.462,10.146,10.000
359.402,268.591,10.189,10.000
359.393,268.492,10.220,10.000
359.362,269.302,10.189,10.000
359.411,269.469,10.160,10.000
359.397,269.172,10.174,10.000
359.512,269.527,10.203,10.000
359.589,269.696,10.215,10.000
359.486,269.341,10.221,10.000
359.551,269.613,10.259,10.000
359.659,269.770,10.239,10.000
359.493,269.358,10.248,10.000
359.516,269.573,10.256,10.000
359.467,269.268,10.248,10.000
359.571,269.615,10.265,10.000
359.502,269.316,10.254,10.000
359.549,269.544,10.268,10.000
359.778,269.938,10.227,10.008
359.862,269.994,10.198,10.000
359.902,270.088,10.176,10.000
359.635,269.846,10.220,10.000
360.107,269.964,10.352,10.000
360.048,270.046,10.438,10.000
360.930,270.243,10.558,10.000
360.846,270.438,10.654,10.000
360.565,270.314,10.709,10.000
360.723,270.346,10.800,10.000
360.721,270.575,10.865,10.000
361.034,270.636,11.001,10.000
358.893,270.237,10.846,10.043
359.443,270.841,10.685,10.201
359.217,270.553,10.547,10.305
359.235,270.532,10.441,10.414
359.335,270.590,10.312,10.566
359.301,270.386,10.237,10.659
359.446,270.371,10.113,10.696
359.445,270.375,10.061,10.741
359.429,270.425,10.000,10.805
359.512,270.417,10.000,10.829
359.466,270.345,10.000,10.873
360.054,270.590,10.000,10.972
359.910,270.755,10.000,11.086
360.326,270.889,10.000,11.220
360.392,270.694,10.000,11.248
360.325,270.645,10.000,11.272
360.171,270.768,10.000,11.289
360.360,270.705,10.000,11.330
360.298,270.698,10.000,11.380
360.531,270.588,10.000,11.393
360.710,271.237,10.000,11.415
360.663,271.047,10.000,11.421
360.804,271.056,10.000,11.444
360.626,271.008,10.000,11.449
360.374,271.370,10.042,11.464
360.653,271.466,10.058,11.512
360.621,271.837,10.013,11.672
360.681,271.572,10.000,11.711
360.743,271.439,10.026,11.726
360.799,271.558,10.041,11.775
360.700,271.414,10.050,11.758
360.726,271.360,10.105,11.700
360.956,271.272,10.199,11.610
361.018,271.308,10.292,11.515
360.977,271.363,10.387,11.433
360.995,271.395,10.487,11.363
360.040,272.110,10.528,11.463
359.921,271.903,10.549,11.515
359.951,271.794,10.569,11.528
359.986,271.814,10.591,11.534
359.907,271.851,10.625,11.541
359.961,271.816,10.653,11.548
359.982,271.813,10.685,11.549
359.907,271.883,10.698,11.565
359.929,271.868,10.731,11.577
359.866,271.822,10.772,11.586
359.724,271.932,10.807,11.600
359.664,271.897,10.831,11.624
360.229,271.698,10.929,11.584
360.208,271.954,11.018,11.667
360.207,271.676,11.093,11.745
360.189,271.782,11.201,11.817
360.208,271.939,11.279,11.929
360.114,271.823,11.348,12.050
360.402,271.716,11.432,12.060
360.337,271.818,11.567,12.122
360.295,272.024,11.660,12.201
360.629,271.836,11.786,12.223
360.521,272.117,11.912,12.282
360.571,272.267,12.014,12.383
359.109,271.605,11.937,12.426
359.376,272.256,11.843,12.537
359.374,272.130,11.764,12.619
359.550,271.961,11.723,12.675
359.576,271.926,11.691,12.709
359.548,271.913,11.660,12.738
359.600,271.779,11.636,12.746
359.490,271.955,11.586,12.785
359.541,271.788,11.549,12.798
359.713,271.791,11.547,12.806
359.688,271.867,11.531,12.835
359.568,271.945,11.502,12.868
359.679,271.417,11.524,12.889
359.834,271.518,11.660,12.908
360.408,271.586,11.821,12.894
360.850,271.914,11.985,12.886
361.177,271.877,12.147,12.891
360.981,272.108,12.296,12.949
362.133,272.246,12.496,13.010
360.988,272.149,12.613,13.064
362.278,272.215,12.795,13.114
363.724,273.955,13.023,13.429
364.777,275.348,13.157,13.962
365.794,276.786,13.212,14.565
365.618,276.955,13.284,15.195
366.003,278.533,13.394,16.004
366.179,279.802,13.551,16.798
365.735,278.822,13.700,17.544
365.809,280.240,13.891,18.270
365.555,279.348,14.037,18.991
365.437,280.689,14.236,19.719
365.260,280.090,14.318,20.464
366.064,279.080,14.389,21.240
365.295,277.912,14.582,21.983
366.128,278.652,14.779,22.687
365.207,276.971,15.061,23.342
365.436,274.865,15.314,24.002
364.853,273.131,15.593,24.574
364.476,272.156,15.980,25.016
364.331,273.116,16.254,25.660
364.604,274.030,16.512,26.342
364.023,272.834,16.712,26.910
364.295,273.989,17.004,27.592
363.933,272.863,17.227,28.159
364.330,274.549,17.427,28.873
364.106,273.593,17.597,29.579
363.962,273.176,17.788,30.193
364.294,275.401,17.961,30.992
364.331,274.884,18.143,31.652
364.377,274.765,18.296,32.323
364.470,274.789,18.506,32.977
364.399,274.873,18.683,33.651
364.528,274.953,18.884,34.308
364.393,275.177,19.039,34.998
363.294,279.141,19.304,35.921
364.125,281.752,19.649,36.724
363.561,281.059,20.158,37.447
363.643,280.706,20.565,38.266
362.953,280.762,20.973,38.948
363.114,280.717,21.230,39.723
362.713,279.386,21.635,40.277
362.792,278.829,21.920,40.952
362.608,278.186,22.127,41.619
362.636,277.926,22.296,42.322
362.687,277.681,22.524,43.099
362.528,277.730,22.692,43.866
362.161,277.845,22.884,44.640
362.322,277.840,23.047,45.491
363.925,279.683,23.527,46.242
363.972,279.016,23.956,47.014
364.518,278.396,24.341,47.801
363.651,277.873,24.713,48.470
363.847,277.858,24.959,49.184
364.226,278.187,25.199,50.060
365.159,278.223,25.476,50.836
365.533,277.708,25.973,51.474
365.513,276.753,26.409,52.227
365.393,276.749,26.681,53.079
366.090,276.604,26.900,53.869
366.374,276.551,27.269,54.652
366.918,276.281,27.516,55.452
366.826,277.134,27.859,56.250
367.559,277.082,28.174,57.027
367.549,277.179,28.418,57.752
368.414,277.872,28.708,58.559
369.534,278.417,29.148,59.258
369.021,278.198,29.587,59.836
369.398,278.624,30.095,60.664
370.799,278.745,30.824,61.172
371.950,283.150,31.585,61.560
370.818,286.557,32.279,62.065
371.957,291.144,33.274,62.778
370.192,294.538,33.706,63.674
374.512,293.258,34.871,64.348
371.716,291.260,35.684,65.247
372.513,288.774,36.372,65.926
370.614,291.661,36.625,66.954
372.125,288.449,37.100,67.797
374.037,291.571,37.781,68.306
373.152,294.341,38.369,69.255
375.260,291.243,39.239,69.833
379.575,289.589,40.526,70.499
376.647,293.231,41.885,71.107
376.242,290.433,42.727,71.508
377.259,294.414,43.572,71.792
374.004,297.646,44.468,72.821
372.949,295.716,44.754,74.045
375.552,291.186,45.449,74.960
373.983,296.929,45.989,76.221
375.983,292.970,46.483,77.026
374.244,296.991,46.857,78.406
381.671,294.007,48.185,79.363
381.587,293.020,49.526,80.276
381.096,291.572,50.511,81.326
381.211,291.132,51.594,82.504
385.880,290.151,52.680,83.049
383.754,290.225,53.685,84.005
382.126,290.534,54.540,85.077
382.296,291.139,55.502,86.252
387.072,290.673,56.628,86.857
384.892,290.027,57.661,87.580
382.615,290.334,58.506,88.606
387.506,289.020,59.493,89.226
385.195,289.737,60.349,90.355
381.719,289.339,60.804,91.761
387.738,287.452,61.712,92.676
385.191,287.969,62.443,93.553
382.165,288.516,63.085,94.563
388.348,286.308,64.139,95.406
386.367,286.410,64.813,96.452
394.763,288.031,65.881,97.306
391.863,288.336,66.781,98.004
390.740,287.451,67.453,98.637
387.438,286.423,68.049,99.550
386.032,286.028,68.449,100.160
393.241,286.679,69.252,101.117
402.125,285.022,70.304,101.746
399.070,284.379,71.375,102.708
397.365,284.646,72.403,103.523
394.767,284.698,73.304,104.325
392.223,285.895,73.785,105.347
401.821,285.862,74.951,106.187
399.900,285.890,76.035,106.762
397.567,286.098,76.931,107.456
395.678,287.270,77.629,108.569
394.390,289.564,78.363,109.623
393.155,289.046,79.104,110.657
403.409,287.020,80.186,111.569
401.437,287.426,81.266,112.629
400.443,287.578,82.161,113.752
399.200,288.047,83.015,115.075
398.272,291.265,83.878,116.340
397.231,292.069,84.544,117.238
407.670,289.547,85.665,118.255
405.880,291.215,86.795,119.385
405.162,290.726,87.906,120.532
404.256,289.349,88.746,121.631
404.173,291.256,89.712,123.082
403.905,291.435,90.739,124.787
403.863,291.402,91.853,126.591
404.063,291.763,92.975,128.195
404.336,291.823,93.983,129.791
415.818,289.295,95.295,130.611
427.740,277.485,96.240,132.286
423.491,278.180,96.894,133.369
420.657,278.815,97.759,134.123
417.184,282.249,98.588,135.384
416.235,287.529,99.486,136.841
414.957,291.035,100.844,138.105
415.659,297.882,102.128,139.886
416.402,301.624,103.446,141.586
416.469,302.158,105.139,142.970
428.505,305.948,106.599,143.934
425.807,305.796,108.303,144.509
424.397,303.801,110.524,145.653
424.431,306.074,112.817,146.496
425.053,311.932,115.101,147.445
440.407,316.917,117.238,148.353
452.327,320.014,119.572,149.653
449.010,320.070,122.564,151.571
447.423,317.828,125.508,153.927
447.058,314.049,129.128,155.476
444.234,308.271,132.044,158.071
445.455,310.322,136.183,159.833
448.731,305.744,140.243,162.232
449.644,304.162,144.921,165.326
448.834,300.813,149.263,168.882
450.320,291.771,153.975,174.000
448.941,286.916,157.504,180.294
448.223,277.294,161.620,186.663
448.137,274.272,164.460,194.017
447.904,269.557,167.591,201.127
447.327,268.381,170.940,207.361
447.017,263.514,174.242,213.893
441.761,266.034,178.315,220.113
441.138,260.993,181.767,226.279
441.371,256.241,185.293,232.326
439.767,254.169,188.924,238.229
439.490,248.039,191.820,244.566
437.386,250.816,194.776,249.067
438.334,246.357,196.842,253.651
440.552,244.271,198.337,257.838
437.527,241.901,200.353,260.474
436.466,242.235,202.122,263.395
435.877,238.957,203.551,266.125
434.705,237.695,204.765,267.614
435.524,236.011,205.684,269.179
436.474,237.614,206.848,270.167
438.016,239.002,206.682,271.522
437.288,234.736,206.672,272.178
438.040,240.649,206.979,271.865
441.320,237.963,207.160,271.988
441.684,235.533,206.871,272.533
442.896,237.895,206.188,272.554
442.543,239.176,205.392,272.360
446.250,238.512,204.827,272.486
445.700,239.365,203.361,272.674
444.797,247.333,202.471,271.199
446.834,242.545,201.166,270.235
446.164,248.083,200.233,268.845
450.135,247.674,199.471,267.733
450.259,250.389,198.220,266.340
452.332,251.489,197.123,264.106
453.946,252.753,195.993,261.837
455.505,254.720,194.577,259.229
457.782,260.989,193.289,255.962
460.596,262.146,191.750,254.469
459.146,264.779,189.697,252.898
461.149,264.977,188.231,251.902
463.229,267.400,186.904,251.378
465.738,266.379,185.129,250.583
466.914,267.841,182.757,250.193
470.116,266.921,180.832,249.570
473.077,266.959,178.450,249.312
476.558,267.089,175.927,249.243
476.432,268.251,173.339,249.331
479.406,267.449,171.119,248.977
478.318,269.622,168.688,248.362
480.368,269.290,167.453,248.245
481.284,270.449,166.515,248.259
482.185,270.019,165.480,247.891
481.866,268.891,164.755,247.719
481.382,268.536,164.161,247.870
482.064,269.376,163.293,248.426
481.697,268.997,163.070,248.412
481.181,269.438,162.785,248.235
482.339,270.225,162.837,247.920
480.610,269.447,163.041,248.075
482.054,269.604,164.050,248.395
478.293,269.782,164.950,248.562
478.906,270.253,166.246,248.889
476.923,269.433,166.924,248.319
477.871,269.684,167.740,248.842
478.406,268.372,167.597,249.252
478.769,268.343,166.655,249.426
479.524,268.267,165.811,249.482
478.717,268.372,165.513,249.523
479.631,268.890,165.971,249.714
477.107,269.934,166.067,249.409
477.603,270.284,166.773,249.616
475.361,269.706,168.056,249.124
475.350,270.901,168.864,248.918
473.721,270.038,169.648,248.610
472.401,270.575,170.259,247.843
472.664,271.276,171.564,247.059
470.922,271.599,171.963,246.620
471.445,272.954,173.301,246.299
464.605,273.695,174.480,246.285
465.439,272.986,176.259,245.445
465.387,276.358,177.941,244.997
459.875,273.402,179.465,244.712
460.389,274.883,181.997,243.966
457.333,276.761,184.009,243.462
456.261,275.256,186.060,243.026
453.593,277.014,187.767,242.616
451.737,278.186,190.040,241.590
448.681,278.259,192.270,240.952
444.227,277.126,195.037,240.677
443.537,277.245,197.598,240.709
442.365,278.385,200.329,240.672
438.149,277.454,202.649,239.961
433.396,278.068,205.051,239.062
434.406,279.130,207.412,238.280
431.459,280.277,210.178,237.770
427.714,281.046,213.135,237.356
425.412,279.233,215.366,237.456
422.906,280.252,217.899,237.294
419.421,279.829,220.895,237.547
416.953,281.716,223.738,237.527
413.973,281.679,226.686,237.383
410.144,282.130,229.140,237.067
409.441,283.785,231.797,236.642
405.823,283.436,234.964,236.556
403.038,283.730,238.256,236.172
398.997,283.553,241.707,236.041
397.471,283.187,244.118,236.204
392.792,283.116,247.143,237.071
388.736,281.390,251.405,236.395
385.484,283.325,254.821,237.177
381.034,282.202,258.507,236.775
376.887,282.412,262.415,236.376
375.003,283.391,265.847,236.135
371.726,282.284,269.523,234.735
366.103,287.112,273.316,233.733
362.584,286.412,277.369,231.934
360.388,286.039,280.989,230.781
355.290,287.051,284.899,230.017
351.711,289.608,289.718,228.943
345.118,289.367,294.532,227.708
337.716,287.666,300.308,227.061
335.369,290.468,305.377,225.933
331.114,292.378,309.808,224.645
326.986,292.013,313.828,223.913
327.495,293.691,317.534,222.744
328.103,294.855,320.500,222.171
325.877,294.084,322.077,220.856
326.586,293.409,322.069,221.199
327.956,294.759,322.225,221.414
328.710,293.799,321.957,221.459
329.031,296.954,322.860,221.052
326.915,292.187,322.433,221.627
328.052,293.854,323.074,221.885
327.967,293.467,323.817,222.359
327.406,293.611,324.078,222.853
326.112,291.347,324.424,222.543
327.279,292.284,324.691,223.523
325.307,293.697,324.466,223.491
327.505,292.482,324.362,222.586
326.742,294.858,324.367,222.674
328.897,294.330,324.239,221.605
328.488,292.456,322.228,222.099
332.382,294.711,321.402,221.863
332.802,293.099,319.497,221.653
336.047,296.134,317.153,221.479
339.178,295.725,313.896,220.749
345.228,297.245,310.588,220.588
347.170,297.756,307.772,220.562
351.352,297.351,303.886,220.083
357.858,296.950,299.349,219.684
363.011,295.903,293.252,218.743
366.122,297.656,288.981,217.917
371.327,296.912,284.120,217.228
376.738,296.824,279.098,217.312
379.997,298.946,273.193,216.786
384.122,300.188,267.808,216.129
387.536,300.317,263.356,215.789
392.268,301.365,258.922,215.037
395.636,301.290,254.333,213.921
399.988,305.420,249.466,214.728
403.777,302.515,245.536,213.376
407.658,305.990,241.659,213.160
414.558,303.522,237.730,212.283
419.697,307.339,232.853,211.582
425.060,307.548,227.713,211.828
429.853,306.741,223.124,211.487
435.650,306.465,218.104,211.263
439.535,306.329,214.154,210.614
438.816,306.416,210.539,209.701
440.832,306.843,207.658,208.706
442.355,307.333,206.010,207.995
442.486,307.295,204.597,206.861
442.330,308.795,203.417,206.527
441.442,307.956,202.719,205.858
441.755,310.366,202.466,205.124
441.714,309.988,202.724,204.065
441.022,311.135,202.655,203.280
440.555,312.697,202.558,202.130
438.700,313.430,203.149,200.584
437.531,314.828,204.569,199.050
436.997,315.919,205.791,197.837
431.943,318.153,207.798,196.513
427.454,318.992,210.557,195.849
420.301,321.835,214.753,195.056
418.252,321.901,217.713,194.106
411.331,322.240,221.459,193.095
404.149,323.266,227.263,192.210
398.329,323.136,233.147,191.789
384.612,322.812,241.115,190.715
384.876,321.940,246.592,190.352
370.221,324.120,253.765,189.385
361.191,325.248,262.284,187.938
349.216,326.879,270.371,186.755
343.348,327.827,280.073,185.770
331.026,328.977,289.365,185.029
329.383,328.691,297.869,184.936
317.988,330.751,307.209,183.878
308.135,331.241,316.922,183.127
298.579,331.886,327.534,181.524
283.723,333.066,337.709,180.514
283.779,333.863,346.318,180.329
268.028,335.076,356.856,179.912
258.999,332.211,367.226,180.098
246.379,335.363,378.336,179.807
236.586,334.023,388.990,179.139
228.960,334.025,399.412,178.840
213.847,332.301,410.782,177.961
212.446,333.109,420.075,177.149
206.173,334.393,428.104,176.003
209.477,336.044,432.777,175.885
203.781,333.689,436.513,175.822
209.597,334.026,438.421,175.712
213.135,334.487,438.372,175.518
215.155,333.432,438.255,174.682
217.115,334.547,438.177,174.861
220.626,334.611,437.735,174.699
220.238,334.855,436.344,174.838
221.208,332.028,433.938,174.963
226.688,333.161,431.743,175.048
233.859,334.014,428.780,175.703
235.104,335.249,426.105,175.975
243.150,335.683,421.639,176.112
243.927,335.534,417.886,176.432
248.190,336.663,412.141,176.248
257.088,336.718,403.705,175.979
267.813,336.810,394.567,175.801
277.161,336.089,385.879,176.026
286.158,337.802,376.148,177.100
295.424,337.328,366.690,176.799
307.059,337.951,357.081,177.620
315.364,337.636,348.288,177.516
319.746,335.664,338.061,178.055
329.376,336.661,329.129,178.568
338.518,333.462,319.600,179.400
349.486,333.740,310.813,178.808
355.689,336.061,302.046,177.925
359.114,334.739,294.344,177.808
368.900,333.528,287.184,177.468
376.023,334.812,280.633,176.260
382.198,331.953,274.450,174.260
386.514,330.781,268.419,170.900
389.235,329.347,263.050,166.716
393.899,337.939,258.075,165.466
395.367,330.571,254.097,162.220
393.181,336.680,252.337,159.996
397.751,338.882,249.684,161.140
395.353,335.196,248.071,159.207
394.304,336.003,246.939,157.686
393.630,336.501,246.262,155.810
394.242,338.524,245.793,155.678
395.160,340.621,245.441,156.461
389.612,340.759,245.961,157.390
386.120,340.356,247.655,158.320
388.061,342.466,248.286,159.800
380.739,341.034,250.316,159.046
378.549,340.904,252.646,159.876
375.915,341.978,256.332,160.847
371.460,341.969,260.031,162.214
369.237,340.104,263.607,161.981
362.969,342.053,267.673,163.166
357.456,343.023,272.135,164.084
347.982,342.175,278.628,165.636
350.189,342.954,282.886,166.723
338.074,342.974,289.860,167.397
329.232,343.212,296.433,167.320
318.931,343.966,304.270,167.421
316.489,343.218,310.754,167.742
311.505,343.979,318.995,167.744
302.402,344.376,328.145,168.042
288.176,343.821,337.435,168.461
290.376,345.001,345.940,168.890
280.471,342.858,353.820,169.361
270.162,341.530,362.004,169.721
264.641,341.827,370.053,169.678
265.198,341.560,375.583,170.299
264.147,342.914,380.468,170.398
263.421,340.430,383.376,169.925
261.416,343.123,386.629,169.564
262.115,340.759,388.442,169.465
262.844,341.725,389.295,170.185
261.755,339.398,391.018,170.117
260.414,341.380,392.460,170.862
260.171,340.852,393.564,170.447
257.942,340.812,393.925,169.916
258.833,339.214,394.238,170.090
261.242,341.660,395.061,170.755
257.541,340.579,395.676,170.882
260.009,339.252,395.890,171.210
255.103,339.536,396.618,170.688
257.198,339.610,397.260,170.419
256.562,340.114,397.454,170.456
257.539,340.987,397.709,170.155
254.109,340.583,397.921,170.271
255.753,339.986,399.045,170.311
250.921,341.120,399.799,169.864
255.059,340.727,401.007,169.852
254.364,340.658,400.357,170.252
258.305,339.617,400.456,170.593
253.853,341.010,401.595,170.108
254.883,340.729,401.315,170.424
253.383,341.300,401.959,170.375
254.965,341.481,401.928,170.372
253.818,341.611,402.339,170.558
254.626,341.489,401.338,170.776
255.331,341.835,400.561,170.746
254.527,341.498,400.075,170.702
256.374,340.958,400.329,170.474
255.234,340.818,400.254,170.626
255.996,340.977,399.818,170.618
256.226,341.506,399.481,170.566
257.618,341.159,398.533,170.642
257.424,340.214,398.317,170.741
257.834,338.681,397.510,170.989
260.153,338.440,396.646,171.637
258.039,339.473,396.933,171.341
260.229,338.493,395.830,171.323
260.555,339.701,395.847,171.938
258.920,339.789,396.012,171.358
261.928,338.852,394.987,171.036
265.579,340.774,394.392,171.062
260.983,339.770,394.040,170.536
263.706,339.883,393.047,170.338
264.408,339.317,393.561,170.207
263.588,341.958,393.225,170.668
263.283,340.515,393.311,170.630
262.754,340.008,393.525,170.170
264.372,340.852,393.267,169.582
263.427,339.795,393.369,169.369
262.420,342.963,393.278,169.374
262.905,341.177,392.271,169.435
262.610,340.782,391.687,168.880
261.027,341.712,390.754,168.987
264.319,339.354,391.012,169.078
263.368,341.391,390.504,169.642
261.768,339.608,389.634,169.603
265.292,340.917,389.451,170.350
264.060,338.717,389.013,170.417
263.377,341.411,388.466,170.719
265.231,338.753,389.323,170.716
264.458,339.678,388.748,171.410
263.783,338.922,387.952,171.845
265.478,340.425,388.182,172.327
264.497,337.428,387.908,172.466
264.559,339.196,387.315,172.836
262.851,337.308,386.581,172.624
264.536,338.229,387.575,172.818
262.121,339.876,387.580,172.939
264.870,336.262,388.008,173.214
262.078,337.185,388.132,173.666
264.389,337.667,388.462,174.061
262.853,338.126,388.379,174.231
262.792,337.516,388.801,173.185
262.601,338.902,389.448,173.089
260.554,338.039,389.865,172.108
263.902,338.286,390.207,172.651
260.760,337.811,390.447,172.944
263.062,338.063,390.886,173.371
260.685,336.771,390.683,173.323
263.312,337.281,390.712,173.735
262.433,338.064,390.515,174.361
261.524,336.512,390.239,173.861
262.504,337.353,389.853,174.360
261.170,336.933,389.543,174.662
263.760,336.996,389.876,175.257
262.604,335.644,390.380,175.109
262.578,336.553,390.147,175.671
261.785,335.792,390.068,175.586
262.613,336.575,389.991,176.190
261.923,334.937,389.998,175.459
263.663,335.592,389.662,175.833
261.963,336.674,389.640,175.755
263.547,334.740,389.164,175.437
264.084,335.848,388.651,175.561
264.432,336.709,388.104,175.833
263.857,335.893,387.774,175.598
262.179,336.943,388.376,175.595
261.629,335.034,389.103,175.129
261.113,336.031,389.987,174.829
261.388,336.731,390.632,174.808
258.479,336.661,391.012,174.728
261.681,335.759,390.507,175.137
260.693,336.858,390.280,174.961
258.725,336.013,391.024,174.705
260.902,335.949,391.088,174.965
259.601,337.469,391.299,174.723
260.191,335.149,393.006,173.820
256.519,337.277,394.204,173.663
257.184,335.780,395.080,173.494
257.180,336.541,395.821,173.749
254.735,337.433,396.363,173.662
256.733,335.907,397.405,173.098
253.858,337.629,397.671,173.022
256.838,336.020,398.965,172.471
253.573,338.145,399.667,172.669
254.215,335.829,400.752,172.178
251.087,338.070,401.413,172.490
251.887,336.246,402.840,171.932
251.038,337.858,403.849,172.680
250.150,336.642,403.644,172.533
251.745,336.279,404.220,173.153
250.414,336.353,403.893,173.312
251.262,335.475,403.992,173.393
251.730,332.132,403.028,175.315
253.723,311.473,401.776,182.695
251.618,296.963,400.263,191.219
254.960,287.241,397.763,199.970
245.070,272.887,397.885,208.975
245.412,266.930,398.783,219.656
246.362,263.799,400.045,227.539
242.978,257.709,401.543,234.888
244.728,255.181,402.854,240.042
240.671,252.541,404.072,244.965
241.580,248.577,404.844,248.141
239.276,248.940,406.172,252.081
240.022,245.933,407.529,254.383
236.851,245.149,407.911,256.139
236.490,242.808,410.046,257.977
233.779,243.179,411.293,258.765
237.337,242.253,412.387,260.571
238.687,241.937,412.467,261.945
235.875,242.515,412.306,262.820
235.857,242.051,413.627,263.817
234.444,241.088,414.778,264.609
234.562,241.226,415.673,265.086
233.421,240.459,416.000,265.048
235.892,239.640,416.305,265.962
229.572,240.255,417.570,266.176
232.918,239.263,417.447,266.188
232.018,239.614,418.023,266.766
232.902,238.223,417.625,267.314
230.574,239.488,417.555,267.995
233.524,238.090,417.712,268.061
229.816,239.272,417.977,267.648
233.416,238.315,417.976,267.382
230.112,240.609,418.081,267.090
233.318,238.530,418.035,267.546
229.248,238.965,417.940,267.306
231.549,238.076,418.251,267.322
231.889,239.160,419.669,268.200
229.214,239.329,419.304,267.614
231.454,237.710,419.579,267.994
225.018,239.039,420.862,267.874
233.306,237.910,419.535,267.974
225.623,239.510,420.861,267.340
229.921,238.945,420.490,267.182
229.789,237.839,420.879,267.431
229.207,238.195,421.537,268.100
228.338,236.755,420.925,268.579
230.224,238.401,421.820,269.085
228.450,237.111,420.777,269.384
231.256,236.914,421.493,269.035
225.348,237.745,422.260,268.503
230.865,237.636,422.155,268.069
227.170,237.920,422.034,267.727
230.525,238.292,422.171,267.236
225.893,237.961,421.715,267.289
231.491,238.374,421.462,267.336
227.655,238.433,420.912,267.269
233.926,237.916,419.735,267.113
228.103,239.329,420.231,267.542
237.744,237.826,417.787,267.785
229.284,239.783,418.465,267.802
236.603,238.203,416.973,267.865
237.470,239.210,416.192,267.658
234.629,238.708,415.945,267.126
234.268,240.044,415.639,267.644
233.054,239.324,414.792,267.456
237.840,238.813,414.248,267.503
238.133,239.643,413.507,267.835
238.689,238.438,412.116,267.669
238.371,239.910,411.881,267.950
240.489,238.999,409.802,267.775
240.740,240.308,408.674,267.947
242.110,238.489,407.076,267.819
242.309,239.002,406.204,268.145
242.693,239.662,405.491,268.499
240.110,239.943,405.862,268.628
239.579,239.387,407.183,267.963
238.592,240.525,408.595,267.800
243.549,238.176,407.692,267.864
240.567,239.980,407.724,267.891
240.983,239.982,406.996,267.792
241.416,239.751,406.562,268.090
240.288,240.034,406.702,268.368
244.907,238.963,406.196,268.366
242.874,240.088,406.677,268.662
244.181,238.846,406.041,268.156
241.417,240.585,406.623,268.434
242.686,238.036,405.227,268.156
244.109,239.691,404.734,267.929
243.991,240.506,404.860,268.252
245.165,239.453,404.272,268.050
244.443,240.287,404.466,268.575
244.753,239.305,404.369,268.193
243.328,240.621,404.990,268.432
246.344,239.075,403.331,268.256
244.160,241.143,403.819,268.297
245.817,238.772,402.640,268.138
243.055,241.440,403.534,267.846
249.571,238.394,402.149,267.650
242.987,241.404,402.903,266.871
250.167,240.291,402.665,267.322
244.874,241.563,402.790,267.240
246.202,240.761,401.883,267.097
247.838,241.095,400.998,267.648
245.932,241.553,401.001,267.897
244.782,240.654,401.250,267.464
248.017,240.990,402.029,267.763
246.659,240.878,402.270,267.734
245.425,241.096,402.307,268.219
245.514,240.287,402.270,267.959
243.939,241.100,402.805,268.281
245.946,239.738,402.501,267.822
244.541,241.033,402.846,268.086
246.322,240.665,402.228,267.672
246.941,240.909,402.118,268.378
248.820,240.010,401.677,268.168
246.125,241.647,402.724,267.827
248.777,238.949,401.432,267.685
243.197,241.206,403.153,267.472
248.942,240.741,403.184,267.550
245.001,241.903,403.384,267.609
246.345,239.019,402.750,267.454
243.042,241.025,403.944,267.467
246.551,239.861,403.999,267.633
244.011,241.429,404.508,267.873
244.936,239.243,404.172,267.433
245.135,240.128,404.324,267.996
244.978,240.451,404.534,268.609
243.622,239.181,404.875,268.431
244.313,240.496,404.796,268.787
243.406,238.709,405.101,268.472
243.157,240.935,405.270,268.614
243.355,238.804,404.974,268.198
240.756,241.036,405.897,268.141
245.081,238.325,405.875,268.221
241.103,240.343,407.214,268.660
242.757,238.527,406.041,268.406
238.007,240.680,407.800,268.554
242.400,239.103,408.157,268.545
239.371,240.788,408.959,269.088
241.125,238.668,407.821,268.890
239.092,240.534,408.586,269.004
241.595,238.605,408.155,269.080
237.040,240.922,409.465,269.076
238.268,239.320,410.657,269.122
238.353,238.740,410.080,268.714
236.846,240.228,410.638,268.633
237.750,238.372,411.686,269.003
236.133,239.673,412.310,268.892
234.995,238.517,413.094,268.963
235.249,238.799,414.535,269.095
228.188,238.595,415.924,268.872
230.180,238.283,416.921,268.443
231.460,239.377,417.966,267.978
232.948,237.776,418.632,268.680
226.276,238.435,419.883,268.505
225.922,238.020,421.299,268.227
226.800,238.277,422.459,267.930
227.625,238.823,423.245,267.835
227.636,237.908,424.109,268.043
224.694,237.390,424.433,268.263
225.853,237.616,425.619,268.124
224.704,237.004,426.791,268.298
225.426,236.980,427.685,268.452
220.532,237.342,428.612,268.254
221.296,238.143,429.936,267.972
224.500,237.709,430.491,268.243
220.324,237.587,431.033,268.249
224.012,237.268,431.327,268.423
217.940,237.629,432.216,268.308
220.395,237.901,432.564,268.458
223.000,238.164,432.420,268.385
217.353,237.072,433.165,268.575
220.505,238.025,433.307,268.396
219.392,238.015,432.854,268.265
226.144,237.955,432.493,268.452
220.016,237.767,432.082,268.418
224.187,237.796,432.327,268.381
219.683,238.055,432.747,268.195
224.452,238.067,432.886,268.250
219.186,238.363,433.457,268.026
220.369,238.471,434.396,268.025
213.744,239.119,435.278,267.616
216.269,240.410,435.513,267.454
221.989,240.514,434.998,267.938
221.586,240.661,434.673,267.586
221.444,240.924,434.269,267.444
221.766,240.683,433.423,267.397
220.514,240.673,433.099,267.521
221.295,240.763,432.488,267.640
217.979,240.530,432.638,267.834
215.690,239.854,434.272,267.952
219.445,238.757,433.885,268.547
220.415,238.663,433.657,268.640
216.207,238.540,433.934,268.731
217.135,237.757,434.595,268.920
216.772,238.127,435.724,268.717
216.424,238.351,436.655,268.661
216.987,238.558,437.364,268.624
218.543,238.953,435.901,268.949
217.325,238.146,435.160,269.447
222.392,238.517,434.752,269.659
217.372,238.753,435.027,269.383
222.717,238.281,434.713,269.640
221.262,237.966,433.998,269.701
216.607,235.388,434.194,270.008
215.773,236.467,435.603,269.188
221.173,237.403,435.337,268.747
216.055,236.422,435.438,268.729
220.403,236.985,435.337,268.332
218.922,235.182,434.455,268.710
215.665,235.211,434.955,268.650
217.265,235.880,435.398,268.229
220.253,235.430,435.247,268.357
212.939,234.169,436.054,268.534
223.379,235.922,433.701,269.249
214.174,233.051,434.757,269.905
218.962,234.814,434.215,270.720
209.746,231.392,434.989,271.346
216.568,235.384,435.960,272.114
225.437,232.396,433.948,272.938
213.376,229.448,434.418,273.443
220.001,232.508,433.761,274.084
215.853,229.779,433.967,274.454
211.107,231.370,436.617,275.125
216.670,228.681,435.803,276.040
212.972,227.991,436.320,276.503
216.589,227.297,436.296,277.983
217.730,226.440,435.212,278.499
216.613,227.501,434.857,279.361
217.856,225.789,434.166,279.249
221.688,226.429,432.896,280.238
216.790,225.793,433.640,279.678
217.246,226.324,433.475,280.257
215.440,223.868,433.228,280.726
220.304,225.063,433.488,280.900
210.858,224.262,435.276,281.783
221.975,225.366,433.578,282.564
217.474,223.392,432.425,281.800
216.721,222.908,432.220,282.330
216.276,222.698,432.404,282.619
217.063,223.051,432.520,282.655
214.419,223.062,433.171,282.664
204.652,220.090,436.605,283.003
219.064,221.965,435.778,283.748
202.404,219.759,437.965,284.565
214.123,222.007,437.943,284.720
206.770,219.398,439.405,284.791
210.699,220.045,439.578,285.046
211.798,222.854,439.069,284.981
209.778,219.900,438.886,284.856
214.887,220.208,438.803,285.336
209.910,220.329,439.339,285.868
212.284,220.637,438.472,286.381
208.840,218.964,438.793,286.560
217.297,220.164,437.857,286.916
209.665,220.340,437.873,287.034
218.086,219.755,437.399,286.999
207.415,218.989,438.177,287.446
212.084,219.304,438.219,287.759
212.903,219.427,437.520,288.244
213.004,217.893,437.413,288.565
207.259,217.229,438.486,289.049
209.218,217.052,439.190,289.146
215.085,219.619,438.075,289.140
214.194,215.092,438.023,289.054
202.548,215.338,441.131,288.999
210.246,218.188,440.742,289.091
215.618,218.654,438.736,288.994
213.934,217.557,437.795,289.173
208.912,215.028,438.858,289.932
211.355,218.735,438.837,289.588
210.394,213.863,438.519,289.852
213.692,217.047,438.248,289.356
212.221,213.921,438.492,290.771
210.624,215.310,438.759,290.773
214.017,217.972,437.825,290.487
208.889,212.517,438.571,291.085
209.299,213.783,439.327,291.082
212.239,217.034,438.756,290.684
212.544,214.816,438.221,291.834
212.886,215.960,437.825,291.907
213.075,214.905,437.470,292.744
214.337,216.590,437.106,292.730
212.826,213.140,436.927,292.693
214.562,215.732,436.528,292.431
216.828,213.817,436.278,293.339
210.770,213.578,436.952,293.409
215.224,216.010,436.477,292.889
211.340,211.893,436.693,293.886
209.613,207.738,437.650,294.324
210.593,210.648,438.010,294.870
212.242,210.962,438.823,294.273
217.089,215.074,438.397,293.166
206.289,214.102,439.890,293.328
211.390,216.061,440.284,293.008
214.062,215.511,439.409,291.938
212.288,217.180,437.859,292.181
215.906,215.536,436.758,291.526
214.145,215.694,435.799,292.074
216.755,216.708,435.263,292.022
212.686,214.082,435.313,292.762
212.371,215.110,436.003,291.881
214.979,215.761,435.970,291.297
216.583,216.545,435.800,291.385
216.353,214.869,434.762,292.194
219.240,215.217,434.222,292.354
212.965,211.936,434.636,293.105
215.090,212.971,434.515,292.471
216.845,214.518,434.407,292.133
220.718,215.524,433.495,292.038
212.776,211.753,434.140,293.036
217.864,213.958,433.587,292.514
217.482,213.376,432.853,292.879
219.028,213.839,432.658,292.831
216.542,211.324,431.896,293.657
216.597,214.006,432.424,293.680
213.515,211.101,433.943,293.856
220.246,213.735,433.098,293.200
213.022,210.191,433.314,294.124
224.882,217.403,431.429,294.890
213.785,210.814,430.796,294.593
226.211,215.515,429.636,295.096
212.542,210.994,429.815,295.788
213.543,207.831,431.852,295.953
223.167,215.185,430.688,296.826
213.236,206.614,431.839,297.126
220.222,214.457,431.357,297.497
218.284,209.232,430.560,297.095
215.105,207.221,431.805,297.315
223.411,212.023,430.917,298.665
217.379,207.705,431.704,299.058
217.132,207.721,431.932,299.008
218.704,208.259,431.840,298.574
214.257,203.842,432.501,299.238
217.134,208.107,433.604,299.759
213.441,204.788,433.684,300.093
220.298,210.029,433.756,300.924
222.439,209.419,432.451,300.643
220.655,208.013,430.588,300.468
220.121,206.194,430.180,300.257
214.893,204.903,431.267,301.803
216.524,206.397,432.440,303.076
223.207,208.280,430.409,301.907
228.928,211.036,428.485,300.688
223.850,208.935,427.689,300.275
223.255,205.385,427.214,300.399
230.872,214.252,424.698,299.694
217.593,205.705,425.341,299.179
229.883,212.816,424.257,299.044
219.038,208.392,424.490,298.799
222.174,209.554,425.408,299.713
234.251,212.993,423.260,298.069
225.689,210.548,422.924,297.298
219.004,205.347,424.157,298.554
222.163,206.851,425.371,299.296
237.811,218.501,422.842,298.481
211.885,204.326,425.767,299.425
229.240,212.719,425.067,298.736
218.505,204.638,425.489,299.528
224.064,205.518,426.124,300.723
225.041,207.776,425.915,301.395
216.527,196.341,427.893,303.505
225.467,210.045,427.887,303.442
219.215,202.577,427.119,304.311
215.793,200.907,429.043,305.362
229.841,212.908,428.091,303.780
216.932,202.650,429.246,303.354
216.941,203.187,430.985,304.046
212.481,199.935,432.162,305.548
221.987,206.261,432.337,305.052
225.834,208.072,429.666,303.955
227.311,206.349,427.229,303.431
227.489,204.434,425.452,303.081
225.738,205.457,424.386,304.009
226.756,204.363,424.914,303.902
232.762,211.587,423.575,303.325
229.204,210.885,423.015,301.277
220.308,204.016,424.904,301.612
229.193,206.390,424.975,302.198
220.067,201.843,425.713,304.022
221.748,201.017,427.057,305.070
232.040,210.737,425.076,303.377
221.011,207.380,426.151,302.712
235.513,215.196,423.337,300.034
221.137,212.709,424.096,297.414
228.211,211.141,424.599,297.052
215.664,201.792,428.142,298.924
227.722,214.355,427.549,300.355
222.010,206.692,427.025,299.676
229.549,213.345,425.452,299.413
224.301,212.078,425.052,298.643
229.859,214.037,423.735,297.574
223.727,209.962,424.217,297.577
230.873,211.582,423.479,298.203
223.113,211.205,423.950,297.068
230.990,210.784,424.410,296.612
229.828,215.873,423.004,295.669
221.875,211.370,424.815,295.445
232.417,216.125,424.526,295.621
221.519,214.883,425.341,294.591
217.605,207.272,427.881,295.659
236.872,221.243,425.870,294.824
215.388,212.009,427.842,294.412
221.756,206.099,429.725,295.945
226.580,213.041,428.744,295.899
219.483,208.479,428.765,296.635
235.047,219.520,427.052,296.115
215.905,210.176,428.256,295.914
212.876,202.167,430.268,298.704
237.463,222.263,427.469,297.087
219.289,210.476,429.089,296.262
234.040,215.865,427.848,294.869
208.978,212.288,430.279,294.347
230.234,215.524,428.283,293.615
220.188,216.142,428.469,292.444
215.056,211.595,430.824,292.682
209.309,205.021,432.879,295.790
227.021,216.660,432.021,295.268
214.759,206.413,432.378,295.716
219.948,208.853,432.946,297.037
233.469,218.304,429.784,295.574
214.746,213.154,430.907,294.247
228.793,215.067,429.649,293.646
219.073,211.493,429.693,293.988
231.015,216.526,428.486,294.017
220.927,212.500,428.440,294.092
233.332,216.195,427.393,292.972
220.838,216.155,428.213,292.012
231.420,217.581,427.533,291.466
214.773,210.443,428.830,292.253
233.090,216.598,427.235,293.204
221.868,215.143,427.463,292.586
233.714,217.860,426.105,291.995
225.841,219.196,425.800,290.876
223.497,213.500,425.949,291.745
234.309,221.591,424.476,292.010
220.184,213.974,425.564,291.524
222.812,211.721,426.489,293.536
228.891,216.875,425.959,294.412
222.063,212.408,426.406,294.356
224.363,209.292,427.632,294.729
