402.000,326.000,36.000,12.000
397.200,326.043,34.985,12.611
390.696,325.476,34.766,12.836
384.615,325.796,34.676,12.846
377.949,325.067,34.418,13.200
369.952,324.875,35.233,14.081
365.924,323.627,34.004,15.567
360.286,323.207,34.771,16.124
353.634,323.074,34.725,16.526
347.498,322.702,34.566,16.940
341.744,323.014,34.759,17.208
334.734,323.140,34.666,17.051
329.468,322.825,34.483,16.377
322.880,323.029,34.611,16.660
316.596,322.677,35.042,16.826
310.367,322.677,36.474,16.666
303.477,322.523,35.814,16.847
297.595,322.551,36.437,16.617
291.433,322.101,36.688,16.763
284.962,322.072,35.589,16.899
278.549,322.003,35.276,16.698
272.545,321.848,35.167,16.792
265.916,321.942,35.515,16.753
259.035,322.039,36.179,16.459
254.003,322.326,35.174,16.685
247.595,321.350,35.735,16.921
241.640,321.607,35.496,17.026
235.791,321.699,34.742,16.982
229.246,321.790,34.502,17.017
223.236,321.888,34.032,16.974
216.989,321.878,34.031,16.995
210.059,321.735,34.390,16.897
203.215,322.669,35.591,16.701
197.762,322.115,36.215,16.758
191.290,322.086,35.644,16.902
188.816,322.249,34.482,16.828
189.060,322.529,34.643,16.907
192.074,325.634,34.303,18.097
189.451,325.989,34.452,18.136
186.102,326.064,34.466,18.212
183.975,330.095,34.826,18.217
183.152,333.399,35.172,18.402
182.489,336.747,35.472,18.634
181.314,337.480,35.609,18.891
181.189,337.934,35.799,19.242
180.416,338.525,35.913,19.653
179.679,338.403,36.101,20.076
179.404,339.145,36.402,20.320
179.188,335.144,36.602,20.686
179.888,331.684,36.991,20.906
179.603,331.396,37.188,21.107
179.093,331.081,37.576,21.155
178.867,331.862,37.961,21.288
177.911,331.893,38.348,21.295
177.046,331.888,38.733,21.301
176.291,332.431,39.197,21.313
175.857,332.178,39.619,21.266
175.521,332.678,39.871,21.236
175.689,332.442,40.147,21.247
175.469,332.499,40.381,21.217
175.567,332.200,40.547,21.225
175.619,333.728,40.669,21.249
169.525,333.771,40.628,21.398
163.374,336.588,40.840,21.505
166.931,342.782,41.676,21.755
159.096,344.605,42.077,22.124
157.476,346.897,42.650,22.244
161.428,345.012,43.230,22.509
161.177,355.853,43.731,22.369
162.166,356.650,44.183,22.226
162.323,354.497,44.723,22.140
162.502,356.064,45.363,22.055
162.937,356.848,45.933,21.969
160.083,351.513,46.634,22.186
162.412,351.621,47.077,22.345
162.279,353.136,47.382,22.416
162.979,353.468,47.667,22.523
162.236,350.321,48.108,22.699
161.245,348.219,48.626,22.747
159.689,350.781,49.148,22.973
161.400,352.522,49.426,23.196
159.093,352.564,49.895,23.469
160.623,353.473,50.091,23.656
161.501,359.225,50.170,23.874
162.443,361.394,50.126,24.241
163.631,363.521,50.117,24.607
162.764,372.577,50.025,25.756
160.590,371.102,50.158,26.614
160.829,366.760,50.231,27.327
162.990,368.555,50.242,28.235
161.144,371.501,50.354,29.161
173.800,372.674,50.394,30.083
175.200,368.350,50.792,30.163
174.183,368.723,50.818,30.700
171.577,365.946,50.453,31.746
175.756,365.547,50.523,32.294
168.938,360.617,50.600,32.566
168.212,361.429,50.867,32.927
167.786,361.208,51.181,33.044
168.567,361.264,51.740,33.158
167.030,362.197,51.917,33.321
167.865,362.909,52.385,33.472
168.703,363.945,52.697,33.640
168.602,364.520,53.051,33.859
168.420,365.179,53.353,34.112
169.096,365.838,53.603,34.418
168.499,370.974,54.033,34.636
167.854,370.675,54.262,35.024
168.819,370.885,54.555,35.407
168.568,371.551,54.790,35.673
168.727,371.907,55.083,35.903
168.939,372.167,55.492,36.155
169.131,372.584,55.798,36.400
169.243,372.763,56.187,36.711
168.587,373.157,56.417,37.023
167.744,373.607,56.641,37.288
166.915,373.965,56.924,37.599
166.494,373.852,57.303,37.889
166.094,374.322,57.656,38.137
164.349,374.673,57.785,38.498
164.071,376.881,57.914,39.057
164.331,378.267,58.146,39.504
164.911,379.412,58.478,39.968
164.629,380.619,58.694,40.483
164.690,381.661,58.946,41.025
164.191,382.753,59.053,41.650
163.559,384.337,59.187,42.297
163.076,386.027,59.357,42.900
163.086,387.192,59.640,43.373
162.116,388.226,59.732,44.073
162.151,389.622,60.163,44.507
162.399,391.829,60.500,45.027
161.125,393.886,60.722,45.454
160.678,396.495,61.046,45.880
160.713,399.624,61.408,46.135
162.055,401.337,62.092,46.364
161.794,402.697,62.515,46.683
167.607,404.350,63.094,47.162
177.056,407.189,62.179,48.666
175.103,406.796,62.320,50.509
177.734,386.535,61.311,52.043
166.171,378.265,59.387,54.618
165.032,369.706,57.040,58.687
171.020,371.430,54.674,61.820
171.147,364.690,52.285,65.604
171.750,351.748,49.986,71.157
172.141,341.195,48.435,76.539
173.162,337.364,46.837,82.539
173.566,335.090,45.497,88.082
174.823,331.365,44.173,93.327
175.152,326.490,43.122,98.403
175.810,325.156,42.365,102.555
175.745,322.617,42.182,104.882
176.276,325.229,41.624,107.601
176.655,321.211,41.068,110.559
177.433,316.960,40.726,113.015
177.411,318.224,40.881,114.524
177.430,318.545,40.725,116.318
176.295,314.168,40.516,117.683
176.794,317.204,40.625,119.006
176.930,316.443,40.532,119.889
178.225,316.216,40.919,120.025
177.504,318.760,41.053,120.478
176.654,315.479,40.970,121.407
177.269,320.204,41.106,121.216
178.595,317.021,41.605,121.637
179.528,318.947,42.517,121.369
180.535,316.673,43.679,121.032
183.782,321.725,45.716,120.457
179.615,321.153,46.756,120.374
180.966,323.900,47.949,120.226
177.223,324.235,47.972,120.687
176.667,322.745,47.538,121.256
175.246,322.056,46.608,121.695
173.840,321.770,45.615,122.537
171.910,326.353,45.249,121.611
169.813,321.650,45.059,121.055
167.990,320.874,45.351,121.208
168.852,322.813,45.252,120.933
211.490,325.532,46.209,119.823
202.901,324.471,46.988,119.257
203.362,347.763,48.830,118.539
169.994,378.529,51.438,116.611
148.098,376.924,57.271,112.708
156.845,381.984,62.940,109.062
156.221,382.909,67.675,106.167
149.329,385.937,72.837,103.007
150.273,392.406,76.405,101.060
150.886,402.957,80.570,99.408
151.167,403.180,84.105,97.806
149.650,404.717,87.389,96.372
145.896,401.630,90.898,94.889
135.999,390.059,94.348,93.876
133.007,392.703,97.723,92.936
129.732,390.830,101.017,91.975
125.925,393.286,104.599,91.401
129.313,392.491,107.418,90.662
123.572,389.077,110.718,89.844
119.009,373.497,115.714,87.910
155.916,372.789,116.470,87.817
138.056,386.793,116.205,88.213
70.761,370.943,123.796,85.302
63.354,372.001,133.185,81.635
43.540,375.112,142.984,78.908
37.657,381.513,149.291,77.810
32.418,384.536,155.734,77.387
29.881,385.525,162.670,76.864
25.543,385.583,169.603,76.010
23.244,386.258,175.182,75.878
21.194,386.771,179.979,76.053
19.118,386.877,184.203,76.508
15.779,387.975,188.330,77.140
22.218,384.996,192.696,77.374
16.020,385.676,195.939,77.267
22.251,384.857,199.956,77.688
14.636,386.076,203.460,78.081
15.670,383.381,206.926,77.849
8.079,387.996,207.453,78.795
6.935,386.921,208.509,79.320
11.460,384.381,210.141,79.526
11.134,381.990,211.976,78.530
5.837,386.577,211.171,79.607
12.464,384.237,213.177,80.245
1.797,388.626,211.893,81.646
9.131,385.279,213.808,82.213
7.383,384.258,214.973,82.166
8.607,383.138,216.453,82.169
6.235,383.470,215.328,82.428
8.556,381.527,216.511,81.833
-0.143,387.828,213.747,83.035
8.407,384.766,216.201,83.506
9.601,385.517,217.145,83.894
2.650,389.690,216.779,84.470
6.563,383.890,215.966,84.974
9.289,383.450,216.908,84.873
6.002,385.186,216.644,85.519
4.430,387.565,215.648,86.260
7.188,386.175,215.601,87.464
-1.055,395.826,212.809,90.914
-0.333,389.367,211.507,91.947
7.846,385.501,212.608,92.205
11.987,384.044,212.807,92.289
14.073,380.158,214.205,91.543
7.646,383.587,215.370,91.133
-1.095,394.591,213.952,93.654
0.067,389.941,212.131,95.073
6.880,388.809,211.679,96.042
12.089,382.458,211.581,95.305
4.758,386.203,210.992,94.960
3.828,382.740,212.109,93.921
-1.883,392.618,210.109,95.602
8.552,382.974,210.700,94.381
6.543,385.700,210.451,94.489
7.471,381.377,211.494,93.603
-2.222,390.653,209.450,94.794
3.132,387.969,209.935,95.660
4.184,386.969,210.332,96.396
5.353,382.871,210.814,96.660
-4.780,395.844,208.066,99.423
2.536,386.931,208.193,99.628
9.979,386.510,208.254,100.338
13.053,380.916,208.122,100.459
5.144,386.119,207.329,100.075
8.724,381.159,208.758,99.310
11.136,382.084,210.158,98.182
5.805,388.786,209.152,98.972
12.578,384.213,209.697,98.974
68.812,381.963,211.916,98.753
138.620,372.194,212.627,97.741
198.461,372.178,219.412,94.360
202.626,377.833,222.165,91.375
191.897,383.444,222.528,92.923
204.613,382.684,221.155,94.064
204.833,392.159,218.233,98.072
214.527,382.581,214.191,98.730
200.634,384.101,214.133,101.041
199.902,380.785,215.593,102.818
206.492,377.076,218.934,103.979
204.539,388.143,217.567,107.682
203.856,381.147,220.355,110.065
201.577,373.279,221.293,108.155
210.848,379.347,217.877,107.981
207.517,378.431,218.849,107.541
206.419,380.809,218.256,109.176
206.629,375.481,218.962,107.804
210.788,386.654,216.496,110.883
211.829,379.224,214.104,112.176
210.400,376.797,212.889,112.429
214.092,376.103,215.029,112.042
209.923,375.101,213.715,112.286
218.443,375.447,212.872,112.597
212.118,375.993,213.600,111.995
211.756,376.251,213.480,112.150
215.931,362.409,220.094,107.520
297.171,365.142,221.376,104.928
378.891,341.717,220.510,103.417
416.510,361.997,218.746,96.713
418.228,373.970,219.602,98.602
414.200,375.148,218.010,99.188
419.329,373.727,219.307,98.828
417.069,372.187,218.721,99.840
416.809,370.400,219.473,100.924
414.757,374.076,219.223,103.465
421.191,378.053,217.686,104.404
416.847,376.768,216.591,105.083
418.848,377.248,217.292,106.437
420.553,377.097,215.287,106.425
414.794,372.840,216.390,106.444
416.811,374.617,218.130,106.397
425.150,379.226,216.109,105.856
419.225,379.450,214.973,107.657
427.171,376.450,212.891,106.742
421.462,375.213,212.375,107.050
421.552,375.798,213.988,104.657
419.273,375.829,215.071,102.502
420.360,377.089,216.146,101.666
419.632,376.506,216.653,99.979
420.776,376.352,217.705,98.739
419.504,377.360,217.601,98.891
419.843,377.017,218.007,98.003
419.246,377.994,217.723,97.284
421.533,378.734,218.172,97.120
420.612,378.669,216.303,96.669
422.439,377.897,215.240,95.382
422.146,378.561,214.900,94.512
422.577,380.656,214.675,94.714
424.073,379.900,213.796,94.860
425.264,380.307,212.408,93.804
425.951,381.021,211.466,93.195
425.787,380.339,211.943,93.792
426.471,381.766,211.053,93.331
424.770,381.685,211.314,94.489
424.360,380.113,211.961,95.065
424.694,380.640,211.417,94.839
423.537,379.495,211.414,94.404
422.926,380.935,211.538,94.253
425.483,379.680,212.885,95.555
438.985,367.057,210.828,95.941
474.497,353.897,205.777,101.111
453.381,351.783,205.190,102.792
435.684,346.810,203.324,106.884
420.840,344.447,202.882,110.423
395.730,341.887,201.198,114.238
393.235,341.578,200.089,116.715
407.325,340.422,199.051,119.679
402.163,339.294,198.312,121.714
397.930,342.150,197.760,123.022
395.177,341.501,197.241,124.738
409.263,338.486,197.058,126.789
403.136,338.703,197.008,128.323
397.096,338.535,197.044,129.660
391.698,338.520,197.002,131.067
389.443,354.193,197.102,132.685
373.893,367.375,197.679,133.992
341.918,378.048,199.996,135.007
329.113,364.265,201.963,136.872
305.635,368.447,203.880,138.215
258.732,325.065,199.601,143.974
253.854,284.921,192.790,151.060
248.412,275.734,187.348,154.957
255.828,274.680,184.046,157.226
248.180,273.984,179.674,159.473
265.986,279.512,172.563,163.859
267.141,284.378,163.949,167.604
263.640,280.358,158.729,169.339
261.318,270.248,154.246,170.854
255.965,264.234,151.975,170.554
268.290,277.176,149.036,170.532
265.350,279.676,146.188,172.278
272.421,274.595,144.458,173.475
264.968,286.241,143.136,175.337
274.813,271.799,141.318,178.003
264.087,270.181,140.651,177.784
275.070,265.748,138.689,179.466
261.487,266.163,138.772,179.078
253.639,258.007,138.714,178.509
246.632,259.011,140.271,176.089
251.971,260.626,140.454,175.147
237.689,260.411,142.560,172.852
247.574,257.806,143.379,172.160
247.711,252.951,144.137,172.305
261.657,252.387,143.990,172.472
251.480,249.419,145.215,172.996
275.754,239.204,144.834,174.803
346.605,195.409,144.621,177.978
359.008,161.371,144.843,180.466
382.424,146.910,146.662,180.860
387.951,128.809,148.709,181.048
389.764,130.383,150.528,182.145
368.545,135.177,151.618,184.938
367.350,141.142,152.114,188.141
366.129,126.362,152.590,190.007
367.962,126.164,153.414,191.717
353.945,117.151,153.091,193.684
358.171,118.434,152.807,196.275
395.027,111.132,156.649,197.025
378.422,114.943,158.548,198.181
390.288,110.917,161.142,199.499
416.672,100.186,164.305,200.044
440.317,87.308,167.766,200.171
452.211,81.089,170.321,198.666
459.615,76.096,171.776,198.114
452.230,71.962,173.854,197.105
454.085,71.256,175.006,196.533
458.744,72.003,175.865,196.264
452.739,72.068,177.341,195.315
455.747,71.216,178.106,195.126
455.319,69.671,179.481,194.042
454.208,74.980,180.409,193.485
451.353,74.312,181.881,192.524
453.185,72.221,182.996,192.288
451.243,72.976,184.026,191.903
451.261,76.929,184.920,191.412
447.374,79.197,186.168,190.809
452.660,75.734,186.592,190.812
449.401,76.176,187.257,190.365
448.464,77.650,187.892,190.475
450.038,77.429,188.295,190.695
450.396,74.296,188.847,190.384
451.764,76.591,189.030,189.691
448.511,73.318,189.760,189.033
451.533,76.895,189.704,189.038
448.131,74.350,190.358,188.612
451.072,74.534,190.611,188.501
447.314,75.933,191.116,188.007
449.423,73.942,191.410,188.190
453.180,72.344,190.872,188.463
450.674,73.225,190.372,188.807
453.232,69.416,189.948,189.148
444.485,74.112,190.327,189.557
453.767,76.456,189.965,189.217
447.068,75.163,190.190,189.164
449.540,72.642,190.552,189.018
453.042,70.314,190.261,189.414
453.798,75.263,190.294,190.854
457.357,96.451,185.113,201.517
514.692,136.680,176.439,213.793
522.084,128.815,169.371,223.451
519.500,127.535,162.038,233.803
526.067,120.595,156.559,241.313
530.826,122.906,152.252,247.855
532.759,121.492,146.917,256.393
535.338,111.609,141.848,264.018
537.367,107.627,137.741,270.603
541.133,107.533,134.915,275.393
541.189,95.803,130.863,281.157
542.577,95.204,128.354,285.811
544.519,94.898,126.222,290.114
545.655,88.997,123.702,294.432
547.867,87.036,121.760,298.247
547.927,85.458,119.960,301.766
550.431,82.350,118.188,305.066
551.841,84.127,116.935,307.191
552.042,84.787,116.154,309.554
552.961,88.931,115.631,310.914
552.242,85.075,114.750,312.568
556.935,95.319,115.039,313.866
551.046,87.284,113.150,318.187
555.319,89.417,112.959,319.727
553.672,85.766,112.415,321.820
554.945,82.245,112.155,322.643
554.907,79.653,111.874,323.915
556.552,82.010,112.074,324.584
556.649,78.771,111.478,326.630
557.308,86.044,111.793,327.610
554.039,84.281,111.428,329.550
554.192,82.305,111.359,331.218
554.526,76.744,110.836,333.109
555.437,76.318,111.232,333.934
555.329,79.207,111.299,334.526
555.757,79.394,111.229,335.070
556.137,83.381,111.377,336.225
555.780,83.196,111.852,337.495
556.253,77.655,112.037,337.829
555.043,78.621,112.229,339.209
555.744,78.596,112.284,340.167
555.567,63.767,111.591,341.749
548.722,45.669,113.206,340.215
535.955,33.815,115.320,338.490
516.935,-0.977,118.064,335.444
492.752,-19.768,120.769,333.030
454.595,-15.575,124.607,330.176
401.782,-26.814,130.121,326.526
393.321,-11.730,134.490,323.667
377.209,-20.908,140.647,319.431
395.062,-1.365,145.853,316.280
390.327,-10.758,150.732,313.354
377.995,-22.188,156.758,309.827
373.755,-2.342,162.563,306.811
367.606,-11.721,168.807,302.983
365.104,6.599,173.096,300.377
358.279,-4.796,177.187,298.136
353.648,19.350,180.618,296.006
355.003,12.310,184.492,293.932
351.908,3.698,188.993,291.761
352.377,-9.416,193.543,289.388
351.237,10.656,196.689,287.935
347.125,1.558,201.046,285.840
349.344,-7.480,205.464,283.460
352.306,14.113,208.538,282.572
346.517,9.627,211.854,281.259
344.637,1.706,215.702,279.557
334.818,-6.303,219.473,277.685
340.289,14.677,222.591,277.022
335.791,6.007,225.378,276.033
325.260,-1.544,228.515,274.671
318.494,0.873,230.883,273.819
317.558,26.494,232.668,273.740
316.225,21.058,235.171,273.433
312.027,15.787,237.324,273.260
315.366,31.786,239.879,273.261
199.620,37.590,237.630,277.530
206.783,30.082,239.213,278.517
258.616,30.909,241.466,279.856
252.259,33.199,241.399,281.398
255.376,32.905,245.067,282.093
263.904,42.041,248.085,283.832
295.969,46.080,251.651,286.561
295.564,53.518,255.232,289.512
289.400,49.153,257.220,291.404
274.628,45.993,259.900,292.629
285.560,48.747,262.217,293.982
282.092,39.234,265.041,295.100
277.343,44.832,267.033,297.651
282.319,45.605,269.531,298.971
274.864,42.954,271.750,299.707
277.875,42.153,273.814,301.099
275.485,53.555,277.217,301.985
276.501,40.060,278.778,305.005
270.495,45.725,282.231,306.616
278.515,51.333,283.764,309.447
268.712,39.651,286.768,310.923
255.810,35.634,290.258,312.516
259.481,55.262,293.279,312.835
268.034,67.817,296.515,313.215
259.618,36.245,298.820,313.827
264.075,47.761,300.634,314.803
252.398,46.202,304.218,315.574
216.302,34.887,304.609,318.152
226.553,26.363,306.425,321.832
217.757,34.651,311.857,320.572
210.955,25.606,317.462,322.120
92.636,-42.417,326.713,315.788
47.571,12.463,330.359,317.389
88.686,-14.806,332.947,313.732
64.893,-35.129,337.993,302.278
73.772,-27.463,338.945,295.340
62.534,-37.469,341.312,284.243
57.837,-28.877,346.361,276.081
58.837,-30.336,354.288,266.766
68.267,-17.005,355.144,260.451
51.145,-38.780,359.792,245.047
72.860,-5.528,356.421,243.370
69.997,-19.895,351.814,237.202
67.592,-18.808,352.014,228.367
70.193,-22.502,349.754,216.712
77.052,2.164,347.182,215.398
84.134,-21.529,341.676,207.469
92.603,-12.561,337.324,202.857
94.264,-21.576,333.785,193.799
83.786,-19.059,333.109,186.093
102.828,-15.126,327.639,179.133
96.467,-15.693,323.065,172.298
97.596,-13.624,320.555,166.452
101.872,-12.144,318.908,161.547
102.886,-9.692,316.513,156.110
109.022,-9.968,313.771,151.355
109.193,-8.509,310.906,147.223
111.650,-6.167,308.330,143.982
113.047,-5.311,306.679,141.222
116.173,-5.317,305.236,138.289
117.399,-3.427,303.926,136.072
113.889,-2.133,302.820,134.655
117.751,0.387,302.815,132.690
116.501,-0.026,302.768,131.614
115.497,-0.570,300.872,130.396
117.217,1.456,299.311,129.238
118.590,1.202,298.002,128.368
119.027,0.096,296.802,127.730
119.804,2.771,295.603,127.210
119.527,3.041,294.417,126.515
120.022,2.273,293.796,125.719
121.746,3.624,293.164,125.365
120.249,3.887,292.561,124.830
121.367,3.687,292.261,124.478
120.814,3.970,291.722,124.075
121.499,4.162,291.890,123.787
121.772,4.510,292.040,123.755
122.114,2.676,291.636,123.356
121.243,3.299,291.615,123.327
120.527,4.978,291.305,123.184
121.889,3.050,291.413,123.284
120.100,3.662,291.779,123.012
122.447,4.631,291.620,123.045
122.394,2.870,291.801,122.753
123.461,4.073,291.273,122.720
122.735,3.974,290.972,122.587
122.999,4.896,290.936,122.614
124.118,2.096,291.078,122.555
121.379,1.985,290.667,123.068
121.404,2.426,290.296,123.189
122.972,4.006,290.467,123.082
123.342,3.554,290.671,122.939
122.023,3.934,290.023,122.814
