297.000,338.000,98.000,40.000
297.024,340.712,101.365,35.911
294.888,341.921,104.073,33.678
294.152,342.706,104.840,32.720
294.622,343.082,104.205,32.265
295.200,343.266,104.489,31.020
295.575,344.441,106.127,31.068
295.705,344.680,106.614,30.964
295.528,344.347,106.774,30.576
296.670,344.406,106.035,30.497
296.521,344.486,105.505,29.852
296.568,344.478,105.464,29.518
296.168,345.663,105.187,29.938
293.731,345.758,107.254,29.727
295.336,345.569,105.787,29.850
295.366,345.493,105.136,30.051
296.158,345.838,105.228,30.231
293.514,345.852,105.965,30.076
294.249,346.031,106.667,30.143
294.484,345.858,106.549,30.318
294.418,346.031,106.175,30.650
294.271,345.482,105.139,29.769
294.720,345.994,103.900,29.780
292.817,346.267,104.185,30.656
293.556,346.825,104.340,29.954
292.805,346.574,104.533,29.970
292.795,346.505,104.057,30.052
293.107,346.463,103.212,29.646
292.785,346.452,102.612,29.752
290.825,346.846,103.363,30.597
290.335,345.497,103.320,30.800
288.893,345.877,104.188,31.462
287.760,345.736,104.568,31.640
288.393,345.668,103.627,31.336
287.392,346.017,103.968,30.963
286.968,346.049,103.677,30.832
285.189,346.292,103.199,31.093
285.549,345.910,102.962,30.464
284.691,346.490,104.479,30.352
283.986,346.407,105.983,30.063
282.808,346.269,105.999,30.512
281.952,346.279,106.944,30.115
280.854,346.215,106.029,30.184
281.602,346.176,104.960,29.842
277.974,346.275,103.555,30.165
279.569,346.164,100.853,30.292
279.359,346.419,99.534,30.602
279.959,345.840,99.526,30.896
280.086,346.643,101.193,30.738
279.467,346.183,101.856,30.889
278.948,345.915,102.676,30.337
277.155,346.208,102.879,30.682
277.086,346.684,103.628,30.909
276.987,346.134,103.731,30.564
277.256,346.412,102.485,30.428
277.030,346.740,102.915,30.265
277.039,346.433,103.252,30.740
276.549,346.075,102.750,30.799
275.904,346.661,102.483,30.840
274.904,346.017,102.946,31.475
275.410,346.726,104.178,31.044
275.106,346.845,104.513,30.909
274.672,347.276,104.880,30.758
274.577,348.096,105.708,31.026
274.481,348.099,104.820,30.903
274.073,348.608,103.332,31.090
274.230,349.298,103.274,31.018
273.427,350.075,101.600,31.573
273.015,350.532,101.232,31.789
271.487,351.782,101.716,31.967
270.640,352.390,104.117,31.845
270.450,352.575,103.890,31.315
272.121,353.920,104.523,30.658
270.537,354.722,106.073,30.962
270.735,355.924,108.871,31.142
266.583,356.036,107.356,31.627
268.818,356.304,105.685,31.704
267.196,357.580,105.523,31.771
267.710,357.953,104.671,31.382
267.584,358.279,103.948,31.865
266.588,358.875,103.441,32.378
267.472,359.027,101.176,32.698
267.283,359.881,101.151,32.379
266.509,360.228,102.792,33.177
266.193,361.399,102.949,32.630
266.259,361.789,103.247,32.286
266.390,361.855,104.033,31.978
265.445,362.123,104.871,32.019
265.446,361.894,104.633,32.346
264.713,361.650,104.735,32.325
265.034,362.006,103.997,32.576
265.349,362.093,102.640,31.821
263.733,362.972,104.879,32.107
262.614,363.284,105.180,32.138
263.789,363.105,103.798,31.641
263.602,363.277,103.830,32.246
262.875,363.314,105.050,32.156
262.712,363.686,104.895,32.432
263.406,364.232,104.739,32.317
264.230,364.146,104.838,32.298
263.815,364.478,104.607,32.362
263.736,365.359,104.573,32.390
263.848,365.607,104.299,32.432
263.459,366.632,105.115,32.170
263.213,366.826,104.932,32.412
263.905,366.917,104.446,32.156
263.961,367.245,104.255,31.594
264.513,367.648,104.026,31.915
264.797,354.574,104.436,34.881
265.101,335.663,105.457,37.469
265.352,317.900,104.756,39.374
265.877,314.956,106.315,37.564
266.451,317.607,106.597,36.195
266.455,319.410,106.109,35.286
267.474,320.353,104.523,34.029
267.594,320.639,102.810,33.976
267.719,321.691,102.381,33.429
269.555,322.126,103.290,33.753
269.871,322.851,103.496,33.029
270.766,323.195,102.956,32.526
270.427,324.061,103.398,32.509
269.834,324.038,103.989,32.658
269.891,324.217,104.047,33.161
270.473,323.838,104.303,33.821
270.266,324.314,105.637,33.775
270.088,324.186,106.496,34.444
270.913,324.230,105.524,34.424
272.208,324.335,105.373,34.767
272.562,324.897,106.703,34.946
272.254,324.964,107.281,34.927
271.848,325.078,106.339,35.153
271.796,324.518,106.839,34.964
273.147,325.637,106.310,34.197
274.546,325.461,104.782,33.901
276.991,324.976,103.197,33.811
276.291,325.031,103.315,33.797
276.778,325.751,103.400,33.135
277.686,325.876,103.285,32.372
277.953,326.248,103.612,32.228
277.912,326.663,103.569,32.521
277.617,326.924,104.073,32.488
277.869,326.243,104.384,32.726
277.745,326.484,104.283,32.845
277.197,326.373,105.016,33.660
278.807,327.039,103.767,33.321
278.978,327.011,102.767,33.289
278.609,327.333,102.481,32.848
280.351,328.430,104.293,32.227
280.699,328.129,105.089,31.830
280.170,328.255,105.945,31.916
280.259,328.168,106.708,32.033
280.093,328.169,107.841,33.001
280.696,327.761,107.781,33.781
279.740,327.582,106.549,34.567
280.191,328.056,107.343,34.536
280.913,327.980,106.754,34.541
279.648,328.352,104.766,34.706
279.901,328.527,103.583,34.507
280.152,328.570,103.540,34.182
280.807,328.415,103.582,33.704
281.013,328.840,103.016,32.773
280.680,329.382,103.577,32.535
279.546,329.572,104.685,32.379
279.263,329.463,105.214,32.723
279.191,329.694,105.138,32.597
279.261,329.280,104.068,32.846
279.898,329.569,104.694,32.378
279.765,328.986,104.459,31.897
280.534,329.367,104.695,31.877
280.447,329.021,103.131,31.809
280.069,329.104,102.398,31.671
281.670,327.874,101.123,31.630
281.621,327.449,100.643,31.773
281.366,327.656,102.375,31.776
282.306,325.932,102.287,32.194
280.979,325.134,101.845,33.074
281.705,324.529,102.291,33.418
282.436,324.453,101.844,33.438
280.889,324.394,102.837,34.026
280.416,323.613,103.038,33.672
279.582,323.292,103.075,33.122
279.464,323.504,102.903,32.813
279.804,323.019,101.528,32.934
278.866,322.560,102.678,33.155
278.714,321.885,103.579,33.835
278.236,321.609,103.610,33.773
277.438,321.357,102.424,34.092
278.619,320.947,102.194,34.616
278.825,320.903,101.661,34.474
277.937,320.818,101.542,34.336
278.538,320.676,100.906,34.269
277.994,320.403,100.814,34.307
278.517,320.777,100.922,33.314
278.493,321.199,100.961,32.704
278.602,320.862,101.289,32.177
278.402,320.637,102.156,32.766
277.555,320.638,102.883,33.198
277.410,320.451,103.271,33.455
276.869,320.006,104.196,34.395
277.235,319.605,104.202,34.759
277.161,319.521,104.369,34.734
278.288,319.184,103.413,34.696
278.379,319.158,102.896,34.942
278.830,319.387,102.364,34.439
278.891,319.898,102.150,33.723
278.971,320.188,101.654,33.408
279.162,320.188,101.788,33.439
280.437,320.208,100.256,33.209
279.546,320.262,100.218,33.270
278.927,320.268,102.046,33.520
278.775,320.480,103.657,33.499
279.553,320.206,102.920,33.198
279.683,320.039,102.524,33.016
280.674,320.168,101.172,32.353
277.240,319.344,100.958,32.523
278.359,319.612,101.073,32.222
278.449,319.713,101.448,32.068
276.168,319.624,101.592,32.433
276.029,319.799,102.031,32.846
276.094,319.392,102.598,33.005
276.251,319.209,102.633,33.279
276.203,319.473,103.690,33.111
275.199,319.225,103.436,33.453
274.551,318.737,102.771,33.643
274.761,319.073,103.303,33.536
275.048,319.475,102.677,33.477
275.105,319.690,103.322,33.412
275.043,319.713,103.843,33.719
274.946,320.173,103.987,33.733
273.693,320.370,104.551,34.457
274.568,320.355,104.138,34.479
273.996,320.198,104.081,35.351
273.871,320.846,103.990,35.823
273.311,321.491,101.959,35.743
273.708,322.191,101.342,35.552
274.293,322.962,100.621,35.070
274.777,322.947,101.054,35.029
275.289,323.578,100.652,34.816
274.600,323.932,100.432,34.799
273.326,324.749,99.585,34.424
273.866,326.573,102.359,33.132
274.571,327.158,102.552,32.974
273.045,327.935,102.938,33.027
272.899,328.773,103.846,33.133
273.466,328.059,103.308,34.369
272.697,328.178,103.062,35.354
272.113,329.449,105.284,35.357
271.834,329.287,103.131,36.258
272.474,329.874,102.207,35.873
272.418,330.987,102.380,35.519
271.738,330.693,102.852,36.265
271.442,331.729,101.704,35.653
271.993,332.798,101.102,34.705
271.756,333.251,100.750,34.473
270.897,334.127,101.335,34.082
270.858,322.439,103.020,38.595
267.566,306.758,107.267,38.870
267.810,290.518,108.776,37.999
267.660,291.627,109.092,35.080
266.646,293.772,108.413,33.821
267.214,295.019,107.618,33.149
267.652,296.273,107.123,32.114
266.414,297.262,107.726,31.595
265.475,297.871,108.143,31.320
266.944,297.618,106.579,30.835
278.536,298.477,106.258,31.355
310.005,298.556,111.455,31.960
331.545,298.218,108.509,33.754
330.726,298.170,106.275,34.416
327.493,298.251,105.590,34.919
328.950,297.857,105.139,35.078
329.443,297.496,104.087,35.648
329.610,298.254,104.327,35.914
329.368,298.529,104.870,35.701
329.697,298.732,106.431,35.682
329.589,298.356,106.367,35.408
328.670,298.411,104.630,35.257
329.368,299.051,103.772,34.091
329.418,299.742,104.570,33.257
329.227,299.785,104.626,33.125
329.122,299.826,104.918,32.928
328.374,299.929,106.621,32.888
328.040,299.655,106.653,33.430
327.078,299.874,106.097,34.283
327.356,299.717,105.270,34.170
327.776,299.464,104.352,33.719
328.067,299.330,103.560,33.517
329.164,299.025,102.873,33.164
330.139,299.918,102.521,33.106
330.140,299.735,102.614,33.135
330.166,299.638,102.245,33.591
329.876,298.948,104.407,33.949
329.422,298.151,104.356,34.320
329.520,298.119,104.720,35.350
329.333,297.313,105.066,35.099
330.555,298.239,110.592,34.937
326.237,297.746,110.967,34.927
326.014,296.504,109.004,35.702
326.964,297.422,108.095,36.089
327.894,297.113,106.889,35.323
328.557,297.754,106.817,35.112
328.198,297.905,106.872,34.930
328.455,297.817,107.124,34.793
328.643,297.233,107.196,35.168
328.998,297.005,108.023,34.721
329.254,297.069,108.449,35.184
328.384,296.192,106.948,35.782
329.531,296.126,107.226,35.852
330.601,295.988,106.483,36.589
330.731,295.409,106.811,36.271
330.768,295.664,106.313,36.070
330.610,294.950,106.156,36.516
331.585,295.499,105.944,35.378
333.236,295.388,104.574,35.144
333.537,295.506,104.922,34.901
334.219,296.135,104.890,34.868
334.929,295.982,103.836,34.511
335.882,296.412,102.847,34.583
337.198,296.929,104.309,34.351
336.850,297.757,104.944,34.358
337.594,298.009,106.544,34.803
338.110,298.022,106.584,33.912
338.471,298.429,106.507,34.025
340.103,298.302,106.171,34.615
340.929,298.358,104.771,34.148
342.016,298.782,104.665,34.808
342.422,298.027,104.803,34.329
343.114,298.680,103.546,33.784
343.352,298.328,104.919,34.218
342.642,298.404,104.733,34.810
343.520,297.628,105.560,35.499
343.418,297.434,105.708,35.340
344.573,297.388,106.232,35.522
344.282,296.559,107.033,36.354
345.404,296.288,106.920,36.975
346.284,295.393,106.923,35.218
347.076,296.592,104.260,35.218
348.008,296.332,104.451,33.959
348.351,296.393,103.916,32.777
349.716,296.040,102.517,32.568
351.039,295.328,101.747,32.223
351.648,295.701,100.487,32.147
351.911,295.755,100.082,31.873
352.004,295.927,100.075,31.311
352.270,296.059,99.595,31.448
350.541,296.674,101.772,32.190
352.742,296.357,100.745,31.796
353.255,296.424,101.051,31.664
354.586,297.361,101.600,32.415
355.360,296.325,101.123,31.862
356.018,297.055,100.498,32.899
357.330,297.334,99.892,32.560
357.772,297.764,99.974,32.445
358.105,297.337,100.515,32.957
358.754,297.819,100.629,33.233
359.503,297.969,100.106,33.056
359.609,298.422,100.338,33.092
360.377,298.965,102.699,33.516
360.499,299.190,102.566,32.818
361.442,299.900,101.371,32.565
361.225,300.842,100.943,33.059
360.798,300.868,101.975,33.478
361.900,301.562,107.268,34.118
360.662,301.141,107.870,33.837
359.078,302.056,109.288,35.106
360.334,301.698,108.401,35.052
361.436,302.030,108.833,36.383
361.608,301.999,108.821,36.652
363.686,301.704,107.486,36.639
363.595,302.113,108.125,37.648
360.715,302.378,109.984,38.455
361.098,302.496,111.378,39.078
358.816,303.112,113.864,38.529
358.212,303.832,115.512,38.288
356.998,303.773,117.431,38.301
359.541,303.879,115.899,38.105
359.945,304.636,115.456,38.588
362.035,305.360,114.616,38.508
361.318,306.389,115.713,39.036
361.110,306.895,116.333,38.275
362.097,308.050,116.253,38.667
365.779,308.499,114.200,38.951
364.035,308.589,114.220,38.314
366.260,308.234,113.829,38.462
365.647,309.735,114.393,38.431
369.199,310.124,113.504,38.913
369.934,309.948,110.344,38.180
372.389,310.890,108.304,37.471
375.071,311.904,105.390,36.666
375.812,313.563,104.426,35.766
378.428,314.091,103.054,34.845
379.773,315.123,101.608,34.846
380.398,314.866,101.496,34.421
380.672,315.492,102.183,34.788
381.042,315.689,102.938,35.166
380.567,316.067,103.979,35.605
379.834,314.635,104.710,34.430
294.447,321.711,102.774,34.360
289.452,322.565,104.506,33.818
289.838,322.677,103.681,34.253
289.031,323.602,103.443,33.979
289.091,324.243,103.384,34.293
289.269,325.152,101.890,33.791
288.794,324.710,100.831,34.905
289.439,325.793,99.989,34.509
288.591,327.131,98.733,34.120
289.166,328.578,98.625,34.023
288.225,329.197,99.656,34.148
287.402,330.393,97.668,33.543
287.269,331.254,96.704,33.325
286.309,332.074,95.031,33.266
286.192,332.459,97.127,33.009
286.326,332.888,98.089,32.973
286.174,333.921,98.299,32.373
285.720,334.581,98.080,32.490
285.454,335.150,97.417,32.349
285.166,335.364,97.536,32.525
284.801,335.578,97.365,31.859
283.984,326.956,97.635,35.029
280.805,310.843,98.803,36.477
282.012,294.401,102.065,36.859
280.586,278.237,107.168,37.655
278.961,279.418,107.699,37.577
279.705,281.195,107.190,37.196
280.523,282.820,106.370,36.305
279.940,283.962,105.629,35.532
280.543,284.845,105.262,35.253
280.332,286.191,105.513,35.152
280.845,287.095,105.558,34.434
280.696,287.610,105.557,34.196
282.057,287.675,104.614,33.984
282.397,288.001,106.058,33.705
282.596,288.142,106.229,32.961
282.503,288.620,105.226,32.549
283.192,289.191,104.818,32.381
283.967,288.828,104.729,32.196
284.285,289.039,104.067,32.702
284.283,289.359,103.184,33.244
284.550,289.416,103.516,33.428
284.637,290.158,104.023,32.675
285.425,290.838,104.613,32.115
285.208,291.144,103.612,32.322
285.918,291.412,103.409,32.356
285.891,291.659,103.577,32.569
285.362,292.153,103.876,32.902
284.268,292.583,101.344,32.476
285.828,292.853,102.300,32.478
286.122,293.251,102.006,32.468
286.130,293.834,103.495,32.119
285.247,294.679,105.466,32.291
284.773,295.093,104.466,32.506
285.880,296.104,105.592,32.331
286.149,296.925,105.249,32.227
285.215,297.195,105.281,32.267
285.404,297.892,106.423,32.552
283.675,299.142,106.092,32.644
283.432,300.378,105.745,32.190
281.870,302.423,102.898,31.806
286.194,303.868,102.212,31.359
285.040,304.818,103.615,31.361
284.435,305.945,103.745,31.902
283.437,307.550,105.722,32.233
282.422,308.887,106.328,32.256
281.893,309.639,106.122,32.691
282.698,310.373,106.795,33.016
281.799,310.924,107.248,33.112
281.535,310.370,106.032,35.183
283.047,310.648,104.162,36.221
283.651,311.603,101.783,36.125
284.329,311.467,100.163,36.743
284.825,312.123,100.879,36.090
284.715,312.100,98.552,36.421
284.824,308.476,96.884,38.957
280.082,292.056,95.274,39.493
273.961,277.835,96.893,41.446
280.866,262.477,92.782,43.610
283.872,262.792,93.880,42.457
285.866,264.939,94.638,41.958
286.763,266.551,95.562,41.072
284.682,268.026,93.959,41.060
285.654,268.879,94.974,40.048
288.103,269.587,92.380,39.345
285.751,270.328,94.036,38.827
280.793,270.616,94.852,39.113
283.875,271.317,94.784,39.457
279.510,271.845,97.898,40.653
282.683,271.966,98.715,39.140
285.599,271.744,98.587,39.532
282.829,272.769,101.034,40.430
278.684,273.177,105.335,42.238
284.376,272.930,100.076,41.741
285.990,274.034,100.388,40.590
283.859,274.892,100.656,40.324
283.684,275.798,103.295,40.749
278.088,276.627,106.495,40.991
273.552,277.048,108.534,41.764
273.813,277.383,110.221,42.439
275.228,278.360,110.792,42.543
275.106,278.487,111.322,43.643
272.240,279.293,113.754,43.845
276.303,279.392,112.057,42.272
278.692,279.630,107.670,41.134
280.063,280.179,107.605,40.621
276.795,281.224,107.971,40.135
279.885,282.224,106.929,38.858
277.228,282.504,108.609,38.339
276.446,283.265,109.149,38.011
273.364,283.855,108.492,38.090
273.488,283.897,108.288,38.364
273.465,283.550,107.916,38.076
277.725,283.873,105.459,37.459
275.613,283.978,105.783,36.744
277.400,284.358,104.790,36.300
274.934,284.052,102.077,36.327
276.730,284.636,102.069,35.968
277.028,284.290,101.512,36.434
277.644,284.825,102.846,36.033
276.064,284.845,103.936,36.459
273.394,285.545,105.833,36.057
273.034,285.745,108.167,36.441
276.849,285.580,105.630,36.455
276.047,286.418,101.418,35.775
275.060,287.568,103.149,35.118
274.749,288.071,104.624,35.143
275.257,287.713,105.041,35.629
276.129,287.684,104.882,35.513
273.200,288.452,104.308,35.160
270.593,289.260,107.737,35.127
274.475,290.207,105.649,34.164
274.143,290.867,105.160,33.788
271.218,291.286,107.846,33.899
269.931,291.705,110.776,34.217
272.612,290.973,110.943,33.606
272.654,291.138,107.855,33.945
272.883,291.461,106.894,34.041
272.101,291.452,107.544,33.898
273.884,291.783,105.966,33.768
274.231,292.015,105.236,33.534
273.576,291.862,105.518,33.560
271.334,291.902,106.991,33.624
271.359,292.042,104.105,33.523
272.749,291.892,103.194,33.085
272.671,292.188,102.364,33.043
272.446,292.082,100.376,32.336
272.972,291.938,101.179,32.613
272.701,291.929,102.489,32.287
273.314,291.394,102.126,32.204
273.398,291.216,101.515,32.375
271.948,291.011,100.214,32.516
271.959,290.551,99.192,32.713
272.430,290.690,100.642,32.401
272.493,290.298,101.867,32.355
271.797,290.635,101.827,32.224
272.326,289.362,101.023,32.249
271.617,289.633,99.928,32.474
271.408,288.939,98.768,32.795
271.856,288.721,98.369,32.730
271.977,288.365,98.848,33.307
271.201,287.995,98.678,33.427
270.829,287.820,100.142,33.719
269.034,287.402,100.813,34.018
268.628,287.356,99.547,34.162
269.208,287.570,99.217,33.721
269.416,287.605,99.052,33.133
269.663,287.903,98.199,33.018
269.660,288.190,100.344,32.834
268.847,288.258,99.847,32.857
268.958,288.275,99.889,32.368
267.929,288.499,100.632,32.391
268.264,288.454,101.537,32.049
268.230,288.541,101.504,32.238
268.097,288.481,102.029,32.013
266.807,288.661,102.820,32.002
266.308,288.360,101.438,31.784
266.766,288.322,100.918,32.478
267.009,287.971,101.169,32.089
266.379,288.181,101.403,32.481
265.886,287.724,100.546,31.830
265.756,287.638,100.564,31.098
265.743,287.062,100.737,30.935
265.828,287.288,99.953,31.004
266.317,286.757,99.923,30.990
265.886,286.300,99.903,30.382
265.764,285.859,98.004,29.638
266.746,285.502,96.288,29.138
266.696,285.768,95.489,29.383
266.643,285.458,94.446,29.083
266.701,284.896,94.791,28.894
267.558,285.050,95.822,29.335
266.278,284.835,95.544,29.392
265.932,284.502,95.184,29.804
265.911,283.778,95.857,30.463
265.576,283.322,96.475,31.104
264.623,281.942,95.467,31.007
265.794,280.943,94.963,30.522
266.274,280.493,95.030,30.873
266.175,280.547,95.656,30.431
264.474,279.363,93.409,30.059
266.007,278.933,91.865,29.672
266.229,278.901,89.339,29.474
265.556,278.814,90.687,29.554
265.694,278.770,91.536,29.599
266.085,278.326,92.214,30.991
264.897,276.832,92.547,31.619
265.019,275.865,92.015,32.288
264.015,275.074,91.511,32.161
264.103,274.814,92.017,31.792
264.251,274.376,92.719,32.118
264.094,273.515,91.778,30.422
264.582,273.270,91.669,29.554
264.178,272.541,91.755,29.508
263.338,271.833,92.214,29.875
262.725,271.190,91.935,28.394
261.894,270.532,90.449,27.468
262.653,270.823,90.077,27.682
261.426,270.165,90.014,27.350
261.096,269.257,89.182,27.136
260.526,269.133,89.768,27.040
259.910,268.014,89.125,26.778
260.150,267.369,88.974,26.337
260.292,266.313,88.663,26.984
259.078,266.377,88.804,26.420
259.254,265.424,87.976,26.662
259.956,264.541,88.120,26.622
257.867,263.084,88.852,26.518
257.646,262.875,89.522,25.946
256.756,261.771,89.916,25.916
255.167,261.054,91.297,25.423
254.997,260.598,91.924,25.514
253.922,259.013,92.264,25.213
253.285,258.096,91.735,24.948
254.035,257.530,91.245,24.708
253.266,256.607,90.252,24.832
253.507,255.810,92.249,24.970
252.898,254.858,91.226,25.440
252.343,253.525,90.897,25.244
251.487,251.987,91.635,25.393
251.535,251.268,90.952,25.529
251.461,249.912,90.737,25.568
251.259,248.761,90.688,25.337
251.081,256.306,91.818,29.170
251.574,263.189,92.488,28.920
247.009,261.120,93.601,29.066
247.397,258.051,94.871,28.557
248.212,256.407,95.715,28.223
249.317,255.010,94.004,28.124
248.309,253.554,94.455,27.566
248.221,252.652,93.661,27.089
248.103,251.383,93.665,26.859
247.399,249.754,94.062,26.700
247.922,248.443,93.664,26.665
247.516,247.252,93.305,27.350
246.990,245.302,94.038,27.273
246.909,244.217,94.491,26.631
247.269,245.494,95.520,29.124
248.390,258.705,94.082,31.576
247.957,272.696,94.045,32.396
247.062,284.338,94.606,31.376
246.749,283.080,95.297,29.574
245.296,280.822,95.707,29.172
246.005,279.199,95.556,28.194
246.706,278.409,93.902,27.884
246.882,277.737,92.664,27.722
246.588,276.526,92.547,27.448
246.380,276.194,93.004,28.600
246.909,274.997,93.460,28.235
247.186,273.698,92.914,27.503
246.810,273.078,92.609,26.777
248.201,272.103,91.380,26.871
247.437,271.093,91.751,26.620
247.437,270.442,91.701,26.625
246.187,269.572,93.674,26.714
245.890,267.923,94.622,27.767
245.551,266.399,94.433,27.838
246.426,264.804,94.007,28.375
246.929,263.660,93.625,28.110
247.497,262.596,92.790,28.099
247.483,261.894,92.389,28.024
248.006,260.583,91.871,28.282
247.766,259.838,91.939,27.551
247.758,258.667,91.175,27.261
248.027,257.759,90.589,26.650
249.363,256.759,89.561,26.124
249.903,256.103,89.066,25.946
248.344,255.703,90.193,25.797
248.212,254.700,90.256,25.442
247.480,255.769,90.891,28.027
248.684,268.508,90.774,30.844
248.867,282.543,91.383,31.789
245.955,292.018,93.125,31.141
246.998,289.447,93.202,30.312
246.816,287.493,93.916,29.039
247.203,286.594,93.835,28.108
247.776,285.924,94.844,27.554
249.527,285.474,96.193,27.689
249.073,284.580,96.605,27.392
248.258,284.008,95.700,27.390
249.645,283.728,93.939,27.757
249.981,283.289,93.025,27.820
249.479,282.240,93.860,28.165
249.715,280.832,94.084,28.135
249.166,280.399,94.355,28.137
250.060,280.001,94.315,28.874
250.828,278.846,94.643,29.654
250.987,278.201,94.223,30.121
250.828,277.209,93.481,30.290
250.797,276.897,92.957,30.538
251.036,276.094,92.710,30.008
252.374,276.649,93.029,29.720
252.949,276.700,93.785,29.898
253.299,276.168,93.282,29.133
253.744,275.817,92.221,28.311
253.460,275.871,91.464,27.788
254.702,275.956,89.975,27.547
254.120,275.851,89.870,27.315
254.530,276.236,90.714,27.740
254.161,276.288,91.532,27.421
254.299,275.581,91.811,27.212
254.450,275.659,91.475,27.059
254.567,275.685,90.929,26.734
255.036,275.295,90.460,26.223
254.717,275.517,90.423,26.369
254.558,275.602,90.860,26.377
255.251,274.944,90.563,26.245
254.815,275.516,90.225,26.136
254.599,275.452,90.081,25.851
255.114,275.235,89.994,25.787
254.760,275.434,90.492,26.124
254.145,275.632,91.364,26.616
255.040,275.063,91.426,26.345
255.044,275.221,91.423,26.551
255.222,275.115,91.433,26.754
255.619,274.674,91.501,26.669
255.503,274.025,91.147,26.792
255.528,274.601,91.511,28.018
255.496,273.674,91.718,27.855
255.325,273.491,91.596,28.159
254.834,273.491,91.708,28.214
254.846,273.249,91.620,28.003
254.539,273.061,91.784,28.061
254.330,273.279,91.745,27.580
253.958,274.173,91.705,27.989
254.338,273.946,90.650,27.285
253.763,274.264,90.959,27.686
254.399,274.658,92.043,27.482
253.941,274.396,92.496,26.870
252.785,274.616,93.425,27.041
252.998,275.307,93.945,27.869
252.704,274.909,92.761,28.082
252.254,275.050,92.061,28.003
252.575,275.484,91.922,28.787
253.039,275.505,91.757,28.969
251.819,275.602,91.513,28.711
250.647,276.130,90.686,28.783
250.636,276.822,90.414,28.652
250.553,277.123,89.460,28.562
248.824,279.029,91.463,28.157
247.917,279.356,92.977,28.481
248.269,279.529,92.898,28.963
248.370,279.325,92.895,29.577
247.305,279.485,92.928,29.653
247.651,279.951,92.728,29.538
246.228,280.648,91.599,29.367
246.629,281.694,92.069,29.512
246.268,282.551,91.854,29.234
246.113,283.734,93.384,28.891
244.028,283.814,91.325,29.529
245.411,284.691,92.298,29.112
245.120,285.906,94.140,28.673
245.476,286.395,93.301,28.548
246.580,287.880,93.589,28.257
245.176,288.166,94.876,28.483
244.744,288.348,93.459,29.141
245.208,289.282,94.450,29.015
244.950,290.055,95.053,29.345
244.377,290.382,94.395,29.066
245.051,290.898,95.282,28.684
243.848,291.649,94.424,28.542
244.504,292.099,95.756,27.656
243.967,281.253,96.396,29.952
242.141,268.582,93.407,29.539
242.709,271.289,91.942,29.022
243.562,274.375,92.409,28.863
243.952,275.305,91.829,28.606
243.119,276.011,92.717,28.597
243.729,276.779,93.736,29.408
242.793,276.579,93.604,29.801
242.505,277.060,94.253,29.484
242.978,277.423,93.366,29.363
243.331,278.589,96.132,29.860
241.007,277.780,94.947,29.375
241.743,278.391,93.253,29.210
242.485,280.042,92.360,28.849
242.705,280.166,91.720,28.334
241.058,280.120,92.026,28.891
241.502,281.410,94.612,29.838
241.490,280.944,95.530,29.964
241.029,281.499,95.536,30.033
240.304,282.075,95.172,30.110
241.055,282.336,96.547,29.306
239.795,282.325,95.046,28.752
239.374,282.909,92.225,28.509
240.309,283.729,91.354,28.551
240.969,284.720,90.977,28.689
239.746,286.196,90.155,28.306
239.674,286.917,89.329,28.187
237.183,287.684,91.933,27.979
237.991,288.476,90.387,28.059
238.340,289.247,90.340,27.935
239.223,289.423,89.947,28.293
239.041,290.539,90.088,28.173
238.995,291.667,89.400,27.986
239.093,292.342,89.577,28.092
238.535,293.196,89.579,27.908
239.050,294.287,89.246,27.367
239.295,295.730,89.276,26.700
237.336,296.386,92.327,26.634
237.907,297.275,91.705,26.200
238.422,298.072,92.339,25.750
237.764,298.641,92.965,26.207
237.199,299.707,92.038,26.350
237.635,300.255,91.026,26.025
237.599,301.272,89.957,26.116
237.578,302.055,89.268,25.674
237.933,302.784,89.730,25.787
236.502,304.016,89.499,25.908
237.145,304.277,92.495,26.186
236.892,305.064,92.823,26.097
236.778,305.313,93.366,25.801
236.763,305.814,92.623,26.116
237.180,307.057,91.434,26.436
237.399,307.630,91.739,26.978
236.799,308.297,92.187,27.190
236.815,294.771,93.098,29.271
236.942,278.872,93.496,31.730
235.293,266.485,90.409,30.992
236.590,268.132,89.643,30.363
237.114,272.329,90.270,28.898
237.394,272.654,89.982,28.841
237.884,273.423,89.117,28.520
237.799,274.938,89.007,28.458
237.808,276.156,89.249,28.535
238.517,276.949,88.787,28.637
238.993,277.952,88.523,28.561
238.969,278.646,88.349,28.522
238.726,279.257,88.679,28.609
238.723,280.483,89.013,28.795
238.489,281.239,91.505,29.627
238.948,281.359,92.012,29.295
239.264,282.030,91.423,29.753
239.173,282.342,90.975,30.385
239.326,283.018,91.216,30.106
240.221,283.831,90.577,29.300
241.274,284.571,89.027,28.562
241.708,285.316,88.344,28.657
242.303,285.709,88.473,28.656
243.477,286.305,88.352,28.617
243.566,286.884,89.710,28.347
243.059,286.823,90.133,28.437
243.548,287.540,90.318,28.714
244.394,287.953,90.386,28.824
244.843,288.318,91.455,29.297
244.868,289.067,91.777,29.288
244.572,289.901,94.236,29.211
246.854,290.570,91.750,27.932
247.111,291.733,89.190,27.679
248.116,293.050,89.120,27.362
249.515,293.446,88.363,26.631
250.023,293.643,88.126,26.968
252.182,294.346,87.525,27.084
256.124,294.808,85.441,27.073
254.708,296.201,85.053,26.464
256.407,297.689,85.133,25.779
257.666,299.160,85.526,25.526
258.465,300.199,85.971,25.111
261.423,301.104,85.876,24.786
262.083,302.085,86.244,24.917
262.266,302.638,86.723,25.333
263.068,303.440,86.971,25.572
263.131,305.272,86.861,25.475
263.957,305.157,88.681,25.965
265.055,305.330,88.513,26.450
266.241,306.126,87.747,26.397
268.841,305.976,86.804,27.125
270.232,307.018,84.878,26.895
271.292,308.253,84.976,26.541
272.299,308.530,83.274,26.812
273.656,309.155,84.190,27.040
276.464,309.483,84.016,26.898
277.624,309.987,82.641,26.929
278.323,310.076,83.646,27.082
279.219,310.959,85.297,27.160
278.967,311.809,88.193,27.431
280.621,311.526,87.642,26.732
280.749,311.021,88.236,27.530
281.296,295.256,87.389,29.652
282.045,279.256,85.322,33.043
285.160,266.864,84.421,31.250
286.899,269.421,83.090,29.993
287.902,271.124,83.736,29.222
288.701,272.125,84.213,28.151
289.533,273.781,86.443,27.677
289.428,273.540,86.982,26.828
290.284,274.114,86.926,26.497
291.221,274.536,86.795,26.546
292.748,275.199,85.482,27.123
293.470,274.804,85.494,26.578
294.995,275.716,86.493,26.746
295.474,275.667,86.220,27.508
295.826,275.623,85.997,26.739
296.545,276.664,85.873,26.816
297.993,276.566,86.482,27.072
299.589,276.682,87.273,26.366
298.620,272.922,84.605,29.384
300.951,257.340,82.498,32.270
302.632,238.738,83.815,32.713
303.967,237.272,86.012,30.108
304.201,241.233,85.505,27.926
306.885,243.306,83.878,27.157
308.921,244.285,84.347,26.802
309.593,245.801,84.968,27.180
309.540,246.675,84.958,27.159
310.636,248.193,86.638,26.590
310.523,249.184,87.368,26.567
311.392,250.785,87.088,26.687
301.641,251.246,84.806,26.440
265.661,253.480,87.105,25.536
239.251,254.895,88.856,25.976
238.466,256.541,91.127,26.539
242.806,256.724,91.852,26.762
241.569,258.388,91.088,26.537
243.109,259.961,89.873,25.767
244.340,261.099,90.332,26.170
245.452,262.757,89.154,25.914
246.730,264.520,89.165,26.657
248.264,265.472,88.921,27.176
249.780,267.734,89.905,26.790
251.485,268.081,89.801,27.276
252.572,260.745,91.496,30.433
253.043,245.321,92.791,32.819
252.990,227.750,91.534,35.228
256.274,222.983,88.941,33.017
255.798,226.760,89.626,32.308
258.256,230.786,87.812,30.096
258.278,231.706,88.281,29.539
259.483,233.975,89.308,28.696
260.917,235.588,89.430,28.452
261.913,236.824,89.616,28.037
263.894,239.165,89.134,26.506
264.194,241.316,88.512,25.732
265.579,242.571,88.127,25.750
266.445,243.657,88.683,25.761
266.828,244.890,88.130,26.240
267.215,245.508,87.578,26.857
268.929,246.387,86.458,26.832
269.110,248.789,85.922,26.309
271.056,249.951,84.606,25.929
270.604,251.756,84.184,25.574
271.726,252.894,84.873,25.741
273.309,253.788,84.376,25.935
274.885,256.481,85.026,25.517
273.662,257.288,86.284,26.022
274.282,258.743,86.168,25.811
275.327,259.518,85.667,26.165
276.813,260.052,85.626,26.377
276.190,261.558,85.502,26.381
278.071,262.389,85.305,26.724
278.041,264.157,84.378,26.285
278.404,265.468,85.429,26.311
279.300,266.124,85.848,27.585
277.980,267.673,86.462,27.987
280.700,268.954,86.607,28.158
281.817,269.978,84.851,26.869
283.087,270.653,85.519,27.157
284.603,271.353,85.319,27.529
284.517,270.405,85.642,28.827
285.993,253.981,85.088,32.486
286.440,236.742,85.559,35.073
288.864,225.566,84.696,32.287
288.238,230.294,84.973,29.711
290.181,232.430,84.331,28.608
290.737,235.099,84.554,27.546
291.349,235.894,85.139,27.490
292.780,237.017,84.646,27.227
292.269,238.458,84.827,26.727
292.852,239.776,86.232,26.005
292.638,240.545,88.249,26.101
294.222,241.486,88.050,26.316
294.072,241.738,88.203,26.786
294.390,242.118,88.660,27.004
296.633,242.682,87.201,27.236
298.937,243.614,86.267,26.578
299.601,244.716,85.693,26.374
300.302,244.803,85.589,26.453
301.269,245.352,85.427,26.597
301.763,246.504,85.679,26.361
302.618,246.587,85.664,25.424
303.727,248.165,84.766,25.091
304.414,248.521,85.082,24.945
305.003,248.835,85.035,25.183
