325.000,207.000,28.000,20.000
328.650,207.697,28.085,19.814
330.861,207.421,28.041,20.078
333.487,207.928,28.278,19.680
326.298,208.864,31.073,19.184
325.838,207.431,31.027,19.676
325.295,214.547,30.948,20.073
330.268,216.314,30.789,20.726
334.086,216.476,30.651,21.329
335.302,218.577,30.601,21.697
339.287,214.808,30.277,22.415
340.804,217.713,30.753,22.701
338.264,216.343,30.176,23.120
338.363,216.109,29.432,23.621
338.018,215.308,28.829,24.023
337.825,214.562,28.510,24.516
335.982,214.467,28.308,24.733
337.838,214.130,27.944,25.448
338.815,215.748,28.126,25.531
338.093,214.563,27.976,25.997
338.163,214.431,28.608,26.096
338.314,213.540,29.022,26.468
335.933,212.910,28.974,26.760
337.712,212.773,28.736,27.033
338.349,213.711,29.018,27.404
340.181,213.604,28.981,27.716
341.568,215.741,29.325,27.782
337.886,214.282,29.348,28.260
339.057,212.939,29.621,28.384
337.679,213.967,29.886,28.496
336.772,213.029,30.028,28.830
336.847,213.338,30.148,29.139
338.895,215.828,30.488,29.128
338.843,216.178,30.677,29.432
337.725,213.713,31.209,29.856
338.650,214.653,32.117,29.841
340.024,212.848,32.252,29.927
340.265,211.911,32.302,29.922
337.731,212.583,33.237,29.753
337.557,213.019,33.794,30.071
339.598,212.411,33.783,30.012
339.827,212.856,34.094,29.881
340.318,214.653,34.764,29.739
339.766,213.771,34.842,29.529
339.900,214.052,34.660,29.778
340.231,213.928,34.446,30.243
336.742,212.402,34.790,30.216
339.342,212.746,34.875,30.479
338.264,214.232,34.908,30.625
335.640,214.457,34.955,30.719
335.367,212.911,35.183,30.731
337.202,212.859,35.031,31.146
336.246,212.338,35.120,31.165
336.239,213.622,34.956,31.353
337.514,213.724,35.166,31.822
336.761,213.010,35.469,31.799
336.703,212.999,35.625,32.088
334.396,212.805,36.115,32.044
335.806,212.742,36.364,32.198
336.082,212.989,36.981,32.195
334.058,210.742,37.675,32.306
335.763,211.645,37.755,32.543
336.298,212.998,38.010,32.551
336.650,212.160,38.697,32.776
337.435,211.724,39.026,32.916
336.395,212.799,39.330,32.947
334.490,212.321,39.380,33.217
334.145,212.377,39.529,33.470
334.806,213.980,39.990,33.449
334.868,214.051,40.355,33.641
334.768,213.363,40.614,33.786
333.895,211.146,40.895,33.751
337.083,213.079,40.821,33.893
336.169,212.883,40.580,33.727
337.041,214.123,41.061,33.653
336.235,214.860,41.564,33.720
336.283,213.712,41.472,33.719
336.335,212.593,41.396,33.579
336.699,213.207,41.263,33.766
335.409,213.085,40.710,33.889
335.269,210.986,40.548,33.566
335.846,212.122,40.251,33.451
336.169,210.444,39.984,33.073
336.096,212.506,39.755,33.054
338.905,213.228,40.412,32.943
338.032,213.845,40.969,32.710
337.155,213.715,41.385,32.635
340.514,214.411,41.783,32.814
337.416,213.268,42.038,32.788
336.547,212.294,42.250,32.715
336.576,212.165,42.509,32.617
335.956,211.939,42.583,32.572
336.981,213.068,42.852,32.482
337.216,212.654,43.155,32.329
336.168,212.212,43.555,32.340
335.434,211.699,43.846,32.355
336.246,213.465,43.659,32.523
335.718,212.043,43.429,32.699
333.948,210.981,43.298,32.704
333.473,211.690,43.026,32.739
333.702,211.506,42.724,32.892
334.716,210.955,42.572,32.806
336.160,209.386,42.365,32.873
334.820,210.516,41.841,32.960
332.705,209.256,40.965,33.014
334.234,209.673,40.513,33.075
336.183,211.265,40.122,33.106
336.606,210.861,39.902,32.969
333.336,209.992,40.084,32.824
333.701,211.829,40.336,32.789
334.005,212.578,40.446,32.814
335.046,212.678,40.841,32.831
334.993,210.176,40.161,32.679
336.090,211.238,39.410,32.763
334.214,210.789,38.984,32.975
336.096,211.294,39.066,32.795
334.995,211.034,38.593,32.993
335.517,211.160,38.421,33.010
333.741,210.831,38.107,33.263
334.160,210.986,37.791,33.477
336.047,211.775,37.784,33.304
335.822,212.775,37.961,33.275
335.316,211.760,38.306,33.126
334.910,211.449,38.535,33.088
334.944,211.599,38.358,33.136
335.544,212.084,38.304,33.003
336.121,212.386,38.344,33.055
335.903,211.934,38.518,32.802
335.951,211.920,38.739,32.666
335.826,211.822,38.994,32.411
334.852,211.173,39.057,32.321
334.848,211.656,38.998,32.272
334.917,211.308,39.099,32.228
334.493,210.731,39.073,32.118
334.610,210.918,39.043,32.052
333.237,210.010,38.469,32.239
334.609,209.949,37.952,32.396
334.333,209.771,37.650,32.399
334.760,210.216,37.430,32.462
334.252,210.584,36.993,32.503
334.059,210.389,36.562,32.560
334.448,209.938,35.927,32.785
336.094,210.972,35.965,32.777
336.798,212.109,36.330,32.517
336.663,212.308,35.876,32.523
335.939,212.872,35.822,32.412
335.113,212.997,35.729,32.315
334.722,211.418,35.677,32.150
339.622,211.917,35.709,32.102
337.932,211.965,35.560,32.094
338.869,212.669,35.262,32.274
337.928,212.355,35.014,32.202
337.437,212.101,34.968,32.177
337.033,212.860,35.092,32.393
335.098,212.302,35.044,32.498
337.152,211.400,34.700,32.511
335.762,210.328,34.875,32.237
335.492,211.410,35.207,32.116
334.785,212.234,35.289,32.101
334.795,211.120,35.955,31.887
334.785,211.818,36.261,31.876
334.562,210.637,36.451,31.707
335.238,211.908,36.481,31.571
335.285,212.785,36.575,31.498
333.730,212.725,36.510,31.489
333.541,212.916,36.440,31.668
336.834,211.752,36.596,31.458
335.798,212.654,36.819,31.293
336.936,210.690,36.610,31.319
337.618,213.534,36.552,31.268
337.246,214.892,36.339,31.327
337.927,215.238,36.184,31.376
337.108,212.351,35.524,31.267
337.205,212.664,35.236,31.274
337.475,212.519,35.026,31.299
337.916,210.725,35.074,31.063
337.428,212.033,35.066,31.027
337.569,212.310,34.943,30.974
336.748,210.741,34.512,30.754
336.773,212.060,34.017,30.799
337.275,213.616,34.072,30.532
337.946,213.808,33.990,30.409
336.590,211.681,33.890,30.218
337.547,212.756,33.919,30.136
335.748,212.432,33.108,30.352
337.654,211.850,32.538,30.624
337.389,211.778,32.194,30.687
337.339,211.710,31.882,30.808
337.965,211.368,31.500,30.976
338.117,211.458,31.292,31.029
337.660,212.921,31.035,31.094
339.793,210.712,30.881,31.118
338.851,213.038,30.398,30.857
337.687,213.213,29.915,30.990
339.337,211.949,29.866,30.674
339.883,212.093,29.990,30.282
341.912,212.090,30.010,29.869
338.353,212.654,30.330,29.646
336.587,213.530,30.264,29.675
341.849,212.338,30.277,29.600
338.281,212.323,30.100,29.639
339.196,213.996,30.435,29.612
339.532,213.695,30.610,29.578
339.735,212.532,30.692,29.325
338.905,213.718,30.101,29.358
337.500,212.224,29.682,29.338
341.753,213.510,29.485,29.468
344.531,213.491,29.857,29.392
343.997,213.393,30.091,29.373
341.689,213.065,30.351,29.289
340.011,213.298,30.099,29.352
338.805,212.254,30.185,29.125
339.871,213.264,30.156,29.154
339.485,214.045,30.340,29.103
338.672,214.373,30.671,29.002
338.441,212.340,31.097,28.908
340.994,214.520,31.284,28.945
342.390,214.584,31.672,28.893
337.328,213.544,31.408,29.204
340.551,213.669,31.419,29.444
338.145,213.407,31.344,29.757
339.178,213.489,31.453,29.896
339.990,211.793,31.394,29.909
339.823,212.816,31.294,29.967
338.571,211.983,31.060,30.122
339.371,212.540,30.807,30.259
338.688,213.066,30.429,30.410
338.076,211.077,29.947,30.681
337.644,211.990,29.642,30.567
336.608,211.656,29.177,30.578
339.229,210.947,29.031,30.351
338.798,211.995,28.640,30.232
337.019,211.589,28.281,30.214
337.051,211.552,28.154,30.228
338.025,211.980,28.075,30.196
337.191,212.100,27.788,30.093
339.168,212.567,27.891,29.943
339.277,212.972,27.838,29.801
336.894,212.487,27.664,29.724
338.979,213.933,27.770,29.606
337.861,211.945,27.792,29.395
337.629,212.832,27.752,29.351
338.500,212.999,27.833,29.317
337.004,212.758,27.892,29.304
337.166,212.403,28.193,29.304
336.201,212.164,28.361,29.394
335.459,212.824,28.629,29.436
337.596,213.250,28.925,29.495
337.494,213.269,28.776,29.545
338.309,213.260,28.789,29.600
340.971,212.954,28.949,29.591
340.437,213.441,29.658,29.463
342.320,214.100,30.029,29.350
341.195,213.229,29.969,29.273
340.443,213.474,30.061,29.248
340.251,213.286,30.192,29.249
341.607,213.802,30.413,29.193
342.899,214.201,30.820,29.038
338.929,214.136,30.864,28.999
339.392,215.053,31.136,28.859
340.737,213.530,31.309,28.673
338.960,213.091,31.211,28.679
337.794,212.441,31.246,28.683
337.922,212.244,30.933,28.785
337.712,213.489,30.737,28.894
337.974,213.883,30.513,28.965
338.820,212.179,30.537,28.846
336.703,213.298,30.279,28.816
335.899,211.753,30.026,28.960
337.386,211.930,29.811,29.147
337.981,212.635,29.802,29.339
336.955,212.236,29.392,29.498
337.779,212.773,28.974,29.639
339.478,213.582,28.539,29.696
338.813,212.475,29.031,29.446
338.589,213.047,29.135,29.349
337.889,214.725,29.300,29.110
335.248,216.350,29.689,28.965
339.398,215.588,29.655,29.069
340.837,215.246,30.033,29.047
336.398,214.999,30.258,29.179
336.054,214.305,30.263,29.372
339.188,214.273,30.013,29.605
339.714,214.496,29.894,29.755
340.097,214.953,30.241,29.757
338.546,216.457,30.635,29.687
336.981,215.315,31.031,29.772
334.798,214.660,30.967,30.008
335.843,215.047,31.311,29.937
338.125,216.590,31.900,29.759
334.772,215.265,32.410,29.819
334.015,218.239,33.642,29.556
335.743,215.180,34.362,29.451
335.582,211.771,34.504,29.550
336.863,214.642,34.578,29.603
340.285,217.300,35.039,29.357
336.975,215.779,35.716,29.226
337.928,216.702,36.067,29.086
335.137,216.029,36.704,28.990
338.577,215.610,37.115,28.819
339.122,215.620,37.342,28.866
338.499,215.474,37.715,28.866
333.957,216.149,37.803,29.010
329.934,215.838,38.015,29.215
329.514,215.650,38.233,29.348
329.825,215.211,38.495,29.477
327.030,215.697,38.581,29.611
331.949,215.303,38.552,29.782
333.776,214.519,38.561,29.994
334.866,215.046,38.750,30.088
335.858,214.602,38.999,30.189
338.129,215.824,39.351,30.051
336.737,213.886,39.978,29.979
339.442,218.744,40.712,29.759
334.466,213.900,40.733,30.238
333.563,213.113,41.059,30.250
333.232,211.905,41.317,30.392
330.931,210.743,41.548,30.612
331.830,210.465,41.765,30.795
331.606,209.919,42.003,30.906
330.976,211.705,41.690,30.997
333.743,213.331,41.904,30.981
333.970,212.897,42.061,30.998
335.958,213.183,42.422,30.986
335.861,208.412,42.733,31.113
336.885,208.159,43.020,31.246
337.743,206.983,43.374,31.520
338.172,207.135,43.703,31.706
339.096,206.964,44.026,31.875
340.061,205.246,44.342,32.217
340.458,203.969,44.831,32.530
341.590,202.182,45.471,32.814
343.095,201.629,46.401,33.091
345.829,200.647,47.103,33.448
349.536,199.547,47.846,33.865
353.175,198.704,48.580,34.327
354.158,195.434,49.092,35.119
354.336,194.996,49.580,35.809
354.094,189.018,50.121,36.610
352.838,191.215,50.440,37.216
350.453,192.158,50.732,37.806
350.163,192.415,51.010,38.301
349.609,192.906,51.329,38.710
352.348,187.243,51.728,39.429
352.277,182.240,52.246,40.012
351.485,170.859,52.736,40.403
349.285,157.738,53.244,40.767
345.086,154.758,54.235,40.927
338.518,148.307,55.445,41.281
333.509,144.168,56.187,41.633
331.358,141.789,57.145,41.978
332.492,142.902,58.037,42.353
331.172,144.049,58.998,42.805
326.976,141.481,59.915,43.262
326.167,144.743,61.397,43.770
321.724,141.564,62.885,44.274
322.447,143.982,64.543,44.882
323.259,141.866,66.335,45.469
320.104,138.835,67.724,46.081
318.560,140.336,69.382,46.576
316.482,139.005,71.618,47.400
317.448,138.735,73.885,48.335
311.383,138.137,76.305,49.250
311.360,138.053,78.116,50.243
306.953,137.163,80.032,50.855
305.461,137.015,81.966,51.590
295.506,136.791,84.398,52.386
289.557,137.832,87.335,53.208
283.647,137.778,89.825,53.918
257.766,142.272,89.659,55.093
260.122,142.548,89.974,56.021
256.550,141.143,89.295,56.886
261.520,141.007,89.737,57.248
261.069,140.123,90.144,57.696
262.103,139.864,90.922,58.064
262.126,140.964,91.627,58.249
268.123,139.890,93.371,58.453
257.581,141.616,93.330,58.989
253.642,140.102,92.406,59.759
253.751,140.284,91.135,60.562
259.416,140.125,91.268,61.206
257.312,138.957,91.339,61.278
256.033,138.437,90.813,61.605
257.711,139.359,90.415,61.895
252.760,137.665,88.942,62.317
257.149,138.533,88.114,62.917
258.422,138.134,88.121,63.103
256.764,138.094,87.244,63.446
257.117,138.603,86.059,63.764
259.939,138.199,86.063,63.716
261.472,137.736,86.838,63.640
269.824,137.372,89.475,63.252
264.489,137.370,90.583,63.132
255.690,137.392,89.874,63.277
254.188,137.444,88.495,63.654
252.010,138.177,87.056,64.217
255.221,134.804,86.746,64.211
258.152,136.596,86.919,63.817
256.664,136.859,86.803,63.861
257.153,136.255,86.448,64.076
258.040,134.566,86.313,64.660
254.248,135.790,85.042,65.073
258.233,136.630,84.876,64.988
259.661,136.056,85.030,64.716
251.329,135.908,82.945,65.423
255.105,135.918,81.996,65.901
256.870,135.651,81.741,65.849
253.844,136.769,80.334,66.414
260.829,135.401,80.833,66.283
265.737,136.033,82.081,66.077
278.821,133.505,85.949,65.645
275.075,133.556,88.951,65.122
265.856,134.419,90.449,64.881
263.157,135.019,91.324,64.992
262.184,134.329,92.198,64.899
255.627,134.631,91.714,64.809
259.532,135.157,91.988,64.887
253.468,135.764,90.661,65.272
258.880,134.577,90.869,65.019
259.124,133.632,91.219,64.962
254.296,136.503,91.019,65.092
250.407,137.903,89.342,65.633
249.918,136.207,87.963,65.769
252.241,137.789,87.001,66.216
254.279,137.360,86.409,66.319
255.207,137.516,86.064,66.429
256.446,138.197,85.847,66.506
254.991,138.362,85.478,66.478
255.001,138.468,84.759,66.502
259.200,137.059,85.337,65.990
254.624,137.397,84.439,65.814
258.731,136.705,84.695,65.279
264.113,137.020,85.515,65.115
268.996,136.636,88.316,64.545
262.163,138.012,89.123,64.272
262.647,137.298,90.214,64.068
259.334,137.157,90.498,64.063
257.019,137.003,90.022,63.970
259.219,137.948,89.996,63.864
257.234,137.791,89.623,63.688
257.245,137.191,89.098,63.713
258.817,138.192,88.954,63.600
253.408,137.747,87.882,63.986
256.352,138.375,87.126,64.497
253.187,136.738,85.963,65.020
254.874,137.572,85.002,65.415
257.084,137.144,84.634,65.743
256.010,137.394,83.923,66.127
252.971,136.542,82.462,66.560
257.029,137.547,81.900,66.698
264.207,135.823,83.589,66.357
257.882,136.347,83.910,66.280
258.710,136.522,84.217,66.149
256.427,136.943,84.126,66.043
255.340,136.996,83.419,66.260
255.638,137.495,82.382,66.525
273.804,134.993,85.873,66.115
261.632,135.824,86.786,65.820
261.154,136.396,87.932,65.551
257.891,136.466,88.082,65.360
255.422,137.499,87.424,65.347
258.123,136.435,87.540,65.095
256.033,136.671,86.924,65.360
258.296,136.517,86.700,65.275
263.026,136.494,87.780,64.963
262.339,137.789,88.999,64.618
258.582,137.266,89.545,64.269
257.530,138.008,89.230,64.260
250.087,137.208,87.039,64.619
252.995,138.485,85.567,65.031
256.061,137.195,85.051,65.000
256.674,137.006,84.351,65.135
257.938,136.336,84.332,65.137
259.766,136.849,84.745,64.897
259.874,136.808,85.492,64.675
259.407,136.586,86.189,64.752
257.434,136.760,86.013,65.046
258.541,137.665,85.171,65.442
258.045,136.678,84.658,65.328
261.830,137.480,85.474,65.231
252.743,136.093,84.202,65.328
251.819,136.506,82.353,65.980
251.621,136.257,80.058,66.463
252.732,136.853,78.217,66.685
254.161,136.044,76.820,66.791
255.738,136.275,76.119,66.862
255.850,135.520,75.345,67.020
255.328,135.849,74.291,66.957
254.865,135.941,73.447,67.024
255.962,135.943,72.876,67.162
255.584,134.853,72.443,67.239
256.312,135.011,72.367,67.046
257.876,136.965,72.244,67.538
258.426,136.153,72.188,67.762
258.049,136.775,71.999,67.848
258.242,136.630,71.839,68.008
258.936,136.778,71.999,68.098
260.016,137.125,72.222,67.894
261.769,138.153,72.961,67.812
263.876,138.023,74.018,67.576
259.152,137.014,74.069,67.472
264.113,136.830,75.220,67.169
261.267,137.153,76.036,66.988
265.312,136.716,77.636,66.411
267.830,137.285,79.934,66.262
263.653,136.480,81.362,66.129
261.415,136.644,82.485,65.855
262.414,136.579,83.867,65.428
258.969,136.410,84.553,65.280
253.478,137.078,83.275,65.419
255.729,139.346,82.151,65.936
258.485,142.143,81.937,66.167
257.498,181.156,78.927,67.753
265.905,202.722,80.501,67.936
254.634,230.982,78.766,70.313
252.133,258.936,78.268,69.762
198.375,287.580,75.467,67.160
195.654,309.779,74.381,64.750
188.556,308.482,72.806,62.237
195.560,308.632,69.142,58.949
197.560,307.804,65.906,55.027
197.708,306.940,62.463,50.871
202.216,305.663,57.968,46.390
203.219,304.564,53.534,42.029
206.425,302.674,48.624,38.646
209.091,299.065,44.034,34.736
210.624,296.563,40.080,30.941
211.473,292.940,37.517,27.855
212.494,291.259,35.739,25.156
213.380,285.736,33.551,24.504
213.783,282.246,32.953,23.198
214.080,276.876,31.859,23.271
214.268,272.657,31.409,22.738
214.438,269.109,30.671,22.428
214.145,264.638,30.769,21.535
213.657,261.018,30.988,21.368
214.088,255.470,30.892,21.444
212.892,253.128,31.115,20.999
213.735,247.613,31.536,20.066
213.747,242.875,30.432,20.446
213.637,239.065,30.280,20.551
213.747,234.724,31.306,20.460
212.684,230.802,31.931,20.042
212.543,225.613,30.753,20.200
212.311,221.971,30.750,19.795
212.635,217.668,31.278,19.227
212.023,213.879,31.362,19.512
211.540,208.583,32.311,19.755
211.270,204.953,32.245,19.747
211.602,200.918,31.620,19.758
211.073,196.773,32.245,19.565
210.298,192.584,32.367,19.896
210.653,189.185,32.290,19.559
210.748,185.018,32.494,19.789
210.679,181.208,32.193,20.082
211.499,179.015,31.158,20.725
210.878,200.273,29.728,23.011
211.767,223.616,28.313,24.670
212.415,247.116,27.747,25.954
210.794,270.769,28.473,26.443
211.750,294.607,27.539,27.155
212.882,318.482,27.137,27.056
212.967,324.960,26.892,24.583
213.110,322.843,27.575,22.670
211.219,320.023,28.415,21.666
211.137,317.958,28.627,20.420
210.284,314.576,29.259,19.803
210.815,311.699,29.508,19.433
209.508,309.447,29.439,19.612
210.138,306.207,29.123,19.924
210.814,303.833,27.895,20.004
211.026,301.891,28.071,19.561
209.875,299.003,28.256,19.466
209.878,296.494,28.461,19.484
209.301,294.310,28.494,19.338
208.758,292.384,29.178,18.906
209.049,290.169,28.845,18.679
209.553,288.185,29.268,18.556
208.101,286.321,29.666,18.771
208.587,283.239,29.948,19.119
207.309,282.266,30.097,19.114
207.590,279.018,29.621,19.519
207.450,277.377,30.006,19.768
207.288,274.916,29.136,19.810
206.965,273.657,28.843,19.892
206.803,272.337,28.538,19.059
206.881,271.021,28.508,18.474
205.978,269.587,28.406,18.218
205.496,266.854,28.244,18.525
205.282,264.933,29.132,18.824
204.749,264.077,28.767,18.855
204.210,262.748,28.828,18.734
203.343,260.961,28.762,18.444
203.955,258.714,28.334,18.703
203.202,258.024,28.284,18.612
202.880,256.154,27.546,18.746
201.164,254.732,29.267,18.894
209.879,254.107,31.436,18.327
211.306,255.011,31.360,18.498
209.881,255.891,31.167,18.988
210.980,258.523,30.941,19.382
210.804,260.235,30.618,20.107
209.006,260.220,30.405,20.550
207.975,255.896,30.392,20.881
206.447,253.395,30.390,21.322
203.152,252.511,30.625,21.585
199.677,253.478,30.791,21.878
194.841,258.740,31.285,22.103
197.137,259.705,31.686,22.263
198.835,259.228,31.832,22.684
198.131,258.135,31.773,22.946
195.113,260.233,31.525,23.261
194.843,261.968,31.641,23.401
191.059,262.170,31.853,23.486
185.758,263.563,31.986,23.517
183.690,266.463,31.952,23.806
183.244,268.321,32.261,24.024
180.353,269.998,32.263,24.317
176.399,271.593,32.243,24.619
175.533,269.479,32.707,24.864
173.809,274.964,33.018,25.134
174.443,280.114,33.521,25.505
175.256,284.549,34.347,25.747
174.809,289.830,34.716,26.010
173.427,293.706,34.982,26.426
171.879,293.784,35.274,26.793
167.240,295.122,35.398,27.526
166.664,299.953,35.768,28.008
164.811,301.290,36.219,28.379
163.383,307.109,37.075,28.321
167.391,310.262,37.529,28.841
166.319,307.151,37.909,29.128
165.221,304.227,38.206,29.434
165.184,300.229,38.723,29.816
165.144,305.894,39.216,30.270
164.602,309.150,39.494,30.649
160.400,306.327,39.908,30.823
158.395,301.587,40.441,30.902
162.005,301.920,40.843,31.241
159.217,303.146,41.127,31.313
163.942,295.980,41.780,31.915
168.935,294.967,42.171,32.392
168.749,293.790,42.763,32.201
166.713,293.536,43.000,32.509
167.717,295.389,42.912,33.173
168.093,296.230,43.278,33.691
168.759,296.603,43.697,34.306
168.830,297.967,44.095,34.867
166.311,297.302,44.060,35.091
165.715,296.216,44.185,35.694
166.399,300.908,44.635,36.182
166.430,301.128,44.998,36.747
160.170,307.572,45.522,36.758
153.314,306.605,45.906,37.098
145.976,306.105,46.008,37.665
145.428,306.155,46.242,38.283
145.274,305.254,46.523,39.318
144.532,310.698,47.209,40.066
143.615,310.209,47.456,41.146
142.803,302.328,47.927,41.920
141.556,294.843,48.041,42.858
144.981,293.418,48.247,43.314
143.683,290.210,48.609,43.879
143.076,287.160,48.874,44.300
138.816,283.098,49.053,44.605
135.242,280.719,49.211,44.973
131.705,278.895,49.400,45.307
130.618,277.504,49.596,45.585
131.927,274.058,49.728,45.972
128.673,269.013,49.945,46.078
125.889,270.282,50.214,46.370
126.957,271.423,50.243,46.812
122.993,272.648,50.301,47.028
121.061,269.401,50.824,47.046
117.765,273.180,50.917,47.282
122.558,271.614,51.278,47.545
118.445,273.826,51.467,47.654
125.394,274.153,51.501,48.292
128.185,274.413,51.593,48.704
125.622,274.273,51.716,48.965
121.440,273.807,51.688,49.351
119.642,270.605,51.828,49.453
124.339,271.564,52.103,49.761
122.432,271.660,52.541,49.983
123.346,273.399,52.712,50.130
123.938,270.018,53.094,50.117
123.214,272.335,53.285,50.249
124.002,275.433,53.684,50.427
122.143,271.499,53.765,50.464
122.477,272.501,53.881,50.747
124.985,276.497,54.340,51.114
124.598,273.585,54.604,51.261
123.698,269.355,54.847,51.312
125.026,271.378,54.861,51.594
122.841,271.705,54.833,51.831
123.166,275.551,55.283,52.004
122.828,273.157,55.730,52.032
121.688,270.686,56.088,52.010
121.557,271.546,56.581,52.038
119.703,272.243,56.875,52.149
119.432,273.797,57.252,52.206
117.992,273.811,57.617,52.299
116.110,273.834,57.830,52.424
114.889,273.806,58.082,52.507
119.305,272.932,58.292,52.729
116.881,273.195,58.362,52.878
120.766,273.486,58.818,53.052
120.584,272.039,59.050,53.200
123.948,275.062,59.257,53.415
124.454,275.727,59.662,53.519
123.390,276.601,59.964,53.655
125.102,279.572,60.128,53.837
124.228,279.741,60.316,54.082
123.687,280.068,60.601,54.288
123.734,280.358,60.839,54.553
125.258,279.475,61.078,54.727
125.912,279.973,61.553,54.685
125.289,279.506,62.073,54.612
126.576,279.525,62.508,54.566
124.714,279.286,62.882,54.572
120.570,277.484,63.282,54.653
120.168,275.197,63.516,54.775
121.240,274.029,63.851,54.814
123.714,273.708,64.168,54.839
128.169,274.004,64.634,54.789
128.902,272.376,65.062,54.546
127.228,271.716,65.435,54.321
125.250,271.642,65.803,54.116
125.895,270.509,66.103,53.969
123.832,264.565,66.791,53.648
122.236,267.564,67.046,53.496
121.834,269.265,67.403,53.334
118.237,275.554,67.854,53.262
114.659,274.505,68.020,53.301
114.885,274.703,68.296,53.558
115.705,274.460,68.413,53.772
117.471,275.040,68.631,53.857
122.011,276.110,68.846,53.916
114.830,273.224,68.987,53.918
115.339,273.167,69.253,53.949
116.892,272.269,69.552,53.879
118.007,271.211,70.001,53.712
117.942,270.121,70.228,53.653
116.495,268.453,70.552,53.477
123.715,267.546,70.636,53.407
121.912,266.513,70.867,53.265
126.393,257.427,71.105,53.214
124.047,259.923,71.237,53.143
121.200,261.951,71.432,52.967
117.234,264.222,71.475,52.872
118.928,263.457,71.515,52.737
122.599,265.297,71.615,52.620
120.280,265.002,71.784,52.434
119.475,265.475,71.966,52.228
121.083,264.574,72.152,52.003
121.074,264.128,72.461,51.729
116.887,266.638,72.500,51.733
120.923,266.888,72.559,51.744
125.015,267.188,72.567,51.656
123.459,268.054,72.622,51.593
124.063,268.997,72.605,51.535
125.498,268.872,72.638,51.462
126.838,263.663,72.897,51.345
127.370,267.498,72.943,51.350
124.247,267.000,73.203,51.195
127.004,266.230,73.368,50.985
128.222,264.506,73.541,50.750
124.886,263.557,73.918,50.479
125.146,266.101,74.158,50.365
128.060,268.035,74.358,50.263
125.770,268.026,74.856,50.098
125.279,260.729,75.198,49.935
125.924,262.092,75.393,49.835
123.830,264.212,75.738,49.640
124.121,266.113,75.999,49.490
126.187,267.210,76.111,49.375
126.940,267.862,76.286,49.238
127.722,270.088,76.485,49.146
127.565,273.112,76.730,49.119
128.295,275.240,77.116,49.023
192.668,228.069,71.053,46.619
194.578,230.469,64.129,43.967
195.539,231.437,56.761,41.515
198.574,232.629,50.843,38.589
200.178,233.838,44.952,35.959
202.332,235.406,40.964,32.854
201.536,236.331,38.996,30.154
202.408,237.781,36.849,27.265
202.289,238.558,35.464,24.976
201.083,239.573,35.296,23.145
200.751,239.835,34.381,21.925
198.673,239.642,34.577,21.034
198.750,239.572,33.397,21.266
197.531,239.208,33.618,20.201
197.131,239.615,33.160,19.748
194.363,239.087,34.794,19.609
193.368,238.466,34.350,19.117
192.204,238.463,34.177,19.274
191.646,237.777,34.097,19.198
189.011,237.625,34.318,18.971
188.780,237.197,33.932,19.136
186.429,238.090,34.993,18.318
187.092,237.692,35.425,18.601
185.511,238.051,35.764,18.519
184.466,238.165,36.748,18.676
183.030,237.753,36.772,19.220
181.253,237.479,36.881,19.640
181.001,237.426,36.184,19.622
179.958,237.230,35.328,19.690
179.561,236.710,35.188,19.449
176.691,236.924,36.310,19.464
177.192,236.901,35.781,19.573
176.697,237.043,35.230,19.680
176.545,236.939,34.166,19.812
174.929,236.812,34.206,19.712
174.700,235.959,33.532,20.080
175.386,237.101,32.853,19.346
173.981,236.842,32.955,19.450
172.565,236.828,34.050,19.074
172.420,237.029,34.221,18.560
170.069,236.473,35.334,18.833
171.435,237.398,34.561,18.906
170.069,237.412,34.522,18.551
170.239,237.334,34.704,18.436
168.857,237.656,35.290,18.021
167.322,237.952,36.631,17.885
165.767,237.066,36.718,17.864
166.701,236.763,36.356,18.251
164.752,235.053,36.172,19.157
166.001,236.010,35.629,18.642
163.010,235.037,36.318,18.971
162.790,235.551,36.603,19.442
162.606,235.139,36.838,19.656
162.543,234.398,36.031,20.133
162.770,234.612,35.672,20.301
163.088,234.018,34.808,21.086
163.186,233.671,34.548,21.039
162.642,233.135,35.836,21.396
169.738,235.469,37.837,20.960
167.527,236.782,37.871,21.088
160.988,238.323,37.628,21.624
159.647,240.624,37.488,22.028
156.474,244.456,37.306,22.870
150.922,243.917,37.029,23.808
147.995,244.134,36.831,24.725
145.693,244.479,36.627,25.692
144.190,245.293,36.628,26.381
143.331,245.924,36.635,26.977
143.202,245.963,36.621,27.649
141.943,242.456,36.815,27.955
141.875,244.919,36.857,28.410
142.303,243.383,37.009,28.821
140.318,245.155,36.835,29.441
133.908,244.353,36.740,30.134
133.239,245.036,36.730,30.680
132.404,246.403,36.550,31.203
131.373,246.991,36.510,31.814
130.064,247.898,36.580,32.387
129.828,248.868,36.718,32.874
129.830,248.752,37.022,33.537
130.278,249.888,37.224,34.098
129.852,250.380,37.382,34.675
129.867,250.760,37.623,35.235
129.988,251.231,37.873,35.796
134.421,251.954,38.191,36.563
134.781,254.354,38.557,37.080
134.366,254.347,39.163,37.767
134.547,260.572,39.707,38.322
133.076,255.658,40.381,38.570
129.892,256.639,40.638,39.065
126.617,257.255,41.234,39.213
124.713,256.590,41.948,39.446
124.639,257.294,42.612,39.652
125.443,263.094,43.683,39.693
126.305,264.124,44.382,39.991
126.298,270.248,45.478,40.101
124.754,270.423,45.687,40.314
120.904,271.531,45.839,40.675
116.717,273.027,45.998,40.856
114.230,273.747,46.063,41.271
112.285,273.899,46.264,41.750
111.705,273.437,46.555,42.280
108.332,272.878,46.618,42.746
108.153,278.054,47.939,42.830
107.120,284.061,48.851,43.068
108.058,290.633,49.407,43.341
109.581,284.291,50.291,43.668
111.134,278.180,51.245,43.900
111.029,283.941,51.971,44.166
108.983,290.697,52.438,44.300
103.704,292.955,52.498,44.424
103.395,291.784,52.690,44.855
103.217,292.859,53.374,44.885
109.850,296.680,54.581,45.436
108.693,304.683,55.156,46.113
108.516,297.604,56.476,46.362
109.505,293.574,57.047,47.028
108.376,299.336,57.921,47.410
108.280,299.044,58.635,47.924
115.489,296.049,58.952,49.336
112.535,294.477,59.004,50.164
112.307,294.922,59.143,51.016
110.561,294.678,58.866,52.060
109.697,294.986,58.567,52.997
108.136,292.397,58.652,54.407
108.123,291.021,58.783,55.893
114.800,289.271,59.048,57.299
111.728,279.965,60.113,57.599
110.381,273.562,61.163,58.023
110.707,267.185,62.273,58.375
111.540,268.720,62.957,58.302
163.854,210.825,61.437,53.007
122.136,209.844,57.548,50.424
120.929,212.447,52.302,46.986
137.527,214.235,47.620,42.729
144.392,217.517,43.936,38.426
150.942,220.244,40.335,34.783
158.632,221.432,37.204,31.554
167.004,222.618,34.709,28.642
175.651,223.115,33.145,26.244
184.049,223.770,32.038,24.852
191.063,223.663,32.391,23.988
198.479,223.782,32.093,23.082
206.778,223.907,31.012,23.193
214.391,223.589,30.587,23.128
221.806,223.114,31.152,22.528
230.054,223.646,30.493,22.228
237.742,222.843,31.520,22.217
244.730,222.814,31.368,22.895
254.067,222.858,31.626,23.155
261.885,221.965,32.030,22.891
269.068,221.878,32.452,22.539
275.770,221.810,33.884,22.635
285.462,221.115,32.619,23.201
294.770,220.982,31.394,23.261
278.287,220.699,34.437,23.253
279.514,221.224,34.410,23.546
279.706,221.890,34.417,23.890
280.434,224.583,34.347,24.290
283.785,219.952,34.482,24.755
292.137,212.693,34.714,25.205
295.335,206.582,34.765,25.709
295.610,204.469,34.859,25.918
293.762,205.013,34.698,26.334
294.677,204.149,34.623,26.478
297.549,206.508,34.546,26.818
300.248,208.012,34.402,27.111
297.891,209.501,34.347,27.295
263.790,216.169,33.202,26.423
273.000,216.490,32.553,25.359
282.119,216.710,32.133,24.623
292.511,216.948,31.649,23.805
301.128,216.820,31.158,23.196
311.420,216.649,30.497,22.701
320.318,216.400,30.451,22.706
300.096,217.382,34.269,21.768
302.806,217.739,34.305,21.980
304.086,221.956,34.038,22.424
304.507,223.091,33.944,22.771
307.436,223.967,33.728,23.237
305.083,230.346,33.516,23.677
307.697,231.355,33.312,24.194
307.971,233.576,33.117,24.721
308.143,235.745,33.056,25.150
308.085,237.596,33.004,25.555
311.744,238.317,33.089,26.215
311.413,235.761,33.228,26.756
311.122,237.112,33.338,27.318
310.498,238.217,33.473,27.876
309.413,239.374,33.663,28.336
308.680,239.573,33.804,28.837
308.006,235.873,34.219,29.126
305.877,236.709,34.525,29.245
306.108,237.306,34.731,29.274
309.765,238.315,35.025,29.322
307.650,237.086,35.089,29.615
306.467,238.254,35.020,29.981
272.715,208.279,34.306,27.305
280.941,208.856,33.951,25.907
291.535,208.960,32.606,25.371
297.262,209.292,31.967,24.790
262.218,211.698,35.562,23.203
258.584,217.205,35.735,23.342
256.459,220.563,35.613,23.779
254.894,224.304,35.520,24.066
215.854,208.872,35.346,24.100
221.815,208.900,33.172,23.774
229.829,209.239,32.203,23.468
237.920,209.330,32.121,23.138
246.223,209.512,31.832,22.905
253.573,209.641,32.320,22.492
261.100,209.579,32.833,21.972
271.394,209.257,31.962,22.023
279.532,209.444,31.647,22.062
287.551,209.667,31.272,21.968
296.204,209.718,31.029,21.870
304.301,209.863,30.730,21.741
312.302,210.028,30.909,21.461
302.569,210.249,34.007,21.172
306.481,214.969,33.954,21.292
