35.000	222.000	12.000	10.000
39.864	223.091	11.188	8.715
44.601	223.193	11.270	9.665
49.685	223.482	10.838	9.777
54.580	224.038	11.408	9.159
59.731	224.743	11.182	9.814
65.220	224.970	10.652	10.750
70.180	226.820	10.764	10.126
75.288	228.441	10.866	9.214
77.810	229.135	11.660	9.366
83.329	230.922	11.326	9.824
88.379	232.598	12.351	8.646
94.600	234.444	11.636	9.162
99.884	235.858	12.080	8.800
105.629	236.368	12.440	9.110
111.736	237.037	12.048	9.558
117.210	237.297	12.388	9.827
122.846	237.748	11.938	9.954
128.557	238.139	11.959	9.853
133.648	238.677	11.753	9.971
138.916	238.908	11.662	10.129
143.271	239.460	12.208	9.458
148.767	239.736	11.526	9.778
152.795	240.172	11.819	8.744
156.997	240.277	11.837	8.966
161.002	240.721	12.064	8.695
164.776	241.463	12.807	8.138
168.743	241.707	12.871	8.077
173.135	241.676	12.142	8.512
177.171	241.970	12.076	8.410
181.338	242.069	12.096	8.497
185.355	242.713	12.373	8.757
190.168	242.325	11.121	9.158
194.255	243.393	11.507	9.021
199.375	244.093	12.561	8.961
203.742	243.887	10.730	9.145
208.640	244.400	10.276	8.878
213.758	244.768	10.368	9.311
219.087	245.995	10.082	8.928
224.136	246.125	9.718	7.209
229.704	246.729	8.747	8.264
234.320	246.440	10.423	7.407
239.651	245.976	9.687	7.914
244.810	245.348	10.150	10.157
250.903	246.917	9.903	8.096
255.188	248.023	10.446	8.292
252.210	243.775	15.807	12.925
259.692	247.951	15.019	9.948
267.558	248.428	13.183	10.790
281.679	259.372	10.971	10.137
283.080	259.346	10.388	9.624
284.559	259.000	11.415	9.376
283.479	259.357	10.548	9.265
283.678	259.166	10.220	9.331
283.786	258.954	10.254	9.551
283.972	259.218	10.314	9.135
285.465	258.754	11.354	9.593
286.695	258.431	10.359	10.118
284.078	259.117	10.555	9.325
284.067	259.007	10.681	9.845
283.111	259.619	11.128	9.279
283.246	259.405	10.949	9.923
283.390	259.122	12.097	9.356
283.685	260.236	11.024	8.441
282.791	259.525	11.667	8.723
281.518	260.014	12.702	8.722
282.173	259.500	11.999	8.862
282.820	260.155	12.327	8.480
281.738	259.608	12.969	8.977
280.628	259.844	13.615	8.810
281.062	259.758	12.808	8.770
281.888	259.892	12.293	8.917
282.838	259.084	13.718	8.829
282.598	259.514	12.953	9.229
282.875	259.168	13.323	8.880
283.753	259.510	12.204	9.390
282.626	259.335	12.379	8.841
282.075	259.750	12.284	8.882
282.585	259.665	12.522	8.793
283.184	259.738	11.350	8.948
283.411	259.712	10.966	8.723
283.965	259.520	11.346	8.531
284.073	259.604	10.644	8.430
284.062	259.439	10.717	8.216
284.078	259.238	11.852	8.773
284.245	259.273	11.289	8.896
284.265	259.235	10.953	8.592
284.255	259.365	10.631	8.942
284.191	259.315	10.843	8.771
284.176	260.119	10.115	8.728
284.879	259.254	10.944	8.689
284.696	259.774	10.243	8.997
284.570	259.919	9.997	8.245
284.587	260.233	9.836	8.210
284.598	260.326	9.672	8.236
284.975	260.241	9.222	8.209
284.893	259.510	9.906	8.643
284.482	259.054	10.435	9.516
284.065	259.643	10.742	8.955
284.149	259.465	10.357	9.057
0.000	0.000	0.000	0.000
0.000	0.000	0.000	0.000
0.000	0.000	0.000	0.000
0.000	0.000	0.000	0.000
0.000	0.000	0.000	0.000
0.000	0.000	0.000	0.000
0.000	0.000	0.000	0.000
0.000	0.000	0.000	0.000
0.000	0.000	0.000	0.000
0.000	0.000	0.000	0.000
0.000	0.000	0.000	0.000
0.000	0.000	0.000	0.000
0.000	0.000	0.000	0.000
0.000	0.000	0.000	0.000
0.000	0.000	0.000	0.000
0.000	0.000	0.000	0.000
0.000	0.000	0.000	0.000
0.000	0.000	0.000	0.000
0.000	0.000	0.000	0.000
0.000	0.000	0.000	0.000
0.000	0.000	0.000	0.000
0.000	0.000	0.000	0.000
0.000	0.000	0.000	0.000
0.000	0.000	0.000	0.000
0.000	0.000	0.000	0.000
0.000	0.000	0.000	0.000
0.000	0.000	0.000	0.000
0.000	0.000	0.000	0.000
0.000	0.000	0.000	0.000
0.000	0.000	0.000	0.000
0.000	0.000	0.000	0.000
0.000	0.000	0.000	0.000
0.000	0.000	0.000	0.000
0.000	0.000	0.000	0.000
0.000	0.000	0.000	0.000
0.000	0.000	0.000	0.000
0.000	0.000	0.000	0.000
0.000	0.000	0.000	0.000
0.000	0.000	0.000	0.000
0.000	0.000	0.000	0.000
0.000	0.000	0.000	0.000
0.000	0.000	0.000	0.000
0.000	0.000	0.000	0.000
0.000	0.000	0.000	0.000
0.000	0.000	0.000	0.000
0.000	0.000	0.000	0.000
0.000	0.000	0.000	0.000
0.000	0.000	0.000	0.000
0.000	0.000	0.000	0.000
0.000	0.000	0.000	0.000
0.000	0.000	0.000	0.000
0.000	0.000	0.000	0.000
0.000	0.000	0.000	0.000
0.000	0.000	0.000	0.000
0.000	0.000	0.000	0.000
0.000	0.000	0.000	0.000
0.000	0.000	0.000	0.000
0.000	0.000	0.000	0.000
0.000	0.000	0.000	0.000
0.000	0.000	0.000	0.000
0.000	0.000	0.000	0.000
0.000	0.000	0.000	0.000
0.000	0.000	0.000	0.000
0.000	0.000	0.000	0.000
0.000	0.000	0.000	0.000
0.000	0.000	0.000	0.000
0.000	0.000	0.000	0.000
0.000	0.000	0.000	0.000
0.000	0.000	0.000	0.000
0.000	0.000	0.000	0.000
0.000	0.000	0.000	0.000
0.000	0.000	0.000	0.000
0.000	0.000	0.000	0.000
0.000	0.000	0.000	0.000
0.000	0.000	0.000	0.000
0.000	0.000	0.000	0.000
0.000	0.000	0.000	0.000
0.000	0.000	0.000	0.000
0.000	0.000	0.000	0.000
0.000	0.000	0.000	0.000
0.000	0.000	0.000	0.000
0.000	0.000	0.000	0.000
0.000	0.000	0.000	0.000
0.000	0.000	0.000	0.000
0.000	0.000	0.000	0.000
0.000	0.000	0.000	0.000
0.000	0.000	0.000	0.000
0.000	0.000	0.000	0.000
0.000	0.000	0.000	0.000
0.000	0.000	0.000	0.000
0.000	0.000	0.000	0.000
0.000	0.000	0.000	0.000
0.000	0.000	0.000	0.000
0.000	0.000	0.000	0.000
0.000	0.000	0.000	0.000
0.000	0.000	0.000	0.000
0.000	0.000	0.000	0.000
0.000	0.000	0.000	0.000
0.000	0.000	0.000	0.000
0.000	0.000	0.000	0.000
285.788	258.573	10.701	9.499
285.460	258.330	11.425	9.052
285.357	258.864	11.465	9.726
285.355	258.674	11.107	9.347
284.982	258.638	11.232	9.564
286.416	258.550	11.039	9.242
285.413	258.554	11.132	9.927
284.910	258.841	11.941	9.603
285.761	258.745	11.702	9.762
284.720	259.397	10.874	9.384
286.112	258.538	11.352	9.715
285.187	258.657	11.186	9.669
284.607	259.072	11.273	9.857
284.338	259.066	10.332	9.879
285.662	258.618	11.157	9.995
283.673	259.227	10.994	9.570
283.964	258.986	11.043	9.825
284.143	258.739	10.962	9.546
284.014	259.337	10.821	9.198
283.971	259.115	10.764	9.648
283.385	259.365	10.869	9.437
283.166	259.431	11.231	9.230
283.352	259.249	11.003	9.275
284.353	259.341	11.847	9.225
284.533	258.908	11.415	9.882
283.630	259.253	10.936	9.507
283.834	258.973	10.997	9.349
283.878	259.086	10.986	9.285
284.134	259.651	10.258	8.770
284.308	259.329	9.691	8.841
284.291	259.396	8.869	8.851
284.951	259.062	9.721	9.191
284.298	259.131	9.281	8.982
284.858	258.972	9.719	9.069
284.324	259.197	9.142	8.763
284.783	259.288	9.977	8.960
284.041	259.396	9.243	9.117
283.687	260.178	9.781	8.385
283.558	260.007	10.368	8.950
283.734	260.119	9.848	8.854
283.284	260.007	10.179	8.524
283.354	260.040	10.381	8.826
283.282	260.134	10.074	9.190
283.326	260.130	10.202	9.141
283.219	260.194	10.342	8.919
283.098	260.193	9.851	8.942
282.753	260.109	10.071	9.005
281.771	260.320	10.616	8.568
281.659	260.102	10.999	9.442
280.685	260.291	11.778	9.515
281.183	260.324	11.312	9.365
281.017	260.189	11.254	9.279
281.494	260.636	11.834	8.440
280.677	260.716	11.626	8.740
281.852	259.747	12.585	9.366
282.206	260.109	11.862	8.369
282.236	259.244	11.954	8.955
282.672	260.172	11.302	8.738
283.657	259.141	12.130	9.187
282.807	259.841	11.574	9.012
282.467	259.380	11.937	9.075
282.898	259.759	11.470	8.817
283.270	259.069	11.870	8.878
283.333	259.510	11.615	9.375
283.560	259.437	10.313	8.954
283.884	259.615	9.772	8.518
284.106	259.667	9.288	8.576
284.089	259.632	9.286	8.598
284.139	259.742	9.299	8.393
284.132	259.900	9.245	8.304
284.431	259.676	9.771	8.285
284.359	259.605	9.674	8.263
284.415	259.654	9.481	8.520
284.525	259.521	9.367	8.428
284.336	259.605	9.526	8.423
284.261	259.616	9.618	8.072
284.402	259.718	9.379	8.196
284.379	260.054	9.393	8.333
284.666	259.723	9.263	8.111
282.970	260.018	10.797	8.548
282.716	259.625	10.443	8.746
283.310	259.407	10.108	8.708
283.468	259.500	9.695	8.756
283.236	259.592	9.853	8.948
283.618	259.224	10.849	8.759
283.868	259.079	10.356	8.589
284.239	259.540	9.999	8.227
284.250	259.485	9.630	8.272
284.286	259.929	9.071	8.641
283.491	260.301	9.219	8.725
284.170	260.317	8.764	8.514
284.128	260.311	8.755	8.553
284.344	260.374	8.617	8.659
284.646	260.231	8.546	8.431
284.327	260.300	8.765	8.538
284.110	260.393	8.844	8.677
283.930	260.241	9.185	9.015
283.740	260.380	9.379	8.554
284.067	260.246	9.074	8.496
283.799	260.370	9.306	8.903
283.408	259.913	9.769	8.964
283.427	260.057	9.678	8.738
283.466	260.002	9.810	8.540
283.620	259.993	9.669	8.668
284.254	260.087	8.932	9.028
283.349	259.860	9.836	9.426
283.311	259.763	10.076	9.385
283.325	260.222	9.677	8.927
283.278	260.297	9.759	9.214
283.228	260.235	9.867	9.050
283.043	260.555	9.736	8.981
283.239	260.446	10.800	8.302
284.749	259.927	9.459	8.958
284.592	259.994	9.601	8.094
284.477	260.126	9.618	8.214
284.195	260.118	9.739	8.644
284.075	260.069	9.844	8.528
284.441	259.706	9.767	9.106
284.056	259.561	9.601	8.158
283.346	259.050	10.199	9.519
283.301	259.171	10.108	9.417
291.071	262.048	10.079	8.843
283.178	259.949	10.112	8.584
283.174	261.303	9.642	8.542
279.758	261.138	11.949	9.234
277.924	261.150	12.873	8.708
281.494	259.049	11.271	10.791
281.475	259.800	10.440	9.430
281.906	259.234	10.446	10.014
280.419	259.833	11.281	9.472
280.541	259.973	10.987	9.899
280.731	259.812	10.947	9.898
280.763	259.584	10.919	10.033
281.121	259.248	11.257	10.278
280.568	259.441	11.542	9.770
280.928	259.441	11.000	9.627
283.567	258.503	11.752	9.548
283.176	259.961	11.303	9.163
283.148	259.572	11.061	9.674
283.463	258.958	11.816	9.641
282.671	259.906	11.258	9.147
283.330	259.400	11.092	9.148
283.091	258.994	12.081	9.117
283.261	259.051	11.455	9.503
283.170	259.087	11.318	9.236
283.348	259.067	11.210	9.117
283.448	258.964	11.168	8.945
283.859	259.080	10.498	8.997
283.980	259.828	9.564	8.973
283.502	259.957	9.380	9.134
282.673	260.207	10.012	9.040
283.064	260.752	9.353	8.800
282.801	260.700	9.745	8.972
282.736	260.652	9.750	8.741
282.735	260.468	9.844	8.897
282.952	260.160	10.082	9.000
284.063	259.977	8.964	9.711
283.338	260.212	9.656	9.208
283.219	260.291	9.779	9.122
283.505	260.324	9.643	9.155
284.763	260.277	8.502	9.030
284.200	259.996	9.277	9.448
284.087	260.462	9.304	8.826
284.039	260.354	9.292	8.912
283.468	260.616	9.792	8.924
283.664	260.815	9.978	8.549
284.599	260.972	9.254	7.688
284.121	260.565	9.573	8.290
283.986	259.962	10.011	8.525
283.790	260.195	9.952	8.852
283.905	259.987	9.699	8.850
283.659	260.035	10.376	8.483
283.168	260.458	10.387	8.822
282.712	260.609	10.922	8.637
282.409	260.623	11.290	8.754
282.031	260.344	11.668	9.080
282.039	260.342	11.567	9.158
282.134	260.432	11.512	8.953
282.481	260.478	11.231	8.877
281.829	260.446	11.556	9.291
281.721	260.503	11.539	9.390
281.478	260.340	11.825	9.620
281.640	260.351	11.741	9.466
281.488	260.419	11.759	9.619
282.075	260.096	11.815	9.385
282.359	260.005	11.076	9.367
282.309	260.113	12.057	9.399
282.568	260.007	11.320	8.975
282.830	259.969	10.749	9.233
282.966	259.948	11.151	9.023
283.346	260.032	10.632	8.588
283.936	260.030	9.825	8.273
284.239	260.152	9.334	7.956
283.570	260.056	10.432	8.441
283.899	259.894	9.939	8.345
284.468	260.062	10.036	7.820
284.395	259.582	9.645	8.649
284.307	259.309	9.967	8.858
284.331	259.519	9.788	8.993
283.899	260.210	9.791	8.379
284.245	259.969	9.775	8.311
284.393	259.825	10.155	8.473
284.201	259.697	10.343	8.922
284.106	259.726	10.384	9.149
283.830	259.776	10.300	8.970
0.000	0.000	0.000	0.000
0.000	0.000	0.000	0.000
0.000	0.000	0.000	0.000
0.000	0.000	0.000	0.000
0.000	0.000	0.000	0.000
0.000	0.000	0.000	0.000
0.000	0.000	0.000	0.000
0.000	0.000	0.000	0.000
0.000	0.000	0.000	0.000
0.000	0.000	0.000	0.000
0.000	0.000	0.000	0.000
0.000	0.000	0.000	0.000
0.000	0.000	0.000	0.000
0.000	0.000	0.000	0.000
0.000	0.000	0.000	0.000
0.000	0.000	0.000	0.000
0.000	0.000	0.000	0.000
0.000	0.000	0.000	0.000
0.000	0.000	0.000	0.000
0.000	0.000	0.000	0.000
0.000	0.000	0.000	0.000
0.000	0.000	0.000	0.000
0.000	0.000	0.000	0.000
0.000	0.000	0.000	0.000
0.000	0.000	0.000	0.000
0.000	0.000	0.000	0.000
0.000	0.000	0.000	0.000
0.000	0.000	0.000	0.000
0.000	0.000	0.000	0.000
0.000	0.000	0.000	0.000
0.000	0.000	0.000	0.000
0.000	0.000	0.000	0.000
0.000	0.000	0.000	0.000
0.000	0.000	0.000	0.000
0.000	0.000	0.000	0.000
0.000	0.000	0.000	0.000
284.361	260.280	9.971	9.458
284.440	260.780	9.738	8.400
284.534	260.460	9.576	8.468
284.332	260.377	9.655	8.693
284.540	260.253	9.976	8.862
284.849	260.072	9.693	8.894
284.613	260.312	9.587	8.518
284.000	260.224	9.663	9.022
284.238	260.108	9.852	8.702
284.614	260.097	9.781	8.455
284.616	260.022	9.767	9.387
284.404	260.118	10.155	8.933
284.619	259.698	10.476	9.157
284.551	259.781	10.099	8.887
284.580	259.728	9.903	8.820
284.917	259.612	9.927	8.522
284.357	259.266	10.212	9.337
284.375	259.593	10.374	9.078
284.334	259.577	10.362	9.079
284.984	259.611	9.797	9.224
284.950	259.924	9.961	9.040
284.672	259.953	9.362	9.160
284.264	260.266	9.363	8.986
284.473	259.742	9.355	9.318
284.558	259.745	9.680	8.967
284.040	259.775	9.637	9.217
283.417	259.943	9.760	9.252
282.734	260.304	10.170	9.087
281.938	260.599	10.804	8.844
280.543	260.625	11.976	9.022
280.781	260.202	12.672	9.366
281.059	260.093	11.627	9.553
281.085	260.086	12.222	9.127
281.741	259.937	11.569	9.614
280.607	260.283	12.157	9.300
280.968	260.287	12.066	9.263
281.783	260.302	11.464	9.697
281.836	260.360	11.110	9.189
280.822	260.442	11.924	9.394
281.196	260.359	12.287	9.335
282.137	260.471	10.309	9.374
282.899	260.420	10.960	8.926
282.210	260.158	10.912	9.711
282.486	260.479	10.338	9.420
283.030	260.578	10.519	8.461
282.381	260.750	10.529	9.099
282.424	260.232	11.190	8.916
282.642	259.886	12.192	9.444
282.125	260.030	12.127	9.016
282.286	260.099	11.388	9.013
283.104	260.156	10.542	8.907
283.585	260.619	9.529	8.626
283.570	260.260	9.558	9.045
283.987	260.229	9.174	9.130
284.081	260.214	9.139	8.699
284.005	260.179	9.285	8.787
284.243	260.134	9.037	8.841
284.233	260.176	8.968	9.148
284.071	260.113	9.186	8.947
0.000	0.000	0.000	0.000
0.000	0.000	0.000	0.000
283.281	260.008	10.188	9.220
283.382	259.804	10.075	9.350
283.947	260.071	10.041	8.318
283.928	260.236	9.870	8.043
284.046	260.044	9.660	8.487
284.148	260.035	9.525	8.574
284.383	259.847	10.084	8.598
284.153	260.054	10.109	8.035
284.197	259.588	10.134	8.643
284.283	259.432	9.909	8.915
284.243	260.266	9.464	8.382
285.088	259.829	9.073	8.812
284.441	260.052	9.775	7.789
284.290	260.073	9.400	8.491
284.296	259.939	9.075	8.629
284.278	259.664	9.139	8.960
284.044	260.033	9.066	9.130
284.334	260.078	8.638	9.281
284.090	259.977	9.278	9.343
284.355	260.066	8.697	9.414
284.284	259.858	9.397	8.850
284.068	259.921	9.371	8.871
283.992	260.028	9.592	8.811
284.166	259.979	9.031	9.179
283.942	260.012	9.199	9.060
284.029	259.859	9.575	9.261
284.438	260.034	8.763	8.970
284.384	260.048	8.841	9.031
284.677	260.172	8.501	8.805
284.523	260.160	8.625	8.865
284.317	260.203	8.820	8.950
284.036	260.200	9.395	8.744
284.049	260.080	9.589	9.057
284.385	259.837	9.635	9.069
284.456	260.183	9.533	8.161
284.270	260.285	9.602	8.309
284.110	259.980	9.798	8.462
284.249	260.297	9.568	8.956
283.344	260.160	10.261	9.094
283.011	260.219	10.385	8.867
282.928	260.377	10.069	8.596
283.318	260.171	10.083	8.665
283.500	260.145	9.813	8.654
283.500	260.106	10.021	8.492
283.418	260.420	9.851	8.221
281.729	260.403	11.586	8.613
282.059	260.263	10.848	9.099
282.316	259.907	11.393	9.338
282.608	259.843	10.872	8.970
282.747	259.832	10.685	8.740
284.381	260.016	9.900	9.014
284.439	260.194	9.658	8.717
284.435	260.344	9.586	8.466
284.529	260.471	9.589	8.345
284.267	260.440	9.664	8.405
284.432	260.379	9.442	8.642
284.513	259.928	10.040	8.405
284.682	259.847	9.808	8.480
284.539	260.192	9.223	8.464
284.509	260.137	9.336	8.690
284.898	260.374	9.213	8.455
285.250	260.393	8.532	8.244
284.290	260.174	9.578	8.266
284.321	260.191	9.505	8.280
284.534	260.104	9.406	8.281
284.472	260.243	9.531	8.076
284.497	260.232	9.473	7.973
284.461	260.235	9.465	7.974
284.326	260.226	9.506	8.477
284.265	260.197	9.665	8.457
284.293	260.147	9.602	8.496
284.221	260.168	9.656	8.246
284.276	260.198	9.579	8.315
284.303	260.249	9.551	8.262
284.285	259.952	9.526	8.505
284.134	259.892	9.872	8.675
284.211	260.158	9.669	8.370
284.453	260.161	9.287	8.437
284.258	260.209	9.801	8.114
283.880	260.153	10.013	8.054
283.059	260.034	10.404	8.422
282.748	259.781	11.744	8.609
282.632	260.125	11.012	8.615
283.294	259.874	10.452	8.951
284.608	260.084	8.788	8.892
284.278	259.926	9.989	8.131
283.914	259.899	10.271	8.766
281.333	260.426	12.179	8.465
281.435	260.540	11.929	8.347
281.417	260.444	11.987	8.109
282.195	260.231	11.231	8.441
283.715	260.312	9.516	8.923
283.675	260.359	9.738	8.211
283.728	260.294	9.911	7.637
283.921	260.151	9.534	8.331
283.958	260.197	9.555	8.211
284.094	260.189	9.397	8.334
284.173	260.050	8.949	9.062
283.598	259.867	9.948	9.031
284.098	260.165	9.291	8.624
283.845	259.946	9.892	8.406
284.098	260.048	9.539	8.085
283.775	259.911	10.239	8.539
284.226	259.843	9.438	8.852
284.309	260.243	9.033	8.494
284.311	260.208	9.048	8.531
284.209	260.096	9.131	8.646
284.244	260.210	9.080	8.490
284.067	260.102	9.247	8.284
284.097	260.036	9.239	8.312
283.565	260.295	9.691	8.199
283.599	260.285	9.640	8.216
283.316	259.862	10.367	8.751
283.694	259.666	10.493	8.772
284.091	259.874	9.852	8.597
284.228	259.768	10.338	8.181
284.228	259.737	9.785	8.568
284.081	259.696	10.311	8.374
284.400	259.922	9.252	8.596
284.228	259.787	9.749	8.597
284.319	259.851	9.749	8.556
284.542	259.623	9.775	8.392
283.792	260.362	10.429	8.701
283.983	260.166	10.335	8.298
284.488	259.936	9.550	8.875
284.287	259.654	10.029	8.514
284.302	260.414	9.792	8.504
284.308	259.740	10.445	8.480
284.056	259.617	10.290	8.999
283.769	259.804	10.335	8.782
283.763	259.815	10.305	8.684
283.829	259.955	9.991	8.640
284.075	259.972	10.373	8.199
283.514	259.829	10.193	8.651
283.801	259.529	10.566	8.971
283.563	260.047	10.020	8.781
283.651	260.053	9.903	8.552
283.280	260.086	10.023	8.515
283.563	260.084	9.897	8.435
283.788	259.880	9.887	8.719
283.258	259.980	10.032	8.516
283.319	259.981	9.979	8.583
283.428	259.996	10.062	8.872
283.265	259.844	10.107	9.185
283.167	259.960	10.179	8.937
282.988	259.735	10.283	9.029
283.034	259.773	9.857	9.325
282.872	259.748	9.876	9.587
282.552	259.782	10.507	9.440
284.139	258.855	11.690	9.673
282.873	259.397	11.163	9.563
282.896	259.218	11.697	9.501
283.219	259.377	10.766	9.279
282.687	259.314	11.415	9.536
282.745	259.330	12.405	9.591
281.576	259.439	12.250	9.630
283.022	258.863	11.856	10.161
281.719	259.992	11.761	9.235
281.461	259.160	12.059	9.773
281.779	259.591	11.887	9.340
283.582	258.257	13.229	10.536
283.469	258.822	13.525	9.548
282.386	258.518	14.998	10.013
282.108	258.712	14.246	9.858
282.984	258.995	12.998	9.414
283.433	258.816	13.346	9.465
282.592	259.132	13.356	8.907
282.894	258.936	12.978	9.521
283.292	258.631	13.815	9.678
283.616	258.577	13.500	9.710
283.703	258.467	12.939	10.072
283.381	259.989	10.711	9.040
283.421	259.828	10.491	8.567
283.483	259.846	10.958	8.781
284.149	259.042	11.440	9.196
284.178	259.676	9.992	8.737
283.896	259.793	10.639	8.587
283.991	259.815	10.103	9.029
284.004	259.904	10.018	9.005
283.810	259.889	10.294	9.126
283.072	260.128	10.787	8.832
284.216	259.028	11.731	9.309
284.350	259.306	10.062	8.802
284.418	258.765	10.670	8.870
284.480	259.184	10.731	8.689
284.212	258.968	11.399	9.018
283.932	259.232	10.578	8.643
283.714	259.487	10.775	9.008
283.391	259.374	11.028	8.913
283.099	259.005	12.612	9.009
283.008	259.463	11.696	8.837
283.312	259.182	11.311	8.621
283.510	259.211	11.032	8.960
283.520	259.038	11.425	9.005
283.882	259.666	10.032	8.822
284.169	259.806	9.206	8.479
284.094	259.915	9.515	8.302
284.032	259.872	9.560	8.295
284.062	259.876	9.497	8.308
284.175	259.463	10.111	8.698
284.202	259.298	9.970	8.726
284.167	259.688	9.960	8.850
283.883	259.822	10.320	8.663
283.819	259.650	10.390	9.201
283.704	259.697	10.335	8.996
283.988	259.478	10.868	8.874
283.495	258.871	13.298	9.001
282.275	258.429	15.146	9.714
282.343	258.339	15.043	10.314
281.341	258.593	15.110	9.745
282.562	258.956	12.254	9.907
283.130	259.731	10.512	8.474
283.464	259.748	10.880	8.599
283.807	259.423	10.913	8.764
284.050	259.277	10.596	8.469
284.279	259.451	10.431	8.599
284.155	259.043	11.093	8.673
284.223	259.263	10.753	8.409
284.108	259.592	11.216	8.736
283.906	259.252	11.239	9.243
283.895	259.311	10.941	9.020
283.886	259.324	11.398	8.769
283.784	259.264	11.285	9.089
283.767	259.228	11.223	9.121
283.695	259.086	11.671	8.855
283.712	259.168	11.095	9.077
283.895	258.978	11.129	8.758
283.877	259.118	11.075	8.851
284.036	259.189	10.835	8.777
284.056	259.058	10.887	8.845
284.067	259.305	10.713	8.302
284.258	259.186	10.822	8.424
283.995	259.452	11.071	8.431
284.219	259.165	10.865	8.441
284.125	258.926	11.593	8.720
284.072	258.825	13.052	9.278
282.992	259.066	12.803	9.572
282.750	259.066	12.894	9.743
281.720	259.177	13.827	9.585
280.909	259.228	13.856	9.700
280.882	259.348	12.650	9.423
282.045	259.068	13.639	9.965
281.733	259.021	13.627	9.357
282.134	259.019	12.511	9.414
282.618	259.539	11.681	8.901
282.848	259.281	11.217	8.978
282.952	259.239	11.336	8.973
282.635	259.436	11.365	8.915
282.724	259.351	11.285	8.882
282.852	259.452	11.161	8.767
282.987	259.453	11.407	8.629
283.186	259.598	11.078	8.746
282.414	259.442	12.037	8.702
282.220	259.653	11.799	8.710
281.014	259.334	11.889	9.476
281.738	259.261	11.958	9.327
282.084	259.674	11.105	9.328
282.109	259.357	11.932	9.517
280.989	259.390	11.589	9.225
282.353	259.158	12.061	9.338
281.861	259.629	11.513	8.436
282.252	259.380	10.767	8.591
283.209	259.261	11.134	9.002
282.342	259.345	10.869	8.965
282.710	259.297	11.393	8.794
281.393	259.739	11.688	8.372
281.945	259.661	11.778	8.776
282.125	259.602	11.385	9.023
282.163	259.562	11.324	8.902
282.924	259.456	10.914	9.028
282.980	259.584	10.458	8.882
282.923	259.786	10.685	8.661
282.813	259.767	10.662	8.624
282.797	259.720	10.821	8.733
282.974	259.693	10.481	8.620
282.977	259.765	10.441	8.577
283.002	259.738	10.570	8.625
283.057	259.669	10.353	8.855
282.927	259.642	10.574	9.123
283.133	259.535	10.621	9.248
283.103	259.478	10.706	9.108
282.921	259.424	10.902	9.052
283.022	259.412	10.691	9.234
282.742	259.755	10.495	9.125
283.147	259.582	10.418	9.111
281.565	260.073	11.187	8.256
281.950	259.692	11.491	8.778
282.493	259.806	10.390	8.744
282.963	260.005	9.924	8.536
282.864	260.088	10.853	8.131
281.076	259.795	11.852	8.758
282.187	258.946	11.174	9.212
283.082	259.518	10.381	8.820
282.694	259.670	10.582	8.717
282.708	259.634	10.560	9.056
282.391	259.542	10.711	9.015
281.773	259.673	11.154	8.816
281.822	259.410	11.293	8.799
282.257	259.418	11.301	8.626
281.402	259.553	11.737	8.714
281.403	259.544	11.548	8.786
281.211	259.483	12.355	8.759
281.424	260.250	11.359	8.594
281.442	259.673	12.255	9.073
281.546	259.863	11.682	8.918
281.855	259.721	11.366	8.974
281.923	259.510	11.546	9.510
281.985	259.571	11.479	9.310
281.956	259.512	11.495	9.294
281.693	259.411	11.707	9.149
281.717	259.456	11.494	9.505
281.253	259.591	11.974	9.532
280.866	259.414	12.166	9.619
281.238	258.949	12.719	9.767
281.366	259.977	11.505	7.990
282.207	258.823	11.356	9.455
282.318	259.096	11.236	9.559
281.997	258.941	11.195	9.467
282.839	258.595	12.079	9.943
282.267	259.613	11.235	9.057
281.385	259.366	11.751	8.996
281.744	259.276	11.252	9.239
281.869	259.154	11.583	9.573
282.314	259.216	11.050	9.409
283.308	258.936	11.466	9.605
281.363	259.308	12.337	9.248
282.402	259.787	10.858	8.009
282.929	258.783	11.777	9.579
283.136	259.102	11.019	9.451
283.251	258.489	12.365	9.537
283.154	259.129	11.486	9.415
283.296	258.755	11.208	9.254
283.330	258.449	11.801	9.716
283.258	259.206	10.936	9.470
282.290	259.011	11.577	9.420
281.497	259.300	11.360	9.477
281.913	259.098	11.440	9.670
282.257	259.095	10.653	9.694
281.943	259.476	10.455	9.387
283.113	259.240	11.084	9.152
283.202	259.226	10.315	9.342
282.472	259.959	10.412	8.838
281.590	259.871	10.995	9.194
279.992	260.300	12.140	9.494
280.724	259.425	12.081	9.380
280.846	259.717	11.206	9.424
282.356	259.606	11.362	9.103
282.374	259.782	10.298	8.795
280.999	260.113	11.323	8.624
281.183	260.018	11.883	8.981
281.672	259.425	10.960	9.446
281.044	259.650	11.408	9.624
281.171	259.492	11.554	9.640
281.192	259.295	12.110	9.598
281.077	259.784	11.756	8.959
281.141	259.174	11.822	9.800
281.721	258.933	12.305	9.621
281.591	260.034	11.400	8.532
282.456	258.844	11.978	9.700
282.531	259.894	11.284	8.805
283.955	259.486	11.186	8.721
283.566	259.531	11.094	8.512
283.759	259.602	10.602	8.477
283.853	259.381	10.746	8.620
283.809	259.660	10.355	8.600
283.790	259.360	10.696	8.550
283.745	259.266	10.636	8.710
283.803	259.475	10.700	8.624
283.952	259.331	10.558	8.613
284.091	259.417	10.338	8.484
284.076	259.632	10.021	8.511
284.286	259.776	9.818	8.278
282.715	260.402	11.137	8.533
282.542	259.681	11.148	8.745
282.213	260.002	10.929	8.841
284.106	259.661	9.981	8.175
284.202	259.454	9.734	8.337
284.125	260.036	9.719	7.991
284.385	259.938	9.125	7.902
283.846	260.189	9.560	8.008
283.551	260.362	9.699	8.176
283.766	260.272	9.600	8.350
283.887	260.201	9.468	8.446
284.197	260.051	9.215	8.270
284.095	260.023	9.288	7.917
283.730	259.377	10.119	8.503
282.943	259.427	10.618	8.887
283.363	259.528	11.426	8.606
283.352	259.443	10.992	8.682
282.750	259.468	10.864	9.255
282.765	259.709	10.907	8.989
282.286	260.170	11.847	9.192
280.813	260.037	12.767	9.151
281.639	260.114	11.411	9.148
281.546	259.925	11.226	9.033
282.739	259.459	11.640	9.529
282.796	259.973	11.120	9.224
281.775	259.513	12.119	9.417
282.020	259.264	11.625	9.688
281.529	259.641	12.167	9.376
282.277	259.466	11.282	9.141
282.385	259.229	11.875	9.859
281.096	259.431	12.774	10.119
281.753	259.702	11.568	9.505
282.433	259.555	10.822	9.853
282.616	259.674	10.909	8.904
280.898	259.764	12.342	9.441
281.345	259.270	12.023	9.609
282.042	259.614	11.217	9.347
282.691	259.304	11.436	9.080
284.021	258.754	12.748	9.100
284.081	258.821	11.672	8.917
284.114	259.114	10.665	8.837
284.054	258.786	10.790	9.447
284.229	258.647	11.482	8.919
284.559	258.787	11.595	8.459
284.084	259.662	10.696	8.339
283.646	259.298	11.055	8.730
283.936	259.013	10.687	9.337
283.789	259.420	11.483	9.087
283.242	258.961	12.722	8.979
283.546	259.161	11.675	9.731
283.882	259.098	10.691	9.069
284.076	259.175	10.565	9.530
284.222	259.396	10.232	8.702
284.086	259.862	9.851	8.547
283.925	259.438	10.608	8.612
283.643	259.230	10.383	8.487
283.870	259.297	10.392	9.161
283.641	259.163	10.225	8.716
283.654	259.571	10.572	8.869
283.543	259.309	10.441	8.827
283.800	259.679	10.498	8.828
283.830	259.693	10.452	8.740
284.027	259.573	9.880	8.571
283.891	259.129	9.983	8.738
283.693	259.527	10.001	8.806
283.861	258.983	10.596	9.088
284.031	259.911	9.888	8.691
283.875	259.986	9.413	8.389
283.999	259.973	9.626	8.221
283.907	259.824	9.845	8.436
283.952	259.843	9.668	8.409
283.781	259.882	9.648	8.408
283.865	259.925	9.585	8.294
283.990	259.997	9.337	8.305
281.522	260.234	10.897	9.195
282.430	259.481	10.980	8.874
281.167	259.995	11.187	10.035
281.559	259.949	10.546	9.264
281.351	260.058	10.640	9.759
281.604	260.060	10.338	9.573
281.671	260.079	10.348	9.269
281.315	260.174	10.665	9.317
281.796	260.066	10.445	9.070
281.464	260.283	10.441	9.292
281.666	260.153	10.475	8.876
282.415	260.095	10.217	8.722
283.293	260.058	10.982	8.144
283.056	260.036	10.046	8.324
283.257	260.004	9.477	8.189
283.009	259.940	11.198	8.243
283.415	259.635	10.138	8.729
283.152	259.691	10.195	9.216
282.886	260.190	9.449	8.934
282.699	259.984	10.868	8.596
282.278	259.962	10.071	9.524
282.768	259.884	11.044	8.813
282.699	259.713	10.332	9.533
282.689	259.723	11.237	8.500
283.549	258.661	11.265	9.869
283.748	258.430	10.927	9.768
283.984	258.456	10.420	10.025
284.178	258.707	10.810	9.755
283.992	258.903	10.100	9.698
283.780	259.100	10.328	9.306
283.685	259.534	9.965	9.088
282.998	259.820	9.900	9.506
283.077	259.304	11.057	9.406
283.171	259.223	10.814	9.392
283.403	258.990	11.099	9.637
283.420	258.804	10.820	9.686
283.783	259.784	9.811	9.265
283.129	260.286	9.468	9.123
282.718	259.574	11.253	9.486
282.478	259.605	10.608	8.732
282.685	259.830	10.527	8.811
282.677	259.849	10.363	8.697
282.839	260.034	10.234	8.470
282.931	259.912	10.865	8.980
282.833	260.120	9.811	8.485
282.803	259.882	10.372	8.554
282.999	259.602	10.419	8.228
282.609	260.300	10.344	7.948
282.733	260.470	9.860	8.123
282.519	260.236	9.878	7.826
281.362	260.533	10.934	7.948
281.103	260.215	11.804	8.073
281.494	259.632	11.062	8.865
281.869	259.896	10.585	8.516
281.866	259.973	10.680	8.449
282.202	260.227	10.513	8.363
282.610	259.789	10.664	8.671
282.336	260.070	10.356	8.425
282.385	260.148	10.078	8.748
282.581	260.386	10.014	7.307
284.874	259.365	9.443	8.612
284.653	259.288	9.382	8.340
284.381	259.322	9.597	8.364
284.237	259.423	9.771	8.380
284.237	259.750	9.424	8.353
284.053	259.619	9.143	8.848
283.710	260.031	9.355	8.455
283.498	260.127	9.635	8.244
283.920	259.979	9.259	8.266
284.095	259.912	9.129	8.395
283.114	259.994	10.086	8.700
283.501	259.881	10.039	8.793
282.581	259.799	10.246	8.891
282.363	259.437	11.160	8.426
283.008	259.137	10.294	8.821
283.414	259.335	9.808	8.926
283.595	259.117	9.592	8.882
283.641	259.262	9.548	8.769
283.470	259.678	9.710	8.566
283.270	259.362	10.016	8.847
283.678	259.094	10.073	8.839
283.322	259.267	10.092	8.473
283.630	259.096	9.729	8.602
0.000	0.000	0.000	0.000
0.000	0.000	0.000	0.000
0.000	0.000	0.000	0.000
0.000	0.000	0.000	0.000
0.000	0.000	0.000	0.000
0.000	0.000	0.000	0.000
0.000	0.000	0.000	0.000
0.000	0.000	0.000	0.000
0.000	0.000	0.000	0.000
0.000	0.000	0.000	0.000
0.000	0.000	0.000	0.000
0.000	0.000	0.000	0.000
0.000	0.000	0.000	0.000
0.000	0.000	0.000	0.000
0.000	0.000	0.000	0.000
0.000	0.000	0.000	0.000
0.000	0.000	0.000	0.000
0.000	0.000	0.000	0.000
0.000	0.000	0.000	0.000
0.000	0.000	0.000	0.000
0.000	0.000	0.000	0.000
0.000	0.000	0.000	0.000
0.000	0.000	0.000	0.000
0.000	0.000	0.000	0.000
0.000	0.000	0.000	0.000
0.000	0.000	0.000	0.000
0.000	0.000	0.000	0.000
283.034	259.323	10.150	8.861
283.396	259.690	9.667	8.148
283.762	259.373	9.409	8.383
283.427	259.552	9.539	8.518
283.287	259.865	9.645	7.954
283.704	259.276	9.896	7.879
283.376	259.243	10.034	8.674
283.298	259.308	10.029	8.691
283.526	259.031	10.050	8.466
283.507	259.109	9.933	8.906
283.186	259.638	9.988	9.038
282.723	259.740	9.858	8.984
282.040	259.993	10.410	8.588
282.314	259.744	10.518	9.094
282.418	259.367	10.674	9.550
282.487	259.165	10.775	9.742
282.388	259.560	10.296	9.469
282.187	259.723	9.782	8.824
282.137	259.719	10.144	8.727
282.313	259.478	9.839	8.893
282.880	259.452	9.677	8.462
282.800	259.381	9.740	8.545
282.346	260.182	10.320	8.435
280.924	260.132	11.305	8.711
281.110	259.915	11.636	8.828
281.555	259.546	10.991	9.077
280.516	260.120	11.651	8.929
280.964	260.005	11.360	8.618
282.073	259.633	10.512	8.422
281.561	259.784	10.971	8.715
280.189	260.091	11.800	9.410
281.006	260.210	11.298	8.383
281.976	259.790	10.787	8.741
281.399	259.965	11.004	9.077
282.102	259.479	11.360	8.858
281.244	259.657	11.480	9.392
281.749	259.333	10.985	9.701
282.119	259.566	10.508	9.599
282.015	259.451	11.428	9.594
282.163	259.787	10.621	9.106
282.106	259.990	10.312	9.417
281.354	259.932	11.527	9.176
281.744	259.166	11.563	9.262
282.054	259.574	10.657	9.577
280.743	260.003	11.606	9.698
280.245	259.960	12.130	9.811
280.741	260.036	11.492	9.054
280.453	260.620	11.472	8.437
280.512	260.543	11.853	8.384
280.768	259.985	11.611	8.907
280.833	259.903	11.926	8.683
281.159	259.826	12.037	8.728
280.270	260.177	12.114	8.338
281.001	260.197	11.955	8.427
281.122	259.581	11.299	8.703
281.254	259.769	11.137	8.969
281.006	260.117	11.512	8.260
281.540	259.526	10.888	8.825
280.000	260.332	12.615	8.534
280.260	260.076	12.696	8.298
280.649	259.977	12.246	8.174
280.872	260.041	11.821	8.167
280.978	259.727	12.272	8.597
280.615	260.045	12.007	8.272
280.497	260.375	12.000	8.203
280.490	260.308	12.360	8.063
280.641	260.276	12.004	8.092
279.916	260.489	12.442	8.182
279.709	260.582	12.778	8.230
279.977	260.428	12.708	8.044
280.338	260.476	12.008	7.852
280.858	260.862	11.470	7.362
280.021	260.248	12.070	8.793
280.754	259.880	12.086	8.927
280.921	260.646	11.313	8.031
281.364	259.922	11.974	8.772
279.934	260.508	12.557	8.521
280.561	260.232	12.736	8.768
280.407	260.461	12.006	8.279
280.964	260.628	11.016	7.987
280.717	260.772	11.291	7.983
280.252	260.665	11.612	7.898
280.215	260.039	11.919	8.611
281.083	259.669	10.861	8.937
281.760	259.736	10.806	8.600
281.861	259.783	10.422	8.676
281.685	259.760	10.593	8.463
281.177	260.067	11.119	8.321
280.855	259.808	11.935	8.672
280.567	259.844	11.783	8.641
281.247	259.580	11.127	8.776
281.800	259.519	10.942	8.537
281.909	259.548	10.722	8.946
281.672	259.624	10.759	8.422
280.674	260.189	11.409	8.735
280.935	259.256	11.486	9.798
281.058	259.950	11.098	8.834
281.293	259.295	11.128	9.311
281.367	259.516	11.228	9.128
281.086	259.938	11.042	9.290
281.118	259.583	10.904	9.780
281.168	259.615	10.922	9.715
281.151	259.723	11.039	9.589
280.792	260.208	11.657	8.599
281.582	259.078	12.212	9.432
283.553	260.157	11.303	8.208
283.123	260.006	10.457	8.311
282.598	259.887	10.321	8.489
282.619	259.953	10.289	8.338
282.784	260.050	10.289	8.473
282.837	260.453	10.099	7.912
282.247	260.312	10.996	7.874
282.215	260.201	11.164	8.523
280.306	260.127	12.443	8.725
281.717	259.734	12.251	9.171
280.376	260.211	12.899	8.819
281.568	259.776	12.560	8.838
281.781	260.379	11.462	8.315
282.823	259.320	12.346	8.656
283.074	259.513	11.048	8.722
282.872	260.268	10.577	8.044
282.801	260.311	10.003	7.690
282.293	260.572	10.047	7.712
282.341	260.481	10.053	7.872
282.281	260.528	10.051	7.805
282.630	260.366	9.757	7.954
281.441	260.467	10.851	7.806
280.493	261.071	12.371	9.113
281.378	256.297	11.308	11.670
281.696	260.041	11.013	9.181
282.192	259.266	10.781	9.512
283.325	259.322	10.931	8.932
283.128	259.632	11.153	8.714
283.131	259.158	10.899	9.063
282.985	259.603	10.466	9.258
282.631	260.449	10.093	8.719
282.834	259.883	10.157	8.552
282.412	259.834	10.266	8.344
282.858	259.468	10.272	8.570
282.750	259.782	10.285	8.977
282.691	259.938	10.133	8.728
282.240	259.965	10.160	8.853
283.156	259.926	10.514	8.343
282.862	259.738	10.477	9.181
282.940	259.819	10.066	8.977
282.729	259.781	9.852	9.008
282.731	259.687	10.015	8.755
282.847	259.719	10.113	8.827
282.557	259.785	9.990	9.247
283.012	259.652	10.419	8.796
282.745	259.579	10.031	9.164
282.332	260.076	10.728	8.688
282.017	260.037	10.550	9.044
281.977	260.265	10.466	8.452
283.964	259.520	10.229	8.591
283.725	259.818	10.085	8.023
283.975	259.493	9.918	8.047
284.313	259.182	9.881	8.185
284.385	259.128	9.938	8.179
284.317	259.149	10.032	8.150
284.300	259.176	10.157	8.319
284.252	259.251	9.987	8.467
284.190	259.360	10.237	7.724
284.130	259.662	10.415	7.971
283.995	259.061	10.510	8.562
283.872	259.399	10.543	8.392
282.319	259.825	10.645	8.420
282.378	259.533	10.727	8.779
282.046	259.816	10.736	8.589
281.961	259.690	10.967	8.529
281.971	259.949	11.201	8.448
281.317	260.070	11.137	8.274
281.349	259.604	11.260	8.398
281.685	259.609	11.297	8.622
281.758	259.926	10.834	8.648
281.245	260.047	11.317	8.975
281.732	259.667	11.530	9.181
281.803	259.869	10.762	8.959
281.848	259.997	11.027	8.627
282.021	260.150	11.826	8.155
281.762	259.778	11.360	8.791
282.205	259.967	11.451	8.110
282.565	259.662	10.767	8.230
282.702	260.172	10.903	7.758
282.675	259.561	10.900	8.921
282.770	259.658	10.833	8.728
282.769	259.549	10.864	8.828
282.712	259.584	10.997	8.406
282.953	259.759	10.856	8.500
282.818	259.423	10.887	8.624
283.502	259.722	10.113	8.549
283.445	259.587	9.761	8.298
283.847	260.074	9.797	7.743
283.797	260.146	9.524	8.062
283.434	260.188	9.916	7.699
283.263	260.230	10.078	7.782
283.348	260.239	10.025	8.041
281.677	260.583	11.278	7.984
282.119	260.078	10.602	8.910
281.773	260.018	10.937	8.873
281.451	260.321	11.069	8.842
281.940	259.813	10.685	8.982
283.063	259.906	10.472	8.213
282.748	259.962	10.471	8.178
283.256	260.026	10.421	7.901
283.415	259.977	10.088	7.924
283.241	260.149	10.202	7.991
283.375	260.020	10.208	7.976
283.315	260.040	10.244	8.008
282.914	260.172	10.645	7.689
283.501	260.007	10.787	8.000
283.611	259.880	10.597	8.148
283.645	260.018	10.375	8.056
283.642	259.780	10.235	8.319
283.339	260.220	9.870	8.064
283.438	260.042	9.959	8.173
283.498	260.104	9.804	8.128
283.611	259.824	9.829	8.410
283.471	260.232	9.840	8.088
283.594	260.353	10.031	8.171
283.407	260.263	10.031	7.938
283.422	260.319	10.210	8.061
283.613	260.263	10.071	7.981
283.428	260.167	10.258	7.926
283.487	260.159	10.045	8.045
283.428	260.362	10.175	7.980
282.975	260.091	10.650	7.904
282.809	259.744	10.462	8.344
282.882	259.608	10.427	8.452
282.530	259.757	10.684	8.467
282.451	259.886	10.834	8.182
282.528	259.872	11.068	8.240
282.305	259.816	11.273	8.265
282.028	259.582	11.882	8.499
282.301	260.046	11.554	8.186
282.408	259.634	11.277	8.518
282.406	259.530	11.304	8.800
282.367	259.532	11.287	8.829
283.277	259.275	10.543	8.376
284.051	259.156	10.068	8.537
284.134	259.312	9.910	8.553
284.146	259.447	9.811	8.373
284.085	259.546	9.779	8.408
283.593	259.551	9.691	8.551
283.515	259.556	9.560	8.888
283.765	259.906	9.241	8.094
283.833	259.683	9.249	8.955
283.557	260.106	9.458	8.006
283.373	260.174	9.676	7.885
283.221	260.207	9.851	7.766
283.418	260.156	9.894	7.887
283.290	260.184	10.210	7.921
283.352	259.870	9.894	7.955
283.408	259.757	9.879	7.976
283.479	259.805	9.958	8.226
283.416	259.977	9.822	7.952
283.447	259.827	9.967	7.998
283.576	260.258	9.615	7.834
283.459	260.115	9.934	7.795
283.631	260.035	9.737	7.689
283.796	260.007	9.600	8.037
283.718	260.009	9.793	7.757
283.544	259.919	10.736	7.870
283.655	259.634	10.506	7.971
283.553	259.586	10.723	8.215
283.589	260.305	10.410	7.752
283.480	259.806	10.667	7.964
283.268	259.742	10.944	8.126
283.040	259.851	11.486	7.920
283.201	259.618	10.949	8.178
282.843	260.262	10.742	7.956
283.099	259.766	11.028	8.062
282.778	260.359	10.898	7.976
282.869	259.481	11.191	8.405
284.517	259.769	9.497	8.647
284.675	259.927	9.513	8.139
284.288	260.314	9.697	8.019
284.290	260.064	9.902	7.851
284.333	260.232	9.655	7.799
284.251	259.569	9.652	8.258
283.966	259.967	9.801	8.417
283.807	260.028	9.446	8.479
283.392	260.065	9.573	8.353
283.381	260.054	9.612	8.398
283.310	259.974	9.745	8.452
283.858	260.090	9.054	8.336
283.286	260.075	9.538	8.305
283.298	260.006	9.494	8.414
283.248	260.004	9.492	8.476
283.544	259.885	9.504	8.346
283.677	259.966	9.313	8.173
284.329	260.087	8.644	8.051
284.170	260.223	8.738	7.935
284.073	260.289	8.812	7.916
283.505	260.395	9.338	7.815
283.593	260.499	9.269	7.726
283.474	260.304	9.406	7.969
283.465	260.296	9.402	8.012
284.069	260.165	9.066	8.172
284.216	260.106	8.900	8.320
284.066	260.106	9.070	8.264
283.518	260.167	9.400	8.052
283.907	260.107	9.027	8.083
283.952	260.227	9.055	7.980
283.250	259.835	9.580	8.008
283.959	259.366	9.212	8.830
283.489	259.200	9.757	8.906
283.365	259.134	9.851	9.066
283.363	258.918	9.921	9.035
283.356	258.970	9.921	9.075
283.890	258.974	9.470	9.066
283.885	259.331	9.629	9.022
283.893	259.458	9.507	8.966
283.575	259.101	9.855	8.980
283.594	259.289	9.897	8.904
283.365	259.029	9.994	9.233
283.540	259.150	9.628	8.979
283.698	259.691	9.515	8.321
283.508	259.851	9.547	8.335
283.939	259.930	9.357	8.214
284.130	259.887	9.262	8.376
283.712	259.958	9.448	8.111
282.929	259.861	9.831	8.885
283.977	259.701	9.217	8.266
283.001	259.683	9.886	8.960
284.448	259.852	8.364	8.275
283.132	259.549	9.603	8.986
284.264	259.942	8.469	8.083
283.075	259.624	9.727	8.814
283.366	259.995	9.296	7.906
283.737	259.706	10.583	8.719
283.489	259.674	9.896	8.046
283.459	259.673	9.846	8.665
283.230	260.039	9.654	7.942
283.117	260.155	9.865	7.814
283.113	260.121	9.802	7.910
283.242	259.928	9.795	7.678
283.671	260.276	9.747	8.426
283.056	260.210	9.858	7.792
282.979	259.990	10.289	8.191
282.744	260.102	10.050	8.473
283.078	259.999	10.521	8.191
282.954	259.752	10.306	8.786
282.957	259.976	10.121	8.417
283.474	260.063	9.597	8.120
283.679	259.774	9.909	8.380
283.574	260.467	9.695	8.515
283.416	260.081	9.737	7.998
283.264	260.124	9.692	8.151
283.286	260.149	9.720	8.063
283.339	260.163	9.669	8.084
283.295	260.155	9.806	8.084
283.244	260.229	9.833	8.010
283.218	260.220	9.785	8.052
281.770	260.591	10.889	8.186
281.613	260.205	10.734	9.144
282.186	260.184	10.548	8.368
281.942	259.724	10.929	9.107
282.721	259.353	9.890	8.713
283.283	259.237	10.691	8.844
283.205	259.107	10.394	8.825
283.927	259.229	9.490	8.756
283.711	259.325	9.673	8.720
283.783	259.378	9.557	8.741
284.089	259.293	9.264	8.865
284.259	259.283	9.174	8.872
284.185	259.346	9.204	8.961
284.272	259.278	9.263	8.618
284.137	259.306	9.371	8.535
284.202	259.324	9.370	8.602
283.116	259.751	9.926	8.738
282.036	259.932	10.966	8.257
280.905	259.509	11.863	9.072
281.508	259.387	11.975	9.098
282.014	260.179	10.890	8.368
281.322	259.257	11.520	8.988
281.572	259.151	11.390	8.947
281.452	259.162	11.509	8.910
281.576	259.267	11.030	8.883
281.933	259.706	11.101	8.940
280.820	259.874	11.706	8.600
281.696	259.486	11.852	8.725
282.136	259.376	11.374	8.777
282.374	259.351	11.066	8.594
282.771	259.334	11.706	8.627
282.859	259.648	10.836	8.269
282.795	259.521	10.660	8.667
282.485	259.657	10.362	8.311
282.242	259.785	10.696	8.225
281.644	259.677	11.317	8.399
281.912	259.262	12.262	8.766
282.224	259.553	11.266	8.468
281.594	259.415	12.078	8.663
282.097	259.518	12.707	8.597
280.352	259.662	12.766	8.581
281.125	259.292	11.962	8.804
280.941	260.100	11.600	8.986
281.345	259.476	10.863	9.053
282.424	259.283	11.216	8.682
282.338	259.531	10.800	9.465
281.227	259.583	11.306	9.303
281.679	259.354	11.171	9.011
281.716	259.435	10.952	9.065
281.848	259.550	10.994	8.736
280.166	260.361	12.078	9.067
280.296	260.181	11.571	8.862
281.586	259.835	11.086	8.833
282.172	259.461	10.649	8.955
281.622	259.725	10.891	8.747
282.365	259.438	10.754	8.741
281.991	259.661	10.537	8.936
282.789	259.531	11.249	8.663
283.125	259.443	10.553	8.840
282.606	259.742	10.333	8.942
282.802	259.626	10.074	9.097
284.477	259.702	9.776	8.315
284.068	259.418	9.761	8.533
284.115	259.491	9.064	8.803
283.551	259.735	9.931	8.478
283.365	260.045	10.061	8.295
283.297	259.946	10.077	8.081
283.055	259.777	10.217	8.529
282.554	259.792	10.911	8.531
282.624	259.741	10.927	8.362
282.970	259.806	10.815	8.422
283.352	259.788	10.379	8.111
283.176	259.766	10.219	8.572
283.261	259.621	10.140	8.727
283.224	259.660	10.391	8.622
283.546	259.694	10.124	8.134
283.923	259.588	9.607	8.963
283.616	259.900	9.798	8.230
283.578	259.888	9.805	8.155
283.713	259.815	9.730	8.470
283.632	260.018	9.710	8.129
283.380	259.944	9.954	8.195
283.547	259.885	9.801	8.275
283.806	260.093	9.559	8.005
283.831	260.041	9.647	7.945
283.878	259.937	9.675	7.990
283.893	259.622	9.934	8.346
283.971	259.669	9.684	8.377
