0.037836
0.076552
0.075556
0.067260
0.104438
0.070793
0.074421
0.084712
0.079138
0.067599
0.062157
0.058729
0.056022
0.059206
0.063293
0.079300
0.080459
0.068511
0.063486
0.061935
0.075018
0.071554
0.060525
0.064946
0.061420
0.077966
0.086958
0.083706
0.093160
0.078292
0.082970
0.080993
0.088388
0.082380
0.080739
0.082145
0.084982
0.097687
0.064559
0.099507
0.076521
0.060958
0.091938
0.087283
0.082296
0.084302
0.077527
0.076667
0.067976
0.080464
0.077255
0.062351
0.062676
0.064331
0.063759
0.086069
0.084390
0.087710
0.076182
0.105573
0.081951
0.082866
0.066692
0.084376
0.066283
0.081185
0.072318
0.065852
0.077886
0.077836
0.094846
0.077140
0.087971
0.078285
0.084554
0.079630
0.077608
0.088377
0.086876
0.067251
0.078424
0.060759
0.069484
0.081018
0.080271
0.065629
0.085233
0.061771
0.062878
0.066128
0.068652
0.087136
0.080310
0.077732
0.076242
0.069060
0.084350
0.065365
0.064167
0.063577
0.061080
0.059841
0.072924
0.085437
0.063126
0.065167
0.067207
0.067573
0.075352
0.064643
0.068410
0.066524
0.060354
0.071321
0.078790
0.069534
0.078539
0.062299
0.065340
0.064645
0.065510
0.071258
0.070478
0.062512
0.067164
0.062099
0.062876
0.067640
0.072411
0.084224
0.075217
0.062148
0.076735
0.080322
0.089653
0.074050
0.063275
0.060892
0.060176
0.066722
0.083081
0.059307
0.063346
0.062921
0.059771
0.065261
0.106679
0.064903
0.062730
0.063843
0.075169
0.064653
0.070942
0.086624
0.066611
0.065160
0.066391
0.080897
0.087194
0.069695
0.063559
0.063520
0.066959
0.075406
0.063473
0.071477
0.062417
0.063063
0.080758
0.064273
0.082411
0.060967
0.076149
0.070181
0.077294
0.064318
0.063058
0.064384
0.073293
0.111811
0.070825
0.060951
0.065924
0.066825
0.070005
0.061732
0.069117
0.067149
0.061615
0.068202
0.086400
0.064476
0.077876
0.079930
0.082671
0.070077
0.068846
0.088385
0.062387
0.077555
0.132085
0.086227
0.093415
0.072090
0.073656
0.082571
0.062591
0.064154
0.087883
0.084736
0.062768
0.080955
0.082661
0.079612
0.100466
0.085537
0.068940
0.084246
0.081069
0.061982
0.085942
0.066601
0.084883
0.068012
0.077727
0.068013
0.084003
0.085567
0.081218
0.082967
0.084710
0.063318
0.068883
0.082140
0.079098
0.080789
0.079945
0.097592
0.083997
0.079380
0.080665
0.080222
0.082481
0.083638
0.080837
0.078735
0.066104
0.064282
0.070062
0.095232
0.068631
0.080460
0.089009
0.086097
0.088413
0.092529
0.064116
0.065245
0.062352
0.076563
0.094052
0.077271
0.079583
0.075371
0.065980
0.077981
0.096740
0.063755
0.063176
0.060544
0.062321
0.086105
0.084754
0.078789
0.062723
0.083031
0.079976
0.085013
0.074650
0.073268
0.062538
0.065268
0.063209
0.074631
0.084566
0.073765
0.081426
0.065173
0.081814
0.086337
0.083594
0.080831
0.085445
0.064753
0.082548
0.071156
0.082172
0.084269
0.063940
0.078205
0.064024
0.079146
0.080142
0.065626
0.084717
0.083073
0.076943
0.077486
0.062790
0.076751
0.074485
0.083450
0.069468
0.087719
0.077621
0.087935
0.077566
0.082829
0.086355
0.084819
0.086363
0.085817
0.063451
0.067888
0.076269
0.084469
0.082933
0.065940
0.059942
0.064575
0.087527
0.078153
0.062067
0.072100
0.064854
0.070874
0.075267
0.070172
0.063972
0.063395
0.062910
0.062061
0.063085
0.070517
0.065601
0.098521
0.066407
0.060641
0.063526
0.071761
0.081935
0.077490
0.060081
0.061344
0.066779
0.068420
0.056856
0.123103
0.085204
0.087970
0.063065
0.062460
0.064601
0.064177
0.062511
0.069993
0.066955
0.072365
0.072047
0.067721
0.065785
0.066741
0.068643
0.078176
0.062230
0.081614
0.078147
0.077700
0.068061
0.089627
0.058712
0.075368
0.062459
0.086663
0.065545
0.081654
0.061721
0.064738
0.083096
0.089084
0.088940
0.077373
0.070831
0.080488
0.065193
0.063658
0.065634
0.068048
0.064885
0.061883
0.095198
0.081144
0.083124
0.084045
0.065389
0.080232
0.063843
0.082063
0.085361
0.079782
0.083367
0.063092
0.079041
0.090011
0.082312
0.088180
0.082087
0.083555
0.082345
0.066187
0.078449
0.067134
0.079975
0.067735
0.065738
0.060082
0.067792
0.083696
0.077282
0.085678
0.090925
0.067225
0.066424
0.088617
0.066638
0.081076
0.087238
0.090211
0.091700
0.080887
0.062666
0.080609
0.073066
0.062036
0.069664
0.070294
0.087222
0.085341
0.091523
0.096177
0.082533
0.082055
0.083265
0.078748
0.081222
0.081094
0.066210
0.078809
0.077798
0.077963
0.081860
0.084528
0.065622
0.078059
0.067500
0.078175
0.064804
0.071391
0.067214
0.074997
0.061483
0.063601
0.062667
0.087550
0.072695
0.078964
0.077064
0.084479
0.082357
0.084193
0.063774
0.083092
0.081587
0.076257
0.076442
0.078071
0.084391
0.086401
0.079427
0.078803
0.078007
0.082868
0.086164
0.083419
0.081304
0.077188
0.079769
0.080916
0.085921
0.060400
0.062206
0.076861
0.084839
0.084441
0.103938
0.081693
0.076235
0.081942
0.090449
0.079347
0.082251
0.080761
0.080591
0.083526
0.086490
0.086563
0.084958
0.084301
0.083047
0.080306
0.086972
0.081117
0.082869
0.085893
0.077549
0.084189
0.088174
0.094634
0.085718
0.082143
0.083805
0.085594
0.076746
0.079481
0.080554
0.080661
0.084400
0.099386
0.086615
0.083350
0.064157
0.066706
0.077367
0.081549
0.087828
0.078715
0.081345
0.080419
0.084839
0.089026
0.086725
0.081860
0.067847
0.079675
0.074814
0.077706
0.081122
0.064276
0.077480
0.078164
0.089979
0.081946
0.083264
0.065994
0.088518
0.091267
0.090711
0.081593
0.060677
0.080167
0.075665
0.066770
0.063324
0.085905
0.088124
0.087426
0.085630
0.090625
0.075548
0.091908
0.078977
0.081769
0.070857
0.084013
0.065597
0.080492
0.085848
0.084586
0.084901
0.084397
0.077422
0.073054
0.080983
0.086110
0.087093
0.063656
0.080716
0.080644
0.081783
0.078441
0.128245
0.086178
0.086046
0.069108
0.080359
0.081096
0.082410
0.084215
0.084328
0.085628
0.080831
0.081497
0.084353
0.077505
0.078781
0.082915
0.077298
0.075480
0.083663
0.083309
0.078986
0.080257
0.077500
0.082495
0.079860
0.084303
0.081589
0.069410
0.071661
0.066884
0.069052
0.060170
0.067707
0.062730
0.081864
0.081844
0.079260
0.077732
0.061985
0.099269
0.088071
0.081496
0.078016
0.085667
0.077122
0.081018
0.090787
0.062285
0.072415
0.066190
0.079609
0.079376
0.083428
0.081182
0.074268
0.069643
0.061809
0.104097
0.069219
0.080390
0.059429
0.078482
0.073187
0.082815
0.082408
0.063403
0.063280
0.080243
0.081242
0.088236
0.091961
0.080443
0.082590
0.079921
0.084937
0.078017
0.082874
0.082917
0.084191
0.085524
0.079920
0.090338
0.086487
0.083712
0.082310
0.066646
0.089850
0.085413
0.084723
0.084862
0.085250
0.086371
0.066062
0.078706
0.076412
0.075695
0.083638
0.080790
0.085250
0.080866
0.077028
0.080697
0.080270
0.068966
0.080311
0.077287
0.080117
0.079663
0.081536
0.083175
0.104105
0.081292
0.085125
0.091676
0.105891
0.081976
0.082625
0.084182
0.085305
0.084615
0.086612
0.084944
0.085402
0.083195
0.084560
0.091714
0.078615
0.078974
0.079462
0.083788
0.084799
0.082586
0.083678
0.082548
0.082002
0.083485
0.084485
0.103050
0.081039
0.083802
0.087142
0.085459
0.080627
0.084000
0.081124
0.085903
0.088587
0.080544
0.081990
0.083007
0.087896
0.086309
0.086524
0.082063
0.084554
0.084313
0.085325
0.100793
0.080008
0.082120
0.084400
0.082231
0.081963
0.082687
0.080439
0.085305
0.084040
0.082058
0.084446
0.084606
0.069334
0.082333
0.077029
0.079729
0.086040
0.086747
0.081789
0.082417
0.082254
0.088169
0.089738
0.086440
0.087066
0.083205
0.085509
0.077899
0.083402
0.084903
0.085203
0.082186
0.084602
0.081867
0.080705
0.082834
0.080860
0.082942
0.082466
0.084762
0.087356
0.081444
0.127863
0.089804
0.084442
0.086274
0.080284
0.080799
0.087972
0.084814
0.083533
0.080216
0.085991
0.084992
0.084640
0.084335
0.083671
0.084605
0.085685
0.078828
0.084274
0.085735
0.086679
0.086242
0.083993
0.081759
0.075414
0.080782
0.089124
0.091109
0.081172
0.073848
0.080559
0.079534
0.083339
0.086962
0.080594
0.081612
0.084539
0.082421
0.065370
0.095132
0.084929
0.092000
0.081274
0.083205
0.086843
0.083947
0.084688
0.084810
0.081770
0.085741
0.085525
0.084174
0.082478
0.084509
0.083582
0.086123
0.083308
0.084469
0.085229
0.081685
0.085665
0.083619
0.081729
0.082589
0.080595
0.077155
0.086780
0.087565
0.082308
0.080073
0.082264
0.084402
0.077128
0.063544
0.079232
0.080904
0.080467
0.083206
0.071414
0.077421
0.076475
0.082314
0.084942
0.083614
0.082170
0.081689
0.105779
0.089103
0.082787
0.080083
0.088988
0.096730
0.081643
0.085412
0.083754
0.084711
0.079235
0.085626
0.082974
0.082840
0.082627
0.081220
0.083507
0.081476
0.085241
0.086731
0.083558
0.082708
0.084556
0.086180
0.087807
0.082585
0.081055
0.082166
0.081594
0.081342
0.083698
0.083135
0.082900
0.086422
0.066061
0.093852
0.060118
0.061234
0.082717
0.063116
0.090422
0.083210
0.068978
0.076535
0.082538
0.063061
0.084127
0.088272
0.086192
0.086866
0.084355
0.082987
0.085966
0.087299
0.084694
0.084621
0.083054
0.082828
0.082551
0.086315
0.086420
0.083019
0.082368
0.081623
0.083753
0.086408
0.083465
0.083553
0.086257
0.085843
0.083573
0.084024
0.084167
0.083047
0.085073
0.082982
0.089463
0.089245
0.083878
0.085769
0.085426
0.079015
0.085610
0.064547
0.086429
0.083383
0.082904
0.098346
0.083143
0.086320
0.086499
0.083072
0.074650
0.094172
0.076904
0.072109
0.081614
0.081745
0.081522
0.087915
0.084808
0.068860
0.065891
0.078571
0.081006
0.082274
0.083237
0.085829
0.104613
0.083401
0.079888
0.084496
0.086130
0.082740
