301	275	35	25
303	262	31	26
302	255	31	22
303	255	31	21
301	257	33	22
300	259	33	23
301	262	33	24
302	263	31	22
302	266	32	22
301	267	32	22
301	268	31	22
301	269	32	23
300	271	34	23
301	271	33	24
301	273	33	24
300	278	32	22
300	277	33	24
300	272	32	23
299	260	33	22
298	248	33	23
299	240	33	22
300	240	31	25
301	244	30	21
300	247	31	22
299	249	32	23
300	251	31	22
300	252	29	20
301	255	29	20
300	257	30	20
300	258	31	21
299	258	31	23
300	260	32	23
300	263	31	22
300	265	32	22
300	265	32	24
299	266	32	24
300	271	30	21
299	272	31	23
299	273	31	23
299	276	31	22
299	278	30	21
299	278	31	23
298	280	33	24
299	283	31	24
299	284	31	23
298	285	32	26
299	286	32	26
298	289	32	25
299	291	30	22
299	294	31	21
297	288	33	26
299	278	30	23
299	275	28	20
298	275	31	23
299	278	30	22
299	280	31	23
298	282	31	24
298	284	31	24
298	284	32	24
298	287	32	25
299	288	30	25
297	288	32	26
298	292	32	24
297	295	32	24
298	296	31	23
297	297	32	24
297	301	32	22
297	301	33	24
298	302	32	23
298	303	32	24
298	301	31	23
298	292	32	24
298	293	31	24
297	295	32	25
298	297	32	24
297	297	32	24
297	297	33	25
296	297	34	25
296	298	33	24
297	297	32	24
298	286	31	24
299	300	29	20
297	266	31	22
295	266	32	22
296	265	31	23
296	265	31	24
296	265	31	23
296	265	31	24
295	265	31	24
296	264	30	25
296	264	30	25
295	265	31	25
295	266	31	23
295	265	31	24
295	265	32	25
294	265	32	24
295	266	31	23
295	266	31	24
295	267	29	21
295	269	29	19
296	269	28	19
296	269	28	19
296	269	27	19
296	269	28	19
295	268	28	19
295	269	28	19
295	269	27	19
295	269	29	19
294	268	29	20
294	268	29	20
295	268	29	20
295	269	29	20
295	269	28	19
296	268	28	19
295	269	28	19
294	269	29	20
294	269	28	19
294	269	27	19
295	269	27	19
295	269	27	19
294	269	28	20
295	269	28	19
295	269	27	19
294	269	28	19
293	269	28	19
295	269	28	19
293	270	28	19
294	269	28	19
293	269	28	19
293	269	29	20
293	270	29	20
293	270	28	20
293	270	28	19
294	270	28	20
293	270	28	20
291	269	30	21
291	267	30	23
293	270	28	20
291	267	30	23
291	268	30	23
291	268	31	22
292	268	29	21
291	269	30	22
292	269	29	21
292	270	27	19
293	270	28	20
291	270	28	19
291	270	28	20
291	270	29	20
291	270	28	19
291	271	28	20
291	271	29	20
290	269	29	21
290	270	29	20
291	271	28	19
291	270	29	21
290	270	29	21
289	268	31	23
288	268	31	23
290	270	29	20
289	270	29	19
289	269	30	23
289	268	30	22
288	268	31	24
288	267	31	23
288	269	31	23
288	269	30	22
288	268	31	24
288	268	31	23
288	268	31	23
287	269	31	22
287	269	31	22
288	269	30	22
288	270	29	19
289	270	29	19
288	270	28	18
289	270	28	19
288	271	28	19
288	270	28	19
289	271	28	19
288	269	30	20
289	270	29	20
289	270	28	18
288	270	28	19
289	270	28	19
289	269	28	19
287	269	28	20
287	269	29	20
287	270	29	20
286	269	30	21
286	270	29	20
287	270	29	20
286	268	31	23
284	268	33	23
284	268	32	23
285	268	31	23
286	270	29	21
286	269	30	22
284	268	32	23
285	268	31	22
285	268	30	23
286	267	30	24
285	268	30	22
285	268	30	22
286	270	29	20
285	268	30	23
286	271	28	19
285	270	29	22
286	272	27	19
285	270	28	20
283	267	30	25
284	269	30	23
284	269	30	24
285	269	29	23
285	267	30	25
284	271	31	22
284	270	30	23
283	269	31	24
284	271	30	23
285	270	29	23
285	270	29	22
283	271	30	22
282	270	31	24
283	271	30	22
283	269	31	25
284	270	30	23
283	271	30	24
283	270	31	24
283	269	31	24
283	270	31	23
283	270	31	24
283	270	32	25
283	271	32	24
283	270	32	23
283	271	31	23
283	271	31	23
283	271	31	23
283	270	32	25
284	269	30	24
283	270	31	24
282	270	31	24
282	271	32	24
283	271	31	24
283	271	31	24
282	270	31	25
283	272	31	23
283	268	32	27
283	271	31	25
283	271	31	24
284	274	29	21
284	271	30	23
283	271	31	25
283	272	30	24
284	271	30	24
283	273	30	23
283	272	30	24
283	273	31	24
283	273	30	23
283	272	31	25
284	274	30	23
284	274	29	22
283	275	29	23
283	275	30	22
283	274	31	23
284	277	29	21
285	278	27	19
286	277	27	20
284	277	27	19
285	278	27	19
285	279	26	19
286	278	27	19
285	278	26	20
284	279	27	19
285	278	27	19
284	277	29	21
283	275	31	24
284	275	30	24
284	277	31	24
284	277	30	22
284	277	30	24
284	277	30	23
284	278	30	24
285	278	30	22
285	278	29	23
285	278	30	24
285	277	30	24
285	278	30	23
285	277	29	24
285	279	30	23
285	278	30	24
286	278	30	24
286	278	29	23
286	277	31	24
285	279	30	24
285	278	30	25
285	279	30	25
287	280	29	23
286	279	29	24
286	281	30	24
287	283	28	21
287	284	27	20
288	285	27	19
287	286	27	20
286	286	28	20
286	285	30	23
286	284	30	25
287	286	30	24
286	284	31	27
286	287	31	26
287	287	30	27
287	290	31	25
287	290	32	25
286	291	32	24
286	294	31	24
287	293	31	25
287	295	31	24
287	294	31	26
287	298	31	23
287	301	30	22
288	302	29	21
287	301	32	24
287	301	33	25
287	302	32	26
287	303	32	27
289	308	28	21
288	309	29	21
289	310	29	20
288	310	30	24
288	312	30	22
287	311	30	26
287	313	30	24
288	317	29	21
288	317	30	23
287	317	30	25
288	318	30	24
287	319	31	25
269	321	38	27
240	322	36	27
211	322	35	27
194	323	31	24
194	323	32	24
197	324	32	24
198	324	31	24
197	324	31	25
197	323	31	24
196	324	32	25
198	319	33	25
198	305	32	24
199	291	29	25
200	281	28	24
201	284	30	24
202	284	31	26
201	284	31	26
201	285	30	25
203	285	30	24
205	285	31	25
206	285	31	26
207	285	30	25
208	285	29	26
209	285	29	25
211	286	29	24
212	285	30	26
213	285	29	25
214	284	31	26
215	284	30	25
217	283	29	25
219	284	29	26
221	283	30	26
223	283	30	25
225	281	29	27
226	283	29	25
229	282	30	26
224	283	31	24
198	281	35	26
172	281	34	26
154	282	29	23
157	282	30	23
162	279	29	25
165	281	28	24
164	278	31	27
167	278	30	26
170	279	30	25
173	280	30	25
175	279	30	26
177	280	30	24
179	280	30	24
182	278	29	26
186	279	29	25
188	278	29	26
191	279	29	25
193	279	30	26
197	278	29	26
199	278	29	26
202	278	29	26
205	279	29	25
209	278	28	26
211	278	29	27
214	277	28	27
216	278	29	26
220	278	29	27
223	277	29	27
226	276	30	29
230	277	29	28
233	276	29	28
236	277	30	28
238	277	30	26
243	277	31	28
246	277	29	26
250	277	29	25
253	277	29	26
256	277	30	26
260	276	29	26
263	277	30	26
268	277	30	25
268	277	31	25
247	277	32	27
222	276	34	29
201	277	32	27
200	277	29	25
206	276	31	26
212	276	30	27
215	276	30	26
219	277	30	26
223	277	30	26
227	277	30	26
231	277	29	26
235	277	29	25
239	278	30	25
243	277	31	24
247	277	30	25
252	277	29	25
255	278	29	25
261	277	29	26
265	278	29	25
269	277	30	27
274	278	31	25
279	278	28	24
285	278	26	25
289	279	30	28
292	280	30	27
277	263	28	36
241	270	36	63
230	280	29	27
233	282	27	26
244	281	23	23
247	279	27	25
250	280	26	24
253	279	30	25
260	280	27	23
266	282	24	22
272	284	25	22
276	283	25	22
282	282	25	24
285	283	27	24
292	284	26	23
297	283	26	25
301	283	25	24
308	283	26	27
312	283	27	26
317	284	27	27
320	281	26	25
362	258	27	21
340	257	22	22
329	269	61	44
269	258	77	51
209	278	30	29
210	281	31	28
223	284	27	25
231	286	27	25
237	284	22	23
241	282	26	24
244	283	28	28
250	284	30	28
257	283	27	27
258	284	31	26
268	282	29	28
273	283	29	27
277	282	29	27
284	283	30	27
291	284	28	26
297	285	28	25
301	285	31	24
306	285	32	24
305	287	31	23
284	286	34	25
261	286	33	24
238	286	34	24
230	287	32	23
238	286	31	24
245	285	30	24
251	286	30	23
259	286	29	24
264	286	29	25
271	285	27	25
277	285	26	24
283	285	26	25
295	290	34	31
298	290	29	28
303	286	30	28
306	287	29	28
311	288	28	28
292	299	25	26
246	256	82	68
230	290	39	42
193	304	37	31
218	288	28	26
214	287	33	27
227	284	32	31
229	286	30	27
235	285	29	31
248	287	26	25
255	287	28	28
259	287	28	28
263	287	29	33
291	269	29	26
282	285	28	27
290	285	28	25
294	286	30	26
298	285	32	27
307	286	30	25
313	286	31	25
320	288	29	24
315	288	32	25
293	288	33	25
271	289	33	24
250	289	32	25
237	289	30	23
244	288	33	24
254	289	31	23
260	290	31	24
266	288	33	24
274	286	31	27
282	288	30	25
288	287	30	26
295	287	30	28
302	288	29	27
308	288	30	28
314	288	31	27
322	289	30	26
328	289	29	26
336	289	27	24
327	290	30	24
304	290	28	25
280	290	28	23
259	290	28	26
240	294	30	27
210	291	31	30
218	290	25	24
224	289	27	25
233	291	25	23
242	290	25	24
249	289	24	25
259	291	24	25
261	289	24	24
265	290	25	26
280	293	25	21
284	291	26	24
293	291	25	25
301	293	26	26
305	291	25	24
313	293	25	23
313	290	29	24
318	288	31	28
327	290	28	25
330	289	28	26
311	291	28	24
287	290	25	24
271	292	24	24
243	291	27	23
238	290	28	26
247	292	32	28
254	290	31	28
263	289	31	29
268	290	28	28
273	289	31	29
277	289	34	26
290	291	29	23
296	290	29	22
304	290	30	24
311	290	29	24
315	290	31	24
300	290	33	26
277	289	33	26
256	288	34	27
237	289	32	26
216	289	33	26
207	289	29	25
215	288	32	28
225	290	30	24
231	289	30	23
238	285	30	29
245	287	30	28
253	287	30	28
259	287	31	28
266	287	28	26
273	288	30	26
280	289	30	25
288	289	30	25
295	288	30	26
302	287	30	27
310	288	29	26
317	288	30	24
323	287	30	27
330	288	29	26
317	288	30	25
293	287	33	25
271	287	34	25
251	286	35	28
242	286	31	26
252	287	32	25
261	287	31	25
267	287	31	24
276	287	30	24
282	286	29	25
289	287	30	24
297	286	29	25
303	285	30	27
300	286	31	25
276	286	35	27
254	286	34	27
233	285	34	27
216	286	33	25
216	282	32	29
227	284	32	27
236	284	31	27
242	283	30	26
249	283	30	26
257	286	30	23
264	288	29	20
271	288	29	20
278	285	30	25
284	285	30	23
292	287	30	22
300	287	29	22
306	284	30	25
313	282	30	27
321	288	28	20
325	283	29	25
312	285	31	23
288	284	33	24
268	284	32	24
247	284	32	25
229	284	30	24
230	283	30	24
240	282	30	25
248	283	29	22
254	281	30	26
260	281	30	25
269	285	28	20
276	286	27	19
284	286	27	19
291	286	27	20
298	286	27	19
304	285	28	19
312	286	27	19
318	286	28	19
325	284	29	20
321	284	30	22
297	282	32	25
275	280	32	25
255	281	33	24
234	281	33	25
213	280	33	25
201	281	30	24
209	282	28	22
217	281	30	24
225	279	29	27
230	278	31	28
238	279	30	26
245	279	30	26
251	280	31	26
259	279	31	25
266	280	30	25
273	280	29	26
280	280	30	26
287	279	30	26
295	279	29	26
303	279	29	26
309	278	30	26
315	278	28	26
301	279	33	27
278	279	33	27
257	280	32	25
235	277	33	28
216	279	32	25
212	278	32	27
222	279	31	27
230	278	31	25
237	279	30	25
244	278	30	28
251	279	30	27
258	279	29	26
265	279	29	26
272	279	30	26
279	280	29	24
287	280	30	25
293	278	31	25
300	279	30	25
307	279	30	26
313	279	29	25
321	278	30	26
316	277	32	28
294	279	33	26
271	279	33	27
251	278	35	30
229	276	35	32
218	277	29	26
225	277	33	27
234	280	30	23
241	278	29	24
247	278	29	24
254	281	28	21
261	279	28	24
266	278	30	22
272	278	29	22
280	278	28	24
287	278	28	23
293	279	29	25
299	277	26	21
294	278	25	24
293	269	42	14
255	277	26	23
260	256	56	27
229	258	28	27
228	255	26	28
230	254	28	29
229	254	29	31
238	253	63	28
270	278	26	22
228	253	26	29
226	253	26	30
227	255	24	28
229	257	24	27
229	255	24	28
231	262	23	25
228	258	25	28
229	252	21	25
229	252	24	29
230	256	23	26
228	260	22	27
213	257	26	29
185	259	26	27
153	255	30	31
132	255	27	30
167	255	34	28
174	255	24	26
176	254	25	26
175	254	25	28
173	254	25	26
175	255	24	27
175	255	24	28
175	255	23	25
174	255	23	27
174	254	22	26
174	255	21	24
175	252	22	27
176	257	23	25
170	256	24	26
150	255	24	27
119	254	26	28
83	253	34	28
60	253	32	29
39	256	54	55
132	264	55	30
176	276	35	28
156	277	36	28
146	276	33	25
155	276	33	26
162	276	32	26
168	277	34	26
176	276	32	26
181	277	33	26
187	277	34	26
193	278	32	24
199	277	33	25
206	277	32	26
212	277	32	26
218	276	31	25
225	276	31	27
230	276	32	27
238	275	31	26
243	276	32	26
249	276	32	26
255	276	32	26
260	277	32	26
255	276	34	27
234	276	34	26
210	277	35	26
190	278	35	24
169	277	34	26
159	278	32	24
168	277	31	24
175	277	32	24
181	275	32	26
187	277	34	25
193	277	33	25
199	275	32	27
204	276	32	25
211	275	32	27
217	275	31	26
223	275	31	26
228	276	31	26
236	275	30	25
241	274	31	26
247	278	29	21
252	276	31	23
258	277	31	22
264	275	30	23
271	274	30	25
277	274	29	27
271	277	32	22
247	276	35	25
223	274	35	28
201	274	36	28
182	273	34	27
177	274	32	25
185	275	32	23
193	275	31	23
199	275	31	22
203	276	32	23
210	275	30	23
216	274	31	24
221	272	30	26
228	271	30	26
234	272	30	26
240	272	30	27
246	271	30	26
251	272	31	28
257	272	31	25
264	273	30	25
269	273	31	26
275	273	31	24
273	273	32	24
252	272	35	28
228	271	35	28
206	272	36	27
185	273	35	26
185	272	33	27
195	272	32	24
203	272	30	26
208	273	31	26
213	271	31	27
219	271	30	27
224	271	31	29
230	271	31	27
237	271	30	27
242	271	29	27
247	271	30	27
253	272	31	27
258	272	31	26
264	271	31	26
270	273	31	25
277	272	30	24
283	272	30	25
288	271	30	27
294	271	31	27
299	270	30	27
291	270	33	28
268	272	35	27
243	269	35	27
223	269	33	27
221	269	32	28
231	269	31	27
237	269	30	26
243	269	30	27
249	269	30	26
254	269	30	26
260	269	30	26
266	269	29	25
271	269	30	26
278	270	31	25
283	269	30	24
288	270	30	24
295	272	29	21
299	269	30	24
303	269	30	23
288	270	34	22
263	270	34	23
241	267	34	27
217	267	35	27
198	267	35	26
194	268	31	23
202	269	31	25
209	267	30	26
214	267	32	28
220	265	30	28
226	267	30	28
231	268	29	24
237	271	28	22
242	269	29	23
247	268	30	25
253	267	30	26
259	266	31	27
264	267	30	26
271	266	30	26
276	267	30	23
281	269	29	20
270	266	34	25
246	267	34	24
223	266	34	25
207	267	29	23
208	264	32	28
219	266	29	24
223	264	31	26
229	265	30	25
234	264	30	26
241	264	31	25
245	264	31	25
252	265	31	25
258	265	29	26
264	264	30	26
269	264	31	25
275	265	31	25
280	265	31	25
286	266	30	24
292	264	31	25
297	265	32	25
304	263	31	26
309	263	32	25
314	263	32	26
320	264	31	25
324	263	31	27
310	264	34	25
286	265	33	24
263	264	33	26
241	264	34	29
230	264	30	26
237	262	30	28
245	262	29	27
250	262	30	26
254	262	30	27
261	263	31	27
267	263	30	27
272	261	31	26
278	262	30	25
284	262	31	26
289	262	31	24
295	262	31	24
301	263	30	23
307	262	31	25
312	262	31	24
318	262	31	25
323	262	31	26
313	263	34	25
289	262	35	27
265	261	36	28
244	262	34	26
222	261	34	26
212	262	31	25
220	261	32	26
228	261	31	27
233	261	29	26
237	261	30	27
243	261	30	26
249	260	31	26
255	261	30	26
260	260	31	27
266	261	30	26
272	261	30	25
277	261	30	26
284	261	31	26
290	262	30	27
296	263	30	25
301	262	30	25
308	261	30	25
313	261	30	25
319	260	30	25
308	261	34	25
282	262	34	24
259	260	34	28
235	258	37	31
218	260	34	25
212	258	30	25
222	259	30	25
228	260	29	26
234	261	29	24
239	261	29	22
244	261	29	22
251	262	29	22
256	260	28	23
262	262	28	22
267	263	30	21
272	260	30	24
278	262	29	22
284	263	29	21
289	259	30	25
295	260	30	25
301	260	30	24
308	263	28	21
313	262	29	21
318	262	28	21
324	261	29	22
328	261	29	21
317	261	32	23
293	259	33	29
269	258	33	28
246	259	35	25
226	259	33	26
225	259	31	23
235	258	30	24
