0.045187
0.075641
0.093018
0.095694
0.061869
0.061854
0.062178
0.071341
0.087899
0.085358
0.079342
0.061196
0.062339
0.063996
0.097454
0.078506
0.060919
0.062388
0.064503
0.068903
0.084375
0.082824
0.101346
0.074027
0.084560
0.083533
0.076134
0.060195
0.077199
0.060508
0.081331
0.081944
0.084547
0.062730
0.063723
0.085441
0.098168
0.103340
0.080835
0.086077
0.069616
0.072945
0.089178
0.083789
0.067723
0.062933
0.082902
0.086720
0.080133
0.099482
0.080775
0.080341
0.084857
0.084153
0.101467
0.079986
0.079045
0.078320
0.097884
0.077813
0.077267
0.081048
0.064090
0.067385
0.065132
0.065971
0.084490
0.080464
0.080554
0.063775
0.085820
0.074033
0.063913
0.084188
0.079252
0.078029
0.085465
0.084854
0.073088
0.077223
0.084382
0.080513
0.066113
0.070715
0.080949
0.075630
0.083700
0.084377
0.080077
0.099458
0.084529
0.086688
0.069845
0.077727
0.079288
0.085822
0.096997
0.103017
0.081174
0.061083
0.065197
0.103209
0.077437
0.076850
0.085266
0.081768
0.105346
0.085114
0.070358
0.077709
0.069977
0.065744
0.066474
0.060958
0.085908
0.082643
0.086189
0.063349
0.064766
0.067071
0.076781
0.071227
0.082203
0.066852
0.064202
0.082668
0.076209
0.070845
0.086515
0.063176
0.082777
0.065968
0.065432
0.086748
0.066123
0.064309
0.062218
0.061816
0.069337
0.077797
0.076960
0.072057
0.084698
0.080853
0.078691
0.081125
0.077637
0.066746
0.070131
0.072822
0.083709
0.074916
0.086044
0.082597
0.078091
0.072339
0.083895
0.081274
0.081853
0.080976
0.086347
0.076903
0.083729
0.088445
0.062353
0.060650
0.072620
0.085443
0.086484
0.069281
0.062257
0.064042
0.068346
0.081469
0.097946
0.083309
0.081622
0.061257
0.062854
0.079481
0.073422
0.081693
0.081301
0.081758
0.077891
0.078520
0.081918
0.079135
0.068069
0.077034
0.087080
0.098345
0.067374
0.063171
0.061854
0.061687
0.081253
0.076731
0.083023
0.066439
0.118160
0.084821
0.062390
0.060523
0.087021
0.064267
0.069673
0.074950
0.084876
0.081660
0.082633
0.089140
0.063397
0.065798
0.081687
0.083592
0.087419
0.079029
0.079084
0.073783
0.064253
0.079041
0.083273
0.071898
0.059596
0.060612
0.061929
0.067377
0.081052
0.063998
0.083296
0.061259
0.062217
0.062318
0.082102
0.065703
0.071306
0.072397
0.064328
0.071180
0.079620
0.087706
0.066131
0.063044
0.084142
0.063401
0.077045
0.086237
0.066871
0.082513
0.071900
0.084116
0.104928
0.069876
0.088651
0.067842
0.087808
0.082181
0.074347
0.075911
0.084659
0.082750
0.070424
0.074628
0.083014
0.062749
0.080216
0.085420
0.057413
0.066996
0.071847
0.084444
0.072875
0.060332
0.061071
0.066357
0.090665
0.075479
0.065510
0.068063
0.065175
0.063725
0.070970
0.087322
0.073789
0.085408
0.080475
0.067027
0.088508
0.077665
0.080056
0.078415
0.065381
0.068062
0.091869
0.064777
0.063218
0.062325
0.073115
0.064378
0.087173
0.079405
0.063272
0.073220
0.061975
0.067148
0.089776
0.069526
0.066933
0.067419
0.077914
0.068208
0.085902
0.074473
0.082353
0.069096
0.063829
0.060924
0.091974
0.064462
0.085495
0.075212
0.080941
0.079988
0.086103
0.066769
0.086995
0.067574
0.083234
0.083370
0.088098
0.084625
0.087447
0.077142
0.076613
0.090234
0.085132
0.083253
0.085577
0.082009
0.072348
0.083528
0.083187
0.101270
0.063041
0.063617
0.074813
0.085697
0.081548
0.065018
0.080977
0.070866
0.076571
0.069701
0.078211
0.076355
0.080901
0.084418
0.076930
0.074125
0.064342
0.062777
0.062241
0.082337
0.088525
0.079672
0.103352
0.082421
0.077936
0.137282
0.084395
0.067870
0.065295
0.062916
0.063721
0.064514
0.066389
0.087230
0.084812
0.080225
0.080309
0.079257
0.078642
0.086537
0.080857
0.080901
0.074321
0.080777
0.097722
0.083851
0.090146
0.082833
0.085191
0.081929
0.076380
0.067149
0.085251
0.063360
0.073184
0.084166
0.132780
0.077362
0.081890
0.079582
0.062274
0.077294
0.063640
0.062223
0.064357
0.061761
0.077852
0.085508
0.092551
0.090166
0.079113
0.073218
0.083646
0.095940
0.083948
0.075388
0.061677
0.106399
0.079166
0.066510
0.083410
0.062624
0.083990
0.083788
0.080120
0.084369
0.075460
0.071496
0.075305
0.071186
0.071027
0.072994
0.066482
0.080686
0.088369
0.077887
0.068497
0.069149
0.066826
0.078981
0.080113
0.063767
0.062352
0.070088
0.073344
0.062749
0.065387
0.063743
0.070338
0.085883
0.065581
0.066527
0.064299
0.087020
0.084195
0.077977
0.078552
0.084146
0.077447
0.077127
0.078001
0.074797
0.064818
0.066419
0.065220
0.066213
0.062317
0.064018
0.068486
0.069624
0.084686
0.084840
0.064521
0.064248
0.082998
0.075001
0.078209
0.065838
0.080002
0.066303
0.063427
0.070524
0.081176
0.075597
0.067880
0.062208
0.064334
0.088158
0.063424
0.105460
0.082661
0.077961
0.065581
0.082024
0.065776
0.063975
0.073075
0.065057
0.081355
0.075949
0.084927
0.088284
0.082282
0.064014
0.092893
0.075540
0.061247
0.085664
0.082491
0.065073
0.086517
0.076701
0.076734
0.079268
0.073408
0.083015
0.086918
0.062193
0.084991
0.063713
0.061638
0.072598
0.067776
0.068941
0.061371
0.061963
0.062906
0.067464
0.063235
0.085264
0.063084
0.081192
0.071943
0.076223
0.085588
0.077124
0.077516
0.080649
0.084694
0.087499
0.066826
0.081723
0.078359
0.081833
0.085129
0.080473
0.066257
0.085866
0.076365
0.084674
0.067966
0.077026
0.082832
0.061899
0.082079
0.064961
0.103637
0.076303
0.065633
0.079399
0.065554
0.077606
0.065349
0.081666
0.079868
0.083332
0.082737
0.074032
0.085290
0.099153
0.063451
0.076399
0.061522
0.063606
0.073806
0.083761
0.074100
0.065400
0.077050
0.085963
0.090192
0.065199
0.062012
0.066469
0.073420
0.074893
0.067493
0.087173
0.063314
0.067219
0.064049
0.073188
0.086105
0.091358
0.069639
0.062328
0.110757
0.102974
0.094459
0.064929
0.073602
0.087387
0.063834
0.085375
0.068833
0.101194
0.079195
0.075850
0.062757
0.080472
0.086959
0.084278
0.062100
0.061852
0.078599
0.081626
0.086899
0.079674
0.060832
0.084348
0.077876
0.103341
0.085158
0.092354
0.080901
0.089866
0.099060
0.089155
0.066480
0.067399
0.064622
0.067232
0.080846
0.082047
0.083715
0.085652
0.070912
0.083960
0.087598
0.070743
0.082515
0.086002
0.064373
0.092463
0.089596
0.065098
0.071157
0.070679
0.088221
0.100413
0.147003
0.078681
0.068796
0.074443
0.102053
0.073309
0.063001
0.072226
0.064003
0.071350
0.078186
0.088181
0.065878
0.063003
0.063439
0.086092
0.081392
0.099246
0.082376
0.061637
0.084283
0.084103
0.080878
0.080115
0.084862
0.082938
0.082027
0.087913
0.060139
0.109610
0.067186
0.084179
0.065911
0.089665
0.106049
0.118297
0.113730
0.097117
0.092859
0.081396
0.102490
0.064861
0.065877
0.063999
0.064918
0.085946
0.086682
0.081580
0.065683
0.085716
0.068989
0.065377
0.084438
0.064734
0.076385
0.077943
0.085324
0.084787
0.077019
0.073410
0.084728
0.084749
0.066561
0.061981
0.074802
0.074662
0.085324
0.071240
0.080903
0.059855
0.082590
0.077501
0.087500
0.092511
0.064540
0.060171
0.072261
0.100292
0.082631
0.084226
0.084717
0.062857
0.079725
0.097481
0.082274
0.086167
0.084082
0.085000
0.085816
0.082531
0.087048
0.082789
0.078726
0.070225
0.067792
0.062363
0.086854
0.081418
0.083399
0.082133
0.083146
0.082765
0.065284
0.066484
0.081640
0.065875
0.069824
0.083298
0.059936
0.087162
0.065358
0.079043
0.083767
0.068936
0.077210
0.085572
0.082364
0.091768
0.064341
0.089472
0.077459
0.063089
0.083795
0.067678
0.082197
0.084617
0.085384
0.085469
0.085260
0.069011
0.064900
0.071096
0.083642
0.083335
0.081758
0.089844
0.079976
0.084360
0.082665
0.074778
0.065627
0.107177
0.061726
0.085208
0.061474
0.068099
0.131306
0.070903
0.063627
0.075467
0.083297
0.072451
0.070520
0.092272
0.081709
0.070848
0.112541
0.072814
0.067123
0.075070
0.066854
0.064293
0.071724
0.067568
0.085557
0.087445
0.097556
0.077420
0.080238
0.112887
0.063347
0.099713
0.076838
0.078079
0.080418
0.084133
0.067079
0.076413
0.065786
0.084834
0.095039
0.083068
0.083384
0.071553
0.081200
0.089376
0.063209
0.086698
0.079821
0.082711
0.082625
0.094593
0.081182
0.083149
0.086488
0.067932
0.071489
0.085035
0.072735
0.083303
0.064120
0.081031
0.080556
0.067759
0.082667
0.082055
0.068978
0.080490
0.084046
0.071134
0.078110
0.063061
0.061498
0.058656
0.088829
0.083806
0.070168
0.068840
0.070986
0.068490
0.061418
0.100556
0.082991
0.077073
0.088843
0.064512
0.070146
0.084414
0.067017
0.067597
0.081470
0.081696
0.082695
0.084105
0.077980
0.062815
0.064436
0.063668
0.069477
0.074180
0.068085
0.061843
0.070906
0.083598
0.069470
0.088485
0.068921
0.082790
0.080387
0.060714
0.080324
0.087899
0.065180
0.080050
0.071529
0.084767
0.076546
0.078414
0.064771
0.074491
0.062450
0.079147
0.085534
0.076523
0.062764
0.062676
0.082398
0.087982
0.082639
0.090768
0.081580
0.103863
0.089035
0.083582
0.066787
0.081448
0.062347
0.085673
0.085491
0.068727
0.067209
0.059585
0.088814
0.091793
0.074380
0.068027
0.068607
0.063909
0.070876
0.070841
0.072385
0.087406
0.083465
0.074455
0.061787
0.063179
0.070603
0.090103
0.087937
0.062204
0.069910
0.061560
0.067212
0.083864
0.078991
0.084989
0.073193
0.066483
0.085201
0.071700
0.089501
0.072540
0.076210
0.077486
0.084371
0.067096
0.092330
0.065922
0.073954
0.065577
0.066610
0.076052
0.065866
0.060621
0.066047
0.064208
0.062963
0.088924
0.077051
0.087926
0.070432
0.061615
0.061180
0.064200
0.075408
0.079525
0.076508
0.060595
0.076188
0.064835
0.079591
0.065876
0.066578
0.063646
0.069910
0.067463
