277	261	43	26
280	255	45	31
286	255	46	30
291	256	45	29
297	256	46	28
301	256	46	29
307	255	46	29
312	254	47	30
317	254	48	29
320	254	48	28
326	255	49	28
330	254	47	28
335	255	46	26
313	254	49	26
276	254	50	26
245	253	47	27
235	252	45	30
245	252	45	30
249	251	48	32
253	251	48	31
258	252	47	30
262	251	49	30
269	251	47	30
274	252	46	28
281	251	44	30
285	251	46	30
290	251	46	29
295	250	46	29
300	250	47	30
306	250	49	29
312	250	46	28
318	250	46	28
322	250	45	27
328	249	46	27
332	249	47	28
339	249	46	29
343	248	46	30
350	247	45	31
356	248	44	29
361	247	44	31
366	247	46	31
370	246	47	29
363	247	47	28
329	248	49	28
295	247	47	29
265	247	47	28
236	247	46	29
232	246	47	31
240	245	47	30
247	245	47	29
250	245	47	30
257	245	46	32
263	245	46	31
270	244	44	32
276	244	45	32
280	244	46	31
287	244	45	31
292	244	45	31
298	245	45	29
302	244	45	30
309	244	44	30
315	243	44	31
320	243	45	30
326	243	45	30
331	243	46	31
337	244	47	30
333	243	47	30
302	243	48	29
268	242	47	29
236	243	50	30
207	242	49	30
181	242	46	32
184	241	46	33
194	242	46	32
197	242	45	30
201	243	46	31
207	242	47	31
212	242	47	32
218	241	46	33
223	241	45	31
228	241	45	32
233	241	47	32
240	241	46	31
246	241	46	31
250	240	48	29
256	240	46	29
262	241	46	28
269	241	45	29
273	240	47	31
279	240	46	33
282	239	46	34
261	240	50	30
224	241	50	30
193	240	51	31
165	238	49	33
134	238	48	33
123	236	46	35
132	236	47	35
138	236	46	33
143	236	46	34
147	235	47	34
153	236	46	34
158	235	47	35
163	236	47	34
169	236	46	34
175	236	47	33
180	236	47	33
184	235	47	34
192	235	46	35
197	235	45	33
202	236	46	32
206	236	47	33
211	236	46	33
216	236	46	33
222	236	46	33
227	235	46	33
232	236	45	32
235	235	48	31
241	234	47	33
247	234	47	32
252	235	47	31
258	235	45	33
264	235	46	30
270	234	46	32
274	234	46	32
280	235	45	31
265	236	48	30
230	235	50	30
198	234	49	29
167	234	48	31
158	233	45	32
167	234	46	32
173	234	46	32
178	232	45	32
181	233	46	31
188	233	45	31
193	233	45	31
197	232	45	31
202	232	45	32
207	232	47	31
212	232	46	32
217	232	47	31
221	233	48	32
226	232	47	32
233	233	47	31
238	233	46	30
244	234	47	31
248	233	46	32
254	232	46	32
259	232	46	32
265	232	45	31
255	233	47	28
220	233	49	30
188	233	48	30
162	232	46	33
165	233	44	31
172	232	47	32
178	231	46	32
182	231	45	33
187	233	45	32
191	231	47	33
197	232	46	32
202	232	47	34
208	232	47	32
214	232	45	31
220	232	44	31
225	232	46	32
231	232	45	31
236	232	44	31
242	231	44	31
247	231	45	31
252	231	44	31
257	232	45	31
263	233	45	30
268	231	46	32
274	231	45	31
279	231	45	31
285	231	44	31
290	231	45	31
295	230	45	32
299	231	45	32
278	231	47	31
242	231	48	30
211	231	47	30
197	230	44	30
206	231	43	30
213	230	43	30
217	232	42	30
221	231	42	31
228	230	43	31
234	230	42	31
238	230	44	31
243	230	44	31
249	229	44	32
255	229	44	32
260	229	43	31
266	229	43	30
270	229	43	31
277	229	43	31
282	229	43	31
286	229	42	30
263	229	46	31
227	229	46	30
196	229	45	30
167	230	45	30
135	230	44	29
112	229	42	29
114	230	42	30
124	229	41	30
128	229	41	30
132	229	42	31
138	228	41	29
143	229	41	31
148	228	41	30
153	228	42	31
159	228	41	31
164	229	41	29
170	229	40	30
175	229	40	30
181	229	39	29
187	229	40	29
192	229	41	29
198	229	40	29
203	228	39	28
207	229	40	29
213	230	38	27
218	229	39	27
224	229	38	28
230	229	33	30
235	229	34	30
241	231	39	30
246	233	32	24
251	233	33	28
260	233	34	28
263	232	34	28
269	231	32	26
281	186	26	35
280	173	46	65
264	134	29	24
265	123	35	18
231	122	42	13
235	94	32	16
275	106	22	13
265	107	33	13
276	107	19	11
259	105	33	12
260	105	35	15
275	107	20	13
264	107	29	11
272	107	20	11
270	108	21	10
263	107	28	11
274	107	20	12
275	108	16	11
259	105	34	12
259	105	37	15
260	107	35	13
260	106	34	14
264	107	30	12
274	105	23	15
274	106	20	12
297	72	23	11
300	76	35	26
320	104	43	32
315	69	33	32
286	90	35	16
269	57	43	27
256	62	52	16
260	59	28	20
252	68	31	21
259	59	34	22
236	76	46	18
258	59	32	19
257	59	31	23
262	58	27	21
262	58	30	22
261	58	29	24
255	64	21	33
244	75	34	17
262	59	16	31
263	58	22	26
232	82	38	11
254	70	22	28
244	92	23	20
257	63	44	21
260	58	31	22
247	70	41	15
219	93	52	10
265	59	31	20
265	59	26	21
263	57	26	22
265	59	28	20
259	58	32	24
262	58	29	22
263	59	27	21
261	58	28	20
233	98	20	15
226	63	30	20
195	63	33	22
143	57	41	28
181	56	58	14
241	89	28	39
221	57	38	23
218	49	39	26
213	45	44	27
213	47	41	24
214	45	39	28
214	45	40	27
220	59	42	49
153	64	27	25
115	92	58	10
133	59	34	25
90	91	42	16
129	58	41	27
124	61	46	23
83	95	47	21
97	83	15	20
86	95	40	10
109	100	19	13
87	98	41	14
129	59	35	24
81	97	47	14
103	97	32	14
119	74	15	31
91	94	28	16
50	58	32	21
63	47	40	28
26	53	85	21
15	58	37	26
10	56	44	31
8	56	46	28
6	57	42	28
11	59	39	26
10	58	41	26
8	57	42	27
6	57	44	29
11	58	40	25
9	58	42	28
7	58	44	27
11	59	41	27
7	58	44	29
8	58	43	25
6	58	44	28
9	58	39	26
11	58	44	25
8	58	41	28
10	58	41	26
73	46	31	19
75	58	27	12
41	47	22	35
0	49	26	26
0	6	18	63
12	43	70	66
169	216	32	15
172	230	30	26
183	233	32	27
185	226	30	26
191	228	26	22
185	251	31	19
212	224	17	11
202	215	23	40
200	223	35	36
173	208	31	27
158	206	31	23
201	164	25	19
192	132	20	15
218	106	21	13
221	108	18	14
196	77	23	10
201	81	25	17
218	103	22	17
214	99	25	18
220	107	22	13
194	74	27	17
187	92	48	29
202	164	26	22
190	153	26	27
204	105	31	15
214	108	21	13
183	73	26	15
147	62	43	29
79	18	29	19
79	24	22	13
84	47	34	19
87	69	10	37
46	107	21	14
45	108	17	14
55	93	20	10
36	86	25	34
0	132	20	21
0	132	20	15
0	131	15	15
0	131	14	17
0	132	17	15
0	130	17	16
0	131	19	17
25	118	23	12
0	131	17	15
0	131	15	15
0	131	16	16
0	130	15	16
0	129	15	16
1	133	25	25
1	141	22	13
21	143	23	16
4	130	44	59
0	242	24	30
8	208	26	30
0	195	14	10
0	190	11	10
0	200	11	10
0	199	10	10
0	199	10	10
0	191	10	10
0	201	11	10
0	194	11	10
0	202	10	10
0	187	10	10
0	167	10	10
0	153	11	17
0	154	10	16
0	131	10	10
0	124	10	12
0	128	10	10
0	128	10	10
0	126	10	10
0	126	10	11
0	127	10	10
0	127	10	10
0	127	10	10
0	127	10	10
0	129	10	10
0	128	10	10
0	130	10	10
0	113	12	16
0	87	10	10
0	68	20	14
0	101	27	10
7	102	18	14
20	97	33	23
4	91	72	44
99	216	35	22
154	216	24	43
164	200	45	82
243	163	75	45
305	44	39	28
309	47	27	27
308	46	26	16
309	47	24	13
311	48	23	15
309	46	25	19
310	45	24	21
312	46	20	14
313	47	19	12
313	45	21	14
313	46	24	15
313	46	24	16
311	46	23	21
306	44	28	26
310	46	25	22
311	48	22	16
312	46	24	16
310	45	25	17
310	42	24	22
311	47	23	18
310	45	26	18
311	46	23	28
311	48	23	13
308	46	26	26
311	48	22	13
306	46	30	16
306	47	29	16
307	48	27	27
309	49	26	17
311	47	23	17
297	46	25	15
260	47	22	14
226	45	18	17
194	47	30	15
181	40	38	30
128	57	50	30
90	41	69	50
80	80	87	108
131	268	74	64
49	232	55	48
68	223	111	72
48	239	66	63
156	281	58	55
111	216	98	54
184	274	45	47
192	310	28	21
193	311	22	22
190	315	14	23
185	312	28	18
198	309	20	16
198	307	22	21
199	308	20	13
200	308	20	15
199	309	20	17
191	302	26	21
178	322	12	31
163	336	27	20
197	309	19	19
198	308	21	16
197	306	23	18
184	309	25	13
150	308	19	14
118	307	17	19
81	307	20	16
73	307	21	15
70	304	25	21
75	309	20	15
71	307	22	16
71	308	23	15
74	309	21	15
74	308	20	15
74	307	22	16
74	309	20	14
75	308	22	16
75	308	21	15
74	309	22	14
74	309	21	15
75	309	19	15
75	308	19	14
76	309	19	12
77	309	18	13
76	309	19	13
76	308	19	13
74	308	20	15
74	309	17	18
74	309	21	14
73	309	23	21
73	310	19	14
73	309	21	15
65	308	21	13
33	307	20	17
0	309	14	14
0	292	10	13
0	296	10	12
0	291	10	18
0	275	16	14
0	270	16	20
0	234	13	18
0	206	19	18
0	207	18	26
0	208	22	30
0	213	23	39
0	204	34	39
0	139	29	43
0	206	20	31
0	211	22	31
0	213	21	31
0	202	30	35
0	138	21	33
0	89	18	29
2	60	24	28
11	46	31	24
62	2	17	11
50	3	24	10
44	0	31	12
42	1	28	17
59	38	35	21
24	30	54	47
70	36	50	31
51	37	48	28
42	40	59	26
59	35	43	31
57	36	44	29
61	36	40	30
57	37	44	29
48	40	53	26
23	47	79	20
48	39	53	27
50	36	49	30
54	36	46	29
54	36	46	29
39	42	61	24
41	41	59	25
25	45	75	21
52	37	49	29
13	49	83	18
10	47	55	20
0	35	28	31
0	1	27	60
8	45	94	76
43	76	118	125
0	112	286	246
0	124	640	387
269	201	370	310
0	350	640	161
0	344	640	167
0	324	640	187
0	242	640	269
153	202	486	309
0	178	640	333
0	0	640	512
194	199	445	312
9	172	630	339
302	272	337	228
101	502	538	10
406	358	33	22
404	356	33	33
404	354	46	39
324	277	22	17
329	276	18	15
334	276	20	15
340	278	20	14
326	274	35	16
327	258	30	22
279	222	41	44
231	269	40	26
211	273	33	29
221	277	31	32
228	274	22	21
232	276	22	27
240	276	19	13
249	278	13	10
240	268	25	21
242	276	30	15
249	276	29	19
259	277	26	16
259	278	29	16
262	276	32	17
271	276	30	18
274	277	31	16
261	275	48	29
272	275	42	32
277	277	42	22
282	275	44	25
288	276	43	20
292	276	42	22
297	276	42	23
304	276	41	22
311	276	41	18
331	277	25	18
320	277	40	26
324	277	42	28
313	276	46	23
279	277	47	25
250	278	42	22
212	287	33	54
209	275	42	27
217	275	44	28
223	275	42	30
227	275	45	27
231	275	44	28
237	275	44	30
241	275	45	30
246	275	46	31
252	275	46	32
257	275	46	31
263	274	46	31
268	276	46	31
274	275	44	31
280	275	45	31
284	274	45	31
292	274	44	30
296	274	45	31
301	275	45	29
307	275	44	30
311	275	44	29
318	274	43	26
323	274	44	26
327	274	45	28
332	273	45	26
310	275	51	27
274	274	49	25
242	275	48	27
226	272	45	29
233	271	47	30
241	272	45	31
245	271	46	32
249	273	48	30
256	273	47	27
261	273	45	31
268	273	45	30
272	272	45	31
277	272	46	30
282	271	47	31
285	273	48	27
292	273	47	26
297	273	46	30
303	272	46	28
309	271	45	28
314	271	45	29
319	270	46	30
324	271	47	29
328	270	47	30
333	270	47	31
339	270	47	30
344	269	47	29
340	269	47	30
308	270	50	27
272	270	52	28
245	269	47	28
213	268	49	29
197	269	47	33
205	269	47	33
213	268	47	33
216	267	46	32
221	267	46	32
226	268	46	32
231	269	47	30
237	269	46	30
242	269	45	30
246	269	49	31
253	269	49	31
258	269	48	31
263	269	48	31
268	268	48	31
274	270	48	30
280	270	47	29
286	269	48	31
290	268	49	32
296	269	48	32
302	269	49	32
309	271	48	30
314	270	48	30
320	272	48	28
318	271	50	29
293	271	52	30
257	270	52	33
228	269	50	31
198	269	49	32
167	267	49	36
155	266	50	38
165	266	51	37
173	266	49	36
178	266	48	35
181	268	49	34
188	267	48	35
194	268	48	34
200	268	48	35
205	267	49	36
211	268	48	36
217	267	49	36
223	268	48	34
228	268	48	34
233	268	47	35
239	267	49	34
245	269	49	33
250	268	50	33
256	268	50	32
261	268	51	33
267	268	53	35
272	268	53	35
258	269	52	33
224	268	53	33
194	266	50	35
163	265	51	35
134	264	51	36
108	264	47	35
106	264	47	35
118	264	45	36
122	263	46	38
127	263	46	36
133	263	48	36
138	263	48	37
145	263	48	36
151	264	47	36
158	263	47	36
165	263	46	35
171	264	46	33
178	264	47	34
184	264	48	35
190	263	48	36
196	264	48	34
202	263	47	33
208	264	48	32
216	264	46	34
223	265	47	32
230	264	47	33
236	264	48	33
242	264	49	33
248	264	49	32
254	264	50	33
261	262	50	34
267	264	50	33
275	263	51	32
282	263	49	31
289	263	50	33
295	262	50	33
285	263	52	32
251	263	53	31
220	262	50	31
202	262	47	34
208	263	48	32
219	263	46	31
225	262	47	32
232	263	48	31
239	262	48	32
243	261	49	32
251	262	48	33
258	262	49	32
264	263	50	30
270	262	52	32
279	264	50	31
285	262	50	32
294	264	49	30
300	263	50	32
307	263	50	32
315	263	49	31
322	263	49	32
324	263	50	31
298	263	52	30
266	263	53	31
236	261	51	31
207	261	51	33
179	261	51	31
166	261	47	34
174	261	48	32
184	260	48	32
190	261	47	31
197	259	48	32
204	258	46	31
212	257	47	32
219	257	47	33
226	258	47	31
234	257	47	31
241	257	47	30
248	256	46	30
253	257	49	30
261	257	50	30
269	256	49	30
276	256	47	29
284	256	47	30
289	254	51	32
300	254	49	32
301	254	55	34
302	255	59	32
320	255	49	30
311	255	51	30
276	256	57	27
250	254	50	30
222	254	48	29
190	254	53	31
175	252	46	32
180	258	50	27
190	253	47	34
196	252	48	34
203	253	48	35
211	252	47	34
217	253	47	33
223	253	48	33
231	254	47	33
237	252	48	33
243	253	49	32
250	252	53	34
260	252	47	32
266	253	47	31
271	253	47	31
278	252	48	31
287	253	48	31
296	252	47	32
303	253	48	32
308	253	49	32
316	253	47	33
322	253	47	31
329	253	47	31
314	252	50	30
280	252	52	30
251	252	48	30
223	252	48	29
192	251	48	31
169	251	46	30
173	251	46	28
182	250	46	29
189	249	45	29
195	250	46	29
201	249	47	30
206	250	46	30
212	250	49	29
217	249	49	30
225	249	47	30
231	249	48	30
237	249	47	30
243	248	48	31
249	249	47	27
256	249	48	26
261	249	47	29
267	249	48	28
274	249	47	28
279	250	48	28
285	249	47	28
292	248	46	28
298	249	47	27
303	248	48	30
310	248	46	27
316	248	44	26
319	248	46	28
326	248	46	27
315	248	49	26
282	247	48	27
250	248	46	29
218	248	47	25
190	247	47	28
189	248	45	24
201	248	42	22
204	247	44	29
210	248	42	28
215	248	43	30
219	247	43	28
223	247	44	30
228	247	45	31
233	248	43	27
236	247	43	29
244	247	40	26
248	248	41	26
253	249	39	27
260	248	38	28
319	281	24	21
292	240	16	13
291	240	19	18
289	239	29	24
326	192	34	25
299	197	31	27
276	207	72	52
173	228	49	51
267	257	21	19
251	225	28	22
292	228	24	26
287	222	39	32
369	270	19	18
371	276	18	15
374	271	21	19
360	253	33	27
365	268	26	23
372	272	21	18
370	271	21	18
371	271	24	20
372	273	19	18
372	276	20	16
372	275	18	17
371	274	20	19
371	273	20	18
372	272	22	20
373	276	17	15
373	274	19	16
368	287	21	28
360	307	32	33
316	246	61	37
271	246	31	23
272	250	26	33
266	298	26	21
269	251	28	21
271	238	28	59
191	281	24	21
239	238	16	17
270	223	13	14
284	225	24	18
284	228	30	36
273	264	34	51
228	252	58	51
177	207	67	74
89	234	106	77
80	220	88	94
220	240	44	30
283	275	23	19
292	275	20	17
292	271	20	20
293	274	18	16
292	272	21	19
292	272	19	18
290	271	23	20
289	272	21	18
288	270	23	18
289	255	25	34
234	235	45	35
183	257	48	29
170	264	57	20
179	247	41	49
179	255	27	24
197	256	30	45
191	283	36	38
204	279	63	18
193	252	45	19
180	264	36	44
169	214	65	78
66	334	60	22
128	257	24	19
125	224	29	31
116	262	24	22
143	228	38	20
113	261	20	19
119	252	38	23
117	262	36	30
109	263	52	51
20	228	58	43
21	234	48	54
110	244	41	27
104	235	12	44
131	225	27	25
132	222	42	30
121	245	51	53
24	228	64	47
21	231	70	68
18	227	84	55
98	258	34	23
128	247	42	25
127	248	46	19
