353	234	31	26
357	232	31	29
363	231	33	28
367	231	31	29
350	230	32	30
329	231	30	30
308	232	29	29
289	231	30	29
267	232	29	28
247	231	30	29
226	233	29	28
218	235	27	24
227	234	28	22
234	234	29	22
240	235	27	21
247	234	27	22
254	234	28	22
261	234	28	21
267	233	29	21
275	234	29	21
282	233	28	22
290	234	27	21
296	234	27	21
303	233	28	22
311	234	28	22
317	234	30	22
324	233	30	23
331	233	31	23
338	232	30	24
346	231	28	26
351	230	28	28
338	232	30	25
316	233	32	24
295	233	30	23
277	232	27	25
280	233	28	24
289	232	27	24
296	232	26	24
301	232	27	24
310	232	25	23
316	231	25	24
323	231	27	23
328	231	27	24
337	231	27	25
343	230	26	24
351	230	25	24
358	229	26	25
365	229	26	25
372	228	26	25
380	228	25	25
387	228	24	25
393	226	24	25
400	228	26	28
407	229	27	28
400	231	28	24
379	231	29	23
356	230	30	24
335	227	33	27
317	228	31	26
298	226	26	22
303	226	26	23
313	226	24	22
319	226	24	23
325	226	24	23
333	226	24	22
340	225	25	23
347	226	24	22
353	226	26	22
362	225	24	23
368	226	24	23
375	226	25	22
381	226	25	23
390	226	25	23
395	227	26	24
401	228	28	24
407	227	28	23
404	227	28	27
380	226	28	27
358	225	26	25
339	226	29	31
315	226	30	31
296	225	30	28
280	222	25	30
284	224	26	28
295	224	25	26
301	225	26	25
308	224	27	25
315	224	28	24
321	224	29	25
327	222	28	26
333	223	29	27
340	222	30	28
347	223	29	29
353	222	30	30
359	221	30	31
366	219	29	31
359	219	33	32
344	221	35	30
322	223	30	26
300	222	31	25
278	222	34	26
258	222	33	23
240	220	30	25
240	220	27	22
248	220	27	22
255	221	28	23
264	221	28	25
272	221	27	23
279	220	27	23
286	220	26	23
293	221	27	22
299	221	26	22
305	219	27	22
313	219	25	20
323	220	23	20
329	219	26	21
336	219	29	24
342	219	30	25
345	218	31	26
327	220	35	22
305	219	37	22
286	220	33	22
266	218	29	24
244	218	31	24
222	216	35	28
207	218	29	24
204	218	27	24
212	219	28	25
220	218	28	27
226	217	28	29
232	216	28	29
240	215	31	35
248	216	28	32
255	216	28	30
264	217	29	26
271	218	26	24
280	220	24	22
287	220	24	22
294	219	27	24
298	218	27	26
302	216	27	29
309	217	28	28
320	219	29	29
300	217	32	29
283	218	29	27
262	218	31	25
241	217	35	24
219	217	38	25
202	217	36	26
185	216	32	25
193	217	29	25
201	218	28	23
211	220	25	22
219	220	26	23
224	219	25	24
230	219	26	25
236	218	27	26
245	218	25	26
253	219	26	25
260	222	24	24
268	221	25	23
275	222	26	26
282	222	26	24
290	221	26	27
296	220	27	29
303	219	26	28
310	219	25	26
317	220	27	27
321	221	28	28
307	222	28	28
288	224	28	25
265	222	27	28
254	221	28	28
265	220	25	23
271	220	27	23
277	220	27	24
286	221	27	27
291	221	29	28
298	221	29	29
303	219	29	30
312	219	28	29
321	219	24	25
330	220	23	24
337	221	26	19
344	222	26	20
350	222	26	24
358	221	24	23
365	222	23	23
371	222	22	22
378	222	21	22
361	222	29	21
342	220	27	23
320	219	26	24
298	219	32	29
277	219	33	29
273	218	27	26
281	219	29	25
287	219	30	24
295	220	31	21
302	219	30	21
309	218	29	22
318	217	26	23
325	218	26	23
333	218	25	24
340	219	25	23
347	219	25	22
354	218	26	22
360	217	28	22
366	218	28	22
373	218	27	22
381	218	26	23
387	217	28	26
395	217	30	27
387	218	28	22
365	219	26	21
341	218	28	22
321	219	29	22
301	216	28	24
280	216	29	28
285	216	29	26
293	217	29	25
301	217	27	26
308	218	27	23
315	220	27	22
322	217	26	24
329	218	26	24
336	218	28	26
345	217	25	26
352	219	25	26
359	219	25	26
364	219	26	23
369	218	28	23
379	219	26	24
387	217	27	28
369	218	26	26
353	220	23	22
338	221	24	22
315	221	23	21
292	217	22	21
277	215	25	29
283	215	26	30
290	213	27	32
298	214	26	30
305	214	26	29
313	215	26	29
319	215	26	28
325	216	26	27
334	216	26	27
341	216	25	27
348	217	26	27
354	217	27	29
362	217	27	28
366	217	28	28
373	216	27	28
379	216	28	28
386	216	28	28
396	217	26	27
401	216	27	28
408	218	27	26
409	218	30	26
392	218	28	29
369	218	27	24
348	218	28	21
329	218	27	23
317	217	25	20
327	216	25	20
335	217	25	20
342	216	25	19
349	216	24	20
355	216	25	19
363	216	25	20
369	216	25	20
376	217	24	19
382	217	26	20
389	217	26	20
395	217	27	20
403	217	28	21
409	217	26	19
416	216	27	22
423	216	27	24
430	215	26	25
437	216	26	25
444	217	26	23
444	216	27	24
432	217	26	22
410	217	26	21
390	217	28	22
364	216	31	27
350	216	29	24
357	216	30	24
364	217	30	24
372	217	26	22
381	217	26	24
388	217	25	24
396	216	25	24
403	215	25	25
411	215	24	26
417	216	24	25
424	216	25	26
430	216	26	25
438	216	26	25
445	215	26	26
450	218	29	26
454	218	27	26
447	216	25	26
425	214	25	27
404	214	27	27
381	216	29	27
361	216	29	27
340	217	29	28
331	216	28	27
344	216	26	27
352	217	26	26
358	216	27	27
366	218	25	23
373	217	24	25
380	219	23	24
385	220	24	24
392	219	24	22
398	216	23	24
376	215	26	24
360	217	22	22
339	215	26	23
317	217	25	21
296	215	26	22
274	216	28	23
254	216	26	23
231	215	30	25
218	216	28	25
222	215	28	23
233	216	22	22
241	216	23	23
246	216	23	24
252	216	24	24
258	215	26	24
264	215	26	22
270	216	25	22
279	215	24	24
284	214	26	24
294	215	25	23
300	215	29	27
307	214	28	27
314	215	26	25
322	214	25	24
329	215	25	23
334	214	26	23
341	215	27	23
338	215	29	23
319	215	28	21
296	215	28	21
274	216	30	22
257	215	29	25
236	214	30	25
218	213	28	25
222	212	28	24
231	213	27	24
238	212	26	24
245	213	26	23
252	213	26	23
259	212	26	24
266	213	25	23
274	212	25	25
282	212	25	23
289	213	25	23
294	213	26	24
298	214	28	22
306	215	27	22
316	214	27	24
320	214	27	24
328	213	27	24
310	212	25	21
290	213	26	22
273	211	25	21
254	211	26	21
234	214	28	21
233	212	29	23
243	212	26	22
252	213	23	21
259	214	27	23
266	212	27	24
275	214	24	23
283	215	23	23
290	216	21	20
295	216	24	18
302	213	24	21
306	216	24	21
315	214	23	23
319	215	23	23
327	213	25	27
332	213	25	30
314	215	27	29
290	214	28	30
268	214	29	29
247	213	28	28
224	211	30	31
211	212	28	29
207	213	25	25
219	213	22	22
229	211	22	22
236	211	22	24
243	210	22	26
251	211	22	28
256	212	23	27
261	211	24	29
270	211	23	28
279	211	22	28
285	212	24	27
293	213	22	26
300	212	23	26
308	212	21	25
314	211	22	25
322	212	21	23
327	213	22	23
333	212	24	23
336	212	24	24
311	210	30	29
286	209	33	28
264	209	33	28
244	209	33	28
224	210	34	25
203	210	36	29
200	210	29	30
211	210	26	28
221	210	22	23
227	209	23	25
233	209	23	26
239	207	25	27
245	207	28	29
252	208	25	28
256	210	29	26
269	212	23	22
275	212	24	23
283	211	24	24
291	210	24	22
298	211	25	22
304	210	24	21
311	209	23	21
317	209	23	22
310	208	31	23
292	209	28	20
274	209	26	20
253	208	26	22
232	208	26	20
213	209	26	20
213	209	24	20
222	208	26	21
230	207	25	21
236	207	26	22
243	207	27	23
251	207	26	23
260	208	25	21
267	207	24	20
275	208	23	20
281	207	24	21
288	208	23	20
295	207	23	21
304	207	23	22
312	209	22	21
319	209	22	23
312	211	22	20
287	209	24	22
268	210	18	19
247	211	24	23
230	213	23	22
207	210	21	21
185	208	22	24
178	210	25	23
186	210	26	23
195	207	24	23
200	207	25	25
209	206	25	24
218	205	24	25
225	205	24	26
232	206	25	26
239	206	24	26
245	207	24	24
253	206	25	24
259	205	24	25
266	204	24	25
273	205	25	27
280	205	26	26
288	207	27	27
296	207	25	25
305	206	25	26
312	207	25	24
319	208	24	22
323	206	25	23
331	209	26	21
337	206	25	22
321	208	28	23
297	209	27	21
276	209	28	21
255	209	30	24
249	208	24	22
256	208	25	22
265	208	24	21
273	209	24	20
281	210	25	21
288	210	24	21
296	211	25	20
302	210	26	19
310	210	27	20
316	209	27	20
323	209	28	21
330	209	27	24
337	209	29	22
346	210	27	22
351	210	29	21
359	210	31	23
366	209	32	23
372	208	33	28
376	208	32	27
361	208	33	28
338	209	32	27
318	210	29	24
300	209	29	23
284	209	27	25
291	208	26	24
299	208	27	23
307	208	27	23
314	208	27	23
321	208	27	24
329	208	27	24
337	208	26	24
342	208	28	25
350	210	27	25
358	210	27	24
365	209	26	25
373	209	25	26
381	209	24	24
389	210	25	24
395	209	25	25
402	209	24	25
408	208	25	25
413	209	25	27
402	207	26	30
379	207	30	34
359	208	28	30
337	209	27	29
318	210	24	27
319	210	25	26
326	211	24	25
330	211	24	25
333	211	24	24
337	212	24	21
341	211	24	22
345	212	23	20
349	211	23	20
352	211	23	23
355	210	24	24
356	210	24	23
359	210	24	23
360	209	25	24
362	210	25	25
364	211	25	23
366	210	26	24
371	210	25	24
371	211	26	24
358	209	31	25
334	211	30	26
308	210	30	25
283	211	29	23
261	211	29	20
264	211	27	20
269	212	26	19
270	212	27	19
273	212	26	19
275	212	25	19
277	211	26	19
279	211	25	20
283	210	24	20
284	210	24	21
288	210	23	21
291	209	22	22
294	209	22	23
295	208	21	23
297	208	22	24
298	207	23	26
300	205	23	30
302	206	23	31
305	206	25	30
308	207	24	28
311	209	25	26
315	211	26	24
318	212	26	23
310	213	25	25
287	213	26	25
261	212	28	25
244	211	26	22
247	212	26	22
253	214	25	21
255	213	25	21
257	213	26	21
257	213	25	21
261	213	26	22
262	213	25	22
263	213	26	22
266	212	26	22
267	212	28	23
268	211	27	23
270	210	27	25
269	210	28	25
270	210	28	26
271	209	29	26
273	208	28	26
274	207	28	28
274	208	28	28
275	208	29	28
276	207	29	28
277	207	28	29
278	208	28	28
278	208	28	28
281	208	26	28
281	209	26	27
281	208	27	27
280	208	27	28
282	210	26	26
283	209	26	27
283	209	26	27
283	210	26	26
285	210	26	25
284	211	26	25
283	210	27	25
284	211	27	25
285	211	26	24
285	211	26	23
284	211	26	24
285	211	26	23
284	211	26	24
284	211	26	24
284	211	25	23
284	210	25	23
285	211	25	23
284	210	26	24
283	210	26	24
283	211	26	23
283	210	26	24
283	210	26	24
283	210	25	23
281	210	26	24
282	209	26	24
282	209	26	24
282	209	25	24
281	209	26	24
280	209	26	24
281	210	26	23
282	209	26	23
280	208	26	23
281	209	26	24
281	208	25	23
281	208	26	24
281	208	25	23
281	208	25	23
281	208	26	24
282	208	25	23
282	207	24	23
281	207	26	24
283	207	24	23
