234	172	10	7
233	172	11	10
233	170	10	10
233	171	10	10
233	171	10	10
233	171	11	10
233	171	10	10
233	171	10	10
232	171	10	10
232	171	10	10
232	171	10	10
233	171	10	10
233	172	10	10
233	171	10	10
233	171	10	10
233	171	10	10
233	171	10	10
232	171	10	10
239	173	15	10
254	146	10	10
254	146	22	13
269	150	22	10
265	117	16	10
247	118	13	10
251	118	12	10
261	116	17	10
271	116	12	10
268	117	11	10
264	116	10	10
266	117	12	10
269	117	12	10
269	117	12	10
269	117	11	10
271	116	11	10
271	117	10	10
270	117	11	10
270	116	13	10
265	116	17	10
265	117	17	10
270	117	13	10
266	116	16	10
271	117	12	10
271	116	12	10
270	116	14	10
270	117	14	10
271	117	12	10
265	137	10	10
266	139	25	23
235	144	17	14
205	158	25	16
166	122	15	13
163	128	13	10
167	124	13	10
163	125	12	10
176	106	10	10
161	125	13	10
161	125	13	10
160	120	13	10
178	103	10	10
200	103	10	10
204	102	10	10
201	107	10	10
204	102	11	10
204	102	10	10
204	102	10	10
204	102	10	10
204	102	10	10
205	100	10	10
226	88	10	10
226	88	10	10
224	91	10	10
221	93	10	10
219	95	10	10
209	100	10	10
204	102	10	10
224	89	10	10
217	97	10	10
227	91	10	10
239	105	10	10
253	116	14	11
270	96	13	15
266	115	18	10
264	109	19	10
262	108	19	10
267	111	15	10
270	112	13	10
270	112	12	10
271	112	12	10
272	113	11	10
269	111	13	10
270	112	14	10
271	112	12	10
271	112	13	10
272	111	11	10
270	112	13	10
271	111	13	10
270	111	14	10
272	111	11	10
272	112	13	10
272	112	12	10
272	112	13	10
271	112	12	10
272	112	12	10
272	112	12	10
272	112	12	10
272	113	12	10
270	112	13	10
272	113	11	10
271	112	12	10
272	112	12	10
272	113	12	10
271	112	12	10
272	112	11	10
271	112	13	10
270	111	14	10
270	112	14	10
272	112	12	10
266	112	16	10
272	112	13	10
270	112	13	10
272	112	11	10
272	113	12	10
272	112	12	10
272	112	11	10
271	113	12	10
271	113	12	10
272	113	11	10
273	114	11	10
272	113	11	10
272	114	11	10
271	112	12	10
272	113	11	10
271	113	12	10
272	113	11	10
271	113	12	10
272	112	12	10
271	112	12	10
272	112	12	10
273	112	12	10
271	112	12	10
272	112	12	10
273	112	11	10
273	112	11	10
273	113	10	10
272	112	11	10
274	112	11	10
273	113	11	10
263	112	19	10
271	113	14	10
272	113	13	10
271	113	14	10
269	113	15	10
272	113	12	10
273	114	11	10
272	114	12	10
273	114	10	10
272	114	11	10
269	113	14	10
273	113	11	10
273	114	10	10
269	113	15	10
271	113	13	10
268	112	16	10
275	112	10	10
273	112	11	10
274	112	11	10
273	112	11	10
271	112	13	10
271	112	12	10
269	111	14	10
269	112	13	10
271	111	12	10
271	111	13	10
272	112	12	10
269	111	14	10
270	111	13	10
271	112	12	10
270	112	13	10
271	112	12	10
270	112	14	10
271	112	12	10
271	112	13	10
270	112	14	10
269	113	14	10
270	113	14	10
270	112	13	10
268	113	15	10
269	113	14	10
252	114	18	11
257	107	14	10
245	105	25	10
243	134	13	10
245	133	18	10
223	131	23	10
217	133	15	10
214	133	13	10
222	133	13	10
230	134	13	10
233	134	12	10
220	131	20	10
222	134	11	10
220	134	11	10
203	160	10	10
209	160	10	10
211	160	10	10
209	160	10	10
208	161	10	10
205	162	10	10
205	161	10	10
206	161	10	10
205	162	10	10
206	162	10	10
204	163	10	10
205	163	10	10
207	163	10	10
207	163	10	10
207	163	10	10
207	163	10	10
206	163	10	10
207	162	10	10
207	162	10	10
207	162	10	10
207	161	10	10
207	161	10	10
208	161	10	10
208	160	10	10
207	159	10	10
205	159	10	10
206	160	10	10
206	160	10	10
206	159	10	10
206	159	10	10
206	160	10	10
206	161	10	10
206	161	10	10
206	161	10	10
206	162	10	10
206	161	10	10
206	161	10	10
207	162	10	10
207	162	10	10
208	162	10	10
208	163	10	10
208	162	10	10
208	162	10	10
209	163	10	10
208	163	10	10
208	162	10	10
207	162	10	10
208	161	10	10
206	160	10	10
199	164	10	10
203	162	10	10
207	159	10	10
208	159	10	10
208	158	10	10
207	157	10	10
206	158	10	10
207	158	10	10
207	158	10	10
206	158	10	10
207	158	10	10
207	159	10	10
207	158	10	10
207	158	10	10
207	158	10	10
206	159	10	10
206	159	10	10
206	159	10	10
207	160	10	10
207	161	10	10
208	161	10	10
202	159	27	16
177	124	37	16
143	113	20	10
152	133	10	10
158	126	10	10
159	125	10	10
154	112	12	10
139	97	23	13
110	106	17	10
84	128	10	10
85	125	15	11
85	125	12	10
72	134	10	10
72	134	10	10
76	131	10	10
76	132	10	10
81	132	18	10
73	134	10	10
88	125	10	10
88	125	11	10
97	119	11	10
92	122	10	10
91	125	10	10
99	120	10	10
98	122	10	10
112	110	10	17
123	102	14	10
104	119	10	10
103	119	10	10
93	123	10	10
102	116	12	10
110	113	17	10
105	116	10	10
102	118	10	10
102	118	10	10
102	119	10	10
117	106	10	10
120	105	10	10
101	118	10	10
83	128	10	10
77	130	11	10
79	130	12	10
76	131	11	10
77	130	12	10
78	130	12	10
76	134	10	10
75	135	10	10
80	129	10	10
90	126	10	12
77	135	10	10
64	137	15	10
75	133	11	10
67	135	20	10
75	152	32	18
31	134	16	10
35	135	12	10
35	135	10	10
35	135	13	10
37	134	14	10
34	135	12	10
33	135	13	10
37	136	10	10
33	133	14	10
36	135	11	10
36	136	10	10
37	138	10	10
38	137	10	10
37	135	11	10
37	136	10	10
37	136	10	10
37	135	10	10
34	136	12	10
35	133	10	10
37	134	10	10
36	134	10	10
35	134	10	10
39	134	15	10
31	131	15	10
40	137	10	10
48	138	11	10
30	132	14	10
36	135	10	10
36	136	10	10
35	135	10	10
37	136	10	10
35	134	11	10
34	134	12	10
35	134	12	10
36	136	10	10
36	136	13	10
37	135	14	10
37	135	13	10
37	136	10	10
37	135	10	10
36	135	11	10
37	136	11	10
36	134	10	10
36	134	11	10
37	134	20	10
35	134	12	10
37	134	12	10
37	132	15	11
38	135	10	10
35	133	10	10
36	133	10	10
43	135	12	10
37	135	10	10
36	134	10	10
37	135	11	10
35	134	11	10
34	133	11	11
37	136	11	10
37	136	10	10
36	135	10	10
34	135	10	10
36	135	10	10
37	135	10	10
37	134	10	10
36	132	11	10
36	134	11	10
37	135	10	10
37	135	10	10
37	135	10	10
38	135	12	10
35	133	12	10
33	132	11	10
30	128	15	12
35	133	11	10
35	133	11	10
37	133	13	10
36	133	13	10
36	135	10	10
38	135	10	10
37	134	12	10
36	135	10	10
37	136	10	10
38	133	12	10
37	137	10	10
36	136	10	10
36	134	11	10
34	134	12	10
37	137	10	10
38	137	10	10
37	136	10	10
37	136	10	10
36	133	11	10
37	134	11	10
36	134	12	10
34	131	13	10
37	135	10	10
36	136	10	10
37	136	10	10
37	135	10	10
37	135	10	10
36	134	11	10
36	134	10	10
37	136	10	10
37	136	10	10
38	135	11	10
36	136	12	10
36	135	10	10
37	135	12	10
36	136	10	10
35	137	12	10
37	137	12	10
36	135	10	10
36	136	10	10
37	137	11	10
37	136	10	10
37	138	10	10
36	136	11	10
36	137	10	10
37	137	10	10
36	137	10	10
35	135	12	10
38	136	10	10
36	136	10	10
36	137	10	10
37	135	10	10
38	137	10	10
37	136	10	10
37	135	10	10
34	135	11	10
36	135	10	10
36	135	10	10
36	135	10	10
36	135	10	10
34	135	10	10
35	135	12	10
34	135	10	10
34	135	10	10
35	135	10	10
36	137	10	10
37	137	10	10
38	137	10	10
38	139	10	10
37	138	10	10
37	137	10	10
37	137	14	10
38	138	11	10
36	137	10	10
36	138	10	10
35	136	10	10
35	136	10	10
33	135	12	10
35	135	11	10
34	135	11	10
33	134	13	10
35	134	11	10
36	136	10	10
36	134	12	10
35	134	13	10
34	134	12	10
35	134	12	10
35	135	13	10
35	135	13	10
35	135	11	10
35	136	10	10
36	136	10	10
31	136	10	10
31	136	10	10
37	138	10	10
37	138	11	10
37	138	13	10
36	137	11	10
37	139	10	10
37	139	10	10
37	139	10	10
37	140	10	10
36	139	10	10
36	138	10	10
39	139	10	10
36	136	10	10
36	137	10	10
36	135	10	10
36	136	12	10
36	136	10	10
37	138	10	10
36	137	10	10
34	135	10	10
36	135	10	10
44	139	10	10
35	136	10	10
38	137	10	10
35	136	10	10
35	137	10	10
36	136	10	10
35	137	10	10
35	137	10	10
45	139	11	10
37	137	10	10
36	136	11	10
37	137	11	10
38	139	10	10
35	136	11	10
46	141	11	10
32	137	13	10
39	140	22	10
34	138	11	10
32	137	11	10
34	137	19	12
35	138	10	10
40	139	10	10
34	136	12	10
37	138	10	10
34	136	11	10
36	136	10	10
36	137	10	10
36	136	10	10
35	135	10	10
37	136	10	10
37	137	10	10
36	136	10	10
36	136	10	10
37	137	10	10
37	137	10	10
38	140	10	10
52	143	13	10
50	136	10	10
33	136	14	10
37	139	10	10
35	140	12	10
36	140	10	10
37	140	10	10
36	139	10	10
37	139	10	10
36	139	12	10
36	140	10	10
36	138	10	10
37	139	11	10
37	139	10	10
36	138	11	10
38	138	10	10
37	138	10	10
37	138	10	10
35	136	11	10
36	137	10	10
37	138	10	10
37	137	10	10
36	136	10	10
35	136	12	10
35	134	10	10
38	137	11	10
38	138	10	10
38	140	10	10
38	139	10	10
37	138	11	10
36	139	11	10
38	140	10	10
38	140	10	10
38	140	10	10
38	141	10	10
37	140	10	10
37	140	10	10
17	135	10	10
27	137	10	10
38	140	12	10
36	140	10	10
38	139	10	10
18	134	10	10
37	140	10	10
38	141	10	10
37	139	10	10
37	138	10	10
35	137	10	10
38	139	10	10
37	138	10	10
38	138	10	10
37	139	10	10
36	137	10	10
51	141	11	10
37	138	10	10
38	139	10	10
37	138	10	10
37	139	10	10
37	139	10	10
38	141	10	10
38	140	10	10
37	140	10	10
37	140	10	10
38	141	10	10
38	140	10	10
37	140	10	10
37	140	10	10
38	139	10	10
36	139	10	10
18	134	10	10
35	138	10	10
39	139	10	10
38	137	11	10
37	137	11	10
37	138	10	10
37	136	10	10
37	137	12	10
38	137	11	10
37	137	10	10
39	135	12	10
32	136	23	22
38	146	27	40
2	190	17	10
5	198	13	10
5	196	15	10
5	191	15	10
6	191	13	10
6	192	16	10
6	192	13	10
5	192	14	10
5	192	14	10
5	191	15	10
5	192	15	10
4	191	15	10
4	192	16	10
5	192	16	10
29	188	12	11
37	175	11	10
18	185	15	16
41	177	20	15
53	159	23	14
79	148	17	13
63	122	19	19
94	82	13	11
122	72	10	10
121	74	10	10
107	76	11	12
125	72	10	10
106	79	14	10
125	73	10	10
125	73	10	10
116	80	10	10
117	80	10	10
117	80	10	10
117	81	10	10
117	83	10	10
117	82	10	10
115	83	10	10
118	82	10	10
123	75	12	14
117	78	12	10
116	85	21	19
119	79	13	11
125	76	10	10
118	76	15	10
116	81	12	10
122	77	10	10
126	74	10	10
127	74	10	10
123	75	10	10
125	74	10	10
108	82	10	10
118	79	10	10
118	80	10	10
119	79	10	10
128	74	10	10
125	74	10	10
127	73	10	10
128	73	10	10
129	73	10	10
126	72	10	10
127	74	10	10
117	81	10	10
117	82	10	10
116	81	10	10
117	81	10	10
121	77	10	10
108	81	10	10
124	75	10	10
126	74	10	10
122	74	11	10
114	80	10	10
117	82	10	10
116	80	10	10
117	81	10	10
117	81	10	10
115	82	12	10
117	79	10	10
111	88	20	17
103	76	28	14
121	72	27	19
158	34	18	10
169	31	17	12
172	40	10	15
180	35	19	17
203	2	14	10
193	0	15	10
197	0	11	11
208	0	11	10
210	1	11	12
214	0	10	11
203	0	13	10
200	0	14	10
200	0	10	10
203	0	12	11
211	6	10	10
198	18	14	10
206	2	13	10
233	7	10	10
215	2	10	14
204	0	14	12
203	1	13	11
204	0	16	11
178	30	12	10
177	42	21	15
158	30	20	15
163	31	13	11
163	43	14	17
154	31	17	13
149	34	18	17
134	49	22	15
120	57	21	13
126	82	36	19
186	131	17	14
190	131	15	11
184	130	18	11
186	129	16	10
183	127	14	10
210	133	10	10
192	127	20	10
179	125	14	10
180	126	13	10
180	126	12	10
179	127	13	10
180	127	12	10
181	127	11	10
179	127	13	10
175	128	17	10
177	126	16	10
178	127	16	10
179	127	14	10
180	126	12	10
181	125	12	10
180	125	11	10
176	124	14	10
176	122	13	10
176	121	13	10
170	119	17	10
172	117	13	10
166	116	14	10
166	115	13	10
164	113	12	10
162	112	13	10
156	110	15	11
155	108	15	11
157	107	13	10
156	106	12	10
154	106	14	10
151	104	15	10
147	103	14	10
143	102	15	10
142	100	14	10
142	99	13	10
139	98	15	11
138	97	16	12
136	97	16	11
133	97	18	10
139	96	14	12
139	96	14	11
139	96	12	11
139	96	12	10
138	95	14	12
134	95	17	11
128	96	21	11
132	95	18	11
136	96	12	10
133	95	14	10
137	95	12	10
141	95	12	10
141	96	13	10
143	96	16	11
145	99	15	10
149	101	14	10
146	101	20	10
152	104	17	11
157	105	15	10
159	107	14	10
158	108	15	10
155	108	19	10
154	109	20	11
159	110	15	11
153	109	21	10
157	109	17	11
158	110	16	10
156	109	18	11
153	110	21	10
155	110	19	11
160	109	13	10
158	108	15	10
159	108	14	10
159	107	14	10
159	107	14	10
159	107	14	10
158	106	15	10
159	106	14	10
160	106	14	10
160	106	13	10
157	106	15	10
158	106	15	10
158	105	14	10
158	106	15	10
155	106	17	10
157	105	16	10
158	106	16	10
152	106	21	10
157	107	17	11
160	108	14	10
159	107	15	10
159	108	15	10
157	108	17	10
158	108	17	10
155	109	18	10
157	108	17	10
158	108	16	10
157	109	16	10
159	109	15	10
157	108	17	11
156	107	19	12
158	107	17	12
153	107	21	12
153	106	21	12
154	106	21	10
157	107	17	10
160	107	14	10
161	106	13	10
158	106	15	10
160	107	13	10
160	107	14	10
160	106	14	10
160	106	14	10
158	106	15	10
159	107	15	10
157	108	16	10
159	108	15	10
161	108	13	10
158	108	15	10
152	110	23	11
154	108	20	12
161	109	14	10
152	109	20	11
153	109	20	12
153	109	21	12
152	109	22	11
153	108	21	12
154	108	20	12
155	108	19	12
152	107	21	11
161	107	13	11
158	107	16	10
160	107	13	10
161	106	13	10
161	107	11	10
161	106	12	10
160	106	13	10
153	106	21	10
155	106	17	11
159	106	14	10
160	107	13	10
160	107	14	11
161	106	14	10
161	107	13	10
162	107	13	10
158	107	15	11
160	108	15	10
161	108	14	10
173	113	10	10
163	109	12	12
161	108	14	12
160	109	15	11
160	108	14	11
159	108	15	11
158	108	17	11
157	108	18	11
157	108	18	11
156	108	19	11
158	107	17	11
158	108	16	11
156	107	18	11
157	106	18	12
155	106	20	11
152	105	22	11
153	105	21	11
152	105	23	12
157	105	17	12
154	106	23	12
151	105	23	13
155	105	20	12
155	105	19	11
151	105	23	13
153	106	22	12
153	106	21	11
152	106	22	12
155	107	19	11
152	107	22	11
153	107	22	11
160	108	15	11
166	130	11	10
174	119	10	10
169	123	27	18
142	118	24	44
127	80	22	10
116	87	21	16
132	82	16	14
112	90	22	15
133	81	13	12
123	85	12	15
107	82	22	18
108	98	23	10
134	81	10	10
134	81	11	10
130	81	10	10
126	86	11	10
130	82	11	13
124	78	17	12
137	81	13	10
131	84	14	10
132	81	13	11
131	81	12	11
128	84	10	14
125	87	10	10
125	86	10	10
112	80	18	15
134	82	14	12
150	78	12	10
150	80	16	10
153	79	26	10
140	81	13	10
139	82	24	21
135	79	17	14
136	81	20	15
139	81	10	10
137	81	14	11
141	79	13	11
119	87	14	10
98	100	12	14
98	82	23	30
132	80	17	12
126	81	20	16
132	81	14	11
133	81	10	10
128	85	10	10
123	84	20	14
131	81	12	10
132	83	11	11
137	80	12	12
138	80	11	10
134	87	12	10
138	79	13	10
132	84	12	10
132	93	20	14
134	79	19	16
135	80	17	12
138	80	16	13
135	81	15	13
142	79	11	10
144	81	15	10
138	80	13	13
143	79	12	13
137	82	11	13
132	88	14	10
141	79	14	10
140	80	10	11
158	76	10	10
158	77	12	10
136	82	12	12
129	81	16	14
132	83	12	10
125	96	18	13
136	88	27	32
134	80	18	10
130	82	25	22
132	79	16	11
131	82	14	10
141	82	10	10
134	82	14	10
140	81	10	10
138	80	10	10
143	86	13	10
146	84	16	14
141	82	36	22
87	121	18	10
87	118	12	11
87	120	10	10
75	122	12	10
76	122	10	10
70	125	11	10
77	124	12	10
89	118	10	10
72	123	15	10
55	130	32	19
21	122	46	51
127	90	24	39
132	79	19	16
135	80	19	17
134	81	12	11
140	90	20	21
130	81	17	12
133	81	15	12
137	80	11	10
130	86	16	10
132	83	10	10
131	84	13	13
133	81	14	11
133	84	11	10
142	84	16	17
133	81	13	11
132	84	11	11
131	88	11	10
125	88	12	10
108	75	28	30
135	80	20	15
142	80	10	10
143	81	10	10
157	76	10	10
150	84	12	14
140	81	18	16
139	79	17	15
136	81	25	21
131	81	42	10
132	83	16	12
132	82	14	11
135	81	14	10
135	80	13	10
138	81	10	10
139	80	15	10
131	81	20	20
130	82	18	13
136	82	11	10
139	81	10	10
138	80	10	10
137	81	10	12
127	85	20	19
137	80	13	11
126	97	18	13
136	82	13	13
136	87	15	15
132	83	14	13
137	83	22	21
136	79	21	17
122	95	23	22
117	92	31	10
119	91	21	37
118	89	28	14
132	85	16	13
132	88	12	10
139	85	13	12
129	88	14	10
133	89	10	10
132	88	11	10
133	87	11	10
134	88	10	10
136	80	11	10
138	81	15	15
136	80	10	10
139	81	10	10
121	90	10	10
118	93	10	10
105	74	14	10
113	88	14	14
138	80	10	10
140	80	15	13
139	80	13	13
140	79	15	14
146	85	28	23
132	79	27	23
121	83	43	34
92	94	62	28
79	99	56	15
37	132	34	18
72	156	23	16
101	173	10	10
102	173	10	10
102	174	10	10
102	173	10	10
102	171	10	10
99	167	24	18
141	195	12	10
143	191	10	10
146	201	10	10
145	196	10	10
161	180	10	10
161	182	10	10
163	179	19	17
191	184	13	28
218	193	15	10
228	190	10	10
229	191	10	10
229	192	10	10
230	192	10	10
229	192	10	10
229	191	10	10
249	206	10	10
229	192	10	10
229	193	10	10
230	194	10	10
230	195	10	10
230	194	10	10
229	194	10	10
229	193	10	10
228	194	10	10
228	193	10	10
229	192	10	10
229	191	10	10
229	191	10	10
229	191	10	10
229	191	10	10
229	191	10	10
229	191	10	10
229	190	10	10
229	191	10	10
229	191	10	10
229	190	10	10
228	190	10	10
229	190	10	10
229	191	10	10
228	191	10	10
229	191	10	10
228	191	10	10
228	192	10	10
229	193	10	10
228	192	10	10
229	192	10	10
229	193	10	10
237	198	10	10
230	192	10	10
227	193	11	10
227	192	10	10
226	192	10	10
226	192	10	10
228	192	10	10
227	191	10	10
228	191	10	10
228	191	10	10
229	191	10	10
229	191	10	10
230	190	10	10
228	190	10	10
228	190	10	10
228	190	10	10
228	190	10	10
228	190	10	10
228	191	10	10
228	191	10	10
229	191	10	10
229	191	10	10
229	191	10	10
229	191	10	10
228	191	10	10
229	190	10	10
228	191	10	10
228	191	10	10
229	191	10	10
229	191	10	10
228	191	10	10
228	191	10	10
228	190	10	10
227	190	10	10
227	190	10	10
228	190	10	10
229	190	10	10
229	190	10	10
228	190	10	10
228	189	10	10
228	189	10	10
228	189	10	10
228	189	10	10
228	189	10	10
228	188	10	10
229	188	10	10
227	189	11	10
228	189	10	10
229	190	10	10
229	190	10	10
229	190	10	10
229	190	10	10
229	191	10	10
230	190	10	10
229	191	10	10
229	191	10	10
229	191	10	10
229	191	10	10
229	190	10	10
230	190	10	10
229	191	10	10
229	191	10	10
230	190	10	10
229	189	10	10
228	189	10	10
227	189	10	10
227	189	10	10
227	189	10	10
228	188	10	10
228	188	10	10
228	188	10	10
227	188	10	10
228	188	10	10
228	188	10	10
228	188	10	10
228	189	10	10
229	188	10	10
229	189	10	10
228	189	10	10
227	189	10	10
229	189	10	10
228	189	10	10
227	189	11	10
229	189	10	10
229	189	10	10
229	189	10	10
229	190	10	10
229	190	10	10
229	191	10	10
229	191	10	10
229	191	10	10
229	189	10	10
229	189	10	10
229	188	10	10
230	178	12	10
230	189	10	10
229	190	10	10
229	190	10	10
229	190	10	10
228	189	10	10
228	190	10	10
228	190	10	10
228	189	10	10
228	189	10	10
228	190	10	10
227	189	10	10
228	189	10	10
228	189	10	10
209	190	10	10
203	197	17	10
230	204	10	10
229	204	10	10
229	204	10	10
229	204	10	10
229	204	10	10
230	204	10	10
230	204	10	10
228	203	10	10
228	202	10	10
228	203	10	10
229	202	10	10
229	202	10	10
229	203	10	10
229	204	10	10
229	204	10	10
229	204	10	10
229	203	10	10
229	203	10	10
249	220	10	10
237	238	10	10
236	238	10	10
251	233	10	12
254	231	10	10
255	231	10	10
255	232	10	10
254	231	10	10
249	212	10	10
229	198	10	10
227	198	10	10
227	199	10	10
227	198	10	10
228	199	10	10
229	199	10	10
228	199	10	10
227	198	10	10
228	197	11	10
228	198	11	10
228	198	10	10
227	198	10	10
229	198	10	10
229	198	10	10
228	198	10	10
228	198	10	10
227	198	10	10
228	198	10	10
230	211	16	10
231	218	10	10
230	223	10	10
230	223	10	10
230	222	10	10
231	222	10	10
230	222	10	10
230	223	10	10
228	223	10	10
229	223	10	10
230	224	10	10
230	224	10	10
229	224	10	10
230	224	10	10
229	223	10	10
229	223	10	10
229	223	10	10
229	223	10	10
229	223	10	10
229	223	10	10
230	223	10	10
229	223	10	10
229	223	10	10
229	223	10	10
229	223	10	10
228	223	10	10
229	223	10	10
229	224	10	10
229	224	10	10
229	224	10	10
229	224	10	10
229	224	10	10
229	223	10	10
230	223	10	10
229	223	10	10
229	223	10	10
229	223	10	10
229	224	10	10
229	223	10	10
229	224	10	10
230	224	10	10
229	223	10	10
230	224	10	10
230	224	10	10
230	223	10	10
230	224	10	10
230	224	10	10
230	223	10	10
230	222	10	10
230	223	10	10
230	223	10	10
229	223	10	10
230	223	10	10
230	223	10	10
229	223	10	10
229	222	10	10
230	222	10	10
230	222	10	10
230	222	10	10
230	221	10	10
231	222	10	10
230	222	10	10
229	222	10	10
229	222	10	10
229	222	10	10
230	223	10	10
229	223	10	10
229	223	10	10
229	222	10	10
230	223	10	10
230	223	10	10
230	223	10	10
229	222	10	10
222	229	10	10
230	223	10	10
226	225	10	10
230	223	10	10
219	229	10	10
229	222	10	10
219	230	10	10
230	223	10	10
223	227	10	10
231	222	10	10
219	230	10	10
230	222	10	10
230	222	10	10
229	222	10	10
229	223	10	10
229	223	10	10
230	222	10	10
231	222	10	10
230	222	10	10
230	222	10	10
230	222	10	10
230	222	10	10
229	223	10	10
229	223	10	10
230	223	10	10
230	224	10	10
230	223	10	10
230	224	10	10
229	223	10	10
229	223	10	10
230	222	10	10
230	222	10	10
229	223	10	10
229	222	10	10
229	222	10	10
229	222	10	10
229	223	10	10
229	223	10	10
229	223	10	10
229	223	10	10
229	223	10	10
230	222	10	10
230	225	10	10
230	206	16	10
250	210	14	10
249	216	14	10
229	240	10	10
230	240	10	10
230	239	10	10
230	239	10	10
230	240	10	10
229	239	10	10
230	238	10	10
230	239	10	10
230	239	10	10
229	238	10	10
229	238	10	10
229	238	10	10
229	238	10	10
230	238	10	10
229	238	10	10
229	238	10	10
229	239	10	10
229	238	10	10
229	238	10	10
229	239	10	10
228	238	10	10
228	238	10	10
229	238	10	10
229	238	10	10
229	239	10	10
229	239	10	10
229	238	10	10
230	239	10	10
229	239	10	10
229	239	10	10
229	239	10	10
229	239	10	10
230	239	10	10
228	239	10	10
229	239	10	10
229	239	10	10
228	238	10	10
228	238	10	10
228	239	10	10
229	239	10	10
228	239	10	10
227	238	10	10
227	238	10	10
227	238	10	10
228	237	10	10
229	237	10	10
229	237	10	10
229	238	10	10
229	238	10	10
228	237	10	10
229	238	10	10
229	239	10	10
229	239	10	10
231	241	10	10
230	239	10	10
228	239	10	10
229	238	10	10
229	239	10	10
229	239	10	10
230	239	10	10
231	239	10	10
230	239	10	10
229	238	10	10
230	238	10	10
230	238	10	10
