0.078817
0.173457
0.102218
0.128392
0.130280
0.116597
0.255388
0.088026
0.109762
0.133582
0.115421
0.135310
0.164604
0.138405
0.133405
0.143123
0.259781
0.126879
0.127798
0.179629
0.103244
0.106531
0.169899
0.130622
0.134344
0.179083
0.112740
0.149981
0.140644
0.196072
0.114027
0.106483
0.114980
0.106073
0.148193
0.125112
0.126819
0.101374
0.115757
0.147587
0.134537
0.120940
0.126935
0.171023
0.087376
0.106454
0.098017
0.097621
0.231613
0.195778
0.085188
0.104387
0.123307
0.130894
0.104154
0.105867
0.122479
0.131102
0.116056
0.135638
0.132303
0.148978
0.171644
0.171164
0.122876
0.113592
0.109679
0.116305
0.272449
0.200413
0.111105
0.099998
0.105508
0.183401
0.120027
0.119433
0.119284
0.103950
0.123152
0.120951
0.252621
0.219240
0.150778
0.097495
0.102260
0.099551
0.093850
0.100119
0.126718
0.132201
0.131945
0.133072
0.127639
0.173887
0.196569
0.103681
0.139781
0.258437
0.196461
0.093058
0.102098
0.106586
0.123369
0.187209
0.192151
0.078078
0.142835
0.114812
0.105217
0.116075
0.134742
0.131475
0.123143
0.097734
0.153772
0.246756
0.167417
0.121523
0.138118
0.190345
0.126062
0.133390
0.141547
0.267105
0.100533
0.122567
0.131021
0.121994
0.161284
0.245638
0.128099
0.129993
0.124198
0.112030
0.115346
0.182502
0.106889
0.128445
0.126652
0.126519
0.120439
0.249287
0.088169
0.115030
0.155319
0.133615
0.133496
0.125708
0.124037
0.163930
0.086036
0.116107
0.128703
0.129600
0.197064
0.083842
0.064232
0.086584
0.080656
0.067980
0.093417
0.087835
0.100255
0.105765
0.108562
0.118191
0.115141
0.123095
0.116753
0.123737
0.126866
0.117866
0.122442
0.172053
0.124636
0.118518
0.254534
0.172071
0.093861
0.135766
0.170738
0.118442
0.130689
0.175170
0.126942
0.129857
0.125924
0.173126
0.129884
0.128641
0.137434
0.138066
0.235611
0.208564
0.110483
0.112833
0.108366
0.120380
0.153044
0.116053
0.128670
0.105249
0.109893
0.208195
0.101138
0.112090
0.111905
0.113536
0.124229
0.110425
0.121171
0.263865
0.154345
0.093737
0.095186
0.111953
0.100322
0.108785
0.110189
0.133132
0.164287
0.120255
0.131918
0.132612
0.154203
0.122405
0.116044
0.127219
0.229156
0.187442
0.087432
0.100981
0.120854
0.117350
0.114851
0.127819
0.125895
0.107065
0.121557
0.108190
0.124988
0.158326
0.098280
0.123448
0.252362
0.215879
0.088338
0.119437
0.247168
0.098965
0.106491
0.114633
0.149428
0.141325
0.128012
0.118591
0.112913
0.119620
0.111713
0.247024
0.213449
0.106522
0.098596
0.093365
0.110268
0.150383
0.099874
0.125577
0.133668
0.109855
0.097996
0.102969
0.106803
0.187809
0.126140
0.119671
0.137224
0.259932
0.189623
0.086614
0.124977
0.120886
0.138355
0.140838
0.134193
0.194510
0.126710
0.107758
0.128482
0.103849
0.124907
0.122470
0.129127
0.232056
0.214118
0.083666
0.105668
0.103892
0.099636
0.100436
0.118846
0.109935
0.121325
0.099307
0.125714
0.175395
0.113000
0.160896
0.169219
0.124624
0.252278
0.195955
0.087776
0.104736
0.102911
0.102258
0.109286
0.162956
0.110715
0.100398
0.093323
0.169491
0.122146
0.115712
0.119539
0.093423
0.165351
0.122528
0.130088
0.359479
0.235106
0.092049
0.102197
0.106793
0.110918
0.146738
0.116736
0.151277
0.090743
0.086760
0.101158
0.114853
0.180925
0.109696
0.112525
0.119179
0.117568
0.151099
0.190740
0.100763
0.257591
0.210127
0.097981
0.118167
0.127183
0.143130
0.120999
0.125271
0.099447
0.129661
0.117389
0.121773
0.125576
0.108498
0.194549
0.086899
0.140412
0.125343
0.132518
0.103504
0.123039
0.259935
0.213953
0.090612
0.105836
0.130473
0.113803
0.098667
0.175383
0.121926
0.113260
0.118369
0.135480
0.222274
0.113923
0.103505
0.116664
0.138334
0.155730
0.121518
0.126273
0.263819
0.141172
0.099384
0.100245
0.107424
0.130354
0.123023
0.128573
0.117306
0.195522
0.117713
0.178242
0.123607
0.114220
0.113182
0.124980
0.123268
0.123589
0.286577
0.219390
0.086010
0.123356
0.126829
0.138745
0.115013
0.124886
0.119663
0.206557
0.105399
0.176255
0.109049
0.133596
0.118688
0.133000
0.142260
0.259563
0.171692
0.099710
0.104862
0.103823
0.099235
0.122983
0.120084
0.114882
0.120719
0.118660
0.118280
0.109311
0.112617
0.195858
0.088281
0.120006
0.110824
0.126486
0.148892
0.235853
0.204755
0.091606
0.125577
0.119764
0.143035
0.126622
0.109586
0.128778
0.109853
0.119286
0.108179
0.099332
0.104710
0.127828
0.128915
0.108649
0.108091
0.132244
0.123737
0.137946
0.283378
0.181276
0.092472
0.244142
0.098247
0.117292
0.205711
0.094132
0.110243
0.117770
0.132509
0.127940
0.121851
0.119107
0.172602
0.138828
0.133980
0.279943
0.215193
0.064636
0.071291
0.095546
0.114860
0.130528
0.134605
0.155094
0.128798
0.113345
0.137410
0.129269
0.115803
0.106543
0.103591
0.120728
0.117229
0.118489
0.113712
0.105149
0.280466
0.195499
0.086982
0.152226
0.210557
0.089180
0.190967
0.092224
0.167163
0.118009
0.189681
0.110792
0.129830
0.127992
0.125035
0.126265
0.131322
0.215899
0.210836
0.139186
0.101434
0.104579
0.124663
0.118029
0.124046
0.117315
0.118592
0.103061
0.136940
0.140495
0.166853
0.147316
0.122166
0.119005
0.157119
0.154984
0.119636
0.113476
0.120167
0.108924
0.125499
0.118914
0.122862
0.141901
0.127019
0.203771
0.146729
0.101063
0.110745
0.125242
0.127601
0.246764
0.178662
0.114888
0.122970
0.119336
0.096829
0.122512
0.121306
0.124657
0.131387
0.145419
0.126231
0.123930
0.176004
0.241840
0.221333
0.071108
0.108580
0.110506
0.124608
0.121933
0.202114
0.100638
0.218791
0.118188
0.126338
0.107332
0.121342
0.131750
0.151309
0.126609
0.239730
0.156459
0.100659
0.102042
0.123619
0.135946
0.127389
0.094170
0.120373
0.121369
0.157353
0.112029
0.113523
0.168240
0.118830
0.135153
0.278355
0.157039
0.104877
0.118161
0.131460
0.119811
0.164913
0.122040
0.101966
0.107829
0.113631
0.103739
0.126804
0.127191
0.126323
0.166828
0.242530
0.193634
0.092425
0.112221
0.138035
0.122578
0.126259
0.145236
0.103414
0.098673
0.125233
0.133316
0.151898
0.164800
0.131323
0.131513
0.193538
0.077676
0.253744
0.212184
0.073902
0.103348
0.135811
0.114298
0.102494
0.125665
0.108607
0.100720
0.100199
0.197184
0.125704
0.128585
0.143913
0.149575
0.121199
0.135145
0.129197
0.231674
0.201040
0.096589
0.109504
0.102171
0.131527
0.119748
0.135751
0.130298
0.108915
0.125371
0.132484
0.128424
0.135660
0.126263
0.129570
0.108819
0.131122
0.104628
0.181527
0.214357
0.145953
0.123582
0.175894
0.146738
0.100183
0.172231
0.116218
0.107948
0.110247
0.139284
0.127961
0.144266
0.133353
0.133476
0.124518
0.258725
0.204283
0.079974
0.118006
0.120076
0.129993
0.127299
0.118112
0.114642
0.116386
0.120794
0.114609
0.144606
0.195868
0.112468
0.107327
0.108451
0.120836
0.230567
0.213831
0.086855
0.129990
0.120102
0.116879
0.113289
0.109771
0.128645
0.127106
0.127304
0.155131
0.112732
0.130507
0.211509
0.110365
0.098412
0.104903
0.290751
0.203923
0.090013
0.105414
0.123958
0.141497
0.130684
0.112525
0.123173
0.109613
0.106205
0.109815
0.110357
0.243767
0.087976
0.121802
0.122662
0.118708
0.113848
0.269665
0.148967
0.082229
0.080435
0.095950
0.086986
0.113222
0.093309
0.104137
0.107110
0.118926
0.130332
0.115946
0.106551
0.153926
0.173914
0.105108
0.130232
0.181243
0.104500
0.152607
0.127557
0.248156
0.183819
0.102740
0.125896
0.120033
0.136978
0.126220
0.113835
0.118876
0.130336
0.195343
0.098630
0.113723
0.129116
0.126104
0.118359
0.123975
0.197294
0.238530
0.176264
0.097867
0.104999
0.186656
0.151797
0.109814
0.130406
0.121772
0.124470
0.169902
0.123547
0.134819
0.117166
0.131172
0.129150
0.257195
0.213171
0.065906
0.101168
0.106506
0.124445
0.174144
0.121861
0.121128
0.152147
0.107369
0.101647
0.087281
0.149979
0.178679
0.105841
0.113188
0.142169
0.108625
0.122358
0.259696
0.168489
0.103820
0.106626
0.108452
0.132416
0.123621
0.126186
0.104563
0.117263
0.169034
0.106605
0.118382
0.125810
0.130999
0.125948
0.236850
0.098693
0.228690
0.215218
0.198558
0.085173
0.100184
0.145516
0.124371
0.102216
0.106102
0.200189
0.088459
0.121111
0.124816
0.119611
0.120364
0.132210
0.210651
0.090010
0.130531
0.127361
0.285602
0.218882
0.091758
0.116042
0.178816
0.135109
0.130756
0.150886
0.136034
0.124775
0.119787
0.142365
0.126474
0.131337
0.138048
0.107201
0.213503
0.213716
0.166498
0.092602
0.093246
0.100172
0.120949
0.104936
0.100221
0.110868
0.116424
0.123103
0.120993
0.132776
0.121564
0.123170
0.125021
0.121554
0.137509
0.111524
0.119027
0.120833
0.271065
0.191507
0.075696
0.102586
0.131820
0.133905
0.114282
0.133359
0.114347
0.123110
0.124798
0.141640
0.136934
0.169487
0.096162
0.127660
0.133169
0.139246
0.134749
0.132592
0.256662
0.201038
0.087157
0.128557
0.131672
0.122411
0.126715
0.111297
0.183496
0.128769
0.138214
0.122659
0.122579
0.142427
0.124438
0.124204
0.131785
0.132337
0.139874
0.126251
0.228421
0.197480
0.089270
0.107197
0.110488
0.112021
0.139746
0.105320
0.171192
0.124634
0.122586
0.133330
0.125398
0.132638
0.123654
0.129572
0.209388
0.105132
0.135831
0.125436
0.240656
0.155624
0.086392
0.103056
0.164525
0.123234
0.126521
0.151419
0.119537
0.250932
0.092348
0.123633
0.118795
0.131409
0.147933
0.119352
0.125020
0.251185
0.198238
0.086449
0.097710
0.103997
0.110343
0.124985
0.106050
0.092128
0.098583
0.121169
0.120458
0.132479
0.114339
0.102646
0.082156
0.106121
0.108500
0.105824
0.127892
0.111713
0.126284
0.121917
0.115302
0.260955
0.213411
0.090446
0.105327
0.122638
0.118829
0.128980
0.112875
0.121432
0.116849
0.126617
0.137442
0.128596
0.115923
0.117201
0.119641
0.130488
0.122014
0.126677
0.116891
0.132676
0.260077
0.217862
0.081777
0.102848
0.108083
0.116628
0.121321
0.123719
0.126462
0.120936
0.131398
0.130414
0.132593
0.118167
0.189249
0.136131
0.110415
0.112411
0.229064
0.154834
0.239011
0.206870
0.096696
0.111359
0.110323
0.159985
0.122851
0.124806
0.144583
0.122784
0.148926
0.126755
0.107806
0.121517
0.208294
0.090054
0.116698
0.114501
0.134283
0.111417
0.104162
0.114650
0.121391
0.124497
0.169610
0.124415
0.219432
0.075516
0.062182
0.067560
0.094162
0.075040
0.073788
0.086834
0.105458
0.115786
0.119049
0.157895
0.110085
0.107984
0.106920
0.120691
0.135069
0.145721
0.160281
0.119628
0.126994
0.129702
0.238866
0.154449
0.117362
0.129104
0.105505
0.102117
0.101148
0.152249
0.109972
0.115914
0.118034
0.115486
0.122679
0.117024
0.126959
0.111698
0.150832
0.255336
0.209656
0.085127
0.123410
0.112974
0.125450
0.137058
0.131315
0.137715
0.173179
0.132472
0.121358
0.112318
0.140996
0.119925
0.121447
0.114579
0.235492
0.183661
0.095181
0.111834
0.122260
0.102695
0.106225
0.101500
0.139595
0.135049
0.114590
0.117674
0.128984
0.126806
0.125150
0.138263
0.133954
0.233042
0.218314
0.093120
0.112931
0.115911
0.118497
0.128886
0.124934
0.124216
0.223926
0.096974
0.101629
0.096681
0.122043
0.127530
0.146304
0.130386
0.252537
0.165308
0.093903
0.100521
0.103038
0.111020
0.147069
0.101505
0.104006
0.135668
0.121857
0.130201
0.111929
0.214613
0.101938
0.140699
0.263676
0.187875
0.087864
0.111602
0.114202
0.122048
0.112991
0.117316
0.125366
0.130518
0.118948
0.113948
0.122560
0.127293
0.120491
0.122515
0.127300
0.133721
0.247684
0.225350
0.116364
0.102545
0.112374
0.146554
0.127715
0.144332
0.142258
0.164631
0.173872
0.087486
0.115973
0.165106
0.126304
0.141756
0.101396
0.123608
0.263231
0.208198
0.083075
0.117553
0.093809
0.120529
0.105664
0.087361
0.146556
0.187073
0.100341
0.120292
0.120068
0.133192
0.135692
0.112236
0.118279
0.120685
0.108032
0.241098
0.213969
0.101898
0.119203
0.118299
0.112408
0.117306
0.120425
0.115474
0.119741
0.126336
0.218659
0.113523
0.125155
0.107776
0.134321
0.173786
0.127587
0.244585
0.218958
0.085148
0.130023
0.132105
0.209293
0.094036
0.108018
0.119488
0.128508
0.187032
0.113593
0.116198
0.118464
0.123969
0.118697
0.103290
0.246647
0.224738
0.084628
0.100776
0.101468
0.137007
0.121911
0.119746
0.128697
0.145110
0.126646
0.115889
0.117606
0.172251
0.113310
0.105765
0.106063
0.106646
0.251503
0.178880
0.084570
0.080943
0.108565
0.116028
0.101072
0.098889
0.116166
0.122097
0.122167
0.116233
0.116516
0.125903
0.095079
0.115584
0.148770
0.101017
0.123056
0.137347
0.259836
0.149501
0.109538
0.105863
0.128084
0.117419
0.119804
0.169964
0.114132
0.123991
0.162703
0.119341
0.120901
0.130443
0.130810
0.209924
0.088763
0.290163
0.186537
0.089369
0.171302
0.124648
0.108806
0.151504
0.122675
0.126606
0.131372
0.130936
0.125491
0.129958
0.220088
0.125725
0.119697
0.256000
0.211625
0.108171
0.137522
0.155411
0.131019
0.136339
0.142426
0.142603
0.192602
0.125269
0.134453
0.266001
0.095934
0.135753
0.128862
0.113749
0.149696
0.256647
0.192909
0.085929
0.100748
0.146637
0.147353
0.130034
0.123744
0.201823
0.103737
0.134993
0.182344
0.095945
0.128351
0.118154
0.137964
0.386055
0.210225
0.083740
0.127358
0.124933
0.115894
0.129220
0.125925
0.221087
0.087433
0.099856
0.120718
0.117625
0.139792
0.149196
0.130355
0.135559
0.137835
0.127223
0.127941
0.252553
0.216321
0.105335
0.150512
0.136828
0.147786
0.147385
0.141350
0.161742
0.158391
0.148198
0.147400
0.145559
0.153121
0.132968
0.185027
0.283724
0.157488
0.127041
0.144195
0.129496
0.162388
0.149993
0.125103
0.125488
0.138789
0.121511
0.123562
0.135642
0.175318
0.135213
0.126498
0.144977
0.255560
0.193783
0.078899
0.133447
0.129087
0.123640
0.131649
0.126249
0.122229
0.124500
0.134309
0.127370
0.132975
0.148911
0.140206
0.128979
0.135679
0.198632
0.116746
0.290915
0.174580
0.113833
0.137146
0.134266
0.134808
0.147564
0.143448
0.131870
0.126138
0.193236
0.122181
0.164057
0.137780
0.137991
0.131177
0.243504
0.147331
0.261813
0.103589
0.105908
0.112943
0.145596
0.160348
0.149451
0.143526
0.163792
0.120618
0.137717
0.157130
0.141325
0.137035
0.152869
0.221674
0.101006
0.140113
0.269917
0.199022
0.100203
0.110142
0.171200
0.152245
0.126074
0.151891
0.152252
0.144389
0.148572
0.167100
0.147674
0.146070
0.148442
0.133752
0.132568
0.208425
0.107073
0.156235
0.261537
0.108245
0.151282
0.139770
