0.07731032
0.35076284
0.35266209
0.19056559
0.35201836
0.34851861
0.21012688
0.31966901
0.25858188
0.26684237
0.20646763
0.26270461
0.33248377
0.18113828
0.31024337
0.29570007
0.23103237
0.30649281
0.21273804
0.30995536
0.16285944
0.35144806
0.33684134
0.19063687
0.18515277
0.28038001
0.31607771
0.18647504
0.22423387
0.23263621
0.31968737
0.17345643
0.35021329
0.35632014
0.22518229
0.23231173
0.23010468
0.35934806
0.19138074
0.36429930
0.33304811
0.17565036
0.34612846
0.21609521
0.32346439
0.22763586
0.28292608
0.34406400
0.19548154
0.19784307
0.26603460
0.35034394
0.20096016
0.27624226
0.21784353
0.35604334
0.20032120
0.37464762
0.36443901
0.21743703
0.30190539
0.19019723
0.36157155
0.17719507
0.31031203
0.17647743
0.34461665
0.17785430
0.33256674
0.26751709
0.26746488
0.28652000
0.20660782
0.33893633
0.23984671
0.25063229
0.33840775
0.23236537
0.23842502
0.32661796
0.17846847
0.35706520
0.32703924
0.17912579
0.31301928
0.19198895
0.33788276
0.32114506
0.23901725
0.33917761
0.28560805
0.20789957
0.33780122
0.17492723
0.34864044
0.32669902
0.18195081
0.37311816
0.34131932
0.20176744
0.31789374
0.17080426
0.33491206
0.16958666
0.32434320
0.32841349
0.21130681
0.25502992
0.21727729
0.33975482
0.15822792
0.34031558
0.32857609
0.19529676
0.24518466
0.24913311
0.34808826
0.18981481
0.35172224
0.35414004
0.23118782
0.36958003
0.38013530
0.20016980
0.27260923
0.21206331
0.34995246
0.15599513
0.31165004
0.33850217
0.22297430
0.26337171
0.22788048
0.35951447
0.19974113
0.35350227
0.37194371
0.21141815
0.26953936
0.21396232
0.34555197
0.16392517
0.34414363
0.35067940
0.18995309
0.19934845
0.24142599
0.32540727
0.17287517
0.35177565
0.27163911
0.27419138
0.16148901
0.33611751
0.33851814
0.19735336
0.22500038
0.22773337
0.34600401
0.15450144
0.34309793
0.32048440
0.20633745
0.33471870
0.35217524
0.19146705
0.21786427
0.25085902
0.36373639
0.18895483
0.35653806
0.35801554
0.19427133
0.22636938
0.23170614
0.33205175
0.21807313
0.36398220
0.34517312
0.20897245
0.35302448
0.32478690
0.20679760
0.34173441
0.33971047
0.21954608
0.36138082
0.32376385
0.21266484
0.33862233
0.32807469
0.22087812
0.30518007
0.20474935
0.30362821
0.21754098
0.27447939
0.36418128
0.16975713
0.35220695
0.32162881
0.19409752
0.36514473
0.34227228
0.18074584
0.35796523
0.33888459
0.19310999
0.30239153
0.22352266
0.28280997
0.26371956
0.20398235
0.33011699
0.16651034
0.35532665
0.33765745
0.18706274
0.28017712
0.21751761
0.35042763
0.18685293
0.36553168
0.32809043
0.22322202
0.17009521
0.32301855
0.31620669
0.19192147
0.20314097
0.30530739
0.38101888
0.16758657
0.35266066
0.34658194
0.21323609
0.31281614
0.18018746
0.32855177
0.18465066
0.31520891
0.31586361
0.21519351
0.20922375
0.29589462
0.34993601
0.20451665
0.21624136
0.23382497
0.33603954
0.19035935
0.25034070
0.21208382
0.32812881
0.18329024
0.38587642
0.37544703
0.20665526
0.26502919
0.22418070
0.35628414
0.17555571
0.34455895
0.31198883
0.21715236
0.19689512
0.25305963
0.31475258
0.18310738
0.23239660
0.23267078
0.32835817
0.19000268
0.22744584
0.25901413
0.35789847
0.19692683
0.37701654
0.35799313
0.20620918
0.36173820
0.33246589
0.20427346
0.34949017
0.34789348
0.17733908
0.28462076
0.19278932
0.30186915
0.17386603
0.31685352
0.34226894
0.20938420
0.35235953
0.28476071
0.25013304
0.22066689
0.26562858
0.33356380
0.19838977
0.20487690
0.26324153
0.34811664
0.20216632
0.22301483
0.23786426
0.32838655
0.17874575
0.33779335
0.34444547
0.19893050
0.35719156
0.35774469
0.20678973
0.31371212
0.31163669
0.22730684
0.31074762
0.21024704
0.28430867
0.17565036
0.28300381
0.32760501
0.18654323
0.32854009
0.32221699
0.21958995
0.38403606
0.35404682
0.21053147
0.17404580
0.28984118
0.31960487
0.19195795
0.26070547
0.21272540
0.33927321
0.21289277
0.25467229
0.35153294
0.17397451
0.34095001
0.30933881
0.20758939
0.16640782
0.34820437
0.36533284
0.19965363
0.18691182
0.30943537
0.33192706
0.19749451
0.23016834
0.22748685
0.32374263
0.18247676
0.30765748
0.20605969
0.32228827
0.16431904
0.34032702
0.35319543
0.19129276
0.26020861
0.23443222
0.37613940
0.17991471
0.34507823
0.29257035
0.26029062
0.22585869
0.24928689
0.32098532
0.19113636
0.35711932
0.32513237
0.21655273
0.35587478
0.21642542
0.31170678
0.14839482
0.35419273
0.36995840
0.20154357
0.35073113
0.32125974
0.20314670
0.34688807
0.35823202
0.23131490
0.23562694
0.24230623
0.33390260
0.19052601
0.35651469
0.33323431
0.21412039
0.23944092
0.21674538
0.32760787
0.17841554
0.34171891
0.36807513
0.20904636
0.25180864
0.24972701
0.35058856
0.20358324
0.37260127
0.33121896
0.20921922
0.26167250
0.20650148
0.33006334
0.18042994
0.20178723
0.23898101
0.31524444
0.17813396
0.26936817
0.20023513
0.31605411
0.18199039
0.35445714
0.33334875
0.23290658
0.24959421
0.23397660
0.33633804
0.18390989
0.33250070
0.33457565
0.19702220
0.36624050
0.35307360
0.23377252
0.38889837
0.33242083
0.19103742
0.34398150
0.33370709
0.21852279
0.34922051
0.32353854
0.20202446
0.18656754
0.29423785
0.35219049
0.19338489
0.22702289
0.26056218
0.33107781
0.20831490
0.31189990
0.17006493
0.32940674
0.16752815
0.37279844
0.35050321
0.21742821
0.33941269
0.20447421
0.31985188
0.26351023
0.24240470
0.36121082
0.17865515
0.35137892
0.34516025
0.19660854
0.35912728
0.33583593
0.20914841
0.28754067
0.18379426
0.32536983
0.16361499
0.37385893
0.31769490
0.20849609
0.35089731
0.35987973
0.21088839
0.34480786
0.32477593
0.20454264
0.28189516
0.22256613
0.37425089
0.17834640
0.39239120
0.36850309
0.21760607
0.36469865
0.32948422
0.21420836
0.30450940
0.24442053
0.27873921
0.20222640
0.27017069
0.35611987
0.19774938
0.35013580
0.32843709
0.21329355
0.34751797
0.32754874
0.24205470
0.26222634
0.20676088
0.33920813
0.17933297
0.19418263
0.26738071
0.36420608
0.19641376
0.37254047
0.33755970
0.20555401
0.19296670
0.26868558
0.31559539
0.18719339
0.16385126
0.32543659
0.32881904
0.19800019
0.17062855
0.30843568
0.35767913
0.18547249
0.19651294
0.29297757
0.32015562
0.17772555
0.33692360
0.33830166
0.21821356
0.15294528
0.33616352
0.34616208
0.18587852
0.17735815
0.33297157
0.33366084
0.21393299
0.17728662
0.31050611
0.36376500
0.19009113
0.17149663
0.30486512
0.32286644
0.19886804
0.17682028
0.29523730
0.35078764
0.17521739
0.21880507
0.23303819
0.33013940
0.17989492
0.14233160
0.33611274
0.35295367
0.19806266
0.36347318
0.32779431
0.20224643
0.33053327
0.18378592
0.36670995
0.15701938
0.33584619
0.32736206
0.23528361
0.20687366
0.26797128
0.34106636
0.20038891
0.25516343
0.22929716
0.32723427
0.21421170
0.28588629
0.34155750
0.17285776
0.29986739
0.18791819
0.31195831
0.15350056
0.33493710
0.32776117
0.20040274
0.35624075
0.35232663
0.20257807
0.21868372
0.25410199
0.32765079
0.18895531
0.18159962
0.27505445
0.33258057
0.18299389
0.32594943
0.29932380
0.25379944
0.20756578
0.26124859
0.33195639
0.18989778
0.25121498
0.20186400
0.32133818
0.19266486
0.30328012
0.17442298
0.32827449
0.16488481
0.36833882
0.34251833
0.20831466
0.28783822
0.22541523
0.35034609
0.16501737
0.36190915
0.28501582
0.26770544
0.29267073
0.20785618
0.33190727
0.18734813
0.35486698
0.34637213
0.19798827
0.26121259
0.20146561
0.34759879
0.16141748
0.27176428
0.24039984
0.35661101
0.17607164
0.36492920
0.34360385
0.20579028
0.36097455
0.36046600
0.22677636
0.26653361
0.21188426
0.35419631
0.21519327
0.29521918
0.34545040
0.20262218
0.36689663
0.37293887
0.21017575
0.36446977
0.37894654
0.21460319
0.21620727
0.24435639
0.33316374
0.18335748
0.27589679
0.18144822
0.35350204
0.20845246
0.28437209
0.35704446
0.18926978
0.20581102
0.25998616
0.36230373
0.18200850
0.39530468
0.37063694
0.20482922
0.28064847
0.19872880
0.33015132
0.17397571
0.35031509
0.30641484
0.20973277
0.30261779
0.20246458
0.33417153
0.18238735
0.33600092
0.17451954
0.34733272
0.17279601
0.37360072
0.32176995
0.19245577
0.26500273
0.20498991
0.35541773
0.17080140
0.24821353
0.20792174
0.36342239
0.18984175
0.36073685
0.32868481
0.19672108
0.22307658
0.23628545
0.32787919
0.18132687
0.22988296
0.25892305
0.36284447
0.17999554
0.36036491
0.34313869
0.21927452
0.35484815
0.32459927
0.21889329
0.33544397
0.30302668
0.21892071
0.27232432
0.20478845
0.32799077
0.16900778
0.21047521
0.23962188
0.34259820
0.15859342
0.36734629
0.35184121
0.17958713
0.36634994
0.32867599
0.18020153
0.32818961
0.19643474
0.31914377
0.17023754
0.33327317
0.36726022
0.20070910
0.34357262
0.31604481
0.20581293
0.39195108
0.34622216
0.21234536
0.20815277
0.26716590
0.34788108
0.20695186
0.34255576
0.19420147
0.33954692
0.25937700
0.24597430
0.35276651
0.17917085
0.25501609
0.20817471
0.33635139
0.18374658
0.35249853
0.32119465
0.20286560
0.19817162
0.24798703
0.33733439
0.18126464
0.26831222
0.19758344
0.33961344
0.24967051
0.23177958
0.36137509
0.17344642
0.36262584
0.33021140
0.18163276
0.27216411
0.20615840
0.33379984
0.20262933
0.29829121
0.33806920
0.19232655
0.34242153
0.31219172
0.21735072
0.21942830
0.24564195
0.33435488
0.18855405
0.35752964
0.34439945
0.19567704
0.26792502
0.21674585
0.33384609
0.16807938
0.22173762
0.25271249
0.33105683
0.20289421
0.34484410
0.32303119
0.22130156
0.17491674
0.32330775
0.34890079
0.21791172
0.19808173
0.28218412
0.36236286
0.20123196
0.37727213
0.34128976
0.20747614
0.18473554
0.27610946
0.35455680
0.18768835
0.34026432
0.32493663
0.20657110
0.35969257
0.36668634
0.20928812
0.38950276
0.35685587
0.20013142
0.34292078
0.34581304
0.20506597
0.34177637
0.33337212
0.22459722
0.29591584
0.22922468
0.32493424
0.23205686
0.24648762
0.31908226
0.18018794
0.38112044
0.33229184
0.18936658
0.21581149
0.25823474
0.33676982
0.20098376
0.35461640
0.38502097
0.20447683
0.21743774
0.26047134
0.34395242
0.17963171
0.25105214
0.20424557
0.33334398
0.21081138
0.36349106
0.34327984
0.21302795
0.30192089
0.17592669
0.32975101
0.17777896
0.36487746
0.34664679
0.20123601
0.34739304
0.34069538
0.21273804
0.18219972
0.27643919
0.34649205
0.17757463
0.36835551
0.32989144
0.19783163
0.25748920
0.22268820
0.36493254
0.18292785
0.23568654
0.24786067
0.37169623
0.17724013
0.28139949
0.21126747
0.36437535
0.17906904
0.33809972
0.34009171
0.21460390
0.34240341
0.29758143
0.21196818
0.25406456
0.20833230
0.33028722
0.24405813
0.23437715
0.34800172
0.18142891
0.37177467
0.33684778
0.21692443
0.24980116
0.25165391
0.32940054
0.16954637
0.32357979
0.29603362
0.21361399
0.27327156
0.23096204
0.35941458
0.18514633
0.36207223
0.37056780
0.22302747
0.36087537
0.26417875
0.26627994
0.15800333
0.35696197
0.33608913
0.21101785
0.25007558
0.20037246
0.33934879
0.17160487
0.36140013
0.35209417
0.18965554
0.26599932
0.21923018
0.33314037
0.20300770
0.27535963
0.21410084
0.34069324
0.17673469
0.27263021
0.21715117
0.36437154
0.17980981
0.38120651
0.32510567
0.18911815
0.21406484
0.24163198
0.33213162
0.17806363
0.25282478
0.20101285
0.31856537
0.18201041
0.20535469
0.24247575
0.32718897
0.17190337
0.35319090
0.36745596
0.21226478
0.26068306
0.20939589
0.35037279
0.15648842
0.22850490
0.22870660
0.32738996
0.17990923
0.16194367
0.29107571
0.32955265
0.18579912
0.16412425
0.33427787
0.35562730
0.21100354
0.27654076
0.19700408
0.34440351
0.16228724
0.35860395
0.30897665
0.20205569
