0.06937170
0.34758544
0.35499048
0.20634770
0.39781356
0.34928465
0.20518804
0.26387978
0.21390224
0.33833718
0.17507601
0.32150578
0.35924363
0.18649769
0.22789049
0.25348544
0.36407423
0.19022465
0.26904106
0.20339227
0.34415555
0.18498039
0.31481791
0.34221458
0.21419144
0.32919598
0.31990814
0.21187711
0.22598577
0.26282644
0.37698913
0.18947792
0.36518312
0.35137963
0.20295954
0.27091908
0.22342563
0.38096428
0.17074203
0.37589478
0.34275842
0.22030735
0.36359859
0.32273078
0.19831014
0.27896738
0.19575810
0.31980014
0.18434334
0.29260468
0.36174893
0.16577673
0.33723378
0.35135341
0.22494864
0.16616011
0.33005381
0.32640314
0.18440723
0.18531823
0.26257706
0.32537150
0.18327117
0.19198942
0.25641155
0.33375263
0.19627380
0.32839012
0.33974552
0.19334269
0.18662286
0.26480865
0.33784723
0.17590261
0.32967234
0.35002065
0.20118785
0.34393406
0.22988844
0.30332804
0.34471560
0.19991112
0.34285784
0.28956890
0.25176525
0.33842540
0.15698338
0.38269258
0.36241961
0.21589565
0.38017797
0.36248875
0.19750738
0.37033057
0.33630872
0.20252681
0.34702015
0.34614563
0.22207284
0.20390105
0.26313496
0.35313034
0.19997716
0.32146358
0.19621277
0.31027079
0.14445829
0.32628298
0.33722210
0.20983577
0.33306193
0.17660165
0.34197426
0.16042066
0.36776352
0.34983659
0.21902370
0.26802611
0.21748257
0.32632947
0.17524624
0.33442092
0.34913039
0.16558671
0.30571461
0.18497443
0.35385370
0.17439389
0.37487459
0.34394050
0.21744394
0.20564723
0.25902867
0.34061551
0.21525455
0.35949254
0.16967654
0.35069227
0.16531491
0.17120361
0.32040691
0.33999848
0.19758797
0.14075923
0.34465623
0.33214784
0.19425178
0.14484930
0.35311913
0.36373115
0.20233130
0.19581699
0.27262235
0.33429623
0.17793036
0.19580984
0.24907708
0.31516838
0.18058920
0.19296980
0.31577969
0.32978845
0.20013881
0.18098021
0.28870153
0.35110450
0.19684696
0.18114448
0.27247906
0.33260536
0.18779635
0.21920228
0.22910166
0.32558441
0.19257879
0.37626219
0.32994938
0.20300746
0.35923862
0.36554027
0.21267533
0.35213566
0.34339857
0.20560741
0.19017839
0.29030514
0.34648013
0.20851707
0.35939813
0.32774830
0.21273637
0.18252850
0.28288698
0.34478545
0.18691826
0.36496544
0.35096097
0.19044471
0.21881008
0.23418689
0.35136461
0.17796111
0.36148024
0.35248065
0.19562316
0.34039950
0.19495082
0.31626010
0.15723944
0.35553002
0.35290885
0.18564200
0.19871211
0.26478362
0.34457254
0.18159819
0.25303030
0.20750237
0.34359550
0.17255068
0.34203744
0.36012244
0.22631621
0.23388314
0.24180150
0.34733391
0.19939327
0.36190748
0.34732747
0.22341847
0.26939440
0.20233250
0.32849574
0.18491626
0.36113334
0.32090592
0.21156883
0.31485605
0.18628645
0.35439491
0.19505715
0.34315872
0.35705328
0.19725752
0.37678432
0.33419013
0.19417000
0.33508158
0.34555888
0.21514273
0.35206795
0.33007050
0.20416665
0.25893092
0.20809007
0.32546639
0.18180847
0.38688993
0.35533738
0.22046638
0.34187245
0.17967677
0.33491707
0.17192674
0.37349701
0.36087632
0.20501947
0.37923837
0.34250283
0.20167637
0.33876443
0.36264729
0.19940138
0.38606834
0.37577224
0.20257568
0.34125805
0.33142042
0.21728802
0.34371305
0.36783981
0.22232080
0.34983540
0.33188272
0.20916462
0.34009504
0.32892799
0.22900772
0.29419589
0.18054318
0.31985402
0.15178132
0.36424637
0.33247757
0.20140004
0.30902338
0.19225693
0.34807038
0.30610704
0.27428699
0.32977390
0.16602921
0.35977626
0.32110047
0.19558382
0.36187434
0.35248303
0.22739315
0.23331976
0.23339558
0.33305144
0.17391062
0.34777617
0.31670523
0.20562267
0.33638430
0.29652834
0.21624160
0.27807999
0.19947839
0.34752917
0.20179677
0.29834080
0.34298897
0.18171668
0.33253860
0.36495996
0.21629858
0.36609840
0.37056422
0.23629260
0.36893988
0.35509944
0.21779704
0.22175884
0.25960016
0.35689402
0.17217946
0.33387446
0.35037112
0.20000792
0.38424230
0.31827927
0.24138308
0.22465515
0.28284144
0.34154844
0.19652462
0.38928580
0.37967277
0.22817969
0.31179786
0.19900179
0.34800410
0.21702981
0.37300110
0.38087273
0.20901942
0.37353587
0.32486248
0.23335743
0.22689629
0.26409125
0.34731960
0.19344592
0.32835364
0.34424496
0.23316455
0.23433399
0.25266838
0.36636257
0.19737077
0.33647108
0.18988228
0.31422782
0.14095879
0.22139907
0.22517991
0.32585812
0.17926979
0.35938120
0.33037806
0.19692254
0.34754634
0.34951258
0.21354413
0.32961202
0.33097672
0.20348763
0.33499885
0.30275440
0.20997524
0.23872685
0.26480198
0.37007308
0.17934489
0.36952114
0.35403681
0.22627616
0.37612629
0.26959586
0.28622007
0.21615386
0.26912737
0.37187481
0.21813726
0.38172221
0.36239886
0.21578670
0.35286975
0.35322833
0.21583581
0.20460820
0.27449417
0.33954811
0.20001626
0.37348580
0.32327580
0.20242858
0.27656484
0.21704412
0.34631371
0.17914343
0.35995770
0.33511615
0.21843743
0.20010877
0.27835417
0.39532900
0.19316983
0.37342906
0.34509659
0.21394086
0.23246455
0.25196934
0.36200523
0.18775773
0.34784818
0.35504794
0.21880674
0.22033429
0.23380065
0.32800460
0.18330550
0.33096480
0.35323977
0.20417809
0.22526097
0.27202582
0.36413050
0.19497871
0.34713435
0.17122221
0.34520650
0.16507196
0.38820386
0.32998967
0.21111512
0.35550690
0.34420371
0.21804738
0.34246874
0.32067275
0.20313597
0.34276271
0.28400159
0.25665164
0.30013061
0.32447028
0.24881697
0.27131200
0.21170878
0.32615209
0.18154836
0.29194808
0.33229566
0.17532253
0.33350325
0.31225181
0.21101999
0.21125579
0.27090025
0.36050296
0.19060135
0.22185755
0.25780892
0.34249115
0.20299029
0.34508777
0.25951457
0.29750562
0.32588410
0.19991565
0.29864836
0.23709035
0.26301432
0.35866547
0.16932273
0.38276196
0.35018706
0.19060254
0.34184599
0.31910968
0.20405984
0.36299825
0.23901534
0.29313231
0.34074593
0.19183803
0.30257750
0.14354730
0.34332037
0.34862065
0.21033883
0.26136947
0.23103404
0.33515763
0.15464687
0.35424018
0.34115291
0.19874787
0.32575250
0.32294607
0.21685266
0.22827148
0.22971058
0.33679724
0.17946768
0.19454694
0.27136970
0.33707333
0.17923665
0.30619907
0.17831469
0.34088922
0.20733190
0.29442334
0.32310581
0.20377684
0.22218275
0.22986317
0.33449340
0.19273925
0.35750675
0.32862568
0.19559979
0.25446105
0.22544408
0.35004306
0.19402122
0.22045159
0.28339434
0.35405612
0.20016074
0.34150720
0.33534694
0.22341967
0.26354146
0.21872187
0.34805846
0.16876888
0.36710572
0.31519127
0.20837522
0.26291323
0.21477747
0.32127619
0.17563128
0.28673553
0.31685519
0.27632117
0.25149822
0.24897933
0.34209871
0.20884895
0.32453156
0.19450092
0.34895706
0.17217588
0.37313890
0.37205315
0.21193194
0.34583020
0.33660936
0.21755505
0.22094059
0.24381137
0.32981420
0.18757963
0.35686517
0.33139229
0.19935369
0.19198370
0.26452708
0.33676267
0.20130467
0.34954500
0.35364079
0.19835734
0.32830715
0.33472252
0.22897029
0.23743200
0.23394465
0.34401059
0.18188643
0.33188701
0.31596565
0.20252061
0.24127674
0.25210690
0.35757494
0.20163178
0.36166334
0.32524824
0.23870635
0.22295022
0.26725650
0.35615993
0.17192674
0.33656168
0.34745431
0.22816348
0.33305311
0.34727407
0.20162487
0.34064579
0.34328294
0.22604871
0.32658720
0.32943821
0.20800877
0.19736671
0.25410366
0.36672592
0.18797421
0.25256038
0.22875071
0.34977508
0.17128944
0.33078051
0.20554233
0.33416963
0.20344877
0.31347775
0.34463239
0.17873907
0.37882113
0.32592821
0.18931818
0.15672421
0.37812948
0.36585617
0.20141125
0.18215036
0.29458833
0.36331344
0.17353129
