0.08112717
0.15746880
0.33115125
0.34057736
0.19651151
0.30480671
0.22202873
0.35851049
0.17405033
0.36504698
0.33089662
0.23094034
0.23442101
0.23808169
0.33221650
0.17076111
0.21078515
0.23302126
0.31955481
0.18133402
0.25220942
0.20072222
0.31525946
0.18587041
0.34137344
0.35171986
0.22033119
0.35094857
0.28373623
0.23868680
0.16718054
0.36253762
0.36199450
0.20707846
0.34912634
0.30244088
0.21317649
0.23465776
0.25746059
0.36787868
0.20417619
0.33741832
0.17443800
0.35614538
0.19548464
0.32483673
0.37909818
0.19138718
0.35439038
0.23869824
0.29212046
0.17179108
0.34478831
0.33247495
0.18225026
0.18403244
0.26906919
0.35437489
0.17737556
0.25975704
0.19649363
0.32069969
0.18807793
0.35308695
0.33627462
0.20179224
0.33715010
0.31046963
0.20970130
0.35646820
0.34192729
0.21273518
0.26546907
0.21102142
0.32522058
0.16581583
0.31188703
0.19119120
0.30906248
0.16698694
0.32350755
0.32635808
0.19308853
0.18956685
0.26144099
0.32909298
0.19103289
0.32607412
0.32778764
0.20868921
0.19880080
0.25079679
0.33734655
0.20682812
0.29834986
0.21355796
0.31042075
0.18815231
0.30377674
0.32647657
0.18633771
0.29501438
0.18912649
0.33134222
0.16094208
0.35173893
0.33564854
0.17702889
0.26963782
0.22973585
0.33991981
0.18125057
0.37064552
0.33910012
0.21439672
0.18650126
0.27370119
0.31723857
0.19354439
0.34720564
0.31369400
0.20492339
0.20932341
0.29069805
0.34405661
0.19458437
0.37459230
0.36086154
0.22792578
0.25305247
0.22427821
0.36947536
0.19690847
0.34258127
0.27185631
0.27984929
0.22304583
0.27948904
0.36652637
0.20293665
0.27558637
0.20654249
0.33710170
0.19608927
0.35827112
0.36056232
0.22556043
0.21780396
0.23640084
0.33221102
0.18994379
0.26001978
0.21028161
0.34530568
0.16846824
0.32972002
0.33783364
0.19257927
0.36784744
0.32038140
0.22490859
0.19519305
0.26002049
0.31292152
0.20126486
0.34019184
0.30577350
0.23017859
0.27362514
0.22187686
0.35774565
0.18383598
0.35940409
0.35329151
0.21654105
0.33000708
0.20761013
0.30797315
0.16281557
0.32285166
0.30839777
0.19393754
0.18681717
0.25845170
0.35390854
0.18758011
0.36339927
0.32765675
0.19638610
0.34931469
0.28111649
0.25496793
0.22199941
0.27598453
0.35573649
0.19699478
0.21315813
0.25219417
0.32315469
0.19087934
0.24806428
0.20099473
0.34822011
0.15820813
0.21450353
0.25918126
0.34425163
0.19681191
0.25441098
0.20070958
0.31752825
0.18741775
0.28975224
0.20771909
0.31481528
0.17233038
0.34680295
0.35328150
0.20404744
0.25940156
0.21059394
0.34842682
0.16313672
0.36575198
0.32270765
0.18771052
0.22183251
0.22555947
0.32893848
0.19096756
0.33611727
0.34860396
0.20896935
0.20212269
0.25737023
0.33829165
0.18032861
0.35155416
0.36529613
0.21481085
0.35495806
0.29510474
0.26548862
0.20814610
0.27099538
0.36096907
0.16523051
0.37266874
0.32413697
0.20486236
0.33782506
0.35664868
0.22596502
0.23913431
0.23616552
0.35689902
0.17495489
0.35759091
0.33398628
0.20046377
0.33963966
0.32421708
0.23163581
0.19776678
0.27992821
0.34198856
0.20321512
0.28153968
0.20129013
0.33622050
0.19774604
0.34298611
0.17488694
0.34952998
0.16803861
0.32362604
0.33390760
0.22197890
0.18760371
0.28397012
0.32370067
0.18556762
0.26371908
0.20086670
0.33617854
0.17959023
0.35400128
0.36422753
0.21018744
0.25234628
0.26327252
0.35045886
0.19001675
0.35781217
0.33764410
0.22024560
0.20457172
0.26752996
0.35839319
0.21978331
0.38999963
0.35562825
0.20635009
0.28390265
0.19873118
0.33802700
0.17774844
0.28758454
0.17079115
0.32771540
0.15595031
0.34638882
0.31919765
0.18551803
0.16816092
0.28134608
0.32994008
0.23036909
0.34468937
0.30652833
0.20356774
0.32688189
0.20324922
0.33405590
0.17939973
0.33651090
0.34092450
0.19472837
0.20889282
0.22833157
0.31543040
0.19246483
0.26437736
0.21998072
0.31967640
0.15894961
0.33817768
0.35977721
0.19605374
0.32980752
0.30831504
0.20847154
0.22756338
0.26799941
0.35452890
0.20040274
0.27016735
0.20471597
0.33187366
0.18880844
0.36270356
0.34418631
0.22563696
0.36532760
0.35818839
0.19681215
0.33921456
0.36652541
0.20390797
0.31706190
0.18229103
0.33733654
0.16204286
0.36092329
0.37198186
0.22665954
0.34527612
0.33659768
0.21132302
0.33946514
0.32822371
0.22158098
0.36011839
0.29131889
0.22368979
0.36127067
0.35504127
0.21948981
0.30787802
0.18444657
0.30808115
0.14326501
0.34150910
0.33712959
0.19080067
0.32601762
0.29430914
0.21277189
0.18386674
0.28510380
0.32248616
0.19124770
0.24999261
0.22312021
0.32699871
0.17783999
0.32637978
0.33774424
0.21570921
0.35492420
0.26636195
0.28688025
0.17411852
0.30736208
0.33575892
0.21425295
0.18673515
0.30725551
0.36130643
0.19330788
0.17426109
0.32616329
0.36316657
0.19784117
0.19889212
0.26410031
0.34332323
0.19132757
0.35180759
0.33577728
0.21034455
0.27605295
0.21648526
0.35558772
0.18939590
0.34071398
0.33688068
0.23134899
0.18663883
0.28883529
0.35448647
0.19342995
0.35530305
0.26272130
0.25763655
0.19492269
0.27581644
0.35637951
0.16879225
0.37540555
0.36251783
0.22252679
0.24781036
0.25526690
0.36294222
0.18352294
0.25145459
0.20640421
0.35025501
0.15726471
0.36489987
0.35398245
0.19863415
0.33454823
0.34376836
0.19497085
0.22932386
0.24616694
0.35362005
0.19524169
0.36895347
0.35059619
0.20317745
0.20762157
0.24836969
0.33667493
0.19463921
0.20960450
0.23610473
0.31701016
0.19193268
0.21487403
0.23332644
0.31620789
0.19182730
0.33446980
0.32665348
0.22620201
0.21334791
0.26963592
0.33273339
0.17993236
0.25104594
0.20960927
0.32922506
0.17039871
0.32491136
0.31372929
0.20529866
0.27329421
0.20245051
0.34581685
0.18742561
0.37231088
0.35248351
0.19610953
0.33884740
0.32417941
0.22104573
0.26847792
0.22375107
0.33796477
0.17995214
0.33494186
0.34747744
0.21682358
0.18499112
0.27180958
0.33794880
0.18457985
0.26163077
0.20483422
0.33105397
0.17732811
0.36471200
0.33724546
0.20313025
0.19487619
0.26558256
0.36422825
0.19264269
0.35980844
0.32169604
0.19823790
0.14591193
0.31834459
0.33355904
0.18753362
0.26354671
0.22283220
0.34058642
0.18350697
0.21102095
0.24310422
0.32350063
0.18827391
0.32723331
0.20366883
0.33202171
0.15034008
0.36387873
0.36045575
0.20335650
0.35589385
0.29647589
0.21913528
0.21881127
0.27109385
0.34066463
0.19382238
0.26930785
0.22870612
0.34249258
0.16565299
0.37717414
0.35614395
0.20395756
0.22222137
0.26932335
0.33267760
0.18090796
0.17185211
0.29695106
0.34525084
0.19569778
0.35288262
0.34326959
0.19937110
0.19521213
0.25513053
0.32080650
0.19652486
0.34520459
0.33853078
0.20299864
0.28705263
0.19826555
0.33006382
0.23300481
0.25171947
0.34990239
0.17983317
0.36048818
0.37247920
0.19687676
0.26457405
0.20818663
0.32583690
0.16550279
0.23319197
0.22105074
0.31633210
0.18308449
0.36044812
0.36823320
0.21328640
0.23134375
0.23724508
0.35447359
0.17279506
0.38782334
0.32847142
0.20935535
0.19747925
0.25283813
0.32320547
0.18933082
0.20178604
0.25001979
0.32964396
0.17885637
0.37535310
0.34487510
0.22460127
0.34811115
0.33752823
0.20182538
0.34618855
0.34097958
0.22186112
0.34711266
0.29777932
0.22285128
0.29805541
0.22497129
0.31274319
0.20016241
0.29589748
0.33304954
0.18925738
0.25868154
0.20876837
0.33833051
0.17510509
0.35857701
0.32793546
0.22065592
0.27035546
0.22640133
0.35378408
0.19082522
0.32468057
0.18401361
0.34367585
0.19127655
0.32085609
0.34433341
0.18992615
0.34091139
0.29654431
0.20672917
0.17717981
0.28365636
0.33517575
0.18011189
0.37887645
0.32511115
0.19801712
0.33882976
0.35305882
0.22085714
0.34400344
0.33756256
0.20677948
0.33811402
0.32974935
0.22663522
0.19007921
0.27845573
0.36089158
0.18710256
0.31679153
0.35167527
0.21349144
0.21432805
0.26251388
0.36250591
0.17709541
0.33450627
0.31610203
0.20635772
0.34751177
0.32527161
0.22650790
0.35947990
0.33865142
0.21502447
0.33842444
0.32121658
0.22178483
0.37081957
0.29664540
0.24965000
0.17228317
0.30759597
0.35562968
0.17685795
0.32085085
0.34180975
0.20025706
0.22696805
0.24242401
0.34643650
0.17596960
0.27139831
0.19873309
0.32891035
0.18070674
0.32706094
0.29971147
0.20861506
0.18371701
0.33041620
0.35032630
0.20835543
0.35323215
0.33676910
0.20101595
0.30029702
0.19282055
0.32593298
0.16488290
0.34727407
0.34058499
0.20000482
0.25836015
0.22634292
0.32338715
0.18821812
0.30296016
0.20008016
0.33306408
0.18239236
0.29966426
0.35619903
0.16716146
0.20846105
0.27770400
0.34903216
0.18378448
0.17134905
0.30724597
0.32718325
0.19283271
0.17883492
0.25851631
0.33696508
0.19246554
0.34617996
0.35600877
0.20598269
0.35796452
0.32793331
0.22809720
0.19693589
0.28418112
0.33303595
0.19438267
0.24833989
0.21102118
0.34633970
0.16738582
0.34499097
0.31567621
0.23519588
0.27857280
0.21992731
0.36269236
0.28369212
0.23552418
0.36288476
0.20491648
0.29492617
0.32782936
0.20186424
0.35928011
0.34352040
0.18550396
0.35545254
0.33973122
0.22776866
0.22991395
0.26290607
0.34707451
0.20522761
0.15610385
0.34706855
0.32784152
0.22604465
0.21664262
0.24237180
0.32549453
0.18581438
0.35583496
0.32487226
0.23105884
0.32419991
0.18067193
0.32782483
0.16952038
0.23128486
0.22435737
0.33691120
0.18347931
0.30809999
0.32678652
0.21628118
0.24561477
0.20757341
0.34064221
0.24407101
0.26128626
0.32793665
0.18861794
0.33700776
0.17164946
0.34838104
0.17684317
0.34434843
0.16786575
0.34708452
0.16682434
0.24838138
0.21120763
0.32990766
0.15645027
0.35933781
0.35223889
0.22502828
0.34942532
0.30672550
0.21575761
0.21687722
0.26062059
0.34846449
0.18827653
0.35295343
0.33324957
0.22777033
0.22260213
0.24383259
0.35325694
0.17936802
0.36444545
0.32727170
0.20070028
0.25702095
0.24034238
0.35610127
0.15715480
0.37031126
0.37064862
0.18661976
0.34816456
0.32153749
0.20061803
0.29227328
0.18078494
0.33809781
0.18108010
0.36025763
0.34244585
0.20709205
0.23349953
0.23380852
0.34842253
0.18160558
0.35990739
0.32353449
0.20067668
0.34559488
0.32871342
0.20454168
0.31158853
0.19163489
0.30216885
0.33819032
0.27006578
0.24739218
0.36207747
0.34567380
0.20971441
0.33633900
0.32982564
0.20606995
0.23270869
0.23115420
0.35438108
0.17793608
0.17709637
0.29564214
0.31450129
0.21538186
0.19069457
0.29823947
0.33863449
0.19237399
0.22239304
0.23253584
0.35140252
0.19697428
0.26644182
0.20803380
0.32965255
0.19674587
0.36211514
0.32946181
0.21651483
0.33615160
0.34794283
0.20896339
0.25246215
0.24104571
0.37272596
0.18374062
0.36011815
0.32517886
0.23313022
0.27812147
0.20831275
0.35308266
0.19031405
0.36443114
0.33326864
0.22306561
0.33151317
0.29139113
0.21965408
0.31588936
0.18429470
0.29886866
0.23810720
0.23384762
0.32900476
0.16057801
0.35715938
0.34036231
0.17767286
0.33165002
0.33610725
0.19799590
0.21334076
0.23576140
0.31780648
0.19653153
0.28479648
0.22841406
0.34177136
0.16093421
0.37164712
0.36920738
0.21625686
0.29782891
0.20073056
0.38123107
0.19016194
0.36857891
0.33376813
0.20525527
0.34832335
0.30642843
0.21732903
0.26255274
0.21063352
0.34452844
0.17097163
0.26614356
0.21978688
0.36658525
0.18092561
0.36534381
0.35494733
0.19592714
0.25988817
0.22528410
0.31829000
0.15897822
0.33127189
0.34681678
0.18215704
0.35265541
0.33284259
0.22992134
0.22583055
0.27067208
0.34796548
0.20051026
0.36420894
0.33802056
0.22484303
0.18865418
0.29921150
0.34535432
0.18119311
0.34394956
0.29968262
0.21565199
0.37333488
0.33269930
0.20145345
