0.07579851
0.36629009
0.17986369
0.36497688
0.31845427
0.19726586
0.32498002
0.32453680
0.23128343
0.29178429
0.20327187
0.33220911
0.20814061
0.29733706
0.35194397
0.17714381
0.23818994
0.25856829
0.34212947
0.18744254
0.35591340
0.33556461
0.18840814
0.33176947
0.32316089
0.22193003
0.34772897
0.33451247
0.20472813
0.36600566
0.32632017
0.19508362
0.34350157
0.35972595
0.19938660
0.28568935
0.20417190
0.33320570
0.16002202
0.36035395
0.32965231
0.18606448
0.36195087
0.32570910
0.20942616
0.37465835
0.32872081
0.18508816
0.18719816
0.28057742
0.35573149
0.18116879
0.33618689
0.30155301
0.21067214
0.32052898
0.25485802
0.25588679
0.22328115
0.21889758
0.34831834
0.15668249
0.37145686
0.31315756
0.20903921
0.36527324
0.36844802
0.20573521
0.24908137
0.24042487
0.34623528
0.18925452
0.37773681
0.33819866
0.19122910
0.33738351
0.33209443
0.21567559
0.31902337
0.35147262
0.20233345
0.33646870
0.30029154
0.22427487
0.19440842
0.26576614
0.32348251
0.17919993
0.32514858
0.30980515
0.23521948
0.26184106
0.21111917
0.34542799
0.16861272
0.34725404
0.35751104
0.19278479
0.39176273
0.34370494
0.21946120
0.18873858
0.27259207
0.35702443
0.19269061
0.34683800
0.32469726
0.21001911
0.15914440
0.29993010
0.35548067
0.17993736
0.33263445
0.36494470
0.22788286
0.22247052
0.26198196
0.33481264
0.18466187
0.36694074
0.33039331
0.18309331
0.18576980
0.25966120
0.32038021
0.19033742
0.25155973
0.21140051
0.32521558
0.22494054
0.26931214
0.22238302
0.33553171
0.18467236
0.35609889
0.32676339
0.23914123
0.22352386
0.24096251
0.33207059
0.19606805
0.24985003
0.20281720
0.34288645
0.16814137
0.31627488
0.30404472
0.22818065
0.20039892
0.25821447
0.32772589
0.19615054
0.24088693
0.20035362
0.32689238
0.18531775
0.34501505
0.34346652
0.19972134
0.39978313
0.36285686
0.19351625
0.34515858
0.33755231
0.22455716
0.34383273
0.35646009
0.22786880
0.37026453
0.32810807
0.22043872
0.17389989
0.28899360
0.36523914
0.16918349
0.36079788
0.34181261
0.21234202
0.28573513
0.22719026
0.36918902
0.16299605
0.39065361
0.35803366
0.21100616
0.36280966
0.32615089
0.21105909
0.33757877
0.31891799
0.20473886
0.24148846
0.22968197
0.33137202
0.16694665
0.34598899
0.35945630
0.18991280
0.35319424
0.33371830
0.22649908
0.36129212
0.33036780
0.20990181
0.26183295
0.21896887
0.35308433
0.16183233
0.36876321
0.35295105
0.22146678
0.24924326
0.23015809
0.33474565
0.16825485
0.33457303
0.33688736
0.19370770
0.35755944
0.34195280
0.22073698
0.25610352
0.22859883
0.33044982
0.17216635
0.35098505
0.34830904
0.19163561
0.37311530
0.33280349
0.19919157
0.35655093
0.34980607
0.19689322
0.35562539
0.34177828
0.21894646
0.26808715
0.20991278
0.34453964
0.19231057
0.33505678
0.32514501
0.19819164
0.18910551
0.28007460
0.37699103
0.19704962
0.36132360
0.37315321
0.20253515
0.29114509
0.21172166
0.37153125
0.17990446
0.36545730
0.32911587
0.22375846
0.20478463
0.25708222
0.35564089
0.17530155
0.32435274
0.30870867
0.21694207
0.27151871
0.22340941
0.35503340
0.19308305
0.37054586
0.40200639
0.19604707
0.39739370
0.36449242
0.20235729
0.22600746
0.24377108
0.34781432
0.19913816
0.29415464
0.36907291
0.27275276
0.22908640
0.31775880
0.14855361
0.35173202
0.35132933
0.21788645
0.35843468
0.35298443
0.18593383
0.22704005
0.23654580
0.32401896
0.18660975
0.36035609
0.32296419
0.22066021
0.20912147
0.25215483
0.31122565
0.20084357
0.24868464
0.20356202
0.35491872
0.17222834
0.35623336
0.34094357
0.20057321
0.20590568
0.25639224
0.36720300
0.20305562
0.34302521
0.21378851
0.30965972
0.17084599
0.34745717
0.34856391
0.19968629
0.33796597
0.29457808
0.21545005
0.37645578
0.34959984
0.21606231
0.21569300
0.24815559
0.36373234
0.18757796
0.33493018
0.16600108
0.33702564
0.14944601
0.25394464
0.20010638
0.34054041
0.17160749
0.14828658
0.34372783
0.33238888
0.19018865
0.25276780
0.23155046
0.32173109
0.35056925
0.33197117
0.22522497
0.34616733
0.33942986
0.22291899
0.34118247
0.31895590
0.20022678
0.36801529
0.34482598
0.22952175
0.34251595
0.32460594
0.19564581
0.36200571
0.36703491
0.20123529
0.33649802
0.29028320
0.22339177
0.35968590
0.36899924
0.22630596
0.28536081
0.19644475
0.33291078
0.16913629
0.34292579
0.32466102
0.18494630
0.24851871
0.23844457
0.34514022
0.18133950
0.33380437
0.35323262
0.21508527
0.23176980
0.23990297
0.32915378
0.18089724
0.36601830
0.32290053
0.19682980
0.39655018
0.34798622
0.20268822
0.25307202
0.21073151
0.32510018
0.15854359
0.33049726
0.32428980
0.18474388
0.34711695
0.28070712
0.21594334
0.36516476
0.33305049
0.21779776
0.22927070
0.24431896
0.33430076
0.18845391
0.36418962
0.33399439
0.20154881
0.35134172
0.36025143
0.19780207
0.25612569
0.23431706
0.32881665
0.24039912
0.24557233
0.36230040
0.18919253
0.35962462
0.34789014
0.18344855
0.31782079
0.37311721
0.20102000
0.34776139
0.33327365
0.22338605
0.35616326
0.32036233
0.21679568
0.22118187
0.26189256
0.33697844
0.17782760
0.37145352
0.33281422
0.22467327
0.25945067
0.20793080
0.34604478
0.14873958
0.30413508
0.35730076
0.21815109
0.27548957
0.23175120
0.31607652
0.17086339
0.32792521
0.31077003
0.21103358
0.26250982
0.22182655
0.38067460
0.16430306
0.35460401
0.37512660
0.20367002
0.24859214
0.22072124
0.32480431
0.18147802
0.33197927
0.32207608
0.20888257
0.35651231
0.33035851
0.22236085
0.33994913
0.32283664
0.20061326
0.18129969
0.27800298
0.34262967
0.20340085
0.24649882
0.22750354
0.35192680
0.19059491
0.37038279
0.33781028
0.18586946
0.35379863
0.30589390
0.22130322
0.22285295
0.26980972
0.35888958
0.19196415
0.36262703
0.33954763
0.23386312
0.30249143
0.23803353
0.33176494
0.19159532
0.32780004
0.36050701
0.19349217
0.34972024
0.32005835
0.20117211
0.16947031
0.28714204
0.31761265
0.22704005
0.27597642
0.22984862
0.35447168
0.23797441
0.28120518
0.35612059
0.20788479
0.25456429
0.21028209
0.33729243
0.17283797
0.36766386
0.31542873
0.19726706
0.36716700
0.36836767
0.20095754
0.33947086
0.30847740
0.20670819
0.35638952
0.33533144
0.21901059
0.32941341
0.31690645
0.20254397
0.33728766
0.31752825
0.20572996
0.35256457
0.35938191
0.23100710
0.38772798
0.34021831
0.20050550
0.25090623
0.22286773
0.33244705
0.16858554
0.37120461
0.35130167
0.19584417
0.35213399
0.37395930
0.21074867
0.30047083
0.21658587
0.29081726
0.24789071
0.22794724
0.35734487
0.15773630
0.34769630
0.31059122
0.18607497
0.36182547
0.36077285
0.19268250
0.34273887
0.34315181
0.18772674
0.23174787
0.24272752
0.33680797
0.19307518
0.26986408
0.22642469
0.36333704
0.17236972
0.37212896
0.37122655
0.19873071
0.29988933
0.33378148
0.21466517
0.19800973
0.26746726
0.35052204
0.18769526
0.37819886
0.34353375
0.20605516
0.38670778
0.36173010
0.20540595
0.36915708
0.32356811
0.20635581
0.31815386
0.20854211
0.31325126
0.14888453
0.36953235
0.35012817
0.19932103
0.18883610
0.27099776
0.35047674
0.21138692
0.33924007
0.30763125
0.20704842
0.16886592
0.30555010
0.32507753
0.18065214
0.18719053
0.28297257
0.35385466
0.17417645
0.37232804
0.34376788
0.22824430
0.34873104
0.33699369
0.20781517
0.35417747
0.35634565
0.22951579
0.23028755
0.24409962
0.33950758
0.15200496
0.35239029
0.31156158
0.20303440
0.24328017
0.24292779
0.37260842
0.17903733
0.34893060
0.34649730
0.19426918
0.18743682
0.26924515
0.34009528
0.20942879
0.37226629
0.33505845
0.18956614
0.33474946
0.31937385
0.20187426
0.19361043
0.26913857
0.35058308
0.19949889
0.33823538
0.31632853
0.20902514
0.21383452
0.27058673
0.34938455
0.20314598
0.36217618
0.35836411
0.20733404
0.34448767
0.35509896
0.21119285
0.21967101
0.25615501
0.32687473
0.16791034
0.34331989
0.35501242
0.21459603
0.35589623
0.33761954
0.21038055
0.21108413
0.25199580
0.34247041
0.17720342
0.35593963
0.36317706
0.20761752
0.33683372
0.35379887
0.21971703
0.19477797
0.28466797
0.36473083
0.21270561
0.37078333
0.33881807
0.19885206
0.26799321
0.20768809
0.32669592
0.16857862
0.36789989
0.32531238
0.20589352
0.25184345
0.21694994
0.32941031
0.18474245
0.36196446
0.32835126
0.18696499
0.28750825
0.21710563
0.34367752
0.16612291
0.35619235
0.33126497
0.22854090
0.24883676
0.23986292
0.34434843
0.20322299
0.27317548
0.21364641
0.35101390
0.16321135
0.30910325
0.35245728
0.19195795
0.21273398
0.25567269
0.33464932
0.18608594
0.37064624
0.36666346
0.22330141
0.32165146
0.20802093
0.33213234
0.15494061
0.37376428
0.35708237
0.21192575
0.23076344
0.23491549
0.32442188
0.16505504
0.32608581
0.34049797
0.20271730
0.32797265
0.31766772
0.20578265
0.35473275
0.34350657
0.22896147
0.35967302
0.32771659
0.19779897
0.35001278
0.33484077
0.18528175
0.32550311
0.31891823
0.22329092
0.32765675
0.25595331
0.26982474
0.34090161
0.32022905
0.23520470
0.37113881
0.32797885
0.20475483
0.27153540
0.20339632
0.32422757
0.18417168
0.32571340
0.35281920
0.22520900
0.22358966
0.24666595
0.32520533
0.18327403
0.37433863
0.34606528
0.18614960
0.17825103
0.25453877
0.34055114
0.17971039
0.38665342
0.35615087
0.21380544
0.24582434
0.22484064
0.33042383
0.22041893
0.26954699
0.32534432
0.18735290
0.25148535
0.22427893
0.33547139
0.25230956
0.23737144
0.35683036
0.18070006
0.39089537
0.35602832
0.21031594
0.36778212
0.32081223
0.22875714
0.18919706
0.26701093
0.31110406
0.19990969
0.34692764
0.34171224
0.20259809
0.25375128
0.21127629
0.33982587
0.18515253
0.38175488
0.35595655
0.19518757
0.33692384
0.35577583
0.20743489
0.39584517
0.38518023
0.19375825
0.37652588
0.33920836
0.21458721
0.37211251
0.34136724
0.18761086
0.33552122
0.33569908
0.21653938
0.35688066
0.34306145
0.19878006
0.29025984
0.19213581
0.37035227
0.17939806
0.36874223
0.35697818
0.21945715
0.26165009
0.22856307
0.34187341
0.18164492
0.37222910
0.34223866
0.18300939
0.32268929
0.31337428
0.22577691
0.29329801
0.21376967
0.33517337
0.15725112
0.35122252
0.30806375
0.18338776
0.27131510
0.23451686
0.36164117
0.16695189
0.24555683
0.23050928
0.33022571
0.17255759
0.27612376
0.22329402
0.34833694
0.16122484
0.38678813
0.33722806
0.18717432
0.22890687
0.21941805
0.33489037
0.18284178
0.36469197
0.31390929
0.20443749
0.28044105
0.22849631
0.35994816
0.16407919
0.36306882
0.34809184
0.20462632
0.32750821
0.28872347
0.22158885
0.36956811
0.32971120
0.22712517
0.31877589
0.18613601
0.32272077
0.14699554
0.32098436
0.31562138
0.20196867
0.37887406
0.34606528
0.18552780
0.35247183
0.32747173
0.21632886
0.28027225
0.19724846
0.34902906
0.16633368
0.37009501
0.34712076
0.19240022
0.24823236
0.20092034
0.32714438
0.18412614
0.34656262
0.37582421
0.20628452
0.26485777
0.21621966
0.34212422
0.16986299
0.32677937
0.35506463
0.18159938
0.35989118
0.35600686
0.22296667
0.33057761
0.30627751
0.22404671
0.36288881
0.36996078
0.20426822
0.35647702
0.33010602
0.19604468
0.26237273
0.23924232
0.33830762
0.16934896
0.37024570
0.34328246
0.21461582
0.34514594
0.31427073
0.22287369
0.33258295
0.29517651
0.20437312
0.25544786
0.19959188
0.30648017
0.17995572
0.31308627
0.19089651
0.33350682
0.19426394
0.38152099
0.36589456
0.19693327
0.29788446
0.19399476
0.39221358
0.17772365
0.35337782
0.34136271
0.17544746
0.35538554
0.36924839
0.19792080
0.35756540
0.35216331
0.20072126
0.38877845
0.36791873
0.21844649
0.28049755
0.20772219
0.36471319
0.18625498
0.35628819
0.33969355
0.22240877
