0.109389
0.270168
0.218909
0.118824
0.206017
0.080755
0.166414
0.183305
0.139014
0.181746
0.098668
0.206911
0.123306
0.072286
0.144242
0.117590
0.083253
0.072593
0.051244
0.082750
0.131248
0.169556
0.148889
0.116913
0.139570
0.156901
0.149672
0.219021
0.146752
0.247299
0.257429
0.144358
0.116542
0.153719
0.112316
0.156718
0.204774
0.127722
0.147199
0.088757
0.111518
0.110064
0.113144
0.120203
0.108440
0.156453
0.131283
0.134820
0.102423
0.176146
0.121735
0.100435
0.252230
0.214597
0.223718
0.241547
0.224208
0.163132
0.068826
0.199560
0.225595
0.169454
0.130277
0.156881
0.159366
0.145885
0.085101
0.114499
0.103926
0.120479
0.145112
0.125305
0.183379
0.176171
0.129141
0.150133
0.141300
0.145180
0.149616
0.161948
0.181114
0.284355
0.231529
0.264263
0.266814
0.312117
0.212513
0.291324
0.173937
0.135705
0.149117
0.213783
0.233444
0.197396
0.178956
0.162794
0.193905
0.213164
0.137409
0.237085
0.173563
0.156313
0.195209
0.114637
0.179188
0.171072
0.178329
0.139225
0.143427
0.160159
0.146368
0.145461
0.149492
0.126311
0.130293
0.122210
0.155190
0.145872
0.079207
0.094647
0.093744
0.273004
0.208115
0.196458
0.249182
0.171393
0.386984
0.153910
0.228260
0.223738
0.229810
0.165800
0.272308
0.245655
0.197066
0.246992
0.321967
0.356413
0.303418
0.168208
0.164333
0.087914
0.070045
0.093910
0.108745
0.112118
0.087780
0.115293
0.088006
0.111094
0.065263
0.116913
0.160553
0.202868
0.200997
0.223314
0.241511
0.194423
0.263960
0.247249
0.220146
0.107187
0.249121
0.361256
0.167104
0.133857
0.177560
0.207343
0.118890
0.137155
0.161188
0.193418
0.299047
0.159369
0.204340
0.207007
0.250930
0.167780
0.180432
0.213649
0.134389
0.170938
0.122493
0.136057
0.126538
0.128648
0.132606
0.094661
0.179754
0.146164
0.091005
0.161012
0.113208
0.105606
0.147398
0.218938
0.207677
0.229827
0.195903
0.265504
0.218743
0.252783
0.227743
0.235708
0.127735
0.154275
0.115519
0.146505
0.170005
0.185069
0.227848
0.317394
0.129250
0.136922
0.173903
0.157707
0.130645
0.158668
0.167249
0.187470
0.225333
0.218015
0.370004
0.231242
0.135767
0.128167
0.222218
0.267491
0.193434
0.167115
0.288450
0.195718
0.123988
0.225870
0.175814
0.270355
0.122699
0.218946
0.195343
0.296626
0.151130
0.341135
0.328674
0.258879
0.164362
0.218650
0.303747
0.197872
0.134431
0.118650
0.194032
0.145370
0.130831
0.212554
0.214133
0.169305
0.156413
0.147860
0.144443
0.176474
0.156654
0.188722
0.237335
0.205803
0.194896
0.141866
0.144428
0.096025
0.143939
0.178706
0.155645
0.217648
0.222257
0.185201
0.141940
0.169935
0.147435
0.133697
0.165476
0.259167
0.177154
0.434325
0.281536
0.335456
0.287937
0.301217
0.257018
0.281547
0.222439
0.173326
0.184059
0.379098
0.072181
0.134141
0.234226
0.191740
0.266712
0.116010
0.161350
0.298900
0.253468
0.230780
0.165784
0.081570
0.113074
0.163198
0.104973
0.098599
0.125696
0.191515
0.332917
0.153748
0.241241
0.186876
0.218994
0.193537
0.102298
0.160295
0.141136
0.152681
0.153546
0.131843
0.156214
0.149712
0.110552
0.120397
0.184873
0.178689
0.235856
0.286045
0.176619
0.153062
0.156319
0.123931
0.142885
0.110538
0.163479
0.125499
0.132776
0.112482
0.127989
0.130927
0.153947
0.124869
0.160489
0.099841
0.185241
0.122404
0.167312
0.195572
0.206941
0.183145
0.129995
0.235699
0.226386
0.177464
0.165597
0.153390
0.206867
0.165506
0.161164
0.109799
0.140830
0.157411
0.121335
0.110307
0.137996
0.122758
0.358311
0.260465
0.213155
0.227144
0.308661
0.185782
0.410897
0.232944
0.273279
0.230817
0.206303
0.147391
0.156129
0.109924
0.107627
0.062139
0.126326
0.094527
0.109653
0.110690
0.088701
0.089206
0.140675
0.199814
0.183488
0.172251
0.207464
0.214218
0.195577
0.171757
0.339331
0.239237
0.177484
0.240793
0.232749
0.250667
0.196793
0.229429
0.131585
0.195621
0.134035
0.225452
0.169176
0.135156
0.142601
0.115493
0.138822
0.158499
0.140492
0.186455
0.154098
0.119040
0.118782
0.086892
0.082478
0.133212
0.078116
0.151699
0.124405
0.089380
0.113728
0.109955
0.134876
0.131865
0.095744
0.185681
0.098389
0.167133
0.211882
0.145680
0.215896
0.271089
0.208667
0.157306
0.111937
0.109763
0.122351
0.165772
0.216902
0.081271
0.104489
0.174287
0.197780
0.157271
0.196678
0.174428
0.133582
0.188640
0.221528
0.092165
0.101073
0.174884
0.387134
0.338046
0.112390
0.171827
0.181789
0.143941
0.247682
0.149815
0.116399
0.114737
0.145810
0.106287
0.096177
0.209090
0.163690
0.179007
0.157286
0.287371
0.177272
0.149708
0.199592
0.195667
0.127717
0.204369
0.264547
0.174587
0.137792
0.129489
0.117214
0.127223
0.120153
0.149012
0.184897
0.216233
0.219431
0.124588
0.132848
0.144665
0.139419
0.128690
0.115459
0.118727
0.143163
0.141471
0.204496
0.145986
0.205270
0.190067
0.221878
0.233261
0.269904
0.152485
0.265676
0.216186
0.123834
0.163156
0.195586
0.189862
0.235806
0.167853
0.159759
0.164746
0.120157
0.143187
0.131830
0.119530
0.197951
0.164402
0.180543
0.164306
0.157154
0.261569
0.283987
0.159467
0.174247
0.130919
0.145150
0.164077
0.120293
0.140100
0.139421
0.143775
0.174070
0.176795
0.207464
0.220650
0.191823
0.177372
0.144375
0.175027
0.135644
0.117537
0.138394
0.173890
0.147397
0.212703
0.154397
0.208956
0.162948
0.087651
0.191313
0.107445
0.107814
0.217604
0.171110
0.142147
0.137361
0.072241
0.098165
0.198462
0.194852
0.108598
0.146592
0.071713
0.142721
0.344927
0.127531
0.138626
0.201648
0.200118
0.238926
0.238992
0.258698
0.189510
0.147805
0.160518
0.103495
0.108145
0.229514
0.180555
0.216604
0.207335
0.154756
0.148968
0.176482
0.195512
0.143111
0.191422
0.216002
0.148360
0.128524
0.200062
0.251864
0.180519
0.276063
0.427316
0.300968
0.189865
0.192317
0.175604
0.110601
0.143442
0.121725
0.135930
0.164402
0.247153
0.072120
0.082455
0.087734
0.099878
0.097802
0.091836
0.096732
0.119138
0.083819
0.084902
0.113161
0.114217
0.099964
0.115402
0.095976
0.114474
0.103903
0.142491
0.091623
0.137395
0.167255
0.168882
0.183920
0.296520
0.312789
0.316711
0.167262
0.138143
0.157403
0.189486
0.239645
0.203125
0.187941
0.294083
0.303383
0.198787
0.316530
0.422941
0.360347
0.157439
0.312270
0.355364
0.156399
0.156790
0.131457
0.129491
0.126234
0.144240
0.157098
0.153264
0.174498
0.119727
0.094329
0.170403
0.163468
0.176509
0.257472
0.217382
0.275210
0.189245
0.145660
0.165346
0.136039
0.169304
0.219073
0.223080
0.228456
0.413016
0.208995
0.100589
0.224141
0.196036
0.128327
0.170481
0.260273
0.210974
0.159486
0.233214
0.285676
0.151289
0.194074
0.300771
0.176149
0.215897
0.240148
0.204412
0.195488
0.204780
0.224592
0.267317
0.261902
0.232428
0.271525
0.124290
0.197330
0.263710
0.169655
0.219384
0.226006
0.169958
0.155954
0.260318
0.106205
0.151959
0.220015
0.338280
0.273541
0.129222
0.186366
0.213965
0.241526
0.245198
0.361297
0.156283
0.315750
0.182232
0.305694
0.177812
0.164302
0.132878
0.214570
0.158716
0.246295
0.229238
0.158324
0.150342
0.221036
0.110596
0.127958
0.135815
0.230505
0.245220
0.200643
0.510517
0.143985
0.123802
0.111536
0.165315
0.184483
0.172817
0.204509
0.280529
0.201732
0.137697
0.115204
0.052667
0.174103
0.235462
0.179733
0.225646
0.197317
0.156688
0.176515
0.113003
0.137863
0.108222
0.233248
0.214359
0.172755
0.130567
0.252653
0.153649
0.182707
0.179616
0.126157
0.215764
0.199729
0.207767
0.241060
0.112273
0.112410
0.149135
0.150065
0.187909
0.156301
0.149746
0.210014
0.148125
0.281816
0.211020
0.233536
0.186335
0.177018
0.167758
0.158579
0.194841
0.167080
0.152166
0.339413
0.096594
0.118804
0.173853
0.126529
0.102268
0.079438
0.090561
0.151162
0.129426
0.167068
0.074858
0.120303
0.101449
0.323096
0.158090
0.277562
0.173497
0.053088
0.245363
0.112055
0.148271
0.191302
0.111966
0.164075
0.131835
0.138518
0.128365
0.113280
0.131069
0.127952
0.139821
0.144362
0.116180
0.097155
0.189157
0.197701
0.298272
0.161412
0.115676
0.178281
0.251977
0.216705
0.217723
0.339650
0.337507
0.143086
0.101205
0.136429
0.108133
0.099195
0.104886
0.159528
0.185201
0.129674
0.180927
0.347591
0.117182
0.105433
0.148662
0.150302
0.169170
0.074877
0.163560
0.177454
0.159563
0.124385
0.112166
0.128998
0.123628
0.181019
0.130382
0.198193
0.125462
0.075528
0.149307
0.098106
0.183611
0.157128
0.147466
0.180212
0.141439
0.233182
0.302661
0.237688
0.239100
0.107677
0.173520
0.254715
0.154794
0.107415
0.097520
0.249838
0.228919
0.149041
0.177663
0.130022
0.125677
0.129939
0.133016
0.202111
0.240068
0.239913
0.134154
0.200581
0.171400
0.224247
0.156875
0.106992
0.127385
0.115073
0.066957
0.133125
0.081408
0.157970
0.124026
0.156757
0.107656
0.108145
0.130909
0.097788
0.105579
0.092776
0.121777
0.118946
0.126033
0.150998
0.102403
0.111302
0.120879
0.109959
0.094829
0.121548
0.115652
0.177660
0.157323
0.060520
0.146799
0.136855
0.132942
0.151320
0.124542
0.138371
0.214066
0.193547
0.172966
0.151845
0.137769
0.114445
0.131794
0.142978
0.198069
0.160979
0.231672
0.184297
0.250961
0.412971
0.271837
0.093549
0.177556
0.165653
0.193556
0.210304
0.152656
0.111793
0.115011
0.173729
0.194807
0.233309
0.175459
0.168458
0.148144
0.193501
0.142522
0.162331
0.245530
0.183752
0.132851
0.210786
0.219603
0.232993
0.192327
0.229858
0.148973
0.197314
0.100504
0.104263
0.144209
0.205032
0.221859
0.203776
0.147993
0.113867
0.127929
0.213237
0.095294
