0.047928
0.196460
0.284251
0.253715
0.190161
0.175962
0.157188
0.136351
0.278495
0.214882
0.219905
0.287360
0.182678
0.192773
0.221412
0.244312
0.259597
0.118419
0.110779
0.173520
0.148397
0.190044
0.122499
0.236389
0.272453
0.216682
0.185476
0.199841
0.230762
0.202426
0.232473
0.277668
0.190723
0.152458
0.181905
0.145779
0.124621
0.185213
0.170408
0.136303
0.170703
0.219104
0.190126
0.228804
0.166906
0.166682
0.243858
0.233850
0.191455
0.204092
0.176698
0.264719
0.146636
0.123361
0.154259
0.204380
0.125477
0.171462
0.177509
0.228219
0.201702
0.086966
0.183948
0.355520
0.222826
0.225118
0.195613
0.239226
0.159195
0.166584
0.228387
0.153415
0.232190
0.131733
0.164362
0.148342
0.125441
0.139265
0.157851
0.183554
0.316762
0.335248
0.291281
0.231210
0.150666
0.167815
0.175865
0.300707
0.291476
0.350088
0.222510
0.201257
0.197372
0.238932
0.328972
0.167216
0.190060
0.106535
0.168987
0.183687
0.168946
0.130619
0.118469
0.148726
0.124411
0.118584
0.149823
0.117385
0.115034
0.124398
0.119322
0.116549
0.127021
0.137173
0.143006
0.158868
0.130307
0.205855
0.309980
0.212045
0.299700
0.258081
0.240568
0.222196
0.220104
0.148377
0.171584
0.138858
0.152980
0.171448
0.155193
0.220343
0.164502
0.180341
0.201010
0.062986
0.278724
0.163671
0.223446
0.233347
0.276222
0.146318
0.181776
0.200743
0.200136
0.185431
0.224815
0.292068
0.321710
0.285374
0.232297
0.210171
0.202060
0.211522
0.177311
0.178572
0.142210
0.135054
0.146758
0.159564
0.157349
0.369383
0.298049
0.204491
0.195125
0.178855
0.217709
0.278935
0.190609
0.218933
0.315656
0.391222
0.203490
0.184734
0.223602
0.241426
0.082930
0.192770
0.132226
0.189332
0.105954
0.205791
0.117844
0.124681
0.171567
0.151704
0.149683
0.175275
0.142439
0.286672
0.153628
0.150570
0.163466
0.201817
0.155456
0.164902
0.171633
0.141179
0.219665
0.148534
0.116641
0.183032
0.272863
0.217964
0.237735
0.121780
0.183451
0.180800
0.081017
0.156068
0.133125
0.153676
0.138941
0.201616
0.186775
0.185230
0.143511
0.224036
0.165315
0.163181
0.180173
0.098136
0.290614
0.385754
0.388942
0.342109
0.212475
0.268825
0.318667
0.321850
0.239624
0.080183
0.114978
0.248312
0.192194
0.172497
0.144335
0.133055
0.121771
0.178073
0.161213
0.279129
0.243911
0.232184
0.227040
0.188841
0.169004
0.168270
0.288120
0.215798
0.196428
0.171300
0.190396
0.209646
0.115332
0.181622
0.213572
0.145979
0.263489
0.207377
0.214759
0.256101
0.186552
0.177631
0.266397
0.187239
0.162428
0.181007
0.202779
0.257100
0.174750
0.129591
0.170037
0.184282
0.140837
0.141741
0.181443
0.241785
0.269001
0.268791
0.142723
0.187035
0.142066
0.135255
0.320091
0.121218
0.236637
0.130311
0.230030
0.204432
0.241373
0.202340
0.183235
0.142643
0.153559
0.173949
0.215814
0.153991
0.171279
0.188689
0.170546
0.227915
0.266196
0.178665
0.279591
0.121961
0.111385
0.130494
0.180736
0.167379
0.150222
0.224764
0.166024
0.186568
0.188349
0.172066
0.238796
0.275156
0.195871
0.218702
0.217228
0.226008
0.147504
0.207775
0.217739
0.162862
0.200765
0.246959
0.184419
0.193349
0.200336
0.196762
0.251289
0.182039
0.201066
0.183648
0.234409
0.143193
0.205007
0.211393
0.207316
0.206775
0.126791
0.209936
0.086308
0.142026
0.125771
0.128558
0.124126
0.201228
0.239510
0.178195
0.223825
0.124109
0.218255
0.313703
0.175598
0.122670
0.129608
0.140734
0.140711
0.126837
0.150533
0.172973
0.147528
0.214453
0.203994
0.186564
0.171340
0.209874
0.140407
0.099230
0.114908
0.225162
0.234852
0.265971
0.289843
0.300782
0.324826
0.469257
0.273182
0.194876
0.126766
0.201172
0.197803
0.221559
0.260679
0.274411
0.324167
0.196858
0.141989
0.098181
0.111541
0.142791
0.123059
0.161076
0.156408
0.123832
0.264605
0.153250
0.206982
0.185667
0.190805
0.312018
0.263546
0.077127
0.146524
0.077990
0.126648
0.182740
0.209095
0.144090
0.175241
0.156559
0.163273
0.146466
0.215997
0.207090
0.164992
0.159333
0.149184
0.122959
0.118376
0.183268
0.098011
0.107579
0.094921
0.128015
0.167694
0.178224
0.317769
0.158043
0.188944
0.218720
0.251168
0.191499
0.249322
0.207019
0.144004
0.149609
0.151775
0.142009
0.222686
0.193180
0.212894
0.082265
0.167387
0.203542
0.180331
0.205163
0.157969
0.147596
0.187569
0.151894
0.151506
0.162483
0.140377
0.158981
0.177799
0.155144
0.250922
0.294805
0.275097
0.153057
0.232799
0.231368
0.191489
0.174456
0.162933
0.153032
0.136753
0.137051
0.147591
0.151004
0.147184
0.141163
0.150428
0.154924
0.149390
0.312029
0.367256
0.320781
0.191602
0.184636
0.403840
0.227624
0.207738
0.192619
0.297599
0.264368
0.110340
0.163577
0.103111
0.132843
0.144285
0.146327
0.138113
0.134641
0.096930
0.155072
0.205419
0.168577
0.111356
0.143042
0.167653
0.103540
0.142462
0.188467
0.198492
0.195186
0.186579
0.241443
0.167322
0.095379
0.163585
0.114259
0.241235
0.201001
0.265979
0.311114
0.297418
0.183048
0.232098
0.234345
0.330010
0.242683
0.149354
0.137767
0.173071
0.223655
0.293552
0.183208
0.336519
0.160618
0.248630
0.304640
0.369668
0.157442
0.174373
0.137252
0.165109
0.164227
0.109112
0.192621
0.121145
0.125545
0.149752
0.141400
0.179812
0.134123
0.189855
0.128049
0.196898
0.161704
0.323033
0.279162
0.254391
0.238188
0.290599
0.209250
0.161787
0.162222
0.124691
0.137407
0.230433
0.310600
0.213279
0.144768
0.195855
0.230327
0.107656
0.150504
0.244106
0.291438
0.273202
0.185876
0.168746
0.162009
0.235352
0.231559
0.184389
0.134666
0.194460
0.224606
0.336189
0.290163
0.189226
0.254454
0.182706
0.200572
0.180969
0.121929
0.101020
0.134828
0.178343
0.264673
0.121401
0.146016
0.165458
0.142199
0.124778
0.162057
0.093691
0.157040
0.120642
0.218632
0.251269
0.149806
0.208844
0.208112
0.298255
0.211657
0.193228
0.237753
0.285685
0.170487
0.199268
0.188067
0.205586
0.247260
0.166510
0.194299
0.130052
0.202014
0.248733
0.227543
0.232058
0.133064
0.176777
0.146284
0.174524
0.238347
0.240631
0.223245
0.221734
0.149733
0.196989
0.220589
0.168963
0.166682
0.180669
0.214990
0.116643
0.136039
0.128267
0.166613
0.179897
0.158072
0.203860
0.194203
0.198627
0.165606
0.187808
0.186007
0.222374
0.175201
0.216953
0.190147
0.240803
0.157721
0.180916
0.179764
0.187157
0.213393
0.208520
0.183641
0.169807
0.130919
0.139700
0.148021
0.168903
0.168699
0.222983
0.171436
0.173729
0.170207
0.159473
0.339108
0.230359
0.167114
0.247529
0.134880
0.193947
0.140442
0.132942
0.194851
0.268999
0.441272
0.186791
0.138445
0.142095
0.185238
0.117956
0.170809
0.392165
0.204506
0.276219
0.228851
0.215687
0.171080
0.177401
0.138438
0.150630
0.151321
0.173171
0.153657
0.137713
0.213890
0.211723
0.181283
0.218165
0.233201
0.171408
0.157779
0.164535
0.172507
0.217317
0.187534
0.339594
0.228562
0.137891
0.096001
0.153309
0.139087
0.129900
0.176844
0.167727
0.247574
0.193378
0.325027
0.272128
0.225791
0.164165
0.201004
0.182358
0.207751
0.266721
0.312074
0.148638
0.247346
0.249014
0.193389
0.224758
0.329579
0.258678
0.176610
0.187093
0.244910
0.253496
0.278659
0.431995
0.244435
0.156351
0.214263
0.267151
0.260988
0.194096
0.338951
0.462079
0.267874
0.202637
0.215183
0.130940
0.228223
0.256444
0.243721
0.156516
0.193458
0.170771
0.164501
0.249846
0.206714
0.213563
0.183298
0.266263
0.313555
0.270172
0.284180
0.178055
0.191397
0.211051
0.200268
0.221068
0.295779
0.182440
0.261415
0.312136
0.300225
0.259217
0.216784
0.256574
0.258561
0.312011
0.169912
0.298251
0.362623
0.188563
0.244399
0.225986
0.264371
0.126959
0.223798
0.147084
0.224588
0.245597
0.203514
0.301105
0.229830
0.233556
0.165360
0.173662
0.172699
0.201002
0.154104
0.166907
0.201567
0.202443
0.248357
0.185616
0.204970
0.122387
0.186369
0.178250
0.243467
0.231731
0.211788
0.219668
0.202918
0.131879
0.220170
0.247360
0.253940
0.152565
0.164246
0.171415
0.172415
0.141088
0.153493
0.175173
0.122215
0.157364
0.197204
0.151106
0.144924
0.181797
0.194950
0.152118
0.159650
0.126836
0.225570
0.199185
0.187170
0.145310
0.212007
0.191672
0.113012
0.124881
0.176076
0.428170
0.327137
0.254740
0.234811
0.163886
0.202790
0.253884
0.160312
0.118651
0.128538
0.140368
0.114956
0.181021
0.162709
0.185063
0.228726
0.233138
0.199613
0.248391
0.305884
0.301687
0.216918
0.181597
0.120143
0.072754
0.098835
0.100405
0.102005
0.112433
0.126471
0.139698
0.120209
0.127552
0.140545
0.162224
0.135961
0.176147
0.211436
0.171256
0.166520
0.215701
0.193531
0.204068
0.202498
0.342928
0.415549
0.163390
0.235235
0.130858
0.226838
0.143926
0.271237
0.309547
0.227342
0.131052
0.159148
0.177277
0.147188
0.260798
0.132561
0.283795
0.323542
0.304507
0.263509
0.276711
0.218682
0.171669
0.220815
0.209202
0.222441
0.175387
0.132060
0.094930
0.158418
0.167052
0.205849
0.186679
0.244897
0.148421
0.129139
0.159205
0.088506
0.109442
0.164150
0.150343
0.131367
