0.113373
0.189006
0.104361
0.131848
0.146373
0.187507
0.131424
0.150353
0.090119
0.138506
0.057189
0.103675
0.274852
0.220904
0.223248
0.183882
0.114087
0.200902
0.143385
0.139872
0.235723
0.156825
0.159561
0.272631
0.210958
0.101135
0.177676
0.129967
0.206438
0.250508
0.271501
0.193734
0.167866
0.141411
0.115981
0.170688
0.159005
0.172633
0.134440
0.161086
0.098986
0.127867
0.130507
0.125962
0.146509
0.124276
0.135569
0.187676
0.198403
0.119777
0.221203
0.215770
0.159405
0.106596
0.254070
0.188400
0.140827
0.131626
0.122249
0.139244
0.119086
0.152837
0.139106
0.124880
0.152904
0.135383
0.144246
0.136097
0.177494
0.162003
0.107091
0.162600
0.100785
0.104280
0.145220
0.157659
0.152126
0.131892
0.141129
0.263337
0.285423
0.217848
0.142935
0.135711
0.136388
0.152925
0.174739
0.145538
0.186962
0.249707
0.130671
0.121053
0.129422
0.131369
0.109133
0.112376
0.125605
0.215740
0.121791
0.118581
0.125988
0.183441
0.179531
0.147245
0.119004
0.159312
0.133993
0.115362
0.088980
0.151143
0.196557
0.233062
0.149212
0.090384
0.097265
0.143148
0.130946
0.133979
0.051578
0.163469
0.056458
0.131812
0.114739
0.174246
0.152243
0.163267
0.132617
0.154678
0.139157
0.183234
0.097536
0.163321
0.103681
0.076484
0.142822
0.174441
0.178391
0.121203
0.265951
0.108996
0.075592
0.094137
0.121397
0.081520
0.200130
0.228832
0.214782
0.127706
0.125107
0.090747
0.104442
0.100712
0.084226
0.131978
0.163166
0.206880
0.207438
0.169959
0.160091
0.086296
0.169800
0.175864
0.173297
0.221785
0.169382
0.152820
0.181381
0.189885
0.155505
0.140422
0.110220
0.111412
0.098283
0.099373
0.085316
0.110111
0.119747
0.139945
0.178373
0.138463
0.163240
0.127784
0.124534
0.154019
0.159723
0.111851
0.163769
0.123111
0.082709
0.122508
0.209024
0.174993
0.096020
0.114448
0.102693
0.156676
0.092332
0.159238
0.191804
0.111180
0.139506
0.210763
0.185054
0.139025
0.109279
0.139923
0.163800
0.186314
0.196777
0.239836
0.142346
0.201751
0.193300
0.089674
0.121560
0.153343
0.158975
0.050239
0.110911
0.090631
0.127125
0.114574
0.096598
0.087897
0.128334
0.164456
0.104929
0.114314
0.085683
0.136431
0.163522
0.211711
0.156397
0.159001
0.147471
0.139720
0.141850
0.116962
0.107976
0.109757
0.137367
0.176033
0.203572
0.167668
0.216261
0.153359
0.199054
0.077964
0.159249
0.155954
0.093082
0.134964
0.200321
0.154638
0.210862
0.216029
0.170449
0.171038
0.195000
0.160563
0.188227
0.155994
0.156824
0.159824
0.158372
0.130855
0.142696
0.127363
0.146034
0.136244
0.132488
0.171950
0.147515
0.224941
0.093504
0.135576
0.142182
0.089701
0.167586
0.099622
0.146721
0.264224
0.105010
0.151507
0.181155
0.160980
0.177431
0.158163
0.238256
0.209613
0.250883
0.133864
0.216644
0.120650
0.128024
0.157572
0.176593
0.127063
0.120174
0.129097
0.150700
0.134482
0.182143
0.139957
0.214976
0.170870
0.179792
0.173260
0.097298
0.133913
0.175202
0.126904
0.117723
0.078377
0.136243
0.160952
0.164534
0.163544
0.131976
0.137873
0.138024
0.141628
0.220316
0.171494
0.087214
0.086581
0.145375
0.149557
0.105927
0.070226
0.113586
0.131803
0.216521
0.149454
0.138122
0.204994
0.202280
0.105520
0.178128
0.223653
0.168331
0.133562
0.098150
0.171629
0.161102
0.277141
0.168266
0.100600
0.133691
0.223235
0.195626
0.170545
0.151648
0.156340
0.134362
0.139333
0.144093
0.127005
0.162089
0.141947
0.153744
0.129832
0.141744
0.103456
0.130955
0.135077
0.186898
0.188176
0.166111
0.273838
0.157355
0.129528
0.286555
0.098963
0.118260
0.197241
0.109410
0.074159
0.066924
0.098802
0.128932
0.169600
0.106705
0.145150
0.144715
0.171404
0.465458
0.210052
0.177186
0.136919
0.166384
0.091316
0.156081
0.114365
0.106631
0.221606
0.148784
0.080331
0.116061
0.154177
0.200704
0.123985
0.186013
0.198074
0.106197
0.094775
0.172063
0.213923
0.143232
0.121843
0.088399
0.111803
0.117709
0.168241
0.144049
0.251338
0.192072
0.231469
0.123132
0.120829
0.161167
0.147990
0.136251
0.178572
0.245798
0.168032
0.141299
0.199313
0.290862
0.169639
0.218456
0.173506
0.190337
0.186145
0.162015
0.240929
0.292994
0.220374
0.166476
0.253510
0.102710
0.276250
0.123131
0.214041
0.128240
0.137450
0.168777
0.140797
0.179773
0.154808
0.256841
0.173566
0.328611
0.213058
0.093557
0.113451
0.130972
0.149938
0.224778
0.257193
0.238170
0.131452
0.156092
0.187122
0.195817
0.209641
0.262593
0.408424
0.192521
0.136867
0.156811
0.228792
0.164162
0.167392
0.188508
0.160075
0.172759
0.205923
0.124108
0.080183
0.136492
0.187533
0.329527
0.149729
0.175477
0.169619
0.105091
0.137762
0.201168
0.137288
0.223367
0.194108
0.156344
0.197656
0.174755
0.159745
0.148267
0.265558
0.189763
0.115431
0.149619
0.156223
0.089180
0.122260
0.122697
0.143805
0.145686
0.127100
0.173471
0.184112
0.220876
0.209724
0.123602
0.094843
0.107461
0.106695
0.099213
0.117433
0.135089
0.144578
0.146039
0.185417
0.128164
0.205558
0.235877
0.153001
0.163000
0.162351
0.177016
0.152716
0.226397
0.163959
0.182232
0.146051
0.153307
0.221989
0.201374
0.196910
0.262296
0.174937
0.256888
0.161968
0.155854
0.234332
0.163182
0.210384
0.130553
0.182302
0.089781
0.155292
0.211787
0.224585
0.268692
0.210598
0.183006
0.134627
0.163057
0.105560
0.181002
0.182884
0.132455
0.168799
0.153078
0.177672
0.272949
0.227536
0.143181
0.113033
0.143813
0.133005
0.255939
0.192274
0.193100
0.145024
0.167121
0.232255
0.165463
0.252026
0.194002
0.106815
0.168878
0.166153
0.207742
0.153719
0.218525
0.205316
0.206427
0.077571
0.099275
0.132900
0.143748
0.145263
0.089652
0.118374
0.161268
0.160114
0.181664
0.172719
0.272093
0.121474
0.149343
0.173184
0.186192
0.230411
0.257705
0.170239
0.257457
0.129139
0.154481
0.219352
0.206706
0.156520
0.147417
0.158195
0.180260
0.161901
0.202185
0.179599
0.306800
0.318644
0.094733
0.178875
0.385432
0.110731
0.161138
0.275294
0.157722
0.164716
0.220695
0.118754
0.241040
0.214367
0.224063
0.212861
0.086039
0.120250
0.244593
0.219154
0.217498
0.223781
0.118652
0.278626
0.293209
0.100304
0.096508
0.159388
0.177107
0.117665
0.118174
0.121322
0.068935
0.086668
0.164250
0.225935
0.071526
0.103799
0.125283
0.147427
0.163180
0.134379
0.214495
0.091861
0.091500
0.137844
0.159544
0.067333
0.093611
0.115408
0.146976
0.096967
0.155824
0.158324
0.145687
0.171699
0.186255
0.159808
0.243951
0.228513
0.229896
0.198455
0.188029
0.261856
0.189201
0.200667
0.192853
0.195195
0.154790
0.149254
0.125194
0.090106
0.082146
0.099185
0.133162
0.090366
0.082734
0.137605
0.165869
0.214294
0.206420
0.115547
0.131348
0.248921
0.109241
0.170703
0.197442
0.130248
0.176362
0.113639
0.128168
0.206405
0.207174
0.185096
0.203001
0.100264
0.104209
0.090281
0.075059
0.068758
0.113000
0.185066
0.169119
0.156391
0.225380
0.169070
0.187755
0.161870
0.151022
0.136313
0.116784
0.150239
0.227523
0.288423
0.184317
0.089229
0.155735
0.114324
0.105613
0.111788
0.139541
0.159372
0.150031
0.157690
0.141567
0.151484
0.182673
0.183392
0.139717
0.132094
0.068738
0.176685
0.117813
0.141951
0.144956
0.168889
0.242301
0.112489
0.089274
0.093158
0.189404
0.126694
0.225129
0.145203
0.138579
0.324887
0.167526
0.235924
0.161240
0.191756
0.188538
0.239083
0.330629
0.285082
0.167362
0.171543
0.186997
0.173461
0.115811
0.151199
0.153482
0.102749
0.191268
0.282918
0.215513
0.130913
0.154095
0.137246
0.128000
0.142339
0.139325
0.151920
0.153332
0.194990
0.191761
0.207312
0.162314
0.059262
0.165076
0.163970
0.133754
0.131217
0.141539
0.182023
0.123688
0.129622
0.108202
0.117818
0.128066
0.148280
0.161924
0.120064
0.165196
0.144292
0.109905
0.117339
0.155215
0.185889
0.158000
0.118915
0.135970
0.186851
0.177310
0.210877
0.123442
0.160359
0.212270
0.182265
0.200225
0.138518
0.083962
0.134988
0.124217
0.176936
0.148176
0.152109
0.177996
0.158983
0.122343
0.115236
0.181336
0.159382
0.225777
0.218983
0.169463
0.160460
0.208990
0.116413
0.136369
0.131871
0.181411
0.196500
0.194834
0.294641
0.214317
0.156781
0.143090
0.180315
0.171058
0.182895
0.215418
0.185224
0.236252
0.122849
0.109373
0.106860
0.126097
0.142308
0.108547
0.093033
0.143903
0.204148
0.180101
0.143503
0.125190
0.139349
0.191766
0.180134
0.158453
0.193399
0.094588
0.158599
0.111227
0.075899
0.147459
0.193870
0.210852
0.143701
0.112545
0.088874
0.055784
0.127011
0.123770
0.157960
0.141875
0.074727
0.143414
0.147772
0.112431
0.180120
0.111897
0.140242
0.107775
0.137470
0.109686
0.165097
0.060963
0.165903
0.144988
0.091430
0.140855
0.162242
0.154246
0.214934
0.151551
0.109572
0.112290
0.145300
0.118490
0.200165
0.140781
0.136247
0.149116
0.121056
0.112633
0.146834
0.168179
0.124569
0.111758
0.154516
0.099441
0.181454
0.164703
0.214486
0.165805
0.281281
0.177686
0.236300
0.110858
0.189224
0.152598
0.150383
0.158034
0.176559
0.153014
0.144010
0.333203
0.098705
0.228341
0.239299
0.196452
0.179928
0.213741
0.146745
0.173882
0.178329
0.127295
0.140962
0.144782
0.140815
0.158592
0.130817
0.168504
0.185885
0.166660
0.186708
0.107424
0.245554
0.240561
0.200862
0.108413
0.128738
0.175189
0.132394
0.110641
0.151555
0.177448
0.133597
0.215378
0.199572
0.148806
0.235889
0.239129
0.323216
0.133133
0.129026
0.142647
0.072203
0.174861
0.181816
0.113149
0.266886
0.101004
0.155406
0.131236
0.190374
0.142130
0.195789
0.172493
0.210071
0.160591
0.215206
0.258799
0.160547
0.147824
0.125924
0.160710
0.153747
0.211740
0.153921
0.172398
0.061084
0.154083
0.109263
0.103918
0.163604
0.143456
0.197639
0.207123
0.195351
0.102422
0.253000
0.202820
0.254972
0.211952
0.192376
0.208140
0.149241
0.070791
0.148835
0.108983
0.144583
0.260514
0.089230
0.159573
0.151436
0.159194
0.111933
0.128464
0.129421
0.230043
0.171245
0.268038
0.192797
0.137800
0.217006
0.092475
0.088154
0.110703
0.113445
0.116088
0.156174
0.120566
0.181914
0.094973
0.099640
0.119340
0.125339
0.154491
0.156553
0.173889
0.304520
0.091010
0.191777
0.209939
0.222263
0.296682
0.210575
0.230702
0.278846
0.177436
0.190362
0.116215
0.150771
0.253237
0.226121
0.215439
0.178303
0.137103
0.181045
0.171042
0.197526
0.104194
0.167468
0.097255
0.132244
0.130306
0.114982
0.142893
0.093521
0.131269
0.132948
0.132554
0.157676
0.137826
0.101765
0.124313
0.098631
0.124761
0.174334
0.246427
0.192390
0.167604
0.212319
0.233794
0.195578
0.172395
0.228642
0.192847
0.140378
0.173560
0.385777
0.223279
0.271693
0.244454
0.358878
0.224069
0.194016
0.200056
0.211084
0.167052
0.156241
0.187778
0.125888
0.266598
0.179528
0.202250
0.136797
0.238256
0.127857
0.146610
0.067526
0.192849
0.097749
0.088547
0.086810
0.066251
0.050165
0.105552
0.125587
0.139025
0.108519
0.125516
0.212391
0.082176
0.128438
0.194954
0.175339
0.218350
0.160771
0.137969
0.234954
0.152253
0.152842
0.125169
0.100185
0.138824
0.140100
0.140475
0.157662
0.140381
0.179965
0.154359
0.195991
0.127698
0.096212
0.077072
0.110794
0.143300
0.128641
0.135447
0.104891
0.145299
0.105463
0.120587
0.150785
0.175035
0.099332
0.107352
0.120737
0.149502
0.132254
0.145220
0.108436
0.165258
0.255518
0.092995
0.151422
0.099599
0.063929
0.138304
0.108820
0.141272
0.100386
0.105549
0.132401
0.173732
0.139412
0.166164
0.147494
0.230830
0.170173
0.223123
0.219851
0.247125
0.231115
0.359456
0.197883
0.123392
0.209533
0.209400
0.102663
0.179420
0.110617
0.172430
0.270493
0.175213
0.220084
0.158618
0.169244
0.168951
0.201325
0.280014
0.147950
0.089473
0.081512
0.137389
0.170662
0.100033
0.077246
0.112354
0.147938
0.211186
0.148829
0.156775
0.157760
0.178486
0.124858
0.143097
0.190424
0.151078
0.124492
0.084760
0.121252
0.090001
0.075155
0.107544
0.137570
0.124062
0.117560
0.194996
0.198877
0.068525
0.169825
0.113944
0.229074
0.286696
0.173734
0.314689
0.207463
0.218392
0.223571
0.097656
0.135370
0.142228
0.213378
0.124713
0.201793
0.192268
0.166750
0.197493
0.131312
0.127938
0.188040
0.222168
0.157781
0.131989
0.183420
0.178598
0.249668
0.160452
0.154809
0.154858
0.107298
0.152323
0.153948
0.188875
0.170938
0.136569
0.121642
0.081513
0.157362
0.168489
0.103465
0.118231
0.164505
0.133491
0.158302
0.181643
0.152099
0.114946
0.137836
0.081300
0.147884
0.179195
0.208245
0.197207
0.199413
0.231832
0.326431
0.217974
0.338668
0.194115
0.192946
0.208935
0.166452
0.127845
0.112645
0.128081
0.151946
0.154567
0.146451
0.219257
0.198335
0.145796
0.153932
0.135313
0.239332
0.237577
0.157330
0.119148
0.157085
0.130343
0.143973
0.157132
0.137076
0.257591
0.176340
0.169046
0.156160
0.170953
0.140053
0.111034
0.106417
0.127437
0.131317
0.140050
0.207266
0.139005
0.073859
0.139517
0.173831
0.145456
0.183517
0.123769
0.101682
0.175132
0.300080
0.084943
0.190212
0.182736
0.170518
0.159483
0.142222
0.235925
0.120200
0.118738
0.096252
0.214203
0.139313
0.131294
0.102670
0.107269
0.151081
0.247217
0.253993
0.123177
0.122871
0.123981
0.113244
0.286129
0.148221
0.120205
0.166415
0.089472
0.120308
0.131378
0.126112
0.094689
0.088718
0.208108
0.416488
0.235021
0.101908
0.183172
0.115779
0.106286
0.122435
0.082017
0.114661
0.141530
0.137560
0.123963
0.160952
0.153348
0.109141
0.223115
0.349716
0.206840
0.130225
0.108561
0.144141
0.137954
0.168210
0.171298
0.104258
0.218391
0.280909
0.192221
0.101103
0.213976
0.194236
0.234020
0.132908
0.213275
0.259791
0.167870
0.167694
0.139021
0.080501
0.109834
0.167922
0.129210
0.132890
0.120898
0.088684
0.171530
0.188291
0.133742
0.200289
0.185471
0.191571
0.159893
0.173923
0.139154
0.132639
0.236276
0.154845
0.180413
0.081091
0.141485
0.168759
0.120275
0.092382
0.123398
0.099575
0.129528
0.109281
0.108635
0.167573
0.162410
0.113069
0.142860
0.139209
0.119907
0.113514
0.077725
0.131803
0.149495
0.130716
0.167672
0.158827
0.205952
0.168171
0.102817
0.127731
0.156601
0.048276
0.144590
0.127834
0.163827
0.158960
0.215468
0.172617
0.308867
0.137396
0.138252
0.188513
0.392626
0.162989
0.202197
0.162023
0.175334
0.190909
0.187233
0.163552
0.084932
0.134663
0.125788
0.106655
0.162462
0.111952
