151	359	19	20
151	357	18	20
151	355	17	20
151	352	17	20
152	351	17	19
152	349	17	19
152	345	18	21
152	344	18	21
152	342	18	20
152	341	18	19
153	337	18	21
153	334	18	20
153	332	18	20
153	329	18	20
153	326	18	20
154	323	19	20
154	320	20	21
154	318	19	20
155	315	18	20
156	311	18	21
156	308	18	21
156	305	18	21
157	302	18	20
157	299	18	20
157	297	19	20
159	294	18	20
158	291	18	20
159	287	18	21
158	285	18	20
160	280	18	22
159	279	18	21
159	275	19	21
159	272	19	21
160	270	19	19
161	265	18	22
161	263	19	20
161	261	19	20
162	257	18	22
162	254	19	21
162	251	19	21
162	248	20	21
163	245	18	20
163	241	18	21
164	239	19	21
164	235	18	20
163	232	19	21
164	229	19	21
164	226	19	21
165	224	18	20
165	221	18	20
165	217	18	21
165	215	18	20
166	211	17	21
166	208	18	20
167	206	17	19
167	204	17	19
167	202	17	20
166	199	18	19
167	196	17	20
168	194	16	19
168	192	16	18
168	189	16	19
169	187	16	18
168	186	16	18
168	184	15	16
170	184	15	14
170	180	14	16
168	176	15	18
169	174	16	18
169	174	15	16
169	170	16	17
169	167	16	18
168	166	18	18
168	165	18	18
168	163	18	17
168	160	19	20
168	159	18	20
168	159	19	20
168	158	19	19
167	156	19	20
167	154	18	20
167	152	19	21
168	152	18	21
167	152	18	20
167	151	18	21
166	150	19	20
164	149	20	21
164	148	20	21
164	147	20	21
162	146	21	22
162	145	19	21
161	145	20	21
160	144	20	21
160	144	20	22
159	143	20	22
158	142	19	21
157	143	19	21
155	142	20	21
155	141	20	21
154	141	19	20
152	140	19	21
151	139	19	21
149	138	19	21
148	138	19	21
146	137	19	21
145	137	20	21
144	136	19	21
143	136	18	20
142	135	17	20
141	135	17	19
140	134	16	18
132	132	22	20
130	131	23	22
133	131	18	22
131	131	18	20
131	130	16	21
129	130	16	21
127	129	16	16
125	129	15	16
123	127	15	17
122	125	17	18
120	124	18	17
118	123	18	17
117	121	19	18
114	119	16	18
113	119	17	18
111	118	16	18
110	116	15	18
108	115	16	18
106	113	16	18
104	112	16	18
103	110	16	18
101	108	16	18
99	107	16	18
97	104	17	19
96	103	16	18
93	102	17	18
92	100	17	18
90	99	16	18
89	97	16	18
86	95	17	18
85	94	17	18
84	92	16	18
81	90	16	18
79	87	16	18
79	87	16	17
77	85	16	18
75	83	15	17
74	80	16	18
72	79	16	17
71	78	15	17
69	76	15	16
67	75	15	16
65	73	15	16
63	69	15	17
62	68	15	16
60	67	15	16
59	63	14	16
58	62	14	15
57	59	14	15
56	57	14	15
55	55	14	15
54	53	14	15
52	50	14	16
51	49	15	15
50	47	15	16
49	44	16	16
49	42	15	15
48	39	15	16
46	37	15	16
45	35	15	17
45	31	16	17
45	30	16	17
45	28	15	17
44	25	15	17
43	23	16	17
43	21	16	16
43	19	16	16
43	17	16	17
42	15	15	17
42	14	15	17
41	11	15	18
41	9	16	18
41	7	16	17
41	7	15	17
41	5	15	17
41	4	15	17
40	2	16	17
40	1	16	16
40	0	16	16
39	0	16	15
40	0	16	15
39	0	16	14
39	0	16	12
40	0	15	12
40	0	15	11
40	0	15	10
40	0	15	10
40	0	14	10
40	0	15	10
39	0	14	10
41	0	14	10
41	0	12	10
41	0	12	10
42	0	11	10
43	0	10	10
43	0	10	10
40	0	13	10
32	0	24	10
26	0	45	33
67	10	43	39
31	0	119	94
10	43	249	236
208	305	58	93
213	327	48	78
216	348	38	57
215	347	35	54
214	349	38	55
215	348	44	57
212	350	39	59
215	352	40	56
213	352	39	57
216	351	36	56
215	356	35	52
217	350	33	56
215	350	41	55
215	348	38	51
215	351	38	55
214	354	36	51
216	352	34	54
215	351	41	54
215	360	35	46
215	355	42	53
215	360	32	48
215	354	37	56
215	346	50	61
214	354	36	53
216	362	31	44
214	352	39	57
215	364	32	43
216	361	29	39
216	359	31	43
216	363	29	46
216	365	29	47
216	365	29	43
216	366	27	42
219	359	27	32
217	349	38	51
217	347	47	52
216	356	35	50
216	348	40	55
217	348	38	52
216	363	32	48
217	346	36	46
216	372	29	39
217	361	32	44
217	351	36	56
216	365	29	42
218	365	27	29
217	362	32	43
217	354	36	55
216	360	35	48
216	356	38	52
217	354	40	52
215	365	31	43
216	360	39	48
217	348	44	57
215	363	32	45
216	358	38	50
218	348	43	49
217	362	32	47
216	363	35	49
215	360	39	49
217	348	43	51
216	366	33	44
217	362	35	49
214	365	36	47
218	360	33	41
215	367	36	47
216	372	29	42
217	370	29	41
215	370	33	43
216	360	38	50
216	357	37	52
216	367	28	43
218	362	33	48
216	363	35	48
216	364	34	45
215	365	34	45
216	366	33	44
216	364	36	45
216	368	30	41
217	366	31	42
217	369	31	41
217	369	29	40
218	366	32	44
216	365	34	45
216	367	33	43
217	369	31	41
217	368	31	42
216	372	29	39
218	366	32	44
216	373	28	39
218	368	30	42
217	370	29	41
218	368	31	42
217	372	27	35
218	373	26	32
218	373	25	30
219	370	29	33
219	372	28	34
219	370	28	39
219	372	25	34
220	372	25	34
219	371	26	35
219	372	25	33
219	371	27	33
219	375	23	35
220	370	29	42
219	365	31	47
218	371	30	41
218	374	29	39
218	371	29	42
218	371	27	39
218	368	30	42
219	374	27	35
219	363	33	44
219	366	30	48
219	366	32	44
219	369	29	39
218	371	33	43
219	359	38	53
218	366	36	49
218	361	39	52
218	371	30	44
219	369	30	44
218	374	29	39
219	368	31	44
219	374	29	40
221	370	28	43
220	369	29	44
219	368	29	46
220	368	29	45
219	368	30	46
220	376	27	38
221	373	28	41
220	367	38	46
220	374	34	39
222	348	58	43
212	381	44	38
213	355	64	63
184	354	122	95
212	312	55	90
207	334	101	109
213	313	53	84
216	344	63	66
178	272	172	132
212	311	52	100
187	314	146	130
215	313	49	89
216	372	44	48
217	371	46	51
219	375	30	42
221	375	29	40
220	367	34	48
219	379	27	36
221	381	25	34
221	378	25	37
220	378	26	38
220	378	26	37
221	376	29	41
221	370	31	45
220	375	29	40
221	377	25	37
221	382	26	33
222	381	22	32
221	381	25	32
221	376	26	38
220	384	28	32
221	380	26	34
221	374	28	40
220	377	30	39
222	374	28	42
220	374	28	40
213	386	37	31
216	382	37	34
215	369	50	46
213	375	38	42
212	383	38	34
217	378	37	38
214	375	46	40
211	379	40	38
218	369	41	45
217	374	32	42
219	380	30	36
215	373	41	41
212	385	37	33
214	386	38	32
217	384	32	33
212	384	43	33
215	383	34	34
215	374	54	43
214	384	39	35
211	383	35	34
212	383	37	34
213	372	46	44
211	385	40	34
211	384	35	32
211	385	34	32
211	385	34	32
213	379	37	37
210	385	35	31
211	386	34	31
211	384	36	32
214	369	57	47
209	378	48	39
209	386	37	32
209	388	36	29
211	387	34	30
211	389	34	30
211	384	47	36
209	388	39	30
209	387	38	31
210	388	36	31
210	387	37	32
210	389	37	30
214	385	42	33
208	387	38	31
209	389	37	30
211	385	43	34
211	386	35	33
210	388	36	30
212	390	38	29
210	389	40	31
210	388	39	30
210	388	38	30
209	388	40	32
210	389	38	30
211	390	37	29
213	385	42	34
212	388	42	33
210	391	39	28
211	391	39	28
210	391	40	28
210	390	38	30
216	385	48	36
211	390	39	30
211	391	38	28
210	390	39	29
210	391	39	29
211	391	37	28
211	387	39	32
211	390	40	30
212	389	41	34
212	392	38	29
212	391	36	29
211	391	37	29
212	393	38	29
211	393	38	28
212	393	37	28
211	394	38	27
212	380	59	39
210	387	39	33
212	392	40	29
214	377	64	44
184	348	132	103
208	318	67	97
191	299	147	137
213	320	55	96
168	266	197	143
208	320	58	99
155	302	174	150
209	335	61	103
268	264	66	66
272	279	53	47
327	266	23	27
329	270	17	17
329	273	16	14
332	275	15	14
331	274	16	15
328	274	22	20
332	275	16	16
332	275	16	17
329	274	20	18
316	273	43	32
323	271	32	27
329	272	21	21
329	272	20	21
330	271	19	21
329	271	21	21
328	270	21	21
321	270	29	27
324	273	25	20
328	272	21	19
328	272	22	21
314	268	38	32
328	271	22	22
330	274	20	19
330	273	20	19
328	273	19	18
330	273	18	16
331	274	18	17
329	273	19	17
330	273	19	16
330	273	19	15
326	274	23	19
329	273	19	18
330	272	20	16
330	273	20	16
329	273	20	17
330	271	20	17
330	272	19	17
332	271	18	17
333	271	17	16
330	271	20	17
330	271	19	17
330	270	21	17
331	270	20	16
333	271	18	15
334	271	18	16
335	271	17	16
337	270	16	18
334	271	20	17
336	270	18	18
339	272	15	18
340	272	16	18
341	273	15	18
341	274	16	17
341	275	17	18
344	275	16	16
344	276	17	17
344	276	17	17
345	279	18	17
346	279	18	16
346	280	18	17
346	280	19	17
348	281	18	18
349	282	17	16
351	283	17	17
349	284	20	17
351	285	18	18
355	286	15	17
356	288	14	15
356	288	16	16
356	290	15	15
357	290	17	17
358	291	16	15
359	292	15	16
360	293	16	15
361	292	16	16
360	293	17	16
360	293	20	17
361	294	21	18
364	294	16	16
363	295	18	17
359	291	30	25
367	296	16	16
369	297	15	15
369	297	16	16
369	296	15	16
370	297	15	16
370	298	15	15
372	298	16	16
374	298	17	16
374	298	19	18
375	298	16	17
375	298	23	20
377	299	15	16
378	299	16	16
366	289	42	37
369	292	43	35
379	297	24	22
382	297	17	17
373	293	37	32
373	292	50	44
334	254	134	139
214	327	59	98
211	324	76	84
134	290	224	214
216	330	58	101
204	371	122	84
218	327	64	81
215	375	67	51
213	391	47	37
212	397	41	30
213	400	40	28
214	397	41	30
212	400	40	27
213	399	41	28
214	397	40	29
213	398	40	28
213	400	40	27
214	397	41	30
213	398	40	29
213	397	41	29
213	399	40	28
214	398	41	30
214	400	40	27
214	399	41	28
214	402	40	26
213	401	40	25
214	403	38	24
214	401	37	24
214	403	37	24
213	402	39	25
214	401	38	26
214	402	38	24
214	402	38	24
214	402	37	24
215	402	38	25
213	401	38	26
215	402	38	24
213	401	38	26
215	403	36	24
214	402	38	25
215	403	37	24
214	399	40	27
214	402	39	26
214	401	40	27
213	401	40	26
215	403	39	26
214	401	40	27
215	402	39	26
215	401	41	27
215	403	38	24
215	404	37	24
215	405	37	23
215	405	30	21
216	405	30	20
216	405	28	20
217	406	37	22
215	404	40	24
215	405	37	23
214	404	40	24
215	405	39	24
215	405	39	24
215	405	37	23
215	405	37	23
216	405	35	23
217	406	38	22
216	406	37	23
217	406	35	22
216	406	34	22
218	407	33	21
216	407	37	22
215	407	39	23
216	407	38	22
216	407	37	21
216	407	38	23
215	407	38	22
216	407	38	23
216	407	37	22
216	407	37	22
217	407	37	23
217	407	37	22
215	407	38	22
217	407	38	22
215	407	38	22
218	408	36	22
218	408	35	21
216	407	37	22
215	407	38	23
217	407	35	22
216	407	37	22
217	407	37	23
216	407	37	23
217	408	37	22
216	407	38	22
216	408	37	22
217	409	35	21
218	408	36	21
217	408	36	22
216	407	37	24
216	406	34	24
217	407	37	23
218	407	38	24
217	408	39	24
218	407	38	24
218	407	38	25
218	408	37	24
218	407	37	24
219	407	32	24
218	407	36	23
218	408	30	22
218	408	31	22
217	408	36	23
218	407	35	23
219	407	35	23
219	407	35	23
218	406	37	26
218	406	36	25
217	404	38	27
218	406	37	27
217	406	38	27
217	405	37	27
218	405	33	26
219	408	34	24
218	406	37	27
218	405	39	29
218	407	39	30
218	407	39	31
218	407	39	30
218	407	40	31
218	406	40	31
219	406	39	30
218	408	38	27
218	407	38	26
219	409	37	25
220	408	32	24
219	408	35	24
219	408	35	24
219	408	36	24
219	408	37	25
220	409	34	24
220	408	38	26
219	406	34	26
220	409	34	24
219	407	36	26
219	407	37	26
219	407	35	25
220	408	37	25
219	408	36	26
220	407	36	26
219	408	36	25
220	408	34	25
220	408	35	25
220	409	34	24
220	408	36	26
221	408	32	25
220	409	35	25
221	408	36	28
220	408	35	27
220	406	38	32
219	405	39	35
219	404	38	33
220	404	39	34
219	405	39	34
219	404	39	34
220	405	39	34
220	404	39	34
220	405	38	35
220	404	38	35
220	404	39	35
221	404	37	34
220	405	39	33
220	405	40	33
221	404	40	34
222	405	37	32
221	404	39	36
222	405	38	34
221	404	38	34
222	404	38	34
221	405	39	34
222	405	37	34
222	404	39	35
221	405	38	33
221	404	40	37
222	405	38	35
221	404	38	35
223	404	37	35
221	404	39	35
223	405	36	33
222	404	38	34
222	404	38	34
222	404	37	34
221	404	38	34
222	404	36	33
221	405	37	34
223	405	37	34
222	404	39	36
224	404	36	35
222	404	38	36
223	405	37	33
223	405	37	34
222	405	38	35
223	404	38	36
223	404	38	36
223	404	38	37
224	405	38	36
224	405	38	35
224	405	40	42
222	406	41	42
222	405	42	46
225	406	35	33
224	406	37	37
223	407	41	39
224	405	39	41
224	408	33	31
224	405	37	40
223	408	40	37
225	407	38	36
224	409	39	35
225	406	36	33
223	405	41	44
223	406	39	39
223	406	38	36
224	406	39	38
223	407	40	39
223	406	40	38
225	407	37	35
223	408	40	37
222	406	46	41
224	408	41	42
222	406	43	43
224	407	38	42
224	407	38	43
225	407	36	36
225	408	39	42
225	408	38	39
223	407	42	52
223	407	38	41
224	407	40	40
224	407	38	38
224	407	38	38
224	408	38	38
225	408	38	35
223	409	45	41
207	383	94	81
219	403	55	55
221	408	48	52
222	408	44	52
223	407	41	43
224	409	41	45
224	408	42	52
223	409	40	42
225	408	40	42
225	409	40	45
223	409	43	51
224	408	42	51
223	408	42	50
225	409	41	43
225	410	42	48
225	409	40	35
225	409	41	47
225	408	40	43
225	410	41	46
225	408	39	37
225	409	40	42
225	409	41	48
226	408	40	39
225	409	40	48
226	408	39	42
224	409	42	50
224	408	43	47
224	408	42	51
222	408	45	55
224	409	42	53
223	405	48	54
224	408	42	51
225	410	44	52
224	409	42	53
224	408	44	55
225	408	41	46
226	408	44	48
225	407	42	48
226	408	40	40
227	409	40	36
227	409	40	38
226	409	41	40
225	409	43	43
226	409	42	42
226	409	41	42
226	409	42	45
226	409	41	47
224	406	44	52
225	405	43	50
225	407	44	45
225	408	43	41
226	409	41	37
226	408	40	39
226	409	40	38
225	409	41	40
225	411	41	37
225	410	42	38
225	410	43	40
226	408	45	44
225	409	41	47
226	408	41	40
227	409	43	44
224	408	45	50
226	407	42	46
226	408	41	44
227	408	41	41
227	406	42	42
226	406	43	48
226	408	42	43
226	407	41	42
226	407	41	42
226	409	43	47
225	406	46	50
226	407	44	48
225	406	47	51
225	409	44	52
224	406	46	60
225	408	45	53
226	407	44	46
227	406	45	49
226	408	45	49
225	405	50	52
225	409	44	46
226	408	45	46
224	400	58	62
224	408	44	55
226	407	45	58
224	409	44	45
226	409	44	49
226	406	44	47
226	409	44	45
227	408	44	44
228	408	43	44
227	409	42	47
226	409	42	43
227	409	41	49
226	409	43	53
227	409	43	56
226	407	44	56
227	409	43	53
227	409	43	54
227	409	43	57
226	410	43	49
227	407	44	56
227	408	43	53
227	409	43	52
227	408	43	53
226	411	45	57
227	410	42	48
227	409	44	51
227	411	43	54
227	410	42	47
227	409	43	48
228	411	43	55
227	410	43	57
227	410	42	46
227	408	43	48
228	410	42	43
226	410	43	42
226	410	46	55
225	410	45	51
225	410	45	55
226	410	45	56
225	410	46	55
225	411	45	55
225	410	45	55
226	409	44	56
225	409	45	54
225	409	45	56
226	410	45	55
226	410	44	54
225	411	45	56
225	411	46	57
226	411	46	55
224	410	46	55
226	411	45	59
227	411	44	58
224	411	46	55
227	413	44	56
225	412	45	58
227	411	45	58
224	412	47	57
227	411	45	57
226	410	45	54
226	411	45	57
226	411	45	56
226	410	45	56
226	409	45	56
226	410	45	57
226	411	45	58
226	410	45	57
226	411	46	55
226	412	45	54
226	410	46	57
227	410	45	57
226	408	45	53
225	410	48	59
225	409	47	60
226	410	45	50
227	410	46	55
227	410	44	48
225	409	48	56
227	411	45	47
228	412	46	59
227	409	46	60
228	411	44	48
228	409	44	48
228	410	44	52
228	411	45	52
228	412	45	51
228	411	45	50
228	412	46	49
229	411	45	50
229	412	45	47
229	413	45	47
229	411	43	47
229	413	44	51
229	413	42	37
229	412	43	42
228	412	46	55
227	409	47	58
228	412	46	58
228	411	46	56
227	411	47	56
227	413	47	57
227	411	47	57
227	411	47	57
227	413	47	58
227	411	47	60
227	412	47	60
226	411	47	58
226	411	48	62
225	410	49	64
225	412	49	61
227	411	48	57
226	410	49	62
226	411	49	63
226	411	50	62
225	411	50	63
228	410	47	62
225	414	50	59
226	411	49	62
228	411	47	62
227	411	49	62
226	411	50	61
227	412	48	61
226	410	49	63
226	412	50	64
228	410	48	65
226	411	49	65
228	411	48	66
228	411	48	63
228	411	47	55
228	412	48	64
229	411	47	63
227	413	49	62
228	413	48	65
228	412	48	63
228	412	48	61
227	410	51	61
229	413	37	40
229	413	46	57
227	410	49	59
228	414	49	60
228	412	48	62
229	412	48	60
228	410	50	55
230	412	42	41
230	412	44	48
228	414	49	60
228	413	49	60
229	414	40	43
228	415	49	59
229	412	48	60
230	413	34	35
229	413	39	42
228	414	49	59
229	413	48	62
228	414	48	61
229	413	47	63
228	412	47	60
229	413	45	43
228	414	47	61
229	412	47	60
230	412	47	53
231	414	35	34
230	412	38	41
231	413	40	45
230	413	42	45
229	414	46	57
230	413	46	49
229	416	48	58
229	414	49	61
230	415	37	35
231	416	43	49
229	414	49	62
228	413	49	62
227	413	49	61
228	415	49	61
228	414	49	62
228	415	48	61
228	414	49	62
227	414	49	62
230	413	47	60
228	411	50	60
230	413	44	45
229	412	45	54
229	416	39	40
230	415	34	35
230	416	34	34
230	415	34	35
230	415	34	40
229	414	35	36
230	415	35	36
230	417	34	35
231	415	36	35
230	414	39	36
231	418	42	46
229	415	41	45
230	415	39	39
229	416	43	51
229	414	38	39
230	417	42	42
229	416	39	40
229	414	39	39
229	417	40	43
228	414	42	42
229	408	73	75
228	415	50	59
227	411	52	64
227	408	58	68
225	409	59	66
228	416	49	56
228	405	66	75
227	412	52	64
227	411	54	65
228	414	51	63
227	414	52	61
227	414	52	60
227	412	55	64
227	414	52	66
227	414	53	66
227	416	53	64
227	415	52	64
227	415	52	63
226	412	53	63
228	415	52	61
225	414	53	61
227	416	51	58
228	415	51	59
226	411	55	62
226	411	56	62
226	413	53	60
228	415	51	59
229	416	50	59
229	416	50	61
228	414	51	58
229	417	49	57
229	415	50	58
229	415	49	60
228	414	51	61
228	415	50	61
228	415	50	60
222	398	69	81
246	363	45	54
246	364	45	51
244	363	50	53
245	361	46	53
246	361	45	53
246	362	45	53
234	360	63	66
229	417	50	56
230	416	49	57
229	416	49	57
229	418	48	52
248	363	41	50
246	361	32	36
255	375	39	41
241	361	51	56
246	361	44	54
248	362	42	53
248	363	42	52
248	362	41	50
249	362	40	52
248	362	36	44
252	368	38	45
254	373	38	43
237	364	60	56
240	364	55	59
242	367	53	55
250	368	43	48
248	371	43	43
250	370	39	45
249	369	41	45
252	373	36	39
251	371	39	39
248	361	37	42
246	360	36	40
249	363	31	33
252	364	29	31
253	367	27	29
253	370	28	26
256	372	29	25
253	370	26	25
253	367	24	26
255	372	29	25
254	371	33	29
248	369	47	47
251	369	39	42
250	364	31	34
257	374	36	39
249	370	45	47
250	369	41	44
251	368	37	44
249	365	35	42
251	367	40	47
252	367	37	46
252	368	38	47
254	370	37	44
255	371	35	44
251	370	38	45
253	371	37	44
254	372	32	41
255	373	37	37
250	369	41	41
252	366	31	36
253	366	36	39
252	372	39	42
256	372	35	40
251	362	39	46
251	368	40	49
252	368	38	44
252	365	39	50
250	363	41	53
253	364	37	51
252	365	33	43
255	373	36	41
255	375	36	37
254	372	32	36
260	378	33	34
259	379	33	37
261	379	34	35
257	377	36	38
254	375	38	42
257	374	34	39
253	371	33	42
252	372	39	41
255	372	34	41
252	370	35	39
257	378	35	38
249	365	41	49
252	364	37	50
254	366	35	48
250	365	39	51
248	367	43	53
255	370	36	46
253	370	37	45
252	372	36	40
233	420	33	31
233	418	35	32
233	418	33	32
235	409	48	41
230	414	51	60
250	365	41	53
249	365	44	52
239	364	57	61
230	416	51	61
230	412	52	65
229	407	57	71
228	416	53	57
226	406	62	69
231	417	52	59
231	413	53	62
231	414	53	62
231	414	52	63
230	415	52	60
231	415	51	62
231	414	52	62
230	412	54	65
227	407	63	70
227	406	61	70
229	412	57	63
230	414	55	63
231	415	51	61
231	413	52	63
232	417	50	60
233	417	49	61
232	417	50	60
232	416	50	60
231	413	52	63
232	416	50	60
232	415	51	62
232	414	51	63
232	418	50	58
233	420	49	56
231	415	53	63
232	414	52	65
233	415	51	63
232	414	52	67
232	418	50	61
232	417	50	62
232	416	51	63
232	417	51	63
233	417	50	61
233	417	50	61
233	419	48	59
234	419	48	60
233	421	50	57
232	423	50	55
233	421	49	57
233	421	50	57
233	419	50	59
232	416	52	62
233	419	50	59
232	416	52	61
232	421	51	58
232	421	51	58
233	421	50	58
232	422	50	56
234	422	49	57
233	423	49	56
233	422	50	56
233	423	49	56
233	421	49	58
234	422	49	58
233	422	49	57
233	424	50	55
233	426	49	53
234	425	49	55
234	424	49	56
234	423	49	57
233	423	49	58
234	424	49	57
233	424	50	56
234	425	49	56
233	423	49	58
233	424	50	56
233	425	49	56
233	424	50	57
234	425	50	55
234	424	50	56
233	426	50	54
233	425	50	55
235	423	49	57
234	423	49	56
234	422	49	58
234	421	49	59
234	426	49	55
234	427	49	53
234	427	49	53
235	428	49	54
234	426	49	56
233	426	50	56
233	425	50	56
234	425	49	56
235	429	49	52
233	428	50	53
235	428	49	56
233	427	50	55
234	428	50	54
235	428	50	54
234	427	50	55
235	427	49	54
234	427	49	54
234	427	50	54
234	427	50	53
235	428	49	53
235	428	50	53
234	426	52	55
187	369	142	139
235	422	52	60
185	365	149	146
235	425	51	61
192	383	127	117
232	423	54	60
193	381	146	124
235	427	50	57
233	428	52	54
236	429	49	52
236	430	49	52
236	429	48	52
237	429	48	53
237	429	48	54
237	428	48	55
236	428	48	55
237	429	48	53
236	428	48	54
236	429	48	53
237	428	48	54
237	428	48	53
237	428	48	51
236	430	48	52
237	429	48	53
236	428	49	54
237	428	49	55
237	429	48	53
237	428	48	54
237	429	49	52
236	429	48	52
237	429	49	52
237	428	48	54
237	428	48	54
237	428	48	54
237	429	49	52
237	429	48	50
237	429	48	49
237	430	48	49
237	430	49	51
237	429	49	50
237	429	49	52
237	429	49	51
236	429	49	51
237	429	49	51
237	430	48	51
236	429	49	52
237	429	49	56
238	429	48	56
238	429	48	54
238	429	48	55
238	429	48	55
238	429	48	55
238	429	48	53
238	429	48	52
238	429	48	52
238	429	48	52
238	430	48	51
237	429	49	51
237	428	48	51
239	430	35	31
243	428	34	29
239	429	33	29
241	430	31	27
242	430	29	24
242	429	33	28
244	430	27	24
239	429	41	34
239	430	48	50
237	430	49	52
238	429	48	51
238	429	48	54
237	428	48	55
238	430	48	50
238	430	49	51
238	430	48	53
238	430	48	56
238	430	48	56
239	430	48	56
238	429	48	57
239	430	48	55
238	428	48	59
239	428	47	58
239	428	48	60
239	426	48	61
239	425	48	64
238	424	49	64
238	425	49	66
238	424	50	68
238	423	50	70
239	425	49	68
239	427	49	62
239	428	48	61
240	425	48	65
239	425	49	65
239	422	50	66
239	425	50	63
237	420	51	70
238	428	50	61
238	425	49	63
238	421	50	66
238	426	49	60
239	425	49	64
238	425	50	63
236	421	55	65
239	429	50	58
240	429	48	59
239	423	49	65
238	427	50	62
239	427	49	62
239	425	49	65
238	425	50	64
240	426	48	63
240	425	48	65
239	427	48	61
240	426	48	62
240	426	48	62
240	423	49	64
239	428	49	60
240	424	49	65
241	428	47	61
241	425	47	64
241	425	48	64
238	420	53	68
239	422	49	64
239	422	48	64
239	426	48	61
240	425	48	63
240	426	47	62
240	429	48	60
242	430	47	59
244	434	44	37
246	429	52	41
277	396	23	25
276	400	21	21
277	401	19	19
278	402	19	18
278	400	19	19
278	400	19	19
278	400	19	19
278	401	18	18
278	401	19	19
278	400	19	19
278	401	19	20
277	400	19	20
277	401	20	20
274	398	24	22
272	396	26	27
277	392	23	29
278	401	21	20
278	401	20	19
278	399	20	22
278	397	20	24
277	397	23	24
277	397	24	25
