365.5,233.5,31,17
366.0144911865389,235.21404209372545,30.988226659832275,15.451617161455221
365.818681942939,236.99853683136578,31.681255075663625,13.861604197822391
365.5700772828382,237.34126184821716,31.66644021202592,13.365452994221055
366.1813143373239,236.9600186560674,31.653911421399403,12.79849765974933
365.3028498391519,237.9173030713276,31.791218645422568,12.484549496003194
366.0280381375352,238.06660839698347,31.57659093309311,12.623960999112672
366.55289697663113,238.33545146264026,31.47937110642448,12.700210703042352
366.04833208845827,238.66790748758066,31.35307792158522,12.840666238851007
366.8258088755857,238.0142994483095,31.630722221875757,12.42407668034981
365.9558604143913,239.34792360802012,32.08948920084124,12.056842288366298
366.59803762809133,239.09989113961203,32.06603564462949,11.959039434964343
366.43282259541826,238.72879994745378,31.492137320119358,12.0283291830396
366.79780791457426,239.29575593325234,31.214510229679764,12.226838207184727
367.5515322697055,238.68496698955116,30.801658429692214,12.202892395886348
367.149833023731,239.11599827880966,31.140486752973665,12.064169527519425
366.98334484313193,239.5400614168579,31.069354775947218,12.094359191496437
367.3334734976774,238.9618066748238,30.60652084403169,11.972998842540566
367.396259905869,240.1049215153296,30.904695715358017,11.916470090958105
368.337082463547,239.14928093066717,30.507336392842028,11.944577911539724
368.42041717252994,239.52968543969655,30.492523722065435,12.254183269016163
368.4682311568817,239.99132683724855,30.565455368208895,12.521955818654675
368.0130907208061,240.16307268457683,30.423143325448592,12.70070836031605
369.0773712968472,239.3505501943697,30.33475427162025,12.386183494834022
368.9133802859757,240.2636034993563,29.67547294263813,12.662680722713116
369.7527146754275,239.88790477594856,29.61612937919841,12.460626247240837
369.05864744673426,240.50594074172227,29.61066260664622,12.416147287141996
369.37088816714925,239.9413608892082,29.15826211120708,12.341935878696955
370.1637028694159,239.9558787220241,28.912960562419773,12.680392059183024
370.79657721477315,239.68901434968706,28.17530375712865,12.650339260109838
370.5240289707121,240.4959169094753,27.663274356005935,12.91955716267357
371.13472362481406,240.98908596175926,27.477953066811637,13.210199424893844
371.0290425370713,240.03925476854295,27.435024760384565,13.061097235338655
371.5543832834049,240.77150381127805,27.351290345873693,13.510709293156749
371.5038974617515,240.4228062803856,27.49104793542065,13.080463208160438
370.4442117128296,241.79959239803657,28.155028543857846,12.81309499598937
370.7630329863138,240.94540570848716,27.51144839585658,13.14284976721089
371.3939217529978,240.66662669265443,27.456904620582442,13.194430814462013
371.1335364300677,241.21725823760363,27.440258118248344,12.938824793555053
372.33263954223537,241.22327123093632,27.321377727941996,12.81006828048341
371.9418683150334,241.00534793648563,27.20361158305528,12.619151726511083
372.10335668060316,241.31040551354454,26.897121392247985,13.096467370782033
371.6261233687875,241.08520254220463,26.63280420111138,13.416643934412276
372.2196370192324,241.1743409537691,26.495329502498493,13.613632805425695
372.7630521866671,241.1431560063933,26.503785633034724,13.568975599776902
371.667724404901,241.377753461829,26.842945868574468,13.528633480749761
371.5816758153792,240.7525751140868,26.780375123314627,13.17004334636334
372.2744966628413,241.62809612352498,26.569625501126815,13.39286603074222
371.7098750863578,241.54276972061135,26.91389154659209,13.255270278912448
372.12145393851495,241.3264945664325,27.593005344144032,12.94527086704812
372.06178216918136,241.67397927445614,27.843846545553838,13.154449679272146
371.74919965835454,241.28814360117397,27.932692920396,13.031255576966771
371.30405715759986,240.95895866207786,28.00743099860292,12.905604847613354
371.75581236889593,241.8954261341978,28.041438675482254,13.218721316018485
372.162959888178,241.35228306492297,28.111507584907706,12.944188436806414
372.3175719015072,241.17157149588633,28.016355977795712,12.826514368208358
372.4614092290943,240.95509076046648,27.833174982123168,12.885841213707065
372.15459636933963,241.26106189243106,27.701601569377875,13.210770937773013
372.5718007024259,240.76176327368165,27.300547304214824,13.386699142458355
373.3222437889957,241.56511343113954,26.780560429891295,13.887790328071285
372.016148461848,240.27443103979962,26.187485048958457,13.937491112789285
373.0273579984914,240.74512744044182,25.427314916185544,14.121825937249888
373.38407775438645,241.24230901668142,25.193859615641628,14.01085289145141
374.6496717818579,240.46862495893433,24.339133000287447,13.807123966557892
374.6091665860868,241.3442584108343,23.473565001188376,14.086952216380096
374.24688018076,240.80994962575605,23.311969788345237,13.567264785530579
374.65374039594633,240.83810483907553,22.923920775823042,13.533872458485604
375.2830806059911,241.6398397991423,22.512331163139173,13.396215753525215
375.52830805911196,241.26945836439486,23.106716313913658,13.0531426295002
374.65706330571965,241.20288936550023,24.213191847028526,12.759007442655454
373.9038172424872,241.16358346060673,25.283983322459918,12.457293445563224
374.14957866133045,241.29234668018367,25.399348330552684,13.086082908541037
374.28397765770757,241.53689166358268,25.736489808674257,13.077765849043043
374.0878461570169,241.151655850726,25.685477885718598,13.321445192895935
373.7829704045443,240.8694722543113,25.728175344951342,13.507908717296722
373.0752887878117,241.3252404461578,26.293630417571013,13.431077785272423
372.6703871692571,241.0220753010368,26.882027008723412,13.524422608481263
372.10463695841344,241.38823050729053,27.0895177925105,13.893318782280238
371.6986373559012,241.42891532619043,27.55740885110356,13.88662224027887
372.00695206997625,240.9650291711588,27.96013319763086,13.707653238421374
371.2806490949258,241.07519269089028,28.553071513185643,13.31457232908522
370.8284286606207,240.95012743857336,28.294906359093336,13.317176371905973
371.4245677969125,240.64430231725865,28.241114598401097,13.251816397643504
371.3809458003438,241.2335446149783,27.838289187119578,13.54295774944216
371.546438727822,241.00781166825843,26.782092754975164,14.073795314094884
371.74153927350335,241.51203236323047,26.28069150288581,14.110245088837083
372.51817784159186,241.44300574307456,26.353036563392262,13.54092511632447
372.48734992375296,242.00347210998302,25.494798686639935,13.692963708152927
373.20869996775815,242.09398272333922,24.332121952126933,13.976701653842195
373.7491498156143,241.02065053981312,23.513496188838843,13.988888431652537
374.42137098305335,241.51349658924644,22.71893226818929,13.875388022234082
373.7679183914909,242.27854431760537,22.988806317077824,13.33761685786897
374.6804388003714,241.76527765744,22.331346588207786,13.363854051687841
375.568496360929,241.94532032674329,21.662290394624666,13.489730840494392
374.98897896771825,241.7835189318613,21.77003235489132,13.393082345888132
373.82155373127716,242.9502407142706,22.219473381041936,13.192604577745414
373.89552020020517,241.84591964125468,22.540898154361923,12.81785921737685
374.5762963437358,242.69903470454835,21.865172114886946,13.200223416598332
372.8234271623223,242.8679546304321,22.552037967643393,12.729905914430677
374.36760635652786,242.60022247178364,21.7031291017867,13.068682972647848
374.3201220618422,241.84437250965573,21.367538218402125,13.218338296576437
374.2205469887266,242.4108350167013,20.955083639548,13.432092284423668
374.0850413303486,242.8591584388186,20.919556400474477,13.461292083647445
373.65125940581225,241.93724840441183,20.85111369068418,13.52143321006534
373.82153167541304,242.48291650618356,20.539768694665334,13.614619735069654
374.0139391301232,242.91383081954316,20.202773411029497,13.846756647852768
373.3820577068763,242.47470258705587,20.36014570560283,13.762089154727331
372.75507943109625,243.25591560050844,20.46637304481726,13.750961949644578
372.44814740004597,243.22501440464484,20.840615744989805,13.218744771005149
372.0611456154833,244.15327333888416,21.43666875487634,12.85690099227299
371.2279010229301,242.92575100895746,21.753404918398047,12.756799997066919
370.5948437552391,243.9168264778191,22.399688079605575,12.877694686238259
369.51686796184475,244.40821641037783,23.015271898788622,12.665737063551104
368.3562382002143,244.4699324848833,23.642762551822543,12.490505574059899
368.2869826494678,244.16969326607858,24.350778971742752,11.852099498744122
368.54099945375856,244.74510500613871,24.536574911772842,11.825579110284298
367.92304369738156,244.17643279177372,24.657504000779056,11.822189926163906
367.9568233178451,245.20904562789005,24.699656471305996,11.89048986903985
367.68240028364613,245.53376564202696,24.810032951805596,11.73236764957758
367.3909286914105,245.62479393707864,24.69971389554373,11.88271222840093
367.197219163589,244.4721599194972,24.540752638228675,11.781266129506747
367.3038686781013,245.73354983933345,24.511791603845676,11.802633089188976
365.5036678161202,245.23809259644665,24.713296397508287,11.186442882760097
366.3146981605297,246.38312415952623,23.94780561368836,11.406049940672506
365.7271113967943,245.8611356950078,23.81555926438973,11.027716903526649
364.7346089939542,246.5509771962079,23.208762886715313,11.2067323349747
364.9464898914921,246.1832230389259,22.787293405109587,10.868883189421389
364.46091972347426,246.6001630287052,22.967532272650047,10.650604155238806
361.7423566906152,246.98289576443557,23.253075323213338,10.3151712043081
359.8757029592295,247.17357551765642,23.610309613227894,10.217870300403249
359.4888540681947,247.54764050777726,23.442128968949085,10.478205697765155
359.220837802947,247.19645944047662,23.336166500971686,10.351035933737556
357.88970631906807,248.33440678888692,22.842979238170187,10.892210143259852
358.5904059254054,247.1784687455622,22.131112232248462,10.769889802830816
355.16539171810496,247.12924084270276,22.123708295991538,10.336898168888817
352.2363589876455,248.0405228724941,22.449154381628965,10.959801405545019
352.142411923547,248.08775267577175,21.874397917030983,11.237779960784305
350.7325626538729,248.06540969743796,21.333658554088085,11.090650812156547
348.4669699318233,248.1295804505411,21.12043850566714,10.87853612101884
347.1034576034562,248.2803796675408,20.09743891702936,11.550754638217905
343.5287146093796,248.50322730842058,20.600012421293542,11.237079431671464
341.5151912066283,248.77734811735257,20.000776056332683,11.632687155353668
336.1695493831638,248.5999379705137,21.500967535156335,11.033671181710222
334.49835626182255,249.45148054099266,21.757575542564105,11.201239702567378
332.8781769639669,248.70112064338903,20.414523570024883,12.038791100350593
329.20099487335415,248.88129549982298,20.86268750475817,12.068318919743579
326.59253386433875,249.3150638108295,19.5955386659611,12.944013321028386
323.161422143354,249.11880147357712,20.258954701809074,12.39099894653345
336.27872249387735,256.46991297150754,20.335676626441987,12.338189026761917
343.8784679679773,254.46387573530737,20.35392214934674,12.317534687598092
357.3083615499001,257.43546560710695,19.997379739508737,12.563486075308123
367.23089901565277,255.08559524610172,20.901449373655726,12.172537404159442
371.1362742528319,253.2423054351806,22.322850009264563,11.361047151175564
370.5801920807751,254.59368525520028,23.23736509810155,11.017182307452252
370.2213478654901,253.4978585326815,24.064328233313226,10.608973561030435
370.0052012466129,255.15002907734265,24.809344022489462,10.32514771396447
369.6948393603958,254.06940973270196,25.41203528266531,10.074071895622545
368.3738652603083,255.87803171582996,25.981719312692622,10.166317834233107
368.6094389163092,256.71466327876027,26.310682391513186,10.238806114465781
368.6252615606363,254.99689961431818,26.879424493195074,10.045907618314347
368.4579665264299,255.96838340452393,27.045688316889784,10.237851126190915
369.07293592956165,254.50139058568118,27.366401545735474,10.177783831213334
371.75503847491996,262.20503248808643,28.129992328162658,10
374.6349625191159,265.2619249735386,29.171501976866402,10
377.7057488284618,268.12892979357844,30.218641273369794,10
380.73205474239865,271.56557120073086,31.35378386749261,10
383.2998299826354,275.12034952946783,32.86874772235494,10
386.4539089042474,283.3637665178049,33.661623941844475,10
383.3309328773215,308.4665410180839,33.64168714828897,10.000648005351108
389.2224568692968,322.0499247182439,32.44172568867909,11.194339143127559
390.95756980371596,323.4732604445051,31.42520035179082,12.043454513802827
392.41781009352525,323.5413400992764,30.573565359735632,12.747112206240054
393.103716911465,323.95827257431114,29.99024030739535,13.228419543792437
393.2266594352074,323.721922981849,29.48055913167876,13.598847743519364
393.7243803707138,323.5889574761387,29.186211030684895,13.830883950193098
393.56853271021237,323.52787573899076,28.875177683468138,14.06181840941291
393.28191894155844,323.43630172078383,28.554066058473282,14.31408570895631
393.6471266540387,323.11933729161325,28.285845643903265,14.5299571830896
392.2452707587374,320.27761689207705,27.98592696875391,14.841579986748634
393.19676815792815,321.831089524607,27.68911160624728,15.124975494740148
393.2455925416583,322.57951159887074,27.671227804399194,15.148798565331559
393.1805751339538,322.74408447404176,27.66974635443415,15.158267373445836
393.51243369259413,323.00036047028686,27.67771172579316,15.155737300944295
393.5459950783275,323.1157440720124,27.685985245106984,15.163383916202873
393.5958257134568,323.2454628130128,27.651119718486548,15.198733326604465
393.53608002586566,323.46506683253983,27.649804189151414,15.21477839284022
392.25708937875737,320.89823000879954,27.550631946181614,15.350928553518635
391.2905686822285,318.27460613890514,27.51290152377433,15.606071040204581
392.80204185935634,320.8068327581989,27.35412648461209,15.8246247775813
392.1612206929912,317.7157315481139,27.339736332823257,16.08286599147715
392.96346330409926,320.2477986027227,27.2238018455265,16.26624348915683
391.34071272909466,317.857352530239,27.25137724488235,16.518001367328157
393.26764883943844,320.05544075175624,27.206711831536307,16.634001668703952
391.91757612065516,317.8595853735962,27.360953899798083,16.736796083725924
389.9380694070047,316.3281760283426,27.59712795104332,16.884920087083557
392.20339401188136,319.5245562757888,27.588795113965393,17.005142384262445
393.44933088621883,320.28680131556337,27.72137366168823,16.884120646516784
393.0664832616757,321.2130316801107,27.853362085895682,16.781546406583942
393.5257633689031,321.5846175839932,27.98004712982032,16.684449391626814
393.382941715468,322.12829235629704,28.18625656995448,16.546256568577043
391.1985616253704,319.15327653010223,28.15398162717215,16.67942796969691
390.3437106625238,316.85057534108086,28.254621246836823,16.92723635803173
392.15161811518396,319.363018304771,28.051439611971904,17.19630558262924
390.4038553075106,317.46276646827573,28.1312590736463,17.485342449209586
392.0360774764217,319.4638490874065,28.001265124292097,17.66596348853705
390.6916318063705,316.48112352024265,28.181416423222775,17.82150767082862
391.6861403328841,318.9443281788756,28.095475541985873,18.020625492552362
390.66205474070193,316.65897054674883,28.26854866390721,18.17762896956007
392.1601182371244,319.3409859738862,28.216066077389684,18.309728035045456
390.8866272330633,316.92729117352934,28.42671139199745,18.417343975342234
392.26135435855133,319.52468504666683,28.428717230112966,18.51472809444485
391.20348884342343,316.52667088978814,28.537000573341185,18.66679147779942
392.1155838082047,319.2862491091748,28.53649622177393,18.785687253852235
390.46518811295255,316.53010969254666,28.71664907330045,18.865908604041508
391.7720911372767,318.66764399985203,28.66270411967141,19.040548701198606
390.44431863182444,316.290422900733,28.919696842503292,19.111661380178006
392.26689721722533,318.844025300632,28.956382020553058,19.205672831300625
390.8376700001447,316.30522706020395,29.120254655569653,19.294405240563055
392.5144183112564,318.5475284660696,29.25248839260199,19.32837634404501
393.77077464702654,334.89470440351437,27.26096658977518,21.44180210001776
395.138468155004,336.45160336000254,25.662205262292485,23.08895073164467
391.6017513275703,336.9074498978324,24.10612111660474,24.513957102789835
394.425600627293,334.5649680651777,22.79564279124526,25.879590777233318
397.1725788974694,335.45944739058586,21.919483186375928,26.659150791991816
397.72757307913935,336.6931849726108,21.567697831884775,27.0296074961606
398.53209077990914,333.7922599213718,21.084188049370425,27.634195366154955
399.49812561821756,334.8791545851044,20.716506545167537,27.96126449847431
400.49584691640297,332.1814789372122,20.152250653606938,28.718744781138867
398.2349001350573,330.44541066203965,19.780028044897062,29.083133472344173
398.59726251893625,332.87447112672857,19.635245719172527,29.28249915637301
398.734407188646,330.79778353922137,19.545161910226472,29.4703275583283
398.9347452283487,332.3162771771874,19.36310292896898,29.718514192279788
399.20251178885127,332.8060835767013,19.20580754323586,29.86853038020813
399.6037470212527,330.75884450114285,19.012985272414078,30.146168691098428
400.09493159955554,332.83147267649974,19.04415173971049,30.099854065649026
400.43501936792353,333.52516572525326,18.98997448158952,30.12455071385621
400.91064799929313,331.25506498260955,18.992350761073226,30.209249661326044
401.0874241099321,332.6863221499026,19.17876693826586,29.93593846713812
399.76529865705413,330.6269208891423,18.777829699174877,30.33246791357099
399.9100242032163,332.88546282706267,18.872983528328948,30.209516140199025
400.50033524935435,334.3949104956126,19.040184272181,29.904961341721023
398.2149604034271,331.8861483187091,19.01747009232487,29.804148054275487
399.270984237902,333.6066012245316,19.06902920014424,29.6343696200557
399.7424488294184,334.98917208594065,19.147074867345903,29.459013646720035
399.4290877773698,332.07492187227405,19.424318843377968,29.112084715028438
399.3188477212909,333.54135312491263,19.50442497658193,28.899787102065748
399.4387475056021,334.5233820177845,19.411130872363085,28.892903635164767
399.21601862470845,331.93760609124416,19.391621685571863,28.938907482181218
399.16423329915216,333.5084617857654,19.335598162963386,28.9272302522903
399.16663937254356,331.67427122589595,19.100758545064526,29.280600544456057
399.06677308507983,333.1568863529263,19.148346962375115,29.183888416865805
399.20624581108984,334.01475413816564,19.050476464963236,29.221582060521765
399.7832607180658,331.7514372814827,18.77157012072807,29.605718411096678
399.8149586976162,333.3353273965105,18.859354859582165,29.39810701695982
400.6067932636036,334.3018663375552,18.829659206530337,29.334192452449997
398.46384642320766,332.3100788976755,18.577467257994243,29.5540122438126
399.62092489950174,332.8667914959932,18.340629692050232,29.77986331047666
400.083953011743,333.3910778423876,18.205368811516944,29.873872351059475
400.70429832783327,334.42798371898823,18.393230483727308,29.556484979464244
401.0916005916495,331.6714857075333,18.451619366258548,29.48048745604701
398.78974419810686,329.9943282468183,18.20446089294846,29.69023084063652
404.53607035601704,343.0997363855494,20.009288022715566,28.119502989980976
413.23668335841336,348.25371733827336,24.576156828411136,24.332740374103082
407.5964876203429,351.5402048571626,28.444060977442945,21.57031967504018
408.84971921739134,351.85475994965236,31.3906433187825,19.387880841148768
410.11009206367237,351.9040338923578,33.85945663465337,17.71164161558781
410.5248355880364,351.90886800759637,35.244277271373264,16.655198187044938
411.03907817319333,353.97925686750546,36.29965661537426,16.0977579162952
407.8928350212605,352.91836882730746,37.73319132715575,15.214126208133614
408.48966102597666,352.44122489336235,38.45294724591962,14.753970989269579
409.09949248223944,354.5575879247824,38.60948720976486,14.86929781454895
407.19467859236676,353.9905931450911,39.45825135915269,14.55463073431306
409.73075317436036,355.1429878203067,38.72738550288508,15.229967501603523
407.85121288261024,353.50746211984807,39.210496390595125,15.006175359853652
410.2309546008361,354.8373438347106,38.624843185823536,15.573321703047732
408.17063843320636,353.88245754466374,39.15038601015932,15.427553875408767
410.2800405780499,355.36494394242106,38.994815335581336,15.922088516374966
408.459335647155,354.5959499110745,39.338141378412004,15.91890905435905
409.0095313739942,354.06799489947366,39.63068119554905,15.943427601297662
410.0229753358047,354.10000508597,39.78503292079283,16.08860429272784
408.60984093009563,353.74288885424653,40.37471879152016,15.881245734159435
410.21158095822966,353.75818159174406,40.91813174103761,15.768052021387438
408.30972037768197,353.3201529545722,41.8022625405811,15.567750921301748
408.06705530566524,353.4012399582216,42.5237314556158,15.587964304098962
409.44695938829614,355.29605198790233,42.69969673993419,15.955994250790432
406.753097417321,353.8679832072969,43.750060744072755,15.52449735682623
408.93906005952,355.66635676792214,43.92241709304399,15.935102895457103
407.42456557679964,353.9934467316763,44.65484941359053,15.82364752921524
408.37616078904426,355.6561979011272,44.71556006427711,16.385398225060726
406.76913738282485,354.13557491328106,45.58544121705235,16.191736616342254
407.69599502369465,353.58623022521186,45.92258157736529,16.216060590420007
408.8830552726005,355.7591666207862,45.732257146758066,16.887769683168123
407.6591740270683,354.0345932525339,46.48067400601431,16.955408493006374
406.5683050028741,353.4764269266883,47.14945162995633,16.957240389186946
409.0375352724358,355.6834809832184,46.846220931283,17.766613458671795
408.45879915692507,354.35393712165217,47.14026362741761,18.344481440664367
405.8906500448952,353.53282709954607,47.74192248138415,18.361256311983677
408.61486673831905,355.9493323631243,47.757570258820245,18.964142343141873
407.12427229156776,354.37095199154527,48.39519571329954,19.027869748681283
406.66768688352596,353.7932681953714,48.98082035301962,19.050093484529732
404.6437852345985,353.0167290969065,49.880468805111484,18.92153773000983
406.8942118881446,355.765647755822,49.65507754236545,19.596207318813185
405.6982292971873,353.34834921634376,49.94096122626317,20.029038390008857
406.48585335064433,352.9839496931436,50.199186208167305,20.015361882167042
406.78810355673875,355.22371848017895,50.22111850223013,20.5445629824345
405.30553974730753,352.7484390750257,50.99832020948328,20.392407532957712
405.0099253245414,355.1146722297288,51.60454999574894,20.62872427056074
403.2948289866707,352.97002328897173,52.35404924237063,20.453782822831357
405.86857623255287,355.09381386946467,52.45584658480381,20.888677086409864
403.84729317950155,352.667441858294,52.86241505367589,21.112218087001697
405.92209711731374,354.9246189625823,52.7399727228608,21.58379196758392
403.5874785347773,352.67589825847847,53.203362139720596,21.649075093860667
405.5914111022655,352.1448344152712,53.01930968756102,21.797472689652494
404.32339321613455,354.8201400289163,53.478216074614465,22.19380690107048
402.3121908337743,353.1269196378754,54.40523166467207,21.91061953269662
404.60827884925067,352.83453385771674,53.777202041520134,22.372640070368032
402.48855166425955,352.39306274443726,54.32808136721579,22.1347087503349
404.86875655478417,355.47389806170565,53.593419448670126,22.8615630151284
403.79933353640916,353.974137695171,53.39051171270435,23.27209635075606
405.76896382227676,353.1435357602093,52.984984553789886,23.39715639774663
403.0985412303457,352.8429821640694,53.881549615755816,22.923508412852367
404.7698807417607,352.4224858999032,53.51674832330056,23.088141474459153
404.0540179175481,354.91717538195996,53.399518089715635,23.50710832860628
403.522164346971,352.7325981919929,53.64395537179004,23.45257392103091
406.4374982282529,355.0459989595945,53.077835067608675,24.093453716986293
404.29922240035637,353.09170564847705,53.39236769033241,24.1966135237233
406.139098856821,352.3584075264821,53.05930314949355,24.32981472673399
405.4310992670467,354.9206549234956,52.83697061999396,24.88419557914932
403.9604197979554,353.4759186311426,53.16640374772348,24.884216021524395
402.6819002811265,352.2997336822064,53.79829633257235,24.548274653086082
405.87752328082865,354.7118967531848,53.306022779531745,25.126006297947104
404.76289729851237,352.9060031181583,53.207929631708254,25.35051397978151
403.23278852838655,352.3158015879959,53.82793999334131,24.89355849176626
404.7986928749225,352.15342857355137,53.91038748209679,24.661295811191895
401.85532122422177,352.3113478405954,54.75064291237695,24.084096693781266
445.9652538790593,324.1849092806414,53.62672514167172,25.414680959075405
449.6403667303445,317.6332614443872,50.924085320548365,28.057369571618963
446.3562837856203,313.50728879255905,48.963932755811044,30.090748944535463
450.1212529445363,311.4246343306991,47.56252633354522,31.515149051001586
453.94671236515967,309.2174364920303,44.16303027836124,35.13175460881442
453.295831242294,313.4860400109765,43.04667860822278,36.31716527045326
455.74110502827295,309.98086710549074,41.566576286365674,37.876721510926686
453.81999841506394,308.34566510299885,41.805535716090475,37.61123671038073
456.3551592954005,306.2411674444153,40.39700707820345,39.20685832925667
455.27824160079894,311.7950613528534,40.68761124092078,38.90600206862304
457.01599961715954,309.70895233821005,40.70657759567521,38.88593278205867
454.98667978242173,307.8575380626464,40.84767235720328,38.73122014853972
457.03190182065583,306.606891975256,40.48250312503459,39.154517442835036
454.2920669062859,305.473445159565,41.2649288925727,38.27141471727772
457.67185537719416,310.4762611218325,38.88021594324793,40.76028598888553
455.4566512815166,309.0743106253019,39.73093391786101,39.86537247288329
457.59522348259907,307.95568377426923,39.14831161201737,40.502535348645246
455.4755929966643,307.4971308710805,38.936417770082436,40.74833076020391
458.72643575624335,305.9943308098483,36.65622338321653,43.39199879621844
457.7041071639026,305.85505910750453,36.22462468307573,43.91635292817109
457.9271452701951,310.7330823874847,35.42133550267585,44.82803054160107
458.518176765046,308.3903454237844,33.90395293020735,46.505920895364056
461.39043399291796,305.5881380325881,32.11970050945452,48.40751545174933
460.5320773925119,304.2453280991502,31.53684767087909,48.99358811994001
462.3529183206137,303.4429511847975,31.402393352791172,49.17498887585818
460.4036703462723,302.6668044240198,30.728344905764573,50.011035715832634
460.34934277454727,301.70841705940387,30.302989477619718,50.61400559230366
460.6933530284776,306.55830649494396,29.56682074064579,51.51529952938195
462.9015618154099,303.87063242688805,28.86539561085392,52.35710214496126
461.8341534033861,302.1240355050479,28.348223146931296,52.89860863441362
461.8388425209207,300.95730068375576,28.030288018388788,53.32353539096407
463.97776496520174,299.697769165474,27.696359636553744,53.89242578049196
462.1893606549921,304.29694075865694,27.478027814158615,54.13041606704716
445.6389350071338,292.0459488040957,37.101277595030126,46.633374427803254
452.9684728765515,290.7358763406048,32.954936741255295,49.733350739388605
445.5013816476504,291.1551191957499,34.06317363925364,48.86466595188678
444.8200398712893,290.5059329140943,32.79651735043754,49.840460249421895
452.0307042153301,288.79856881435865,29.088969898725445,52.76152770380774
452.9292572202114,287.00487945502033,25.34009375223644,55.86871036663331
456.2297379832134,284.2466719303408,19.292459131689938,61.17315039409686
459.5548964152872,281.6376331289874,14.148052453762528,65.82463511757003
466.26879071584375,278.50942314868774,10,70.32323691421595
467.7666568778833,278.88300988777144,10,72.89202485118696
468.49666764329055,275.1261635177227,10,77.2769567839306
467.6498031614746,276.91036362541234,10,78.33201587880832
466.6095198943443,275.5221019608338,11.107256333159476,77.22080780584
464.55729239543655,277.01353461138257,10,79.0438713469173
465.3853731733837,274.5391597016661,10,79.91303613849594
467.1805544315589,275.57141151911134,10,81.89525026405624
465.14117126353455,276.19024872362723,11.659864810870712,80.26915342845282
462.64957846700344,277.737589782946,12.87018448173724,79.12094799332621
461.2496695489362,277.03613198016285,16.63992627570959,75.44366311884066
455.03258559241203,281.5429178538766,21.710295282783537,71.03302529941647
453.69712361784616,281.9662247986149,26.787876281119733,66.6084349109012
449.8843061880932,285.75698672175616,30.071999496708667,64.03939540956016
444.7030262200461,287.69782583260024,34.88986408541744,60.55423436176931
439.56506989309264,290.25643653930445,38.83846568505305,57.764551398112864
436.9419012823041,291.56545408335666,42.41186698165577,55.397576538640116
433.95476970687474,291.1180520906781,47.827020280873256,51.740667016586414
431.04364955502217,293.93985462021584,51.667129577409526,49.44960501498465
429.89638036326795,295.2467018348705,56.43261339772245,46.90815008006907
426.9673676600021,294.6823654608879,63.6225400597049,42.99526330763966
423.7779840010262,298.0039730126892,69.08386118642997,40.49245006609453
419.1787752050627,297.80244477561115,75.1600641697924,37.83259916816313
416.9302908026108,300.38413928942674,79.94738791875176,36.362668161167136
413.5519541443217,299.7782051613651,84.9948932107051,34.682941867264965
409.54310834945215,300.82718506711655,88.98472900473823,34.28106654047272
405.9699032081729,301.8405762985483,92.67541746564669,34.00528296887611
402.9473239752122,301.0445750029484,97.16466369860005,32.972797409830335
399.1820893215755,299.86452909915744,100.71578550048562,32.68004438864204
397.63128244434654,302.1613182286191,103.2473919567074,32.66064258332492
393.93564192825875,300.69017134494453,106.64114548831259,32.53616754784102
392.5880880901519,299.36371129642595,108.7367860269334,32.681632546906236
440.814243452697,358.3854503976768,105.66041627785171,35.25103830193153
442.2113889215166,363.90741253730414,99.38073830244325,39.44648155342835
438.3769127726114,357.854927817572,94.3326598891752,43.3594973454575
443.4523874516954,352.1672312065966,92.66549851152595,44.43383664340824
446.36357700466704,359.2036812718525,91.29462716122399,45.18959282738598
447.7239809098631,354.06453469183083,88.97185817759404,46.41547863583051
447.0982005565464,359.8303540954102,86.16513704536779,48.253025980315506
451.56564151868673,353.7426133367483,86.17434767796601,47.885953478070114
450.23255028663164,361.92055128107904,84.04204671231004,49.29002126623311
452.2346401274438,354.78660152726286,84.09366721481226,48.871116098285746
452.5097747511315,350.8010806503429,84.30480137921096,48.480126371619164
450.6627784961842,359.37453392089986,84.03947982873818,48.250020979881015
452.12774377923824,354.12747884039334,83.68062804617456,47.55461789476789
451.1587643932135,360.8229641159653,82.51495252051254,47.89159155600629
452.0909109929886,355.4972486550514,81.65379679464948,47.856788243039205
453.9767258621908,351.5717975992549,81.79938555120631,47.45133314276722
451.74860199318846,359.83525960480677,81.36522713153938,47.24728096338659
453.1900396372739,353.9900369171141,81.50140296860613,46.688295992283344
451.65009344925244,360.34372219867964,81.06155249061112,46.61753631309539
453.2600855708788,354.8800699158009,81.29389579445323,46.02871848497397
451.65665473967215,361.05673604995997,80.96271353326755,46.01007463181559
452.73974061365925,355.7998894429781,81.11300010527123,45.221667022504434
452.5985835765569,361.5131729949197,81.13473677887683,45.08664829729338
463.50389795680894,353.93543273335285,81.58836003826221,44.83434303314695
469.042828098705,362.75283070002,81.53406573987294,44.841048397533264
473.5542140674223,370.12195391454617,81.61089934212526,44.92953256379368
479.84180697280567,363.2855869731656,81.70631603881334,44.93481113272159
484.185587096113,370.9682925451269,81.79713491782908,45.03397522216245
489.6383812390463,378.14886129960684,81.7499957095123,45.33669997791159
498.5748022382328,385.9726683318639,81.50917692687767,46.13318962851756
508.9153247318857,393.65440033760456,79.14395658572998,48.736296356554966
547.8318155327177,466.8110990985346,80.45605842937533,48.18640546936389
536.3911529693578,478.5584637405393,91.91943223405667,41.493999975816315
529.8732764116054,477.78714650875565,99.94919940574326,37.5411717521869
522.4141659304571,482.91171571907853,106.19444105219208,34.85009354021827
484.5649181941831,480.02686460033067,109.96597109411877,33.398764779426116
457.9558701044351,483.1225014242134,113.7683501939992,31.815599656614427
463.049693417287,481.45768669552587,117.86382358342257,29.93096679561173
456.4693598796435,484.8360506100365,121.48496811353755,28.551717397657157
459.5457665580706,480.77797739772,121.34199787517184,28.84369445662768
451.0717164216005,484.7105584410457,124.42158231497928,28.086867666616165
455.8582543307047,481.4053903315539,125.01331934854048,28.319510096806646
454.3939315575469,480.84420793656733,125.2935880513596,28.330954674849515
450.1508686113273,484.5984713738265,127.10925767704215,27.91584703537889
507.43058369204255,482.6388225005457,127.78931625719338,28.601810370904015
515.061581277537,486.66763700626876,126.62071412074494,28.786954422743346
511.4875546506917,482.9598385589788,126.66907955887073,28.90306800522613
513.0304992297423,482.37351788135066,126.88248773093981,28.645797879559854
513.2588585153661,487.17339311474495,127.60984337549826,27.900845605633606
514.2935791691623,484.0170867527009,127.07162606289614,28.027843404532184
514.4781791935517,482.15066930813845,126.3252197217957,28.231630656716796
513.2076021419773,487.40382645704506,127.01264487488749,27.68422382828676
514.7696266947506,484.4579356074501,126.7961017813048,27.892671370722177
514.8678069187173,484.09504297026956,126.66747031601822,27.657536294822965
513.6316622334394,484.7590322546737,127.09743757590078,27.27383479562338
513.7616674794615,484.11365953245786,127.198156595338,27.171126370577205
514.5304749494508,484.42383916829,127.32678126255388,26.980966310680664
514.3205054425428,484.7812989138498,127.18490442419129,26.844538141864213
514.9985988696618,483.8925346733798,126.56886300393701,27.073483423971446
516.7124293800729,488.10871288951273,126.03553690679841,26.825610064827387
515.5577210825089,484.833061577963,125.80296525894963,26.75080243324306
515.4564433184037,483.58873750190145,125.66123179574109,26.888766874641753
515.964644466369,483.7459919848482,125.83032155952264,26.773678841980608
516.5814661321879,483.9054512548214,125.87538596333923,26.744589666210857
515.0493245607241,484.1035951679521,125.9853974629963,26.66441858318744
514.3454402080455,488.37945278836446,126.56153125268288,26.308078256287168
516.0668624946109,484.49203210364794,125.9631221489224,26.89433521190014
515.0342155284407,483.91960220611276,126.12764936130024,26.791582834638962
515.8236410007532,488.61953081764466,126.62663877195038,26.334645987876087
515.3061083862054,485.0814616174313,126.72945986990848,26.404652001358897
514.373182446815,484.9077863908155,126.75679379169819,26.309797873623552
515.464998335895,484.3088037960799,126.69602791984107,26.337294946857817
514.112598000415,488.85498437216074,126.99731948756181,25.99682929239859
515.3712909987371,484.9913191170345,126.50072777656115,26.559699206542113
514.1360543513019,484.40676916604434,126.44703152423533,26.550606962901586
515.3709718962623,483.4168592590038,125.99521893719515,26.774104296226064
515.7021888721579,488.0157251562087,126.44423287510182,26.329868769724552
515.6364096263466,484.62703729677224,126.08229234679365,26.591306727916592
515.5767902827474,484.68013040015967,126.16171289489053,26.66559198773126
514.7950560004379,484.0752405887327,125.98218483376797,26.719115559013545
515.2414654089641,487.90112309974944,126.43360585223246,26.450020684934437
515.8063923755604,484.7955541935426,126.28750527153395,26.89059049681854
514.0306666559793,484.4567203438438,126.43860193327322,26.76925129007212
514.5746324064274,483.527881601738,126.23254068197778,26.95333103962021
514.3842217725202,488.38538299594046,126.77308081559067,26.43768351909174
514.9083577948384,485.14296502227967,126.89255869706744,26.435778834193847
515.7178045147741,484.16392015023257,126.56813505451204,26.690692017086036
514.1195704655364,483.5260069870517,126.4123101380733,26.726172016981558
514.4398271783567,487.9861150384973,126.7428517829936,26.34831798389942
514.0652785050648,484.7722042515913,126.8735902819507,26.711182953983766
514.5349342385127,483.2245852602652,126.71862634813982,26.90811894839927
513.9975298239177,488.15712042524916,127.46357836123595,26.55821454605062
513.7374034218329,484.7591790486425,127.17534322768135,26.933642666022312
515.3462627292467,483.41713617356316,126.72477085418593,27.014920824050893
513.7217318648655,488.07566269842454,126.83326543082873,26.59863386827817
514.3374994416538,485.30255393829964,127.02306690285337,26.61020550528861
514.4470857979417,484.2443342053084,127.24259006526457,26.691324840456076
514.6894306991497,483.57984134603134,126.88181150699691,26.712619532535058
513.0752477868314,488.479515428971,127.58170571936841,26.41782575323971
514.872934931537,485.24693081118403,127.26664686246176,26.488090268100066
500.3846621283953,477.87230326884145,125.35196029750963,28.482652540563098
512.2432130982558,484.86626701545265,125.42485365401868,28.305914507114963
521.2349320047257,478.4028286633957,124.62176681330797,29.173668835358868
525.039316950048,483.05014869290676,124.47505288244696,29.234517759002266
524.6458315024655,485.84939956017683,124.76213797344948,29.104819136394624
516.7217175638599,478.4891159808294,124.0740630340999,29.93795024587287
519.5110023049097,483.5450574461355,124.52500979867041,29.64730909703253
526.0445686289811,476.09712962125997,123.8137979533268,30.445423388764212
526.6240517308461,480.1806175368845,123.89418600517978,30.43514499071694
511.75840198249875,485.20356065339286,125.09033825264083,29.852997457665666
520.9266621868636,477.78584659854613,123.94199752341801,30.91997622432344
522.858265894847,482.8588455070414,124.211374251531,30.756550409382992
508.9892849712251,475.6666570592311,124.02131033450554,31.498761460112764
514.7897973262033,481.8691294200228,124.86025654699857,30.928747659718727
521.5552824370523,474.18591790017723,124.58332021832753,31.219914488686566
524.7348492496217,480.2230575762082,124.56906664860162,31.26335725305195
510.1391568435609,484.9188061514744,124.87367898457396,31.121155329351666
520.4572638614028,476.485366302447,123.84653797596133,32.07281989835038
522.9221440685927,481.36162644051103,123.854489741279,32.06820337330747
506.37142153891637,474.5428924854962,123.75408781907393,32.58911095813653
514.040115296622,480.9388945389421,124.3065162428676,32.189300294099056
520.7002401507661,473.6584547724312,123.96669402889603,32.58767184745337
524.5690138835864,480.09461253139057,124.27829390866796,32.374820253106975
508.59043351283555,484.2039043443401,125.14833693454253,31.96734779102277
517.234304024918,476.8593218079338,124.84021959634217,32.439004882991895
517.6005017277499,481.46879221513666,124.7542754143084,32.47938028802679
520.3189227531251,484.5150712751185,124.62704004060427,32.54973398003862
527.6000340393258,475.78925959508877,124.28250832443385,32.99222178631309
526.4711825732614,479.8537945263781,124.41143695226484,32.940771582189164
509.4955756228512,483.32082303184984,125.29866872554632,32.498895744755515
518.6187323447883,475.70497695928566,124.87020269959518,33.02078039965612
521.8989691578341,481.0702783960111,125.21574734322466,32.77358976226869
509.3825630204567,473.39740618719105,124.64146630378107,33.54072708496335
517.2335522825139,480.0677774018904,125.295698269477,33.01952437746084
520.5206330534668,483.50834933730704,125.52507759022856,32.87569177970921
527.3798222340307,474.7030896863387,125.14091393088314,33.388110551607184
528.0491021291867,478.467398990979,125.1336696412048,33.46204120695537
524.758150087815,482.27644674585474,125.39960691612163,33.27437228727614
511.9357506385208,474.494954243629,125.43564166552835,33.57848185294324
519.2077862271562,480.8542647456679,125.95077003135134,33.17639047482775
522.7768995837234,484.90952486320754,125.98605129148726,33.15712126273306
511.272504116906,475.83189414081994,125.8623486725117,33.616723704943105
516.8142645450217,481.68879245824724,126.43887798926106,33.23662846187662
521.3115800512062,473.45830466792546,126.23162364454029,33.577747902965044
524.094324141475,478.6417182772247,126.30866824343127,33.51864078006365
506.7077908612639,482.0117003069459,127.17834297218589,33.08365317344776
514.4803993162902,473.6508334636281,126.87731984641351,33.54156384526042
518.7820578636984,479.17270136406603,126.96756862589694,33.47378193188139
520.3350360106396,483.1891115838691,127.33608287533825,33.296090070037984
527.4802739351703,473.0688642965989,126.83296313051972,33.898749980921515
526.6403565228137,476.82819553677376,126.83746207369742,33.94866657293828
522.8063095067484,480.67274357359804,126.94009743946222,33.898295633509925
508.1223267662722,473.1486028852447,126.7769391919053,34.23766653239324
515.7258538891151,479.87951649556555,127.20895137864653,33.877772240721164
515.8282069225961,483.3075072393425,127.69916686294184,33.62176483931132
521.5297732323573,474.52317844129516,127.48176948954581,33.920870288432816
523.6713021362442,479.80523845742874,127.55135730366558,33.882273559652745
508.30256906386523,472.34456542380315,127.53239423686709,34.33822435795049
516.4839962104169,479.0003356561929,128.04896569135533,33.89170643072951
517.6462773282377,482.6892958610366,128.80927693179459,33.425894618483575
505.44764696358345,474.3724614829857,128.71767893495397,33.83364610943991
510.731268786908,480.7181885247386,128.876148391581,33.716065505863284
518.7903548232557,471.86998309700493,128.18394340663346,34.47555851870734
522.4626543582395,477.3584275153168,128.29461826850053,34.372282279143064
524.1821238286786,480.40801539009175,128.42887138895742,34.33469244209754
508.3764176942096,472.13994231735154,128.6569821322001,34.754686939805964
516.4326799351426,478.22236988630095,128.92153126800685,34.510386934834074
516.1952251382897,482.11250949710353,129.6992845576557,34.04973311242304
522.7190434355291,472.45456042297855,129.5316931464273,34.248278629769764
524.815121447733,475.891187525431,129.49601732079964,34.316527659856725
522.0021976305571,479.73765182968134,129.52783889700564,34.303762637021556
504.5350740285406,472.529437733674,129.565486342348,34.652222979262056
500.27710733203367,479.0055516343773,130.15095143627008,34.52112748955113
512.057022911642,480.2321574139037,130.55970330316433,34.4241155337082
474.78810346616444,472.19645630636353,130.61144460448958,34.21104545433396
458.63628282423065,397.73848731488647,129.62182374248158,35.61669687047104
465.1281032817276,388.71818948660854,127.9669118390216,36.52859764436137
466.0763161920048,385.16648668335176,122.99007315457038,40.378834299659516
480.35237346430415,380.54760218897684,120.13788096952788,42.54262531275822
503.8308349784849,374.61662912631846,121.45892757068472,42.69437009458827
509.766100757704,383.45068006145476,122.60347308017924,42.23627417601124
510.53669414165404,377.78956493247085,124.86447491460584,41.28223178972662
507.2600949439107,372.76370970677067,125.42699226462433,41.75537899400431
495.53785781989495,382.0603661866122,127.35291324368092,41.247088669718714
509.057081214327,377.0621406687756,128.32506235238586,41.379619835621426
504.0923671648191,372.33367843594596,128.4291786223697,42.47735936550104
496.8198314810109,381.38941559303413,129.83882815400932,42.1166018069696
505.13202186851237,376.1984603529362,130.79579706465472,42.394183696214334
501.20838136453574,371.47090564122203,130.7700315537463,43.216174721588835
496.8904292351039,381.2821096620019,131.6767089213994,43.12438448252767
505.13114417094675,375.49306161025845,131.96100125036156,43.54388831418319
500.6684877729973,371.99100734249447,131.99812117920646,44.54620357087822
508.91948814878884,372.51285709573705,132.3860389757277,44.542602089873675
505.53291320703534,369.47911191697625,132.8854900348733,45.21640663322502
501.6776258074496,378.37812108232475,133.9344335533275,44.70059807096115
506.96048362740197,373.88802380788434,133.15668863796205,44.91270135909588
501.96053582872423,371.40409267827107,133.91895570580135,45.229255098228926
507.77201111959397,380.7744415649316,134.63068208744028,44.5702852291287
501.6170407081279,373.21296896759134,134.55503693375502,45.30431826192245
507.72083462950104,372.16219766478747,134.56034705390113,45.24830341412944
503.56952165846064,369.3163745473632,134.93504731072704,45.88643745895483
454.16105111371724,373.8669380369317,136.97348756094578,44.87117528977993
408.9053745259623,379.7252016243477,139.2764224996888,43.776392669614474
389.14929781789874,367.347818592732,140.13585822073787,43.51309906018029
358.4560023243124,365.76397537132186,144.7731654916279,41.653825605682535
344.0550210362276,369.05216673088273,146.52736668147227,40.78561991416999
333.2801067505,371.7674980511933,148.73304600670542,39.68773462968977
317.99414771172417,378.14212131079705,150.08754093314138,39.358157450470834
262.8390376874784,368.9305527809627,141.94469520848318,45.34222171289145
257.41906907104556,379.5829129343284,138.6517675085408,47.01073905033517
258.9871408166399,374.0067860695761,133.51016412741794,49.88630541490924
258.9739556571637,368.65673544643846,126.74965204079288,54.471251076777556
261.79894716775425,365.29641372558143,122.46332614872543,57.53779064747046
261.4405547063235,361.0513375365018,117.52733527757954,61.305454147991846
271.772736446404,371.8318753346076,118.85756980393958,59.32706351664007
271.7145131307399,366.4064064592358,116.64944608164112,59.958418696222594
268.72686974814485,363.8276442220198,113.84978931207944,61.44603067591803
306.10529995816194,398.10770357845,108.39909673799866,65.00222744670785
269.62725100846,409.1796803681183,109.62162758075688,64.2506676357453
310.6402870662821,455.5848924740628,111.60415716744225,62.496554482470046
308.39327138640357,458.0895948260642,114.76870625099556,58.42795434206651
312.60584344537745,449.91735834939885,115.83056392111172,57.45986017090062
313.3278671751787,457.7365453931372,116.86775671973307,54.087381344557386
312.67866605864054,461.4300950733426,118.0442172921886,51.57966714130168
311.51237029103567,462.82919029879594,118.9752903601253,49.22442935141385
310.1584198463694,464.1846332608838,119.18587688901849,47.392656086318986
313.305947609256,464.57921353561574,119.21386040921034,46.362485751841945
314.6022489511781,464.89294960565,118.4498057609243,45.5159068869251
314.65943447365385,465.95484964172465,117.83354348048141,44.53680911258489
314.11082272831385,467.02431206220314,116.85418060644187,43.663263998859755
312.6165789529097,467.3889157772636,116.56546611681611,42.856527129094694
313.9200237845282,467.6217002286382,116.02553784636234,42.31504236232368
317.0239974761255,467.68526975087354,114.42563480024022,42.0827993251611
315.6379793105107,468.65982617835044,113.28419060163667,41.51239851298297
314.8524030394566,469.88831965395445,113.95711152778516,40.83089959243438
314.8661711185411,471.0548929150923,114.2078985360815,39.94367503537011
314.34159495903197,470.9824972472957,113.52766845757877,39.361962904706054
314.11961975174285,471.3740133304649,112.8755200674503,38.89772812591859
313.95272148285636,471.82893948894946,112.15622999813404,38.456466233173174
315.18095366786605,471.8665047266732,111.1542443755286,38.20400009979142
316.592298852567,472.1828662321817,110.654199191693,37.772060552584854
318.0033428264505,471.82289918228787,109.68995820299446,37.672702796401154
317.9424728855667,471.9146140937389,109.01334939715946,37.40270457810415
318.9300425015543,471.6575524615216,107.94815801425955,37.3133473109264
318.44045813685153,473.1279976021189,108.1580395800612,36.685010018517836
317.58774928703565,473.8175701319308,107.73763235916257,36.48545936651387
318.2065164077568,473.71890372019243,106.64386363299462,36.152503633504544
317.2252165134516,474.6390604506099,106.12891036585164,35.553780628089825
320.49833621553273,474.43913538211945,104.78641527849291,35.640977458160414
321.41551418115984,474.90347286457865,103.41385254708096,35.375076999357844
321.5137368501294,476.0348337900621,102.5630435935381,34.892431033288666
321.94434124165394,477.37337639145665,101.92643472697273,34.26427083386051
323.8625753915492,479.0141809460644,101.19634729500551,33.51289611326936
324.5007677124455,475.3718365842156,99.8104652672665,33.65216956000394
323.188171593203,479.2129711115626,100.52418626603988,32.60907587976531
326.2963804940383,474.39055046636406,98.1534419063409,33.56038482693097
325.55870002011176,480.04789443545866,98.59850084143159,32.4791044515708
321.9564520424569,482.9776019194754,99.59840405628712,30.87533173780436
326.6331521226048,481.3017036039656,98.25108435731246,30.60167252618217
323.6203921083108,485.50733290240436,98.90851204276487,28.94954059239705
325.9858989038292,483.658843902617,97.871835697689,29.09469636435887
328.0231311768371,482.1362551835393,96.46567668235286,29.369119468958587
325.8999339987736,486.3211613972174,96.9312129032956,28.023016982691733
328.94629764943005,484.4656964204393,95.66978271240994,27.99390453583576
326.7648995943427,487.95197197660076,95.90313312452643,27.177624315380434
329.4599047779042,483.78190467058005,94.51021090033757,27.255796018319636
326.9633297250044,487.9921115950402,95.16606545246182,26.144095614157695
329.2956677800582,485.9584177903025,93.82509422532216,26.250786611865344
330.29644810700535,485.76874481307317,93.03319856112758,26.314378522833472
327.41555241352967,490.0970388663459,94.1370751847013,24.946182100358758
330.77285340894053,486.9534194427722,92.89377663496258,25.080700530808535
329.0174384414327,490.8925690899605,93.35140575080514,24.0956903052637
328.45704863797346,488.42896787170633,93.08815894255133,24.002136569009068
331.635406791786,488.03553399760597,91.74663257216662,24.350295755959483
332.7797516231949,487.3107691926346,90.31813979406783,24.799673011847332
333.9467910338261,486.5102552195354,89.02660792433764,25.22869648319324
331.3309358929841,490.1963249631589,89.91261624667466,24.166710934271446
331.8221499568832,489.2776704961784,90.14117353499051,23.833381247770188
332.27366175601486,489.2908589590057,90.14023104179311,23.43204543934279
333.83062088112206,489.26472479906636,89.47050378480621,23.38116455964999
334.68876047491545,489.29997286994717,88.54337963831314,23.473154526845363
333.82712503761763,489.3220459976791,88.75498819080968,22.96197119499284
334.4558038255471,489.6808769501534,88.33048457903622,22.82547274020563
332.52616335608093,490.4630591422267,88.93371458931075,22.288705249030375
332.61899567418277,491.21724314416605,89.10070190372554,21.94599119615044
332.98219311790535,490.5026470898956,88.70560408302968,22.11273321552178
333.0457046661691,489.72782252017316,88.30504250847896,22.24785164374165
333.887062822159,490.3030734890314,87.42494301864204,22.488369319075744
333.8979336989905,489.66584683602196,87.60042291664766,22.3920187154758
333.910889027956,490.44600308611786,87.73439419412567,22.206197440862024
333.88644674611123,489.5330093876384,87.64279644230791,22.27246620789041
333.9715171470779,490.302073824497,87.65325624777824,22.141663248889586
334.13627118113675,491.0464386193386,87.64389065453724,22.03342807511286
334.3482864943386,490.2071241951111,87.47392870566365,22.14902329627752
333.03598251741187,490.8864208869979,87.88196618452474,21.782949933877482
333.7267289217295,491.47483491513896,87.91107683536202,21.43765548985376
333.5268726587314,490.9874840818606,87.88416674950295,21.48482729519373
334.98007986803844,490.1475276049595,87.52372071068591,21.601699707520226
334.0227461784911,491.3242454217274,87.62913523979627,21.376773265547193
333.86947014197415,490.91698483506275,87.55023440503841,21.40048516560337
334.6088242916379,489.7762022000626,87.09364257000848,21.774085345949928
335.2842397394286,490.29140519641027,86.81468939658959,21.934070527903362
334.96460634213076,491.29840900026016,86.90223047087308,21.72434167952813
336.7783796843948,488.8995681626375,85.9813355050492,22.453648009114506
336.9385440235155,489.98370255313597,85.70473622251451,22.32375585849297
337.0051183954028,490.45397198164534,85.45769732961469,22.303097722410424
336.6433505195464,490.06970539604123,85.4454070583771,22.13859328083783
335.8653579991794,491.0460896370203,85.78359172368964,21.688761550770188
335.3724244292971,491.7628466568902,86.0295255151852,21.455533144435925
336.85790900640654,489.9080072629936,85.19490856777908,22.02880222256107
333.72114459336416,493.46581702536815,86.63266540966985,21.06325589729313
335.4615778618546,490.29825131477605,85.82128315736824,21.43974914651765
336.30743354325733,490.39058495561466,85.48924086503789,21.762392344230243
336.49274788501225,490.72317536199324,85.27733700080587,21.82863572381565
336.65519902824576,490.3576227188094,85.34356255171203,21.809821720615524
336.94935483731206,490.66900700254536,85.08891374031334,21.884817797673364
336.71169406263664,490.4738141838461,85.22370704221134,21.73559332758142
336.66629719514145,490.87467827428947,85.04165288530615,21.7474636192449
381.5659898331506,482.994033105514,84.81418462710657,23.844857990044485
346.34671365334486,482.6066094656838,85.40236815946373,23.29262928016447
335.98826081274626,482.26368082772296,84.92306467054394,23.78318491087829
365.00723065128426,500.3859198970966,84.93370541500296,23.228160205806798
340.7772597499591,478.1268490568489,78.2582053289846,28.477177738517632
367.0976162336787,498.02841728983947,78.2635711136289,27.943165420321122
341.09934426143946,477.7359737707763,73.31832780381477,31.454034485869162
366.69816665708663,496.61301812031905,73.31943221353066,30.77396375936189
342.9317492243573,476.45275204908756,70.38854688662147,33.19745506464531
369.1428005853085,496.03124635874525,70.38338959608102,31.937507282509543
345.6039363644676,476.41047427675574,68.14197638366542,33.823179885662014
344.95346607309943,477.3580626340879,68.16935069623742,33.48708964025989
355.2978341222253,368.8520079912951,68.16950951319679,33.44540505041148
340.7724402619045,424.61478955346604,67.82989993432348,33.541635072393454
292.01304612848406,425.9211176502761,67.17703288412501,34.303077640107496
287.035315473564,423.45382071019293,64.09158552191322,36.536586377545625
290.09107164802344,424.7816412371659,61.570385834734694,38.68389362599404
287.671679388242,421.8396704738476,60.98461068455427,38.552025613201664
290.8415522268747,423.591965302642,59.22016980281268,39.70220799096941
289.0943858789096,422.0086421593905,58.86522285268687,39.626120682399005
292.22219333961385,424.07130877031153,57.403341279727776,40.62707554544168
289.4378966699085,421.6260480865642,57.83120529005566,39.7313276432554
292.22588525163206,422.87951140198163,56.725262787602674,40.417225806646265
288.990160175763,420.8222737681148,56.92219969840279,39.94426037731551
292.39011763127445,422.1674673452357,56.02178230650999,40.36366340073779
291.45157476891336,421.26914907979955,55.75667886458818,40.35112479972827
291.7666315058968,422.6689450838106,54.21655535630292,41.926156048697806
290.85130518484027,420.7196489919244,55.21242751062016,40.811784195377584
293.3293059513457,421.80193358584125,54.89943058720772,40.80767260643481
291.3355827916,420.7747601418382,55.413704922097764,40.18661993505126
294.1820483398625,422.3435674290176,54.74708889703059,40.64684446195919
290.4622433783058,421.06970445754996,55.612796356847284,39.94724712604082
292.3783850843812,422.3482410985787,55.71708505833847,39.98974555365904
290.7068509541281,421.3100085806711,56.07886590881133,39.607035254532065
293.6361355326049,422.5823361952707,55.201783326216756,40.14289950426087
290.9557809566316,421.2179228638449,55.830965968475866,39.589438452939596
293.425212074425,422.48742857785487,55.05745615070285,40.272993027954286
290.4569925932938,421.0767675020156,55.767166664903,39.44170315628858
294.2992312193814,422.90227676789095,54.501078360746774,40.38253126860307
296.73811793158035,423.4728517816847,53.783490660571594,40.66798853417183
291.8536661122139,421.02187838116777,54.302162255151984,40.04207452758614
295.8081335089949,422.0907955872168,53.25759171451439,40.625827672545086
292.42561748574803,420.85648086924846,53.809687365700995,40.45226022660569
295.7559650848964,421.5424109504103,53.175445118363385,40.93719228818878
292.47436486014567,420.2322556015579,53.597046019513016,40.756775521102526
297.02364451844846,421.6406573127034,52.44321270210033,41.14789093146051
295.3172321992661,422.7344896265764,52.472731443038256,41.05002294399475
293.6943419002869,421.2951677143655,53.282022345645515,40.27031659822181
297.7308458629678,422.59892077498955,52.19775986797181,40.90170688171348
293.7471339540378,420.52576138643,53.00036734483857,40.17831001309597
297.00164005403985,421.6631891232672,52.08306633818793,40.805802260761446
294.12378105587385,420.50838102311604,52.362897279575904,40.78463973320578
295.3574925383861,422.0313211259881,51.50905967067821,41.60289372644493
293.7886416779629,420.72103582537585,52.34364931563683,40.824655858958906
297.8325883828084,420.98493670055814,51.60408162785038,41.00188245073099
294.577485704728,422.49155573307286,52.0388807709361,40.825826942935926
297.17174509375326,420.62639547444377,51.792759635469935,40.480309280974446
293.9424738922432,422.10510216004644,52.43533463129449,40.15607030181544
297.67649063158916,422.02084005587443,51.92540663906754,40.121846887558945
293.93327771406075,420.35578878409564,52.715485191712254,39.44300339748689
296.9287810407739,421.3045619486236,52.18344649206746,39.45213536870834
294.7706117191131,422.4551321502898,52.371038019277904,39.420349914831476
297.3807349545849,420.84924755538015,52.08230755969111,39.20223000483319
294.5244026312133,422.03392162636374,52.293292312322635,39.14017928939092
294.9601718319942,420.5861354660984,52.34859770977424,38.92153984524515
294.60517151965144,421.423445212285,51.91566835918485,39.36841175250258
296.75372424973796,422.0640483015881,51.70471026366224,39.321006560098894
293.88853273681156,420.9354163298976,52.438766078351,38.764671681641104
293.44744148700937,422.1333755714421,52.467740934809555,38.91243352980611
295.7863722194005,422.5935404688263,52.27402316784348,39.078683472690045
294.2208766337757,420.94322627422525,53.26999998683355,38.207657231569755
294.42288860786374,421.9701256480519,52.630406430385435,38.85455279584686
294.2053912616358,422.75460713900316,52.271042074227545,39.57346926243389
296.2416434334711,420.86057226273005,52.552875112977155,39.05380763546387
293.09971501688057,422.45532958499547,53.13953469560853,39.04574801695627
296.1305553668472,422.7578999828559,52.50733719490208,39.492110648878146
292.79549066091533,420.85348684751193,53.906900318244965,38.39921861880697
295.8348241449122,421.8186544811497,53.013792971624056,38.904875741672015
293.5929385081087,422.9088290269933,53.299070106872826,39.26863027023791
292.09578625505674,421.3058239243649,54.45151384030805,38.41942055116808
295.0837027011063,422.3587218757602,53.67445778842091,39.234938957814514
292.95842373867697,423.33198900678184,53.74725302010063,39.87827584594894
291.8018599394581,421.8174925323847,54.71562634102217,39.33415764111223
294.2405446973649,422.715659477362,54.104505198720275,39.868608085249996
291.46047968353525,421.53417795202387,54.95043808311613,39.33444006143769
294.2736761551474,422.0602081336342,54.397676221651125,39.822328574439155
292.63115638388757,423.033850580224,54.06853111523496,40.5107205445601
293.6921098576625,421.13511517989434,54.56939849336206,39.80399365559901
292.6302972606115,422.3379482038469,54.17422219292766,40.42027389720129
291.42181821117026,420.5087343778932,55.042194285609504,39.60112490997728
292.95339269581996,422.40399225731204,55.27063300390233,39.468390006465505
290.6698616746354,421.5932029866407,56.09667389798304,39.008999126047385
292.9501050004742,422.50700446185067,55.62304473899235,39.57314084314112
294.76070948964514,420.91611205852087,55.677682380081876,39.09092327307303
291.4554302282897,422.58666151744126,55.96236789671838,38.99219145545157
294.61546708700234,422.4208791913739,55.3230384954965,39.321645438796516
291.0496030211777,421.4483463103669,55.7894086466184,38.81689469893708
293.0077893184881,424.16534095323806,55.261752933141565,39.35066902942344
293.90659553421057,425.47320371210395,54.974926866751794,39.73680686065016
294.4050237155592,428.3261764058765,55.018890359665164,39.66470691859463
293.64504242679885,430.4818522332369,55.410998343172096,39.553727941452685
295.4508524988638,431.9726707046765,54.86687952071154,40.2306891752366
292.9140539980594,432.59783765789444,54.805958003218436,41.26103571069975
294.2483673083228,433.48902334939106,54.96186619892326,41.38643396194365
290.1427264236114,431.9056308086746,56.00078698640645,40.997638864583394
294.10902983778624,432.6846804134842,54.83387911998064,41.89547013881324
291.6527237901958,431.3590363045129,55.86336685279366,41.26152275958233
290.64449429135675,432.6103678251503,55.802247558918545,41.79316041458045
293.1875553150896,433.0426845649944,55.60043282291811,42.014111141724136
292.503813329376,430.88741749089866,56.398735529847244,41.39999712302067
291.9608875731987,432.45983619776496,55.90562731090161,42.19482812715283
293.54692849983456,432.5122791466197,55.67753410741252,42.273351427796186
289.93359041988475,431.23389193376454,56.824861476544,41.500128400946835
292.2271074477494,434.0992332015359,56.27114388046011,41.83208738463232
291.4502210425932,436.12262844855456,56.35834374778163,42.540505719937855
292.1877242372158,439.60889076045623,56.6117264497333,42.644578889683785
291.7909282128146,443.4025253370382,56.18959753435614,44.10171377062569
294.3141902570432,444.50337657121554,55.59297034224565,45.28253782629719
291.7432063641506,443.4180487081999,54.957625332645335,47.56212785695188
289.7014954517419,442.7372260525372,55.99107359388598,48.410753799906075
293.26182813531557,444.68397851020376,55.39574641281186,49.80822972403965
290.36822209635113,442.1056596055184,56.90079701296321,49.77020525184798
292.6300642980687,444.02055350682934,56.2592142286572,50.86033489420656
289.48111732916806,441.939228351292,57.45507294821593,50.81349430797572
291.81713178243166,444.857225029261,56.90342091377899,52.35315501491879
289.6424945574561,441.7487560820864,57.7613548805671,51.94302601893805
288.21110786666935,445.173395754142,58.30174146349604,52.80357911350247
291.3990781951456,442.4592495804297,57.366416074817174,54.11762133139284
287.6268723766477,441.84540021428114,58.71194938904526,53.39127533067751
288.48120308788407,444.75021062511297,59.97753728552194,53.72920215468557
287.1150864765201,446.5562634306915,62.08633883732627,52.75929299280012
285.64438546253814,450.83858432657047,62.477974464147245,54.24804935132849
286.0206629229265,452.9727713342834,63.674628459852535,54.50490567063835
286.90999021209404,454.6966215239904,64.06441314772766,55.50372066345193
286.85170359819864,454.75742397582417,64.87861943606416,56.307529754507485
283.6048241869259,455.01398961339373,66.11323991228403,56.75192481169249
282.5701062586361,455.2409566361305,67.61592416984428,57.279494918949965
283.62705893607927,454.5428965054341,68.03490391231549,58.16916222856614
281.6780715522269,453.4340170345646,68.31732343692335,58.23515172676251
282.8251078160204,453.4180211598889,68.95533868605186,58.46083652007664
280.7294907170364,454.3506323128352,69.64008232726813,58.444982152816806
281.0197544521239,453.0532859554493,69.76456585754975,58.742443045701094
281.3587445389954,453.4109000548308,70.55334889309188,58.85997619177181
281.65533161643515,453.9972580163842,70.65120100688883,59.29495296674037
277.9835287593573,453.3100716213548,72.24187463611551,58.36090421139896
279.9987865149452,454.0439856987312,72.1295759615937,58.702885643442194
279.9728871189394,453.75560762027607,72.4793645082787,59.07817650334039
275.53296799680754,454.786328552956,74.29583866236538,58.14443650387371
275.65813544729406,456.08002218111903,75.54800240944343,57.47428002488019
275.84480172976623,458.2936166099817,77.05151082435873,56.33589206635536
275.8020093040939,461.2743099984589,78.89438551919184,54.35806628699906
268.2728696523863,462.8358856379713,82.83987571787043,52.058020950856246
271.66008000912836,463.7906712658064,84.18397745313554,50.781015671871174
272.81672706617087,465.48424398746045,85.82412903607798,49.669638673197085
271.5613064986326,465.84811032208063,86.92176577218036,49.093535109509226
266.87483931813676,465.88005316187326,88.68652877996355,48.29946422736111
268.0350879840761,464.96332022108123,89.14590099866645,48.302699217601294
267.5161141555229,465.59650061808185,89.36924826184026,48.50784827896942
267.5690608818683,465.84548603347645,89.8230148251727,48.445491221318136
267.21741921053894,465.7395659906333,90.86227680693563,48.25543239248962
265.3550062583652,465.50350103918447,92.03738477326957,48.09139640487131
266.10740680105266,464.8616852269267,92.48608074209173,48.21130693922886
264.02785866479144,466.5435382468584,93.73008003348443,48.0437321270238
262.9450990220406,465.8930266420301,95.32625200782681,48.06377432038465
256.45603407939586,467.7325337831084,98.68725153609162,46.968024073422626
253.07136478500811,469.38838079578045,102.12708876702715,45.528582011664156
249.22592618622426,471.38893355532196,105.86834192278474,44.055478423635066
244.0427365850295,469.46824394518364,110.82670552826735,42.19794746974717
238.16147731802465,473.57650834407156,116.18440376887631,40.23528275279
236.03230208537633,476.1020088979838,120.18453580399634,38.90670127000836
233.62851212794294,473.97783357454387,125.98907461027522,37.05994450441042
230.62936252180097,477.58359756056973,130.8579757523243,36.28442637418796
218.8629562522268,474.5746934225221,137.18124197077339,35.09544555928143
208.4831893183988,477.9761271724086,142.152052908762,35.02752857777216
206.756844359719,475.76196956460734,147.97343767087153,33.879258318926325
202.8478813307151,478.9293409171915,153.20657850980024,33.56360935434035
199.97674439862226,476.9444091804765,158.1110054320421,32.80493001750713
194.4508524958614,478.9714916515684,162.6157426393836,32.08549992488948
184.90438841235104,476.9751752734511,166.36587288377888,31.672265974605843
190.45051971881367,480.2586869247486,169.71785999002475,31.495889711783022
180.65419696030904,477.0198651341706,173.03165443456007,31.46272225147384
183.64808352585897,480.68302897310315,176.29427501899377,31.448733865919387
170.7209906773354,476.32357603742656,179.68069390497774,31.251899024242913
172.26825499655138,479.9895799240959,182.22586671758268,31.034119393052748
155.74494939361614,476.5462104068089,183.92669427092713,31.308152739904138
159.99300002928226,481.9734346814262,186.0731864553857,30.684726741921374
154.03274612752986,479.17472533131644,188.36385655122075,30.515920440837142
148.5182624853087,485.6635156164797,193.1992443902909,28.836218503051644
151.09994694606166,479.37825411364133,193.26128188790003,29.666024139019456
147.15058766224777,487.0459363756849,197.15790675966554,28.302170701756026
139.92989584713536,479.5630966329175,197.16253260927095,29.491305718878884
143.42236056019485,486.49373894315426,199.10446762992524,28.28058226051771
151.2816428326047,479.7668032561661,198.00157400306594,29.676814083010562
144.20384382449404,486.44373414860047,201.46806783107047,28.274526629030923
143.25128561305775,479.8594802862243,201.79755753892698,29.300528768043407
146.91976377188598,487.8219119574763,201.02243745315602,29.47504305015241
225.1624927904864,475.37296930608125,197.74276207614378,31.365954724669486
256.93756341286075,483.74303437396975,193.38528168318518,32.99420286855722
247.98228081685903,478.25018413283965,190.88939139813726,33.44285813751036
254.2711114632385,485.81707247172204,187.15627084123463,33.589136915632665
261.6924069838331,477.80045860531914,182.73908079151977,34.551228909549025
266.0296436376248,485.3776570246211,179.8610097556627,34.010118265307966
264.2497463900803,480.33753252102434,178.41886964003692,33.131820308518265
267.82807552751024,487.43441324849704,177.4209606994435,32.032194225523675
270.27566809239613,478.69616141517366,174.6208090033796,32.41101687392495
269.27359755402034,487.79219806014027,174.64269129427603,31.38237264262074
270.53174809492634,482.7027878917221,173.0229278331554,30.829781005768055
270.694089807404,489.7462867665512,172.95845788263455,29.530744165051296
273.8312614871972,481.7753249413752,170.4229946263014,29.84067753100095
277.046237452162,489.9924145924736,168.36105370496622,29.342470088882006
276.67771365367025,482.0063808579145,166.51116405749724,29.667973069726237
280.1245253335445,489.5717951118878,164.79531714124164,29.180745314240205
280.3583991022948,481.4828885886245,162.67363903786986,29.66770331472219
282.4167767665899,488.6712127408809,161.89306459795267,29.057757357316703
