298.000	169.000	52.000	39.000
295.436	178.355	56.812	39.863
295.851	191.633	56.240	41.311
295.788	205.704	56.140	40.968
296.058	219.343	55.678	41.394
297.360	222.727	55.454	40.117
297.360	223.199	55.585	38.044
297.211	223.011	54.918	38.559
296.449	222.787	55.917	38.490
296.762	222.903	55.708	38.483
297.485	223.625	54.897	38.782
297.314	224.308	55.389	38.266
297.169	224.753	55.520	38.697
295.997	225.198	56.778	38.929
295.524	225.910	56.760	38.362
295.560	226.461	56.586	38.726
294.800	227.003	56.923	38.934
296.094	227.405	55.841	39.425
295.335	227.979	56.240	39.347
296.003	228.706	55.481	38.890
295.576	229.895	56.261	39.243
293.866	230.962	57.502	38.909
295.213	232.509	56.070	38.074
294.334	233.232	57.057	38.566
296.056	234.174	55.034	38.157
294.389	235.123	56.544	38.552
294.927	236.346	55.323	39.038
294.587	237.389	55.860	38.619
294.040	238.678	56.038	39.184
294.594	239.887	55.226	38.170
294.713	231.000	55.148	38.817
293.921	219.624	55.794	38.763
294.030	207.916	55.365	37.501
293.978	199.206	55.123	38.445
293.217	202.176	56.102	39.059
293.162	203.982	55.708	39.858
294.251	205.691	55.149	40.413
293.302	207.371	56.546	39.203
293.936	208.592	55.614	39.339
293.763	209.748	55.449	39.708
294.437	211.059	54.952	39.429
294.002	212.250	55.360	39.503
294.414	213.254	55.034	39.781
293.969	214.417	54.799	40.304
293.988	215.337	55.077	39.505
293.255	216.608	55.498	39.769
293.296	217.753	55.255	39.746
293.217	218.884	54.917	39.066
293.620	208.559	54.102	38.435
293.562	197.079	54.432	37.557
294.479	184.284	52.840	37.937
293.912	171.644	53.040	38.150
294.320	162.210	52.413	39.157
292.895	183.448	53.614	38.715
292.565	173.979	56.278	39.320
291.988	174.985	56.923	39.618
292.033	176.222	57.096	39.652
291.979	177.601	57.339	39.700
291.561	179.143	57.313	39.024
292.179	171.541	56.084	38.268
291.081	159.817	57.701	39.107
291.699	147.677	56.879	39.934
293.283	140.277	55.054	38.262
291.733	143.988	55.968	38.233
292.028	146.455	55.922	39.084
292.016	148.716	55.968	39.424
291.742	150.547	57.262	39.650
292.064	152.525	56.460	39.962
292.742	154.306	56.022	39.899
291.968	156.289	56.090	40.248
291.887	158.062	56.783	39.672
291.623	159.963	57.138	40.417
291.804	161.568	57.409	39.955
291.741	163.313	57.765	40.235
291.155	165.247	58.581	40.595
291.555	167.101	57.468	40.266
291.697	168.944	56.783	40.261
291.705	171.238	56.923	39.413
292.329	173.207	56.164	39.773
291.715	175.103	56.909	38.687
291.743	177.255	56.965	37.982
291.181	178.786	56.988	38.570
291.349	179.324	56.925	39.243
292.017	167.969	56.184	39.773
291.885	156.442	56.926	41.063
291.796	145.214	57.189	41.233
292.391	133.836	56.860	41.112
291.814	121.571	57.178	39.633
291.253	117.765	57.147	38.324
291.471	121.262	57.145	39.674
291.838	124.734	56.858	39.346
291.303	126.907	57.129	39.408
290.590	128.643	58.375	39.630
291.208	131.561	58.275	39.437
291.400	132.947	57.975	40.194
290.850	135.050	59.053	40.268
291.917	137.063	57.113	39.533
291.797	139.512	57.701	39.611
291.614	141.387	58.267	39.623
290.992	143.419	58.722	40.053
291.857	144.698	57.544	41.201
292.164	146.736	56.970	41.071
292.226	148.736	56.731	40.325
292.489	151.148	56.929	40.711
291.292	124.528	57.917	37.264
291.358	112.715	57.052	38.851
291.370	100.646	58.408	40.807
288.861	87.805	61.930	41.800
290.207	89.543	59.869	41.651
289.827	92.933	60.272	41.209
288.972	95.630	60.817	41.574
289.265	97.452	60.452	41.671
288.285	99.041	62.014	42.982
288.457	100.487	62.278	42.424
288.463	102.437	61.817	41.815
288.549	103.937	60.642	42.284
289.037	105.780	60.681	42.010
289.023	107.315	60.330	42.336
289.724	108.596	60.088	42.102
289.965	109.991	59.550	42.511
290.048	111.874	59.209	42.428
289.384	113.114	59.839	42.269
289.466	114.310	59.884	42.664
290.277	116.439	59.239	41.340
288.843	117.390	60.476	41.444
288.671	118.417	60.820	41.672
289.163	119.684	59.981	41.811
288.771	120.837	60.384	42.165
289.400	109.846	59.301	43.559
290.326	98.167	58.358	42.950
290.532	86.074	57.599	40.748
290.685	81.398	56.616	39.196
290.160	84.749	57.023	39.225
289.574	86.111	58.555	40.156
290.225	87.822	57.713	40.752
290.319	89.119	57.707	40.553
291.179	90.622	56.647	40.443
290.493	91.729	57.095	39.388
290.659	93.127	56.704	40.008
290.261	94.636	56.764	39.204
290.073	96.249	56.941	38.600
290.375	97.092	56.694	39.532
290.541	102.120	55.921	38.615
289.364	117.397	57.065	38.853
289.356	131.735	57.587	40.528
288.912	146.211	57.956	42.013
287.891	160.403	60.541	42.598
287.160	160.724	61.146	42.344
287.439	160.695	60.272	41.515
287.715	161.496	60.289	42.137
287.457	162.150	60.820	41.950
287.894	163.016	60.531	43.047
287.915	164.381	60.934	42.379
288.197	165.801	60.480	42.617
287.413	167.246	61.363	42.632
287.737	168.436	60.733	42.820
288.385	170.084	60.046	42.029
288.423	171.442	60.300	41.717
288.125	172.698	60.734	41.655
288.083	174.413	60.286	42.322
288.956	187.290	59.509	40.546
287.973	200.582	61.137	42.718
288.262	216.178	60.768	42.281
288.160	220.582	60.009	41.412
287.076	220.407	61.605	39.726
287.653	220.952	60.202	40.832
287.224	221.822	60.433	40.382
287.927	223.325	58.933	41.178
286.528	224.321	60.643	41.110
287.142	225.836	59.138	40.869
287.292	227.070	59.337	40.456
286.718	228.357	59.088	41.177
287.373	229.785	59.388	40.889
287.108	231.572	59.327	41.144
287.048	232.903	58.889	40.893
286.744	234.150	59.624	41.204
287.325	235.299	59.420	40.918
286.715	236.666	59.210	41.087
287.633	238.143	58.437	40.914
286.726	239.500	59.137	41.435
287.332	240.703	58.380	41.039
287.468	242.168	58.003	41.033
286.334	243.643	59.108	41.211
287.229	245.000	58.150	40.438
287.638	246.494	57.627	40.976
285.855	247.420	59.346	41.579
286.331	248.852	58.283	41.235
285.959	249.932	58.384	41.933
285.724	251.277	58.791	42.539
285.812	252.865	58.590	42.025
285.411	247.680	59.004	41.094
285.982	235.783	58.272	42.465
286.101	224.331	58.814	42.205
285.542	212.425	58.942	40.890
285.834	213.701	57.611	40.283
286.449	216.788	56.678	39.715
285.382	219.071	57.769	39.997
285.001	220.518	58.165	39.362
284.764	221.803	58.555	40.609
284.958	223.528	58.484	40.981
284.708	225.300	58.842	40.850
283.909	226.879	60.114	41.730
283.573	228.265	59.875	41.263
283.294	230.237	60.646	40.741
283.776	231.641	59.255	41.083
283.818	233.150	59.133	41.001
283.419	233.995	59.479	41.678
283.493	235.388	59.704	40.984
283.446	236.703	59.503	41.735
283.578	238.299	59.554	42.005
283.452	239.540	60.119	40.828
283.317	241.051	60.165	41.594
283.454	241.961	60.071	42.382
284.021	242.968	59.835	42.514
283.481	232.906	59.564	42.416
283.593	221.008	58.536	41.709
283.688	209.369	57.663	39.798
283.919	197.569	57.568	40.220
284.628	186.338	56.417	39.549
285.404	188.338	55.105	38.989
284.699	191.762	54.835	38.048
283.896	193.481	55.776	38.587
283.408	195.656	56.639	38.699
283.415	196.798	55.969	38.161
284.007	198.084	55.544	38.804
283.031	199.263	56.925	39.195
283.207	199.931	57.242	40.086
283.850	200.549	56.450	40.622
283.351	201.990	56.328	40.819
283.786	203.207	56.363	40.552
283.389	204.190	56.011	40.884
283.641	205.120	56.146	40.675
283.326	206.226	56.661	40.607
283.047	207.222	57.036	40.245
283.065	208.262	56.653	39.965
282.251	208.659	56.994	40.261
282.461	209.672	57.128	39.711
282.510	210.150	56.793	39.521
283.423	211.613	56.057	39.613
282.734	212.420	56.965	39.910
283.354	213.523	56.187	40.344
283.315	215.294	55.861	39.981
282.906	216.742	56.157	40.021
282.503	218.199	56.412	39.782
282.221	219.414	56.721	40.518
282.469	221.156	56.377	40.646
282.061	222.995	57.379	40.424
282.974	224.865	57.031	40.270
282.604	227.110	57.317	39.509
283.377	229.150	56.449	39.490
282.828	231.023	57.196	40.068
282.329	223.605	58.088	39.635
283.356	212.641	57.674	39.867
282.159	201.252	58.181	39.738
283.729	200.725	55.807	36.836
283.036	204.613	55.527	36.927
283.099	206.877	55.193	37.551
283.150	209.758	55.128	38.016
283.140	211.308	55.062	38.549
283.232	214.296	54.817	38.053
283.475	216.007	54.751	38.641
282.928	218.401	55.197	38.386
283.077	220.098	55.392	39.010
283.013	222.677	55.047	38.833
282.869	224.240	55.944	39.531
283.391	227.068	55.426	39.436
282.485	228.823	56.569	39.725
283.083	228.157	56.490	38.824
282.178	216.729	57.143	38.914
282.681	205.878	56.131	38.911
283.044	196.997	55.262	37.853
283.285	200.113	54.372	37.526
282.860	204.127	54.747	36.910
283.288	206.297	54.856	37.807
283.168	209.192	54.858	37.897
282.992	211.960	54.963	37.796
283.804	214.429	54.473	38.487
283.734	216.213	54.499	39.186
283.843	219.407	54.402	38.442
283.624	220.918	54.536	38.805
284.164	224.129	54.094	38.231
283.469	225.848	55.080	38.416
284.077	228.771	54.664	38.223
283.638	230.675	55.361	38.448
284.531	233.282	54.420	38.519
284.357	235.803	54.414	38.049
284.206	238.212	55.022	38.231
283.847	240.521	55.864	38.114
284.451	243.394	54.698	37.908
284.202	239.830	55.698	34.500
283.955	228.722	55.100	36.615
284.951	217.713	54.704	34.698
284.144	206.852	55.186	35.024
286.046	209.262	52.995	34.930
285.483	212.628	53.722	34.796
285.168	215.754	53.767	34.371
285.466	217.888	53.759	35.210
285.211	220.293	53.730	35.402
284.889	222.673	53.139	35.256
285.065	225.510	52.949	34.799
283.914	227.952	54.093	34.936
284.350	230.614	53.413	34.816
284.539	232.461	52.803	34.837
285.413	234.925	51.805	34.733
285.272	231.098	51.286	33.915
284.922	220.928	51.591	33.060
283.925	210.234	52.434	33.218
285.983	212.091	50.086	33.539
285.501	215.795	50.466	33.090
284.301	218.810	51.154	32.965
284.247	221.478	51.594	33.067
283.434	222.836	52.324	33.122
284.350	224.956	51.679	34.432
283.780	227.128	52.659	34.114
283.715	229.373	52.656	34.208
283.384	231.376	52.968	32.843
283.647	232.380	52.925	31.775
283.549	221.827	52.684	30.041
283.016	210.059	53.043	29.108
283.470	203.531	52.215	29.371
282.736	206.234	53.190	27.239
283.115	209.271	52.190	27.670
282.546	211.678	52.906	25.442
283.428	213.443	51.928	25.189
284.098	216.185	49.826	23.730
284.916	218.733	49.130	21.129
286.260	220.570	46.487	21.192
286.233	223.073	45.245	32.651
287.912	224.428	38.242	33.773
295.392	231.528	37.525	29.687
296.015	234.778	29.042	27.286
295.837	237.947	27.200	23.471
299.868	241.300	36.513	23.232
295.256	246.023	34.205	26.323
300.713	244.761	41.416	23.615
325.040	246.049	31.741	27.110
333.213	244.830	25.094	21.971
333.828	246.815	24.022	23.238
333.056	246.485	23.529	21.740
333.652	245.699	23.103	22.370
334.629	246.190	22.744	24.639
335.511	247.789	23.146	23.273
334.688	245.008	22.923	18.899
331.590	245.117	21.730	19.437
334.060	244.912	24.237	20.104
330.963	246.019	22.638	19.921
332.488	243.588	25.965	17.942
338.643	244.113	21.762	19.453
334.770	247.022	20.939	20.295
336.032	244.682	23.625	24.822
332.740	243.195	27.482	18.332
332.867	245.848	25.579	20.104
332.386	244.943	25.927	21.097
332.661	245.512	25.010	20.288
332.222	245.743	24.416	16.206
332.733	241.478	22.146	23.110
333.945	227.617	23.167	25.941
334.817	215.570	25.719	27.968
329.838	214.871	27.607	29.225
336.929	216.856	23.734	27.989
332.018	216.041	25.707	28.330
339.134	217.100	24.553	27.623
333.349	215.225	25.056	24.824
334.477	220.661	25.379	27.067
337.566	220.603	22.385	28.490
335.428	218.533	21.862	26.564
333.799	217.771	24.086	17.934
335.002	218.642	21.713	21.849
332.114	218.078	20.481	15.633
333.315	218.423	20.538	19.162
334.054	217.622	22.882	19.325
334.868	216.734	22.153	29.057
336.053	216.916	24.719	25.104
335.208	219.902	24.209	25.473
336.620	218.795	25.462	26.676
332.406	206.656	24.909	26.199
334.983	192.848	23.734	28.151
332.857	178.909	26.898	27.532
332.450	164.456	25.647	27.866
331.980	150.927	22.585	26.607
333.819	145.187	21.256	19.899
330.078	148.090	20.426	20.615
333.911	147.116	25.830	15.282
334.306	149.559	22.430	24.547
338.579	147.875	22.955	19.135
333.866	149.641	18.473	20.748
333.451	148.247	24.439	22.327
337.412	148.960	25.926	25.789
334.690	147.729	31.586	27.617
327.711	147.706	32.717	27.246
331.795	148.163	34.931	29.279
335.669	156.585	36.363	25.197
334.864	153.226	37.103	26.633
331.446	143.834	33.257	23.670
335.060	144.939	33.102	24.893
334.961	148.604	24.887	25.852
336.593	146.621	29.906	28.538
332.605	151.305	21.832	26.161
333.031	165.435	23.915	26.571
332.609	178.718	23.726	25.829
333.589	192.359	24.995	26.084
335.713	192.744	28.446	24.071
338.036	189.703	22.658	25.827
337.138	189.845	22.988	25.515
339.076	187.651	21.043	27.274
336.374	188.791	25.187	25.768
337.916	188.261	26.489	26.568
338.253	188.026	25.775	24.348
334.454	188.665	26.524	26.370
339.819	188.753	27.168	25.256
337.770	186.983	21.376	20.139
342.114	189.195	18.379	19.818
339.834	188.020	20.281	13.572
333.227	189.510	21.461	15.746
340.914	188.147	18.924	16.134
334.380	189.527	21.460	14.795
337.236	190.592	18.738	16.937
337.724	188.502	20.979	17.500
335.237	190.661	22.199	18.048
336.257	189.967	20.153	20.224
336.422	193.626	21.357	24.944
336.001	189.700	21.357	27.885
337.242	191.184	24.581	26.086
336.314	188.211	29.757	30.064
331.474	190.868	29.292	27.566
336.294	192.586	27.466	26.210
331.805	192.601	22.989	23.146
335.384	190.571	21.290	25.253
338.082	189.197	23.474	22.299
334.170	189.505	25.613	22.270
337.505	190.741	23.523	19.395
335.617	188.913	23.429	18.305
340.556	190.805	24.294	21.846
334.777	190.391	25.793	24.969
337.005	193.041	28.613	28.520
337.013	194.010	29.069	26.976
334.305	194.556	25.809	24.053
336.003	190.673	28.207	25.714
335.464	187.937	29.290	27.930
330.492	189.301	27.336	20.804
332.538	191.361	21.939	21.543
332.321	190.203	22.727	19.611
335.330	189.547	24.033	19.720
335.053	191.739	21.364	21.341
335.866	192.310	23.907	24.122
337.204	189.636	23.059	27.275
337.328	186.406	24.484	21.260
337.263	190.077	24.557	19.695
332.794	190.642	24.718	20.976
336.643	188.607	24.152	21.568
331.590	190.489	24.442	20.160
337.537	188.729	24.009	25.274
334.376	186.200	24.741	21.716
337.999	189.640	22.432	20.490
334.613	188.463	25.451	21.139
332.628	189.601	24.255	25.038
341.431	187.529	20.663	18.839
337.475	190.099	18.786	19.876
339.147	187.051	20.571	19.454
334.134	189.690	21.122	16.638
336.901	190.971	19.987	19.410
341.703	187.484	18.802	15.824
338.271	188.752	20.018	16.723
338.942	188.845	19.350	17.408
339.224	188.919	18.983	16.605
337.774	191.234	19.725	16.426
338.514	187.326	21.268	16.299
334.285	189.477	20.956	20.187
339.533	188.322	19.654	18.920
333.323	190.045	21.201	16.937
338.247	188.335	20.780	19.458
337.705	188.713	19.538	16.916
338.374	190.286	19.413	15.749
338.380	187.859	19.389	15.943
342.502	189.558	17.705	18.115
337.917	188.128	18.260	16.939
336.790	193.705	19.887	22.524
335.308	196.576	25.491	25.453
336.346	200.216	29.732	25.532
339.973	195.219	24.128	23.232
338.224	189.133	25.472	27.101
336.705	188.395	27.881	28.543
332.235	188.559	31.299	29.691
335.812	188.657	25.263	21.556
331.202	190.472	23.186	19.353
338.648	188.315	20.708	15.395
336.531	188.677	20.854	17.122
338.776	188.938	19.416	16.371
331.330	189.663	22.402	14.483
337.254	189.747	21.165	18.615
333.768	191.495	20.534	19.115
332.460	190.048	22.511	16.806
336.256	190.803	23.019	19.854
335.481	188.045	22.888	16.729
332.460	190.152	22.974	15.257
334.225	191.391	22.897	18.160
333.496	189.401	25.083	15.797
337.616	190.550	22.098	19.135
331.976	190.294	22.650	15.391
338.030	191.498	20.518	18.449
334.381	188.306	23.596	15.676
338.707	189.732	20.967	17.160
332.719	193.007	20.170	16.714
334.769	191.202	21.891	16.599
337.076	189.311	19.335	21.474
336.261	190.350	20.713	22.109
338.215	189.057	21.813	22.515
334.727	189.572	24.646	19.147
338.355	192.557	23.805	20.975
335.273	191.241	21.716	18.618
338.380	188.940	22.203	15.564
333.259	190.729	23.007	15.442
332.008	193.547	20.217	19.771
335.546	191.222	22.973	22.741
337.321	189.499	22.842	16.398
332.925	191.727	21.424	20.744
330.840	196.584	27.581	24.008
336.644	199.327	32.924	24.198
335.529	198.190	35.082	24.711
328.902	188.592	38.019	26.595
334.620	194.571	35.374	25.560
330.541	188.697	36.323	28.374
334.266	191.326	25.098	24.358
335.228	187.965	31.077	26.997
329.836	190.500	26.844	24.728
334.331	188.044	31.778	27.022
332.779	192.709	31.079	27.241
336.959	188.404	26.731	24.520
332.775	191.836	27.688	24.079
334.808	190.591	26.078	24.078
336.627	189.380	25.058	27.575
333.659	188.765	26.201	26.805
333.946	188.780	32.811	25.858
330.086	191.629	32.020	26.222
333.232	190.125	26.897	17.221
336.002	192.074	22.704	18.523
336.267	188.403	23.250	17.974
338.514	190.024	19.725	18.356
333.554	190.040	21.956	15.573
334.293	189.635	20.769	19.159
338.019	188.563	21.448	15.811
340.373	190.514	17.875	16.418
333.452	190.352	22.825	14.611
339.585	191.110	19.028	20.017
339.692	190.096	19.421	13.994
335.633	190.669	18.242	14.078
337.244	190.189	19.832	17.718
339.727	187.139	20.945	16.125
335.405	190.577	20.973	16.658
337.603	190.254	23.419	23.391
338.729	186.902	23.017	15.951
332.782	188.823	24.648	17.424
335.234	192.849	21.848	22.807
336.873	189.148	23.812	23.665
333.854	189.901	26.205	23.937
339.630	184.853	25.539	21.896
334.536	190.497	21.952	19.154
335.688	188.435	23.906	14.788
333.301	191.933	20.870	21.809
334.871	190.177	22.883	24.454
335.572	194.796	26.470	27.260
322.561	190.038	27.657	16.900
294.146	190.112	29.497	19.584
266.380	190.292	29.954	20.211
243.918	190.029	29.692	18.454
245.907	189.880	26.057	21.247
247.086	191.201	24.713	23.007
247.374	190.210	24.880	16.936
251.010	189.397	24.452	21.558
245.358	189.090	23.820	17.839
248.417	189.510	21.205	20.738
248.768	188.671	23.191	22.427
249.137	185.382	24.816	19.196
247.052	178.072	24.076	25.086
248.952	164.099	23.256	27.764
252.899	157.190	23.546	24.338
246.466	159.898	23.000	16.607
253.082	159.749	20.565	20.168
247.868	159.143	23.872	18.311
254.186	160.252	19.413	19.750
249.033	160.296	22.885	17.487
251.234	160.409	20.574	17.476
251.933	162.514	18.734	17.949
255.636	158.809	18.763	14.843
246.727	161.336	22.692	16.759
249.251	162.105	20.351	18.708
254.066	159.355	19.398	16.454
249.141	161.490	21.431	16.050
250.064	163.069	19.875	17.375
251.570	159.156	22.379	15.399
249.003	161.649	20.590	17.643
250.390	161.001	21.278	17.427
246.521	162.825	20.244	20.281
252.516	161.222	20.472	19.794
248.351	162.689	20.687	17.680
253.797	159.361	20.123	14.033
245.741	161.624	23.625	15.316
226.737	163.262	27.451	20.730
199.344	161.830	28.068	18.657
195.932	163.698	24.765	20.713
207.612	162.013	21.884	16.767
200.798	160.462	26.874	16.142
205.415	161.897	24.940	19.153
201.858	160.573	24.429	15.878
208.479	161.083	19.038	17.698
199.585	162.423	22.061	16.904
201.318	161.520	22.708	19.998
202.702	163.847	24.213	23.496
200.481	162.371	28.172	16.502
210.143	163.825	31.367	21.272
206.693	160.812	39.672	24.560
223.969	160.140	34.810	26.697
222.826	159.207	36.706	29.423
223.821	162.316	40.161	32.159
220.260	163.401	49.188	36.938
222.648	155.486	47.270	37.323
221.125	157.793	32.335	27.804
224.041	162.013	42.538	27.603
264.655	160.937	27.016	20.011
265.995	163.853	23.411	14.660
267.880	159.854	21.217	16.333
272.643	162.849	21.333	17.433
267.065	160.448	23.023	14.321
270.186	161.321	22.887	16.643
247.793	163.017	26.477	19.216
215.913	161.293	29.475	22.269
210.028	162.800	26.181	20.431
220.175	161.112	22.862	15.502
215.810	164.212	21.428	15.959
216.017	160.418	22.148	18.232
216.133	163.344	22.201	18.016
218.324	159.679	23.384	19.906
218.539	163.334	21.715	19.889
218.958	161.919	22.581	24.811
213.683	159.894	27.712	24.050
217.359	162.581	27.427	22.170
218.497	163.387	24.520	27.051
219.265	160.807	23.605	23.321
224.705	162.822	24.374	23.441
226.015	162.605	42.552	20.017
230.072	162.783	52.477	22.727
246.634	161.588	42.621	25.795
244.188	161.258	46.591	30.514
267.000	160.608	41.305	27.488
286.079	159.941	31.126	22.084
290.037	163.272	27.750	28.201
285.624	163.758	32.023	25.995
282.281	161.392	32.931	26.454
288.864	159.244	23.992	24.971
290.386	160.263	22.361	18.589
285.957	163.635	22.382	18.007
291.704	161.459	21.004	15.278
288.087	163.737	19.041	15.513
287.123	162.016	22.368	18.634
289.194	160.848	22.834	18.352
285.899	163.502	20.418	18.605
288.545	161.944	25.323	20.252
289.304	162.185	23.808	23.655
290.190	160.235	27.308	26.702
288.919	163.616	24.950	25.777
290.477	159.652	25.209	29.979
290.925	160.650	25.553	22.572
286.253	160.858	21.814	25.159
291.629	160.809	23.880	21.927
287.820	159.880	22.776	16.913
293.234	160.567	19.555	18.177
289.424	163.090	18.878	15.844
286.799	160.533	22.289	16.396
292.670	163.005	18.543	17.091
288.251	161.228	20.122	16.742
291.499	162.499	19.852	17.334
289.868	160.153	19.802	18.636
286.359	162.179	18.971	21.809
291.531	159.673	21.242	18.496
291.941	162.194	18.790	18.683
272.529	161.600	24.065	16.727
243.159	162.179	24.931	22.004
210.677	161.328	32.596	17.632
184.401	162.676	30.038	18.094
158.793	161.866	30.445	19.153
127.002	162.362	35.441	20.936
122.662	159.849	28.192	16.867
127.879	161.951	23.765	17.923
128.426	160.869	23.408	15.890
132.436	160.939	23.148	16.072
131.689	161.411	22.381	16.260
127.907	162.114	24.451	16.511
130.939	161.416	20.583	17.895
114.015	163.518	24.687	21.606
80.369	162.393	30.445	19.371
55.692	163.530	29.196	20.537
26.125	160.852	31.824	20.925
2.063	162.093	25.870	23.420
0.026	163.868	17.720	23.020
0.000	161.719	14.445	22.500
0.670	161.293	14.005	22.261
0.628	161.332	14.389	18.582
0.874	158.805	15.934	20.599
1.172	164.819	13.878	28.556
2.103	163.030	22.139	26.443
0.000	150.342	18.997	30.127
0.000	148.518	13.117	27.085
1.100	150.993	11.141	22.026
0.247	151.452	9.655	19.366
0.754	150.960	8.256	16.484
0.000	0.000	0.000	0.000
0.000	0.000	0.000	0.000
0.000	0.000	0.000	0.000
0.000	0.000	0.000	0.000
0.000	0.000	0.000	0.000
0.000	0.000	0.000	0.000
21.753	134.659	61.513	56.595
34.951	165.511	79.879	54.653
68.770	157.378	85.422	59.037
98.465	149.611	85.809	64.253
120.170	160.453	64.900	57.365
132.170	159.755	61.363	54.747
132.944	161.341	58.720	56.066
134.761	158.835	56.930	52.218
133.432	166.660	46.116	52.739
108.291	169.447	48.847	48.862
83.330	166.124	47.368	53.070
56.797	165.131	49.252	51.634
47.607	164.702	43.557	53.303
55.442	167.637	38.724	45.517
54.421	168.195	36.141	42.716
47.084	168.792	35.775	47.892
19.402	168.535	35.571	45.207
1.693	173.235	27.671	41.318
0.000	151.880	28.185	64.381
0.000	151.803	36.461	45.740
1.036	153.523	40.294	46.368
2.200	152.705	45.541	48.750
0.000	140.360	34.569	46.793
2.213	144.560	36.434	37.319
2.211	136.223	34.109	41.504
8.969	142.896	39.348	39.753
1.933	142.848	26.420	42.026
2.488	139.324	31.445	51.772
0.875	154.176	29.758	45.337
1.872	130.713	37.517	39.987
1.136	113.901	43.170	47.897
2.428	103.082	39.876	38.817
1.736	100.247	39.016	39.198
1.826	103.267	40.915	36.769
2.329	103.431	39.525	36.327
1.854	104.055	28.750	34.996
0.000	104.675	25.680	29.911
2.603	109.995	38.808	36.239
11.973	111.282	50.396	44.299
15.053	117.348	56.136	54.905
49.640	150.224	56.879	40.578
94.289	213.141	35.426	30.217
105.228	222.554	29.252	21.833
100.830	221.687	30.665	22.938
101.217	224.233	27.410	21.489
99.112	226.257	24.493	18.824
96.685	226.854	25.773	17.492
87.681	222.971	33.715	21.984
72.209	221.190	43.100	27.467
55.039	221.867	51.962	25.588
41.621	212.917	67.458	31.893
77.310	215.868	46.705	34.432
70.954	209.596	59.123	39.229
103.586	220.023	39.244	38.692
91.542	220.831	28.321	29.433
91.688	213.727	32.029	24.449
94.894	217.368	30.882	22.777
97.225	221.351	27.496	20.447
89.915	217.960	30.185	23.654
83.591	214.813	30.820	28.353
65.343	206.423	33.293	29.492
62.882	205.769	46.428	30.958
66.579	202.539	39.624	38.471
50.273	185.479	60.883	56.484
82.153	178.731	69.751	50.022
184.759	310.110	52.065	13.764
196.923	311.523	62.666	38.635
207.779	311.546	65.762	39.679
217.286	311.225	65.447	40.501
229.509	311.141	65.054	40.106
239.264	310.956	65.929	39.786
242.517	311.364	64.910	39.784
224.825	311.490	65.111	39.686
210.951	310.716	63.990	40.326
219.346	311.315	64.681	40.050
233.718	311.762	64.211	39.684
242.576	311.394	64.395	40.150
252.162	311.872	65.089	40.341
261.996	311.683	65.993	40.654
272.503	311.951	65.858	40.489
280.624	310.952	65.805	41.595
270.256	310.746	65.835	40.882
250.625	310.542	65.206	41.404
232.776	311.902	65.677	39.843
215.308	311.920	66.657	40.384
203.662	311.077	65.556	41.325
211.505	310.930	64.493	41.185
225.856	311.905	64.029	39.846
233.767	312.360	64.928	40.851
244.398	312.740	65.640	40.634
253.475	313.072	66.001	40.458
264.298	312.306	65.930	41.302
273.655	311.646	65.661	41.979
283.758	312.549	65.721	42.313
293.820	312.624	64.974	41.888
303.467	312.881	65.522	41.658
313.302	311.963	65.661	42.605
322.492	312.248	66.342	42.234
332.207	312.997	65.836	41.264
343.286	311.010	63.849	39.469
352.244	297.004	63.131	40.629
362.154	284.218	62.650	39.835
370.012	275.417	62.859	38.083
379.337	277.137	62.488	37.869
387.414	278.362	63.794	38.190
395.842	278.530	63.504	38.276
404.338	278.106	63.571	38.873
412.598	277.594	63.439	40.217
420.046	277.529	63.661	39.792
427.924	277.046	62.517	40.369
435.588	276.765	61.729	42.422
441.769	277.067	62.710	42.796
447.241	277.515	62.628	43.430
443.454	278.473	63.612	42.343
421.654	280.727	63.479	40.718
397.990	281.677	62.293	39.417
379.781	281.740	60.501	40.222
383.129	280.909	60.732	40.271
388.891	281.262	61.169	39.668
392.070	280.524	61.774	41.845
393.459	280.418	64.412	42.916
395.681	280.713	63.923	43.095
392.032	283.540	64.786	40.650
370.004	284.983	62.821	40.108
340.186	286.481	64.628	40.084
314.587	286.699	65.282	38.840
307.240	286.572	63.867	40.099
312.066	286.290	63.271	40.817
313.143	286.982	63.457	40.529
312.934	286.638	65.100	40.004
314.557	286.908	63.669	41.596
301.983	288.000	64.891	41.207
272.187	288.119	66.500	39.894
244.341	288.561	66.445	40.982
222.047	287.302	63.627	40.657
217.439	287.782	62.807	40.122
222.170	287.860	61.764	40.195
222.268	288.176	63.043	40.226
221.882	288.586	63.722	39.732
222.345	289.374	63.222	38.727
222.576	289.361	63.552	39.602
223.695	289.217	62.624	39.102
223.501	289.099	62.902	39.000
223.600	289.105	63.620	39.717
224.322	288.873	63.602	40.127
231.533	288.541	64.017	40.988
258.293	289.409	64.710	40.243
286.305	289.402	64.955	40.668
299.865	289.745	64.895	40.208
296.908	289.922	65.433	39.020
296.374	290.101	64.364	39.002
298.445	290.118	62.763	39.387
297.852	290.295	63.631	39.087
298.191	290.186	63.986	40.255
298.658	290.168	63.370	39.665
298.582	290.242	63.382	40.010
298.117	290.356	63.765	39.600
298.477	290.268	63.837	39.802
298.222	290.421	64.147	39.621
297.503	290.495	64.217	39.931
298.070	289.976	64.123	40.375
297.737	290.577	63.925	39.989
297.546	290.744	64.243	39.775
297.109	290.571	65.142	39.646
296.839	291.055	65.446	39.813
297.165	291.033	64.672	40.165
305.596	290.471	63.394	40.113
331.699	291.079	65.186	39.937
360.709	290.437	65.116	41.472
374.697	291.063	63.502	41.036
371.031	290.711	63.826	41.473
370.512	290.790	62.933	41.820
370.335	290.304	62.901	42.220
370.185	290.279	63.773	42.659
370.241	290.826	63.671	41.767
369.923	291.713	63.233	41.480
368.949	291.983	64.046	41.311
367.260	291.691	65.826	41.574
366.997	291.862	66.181	42.418
365.630	291.903	67.460	41.325
365.282	291.991	67.170	41.123
365.407	292.294	66.327	40.944
364.707	293.033	66.699	40.763
364.305	293.374	66.763	40.030
362.730	293.459	67.379	40.006
362.041	293.174	67.094	40.461
361.568	293.251	67.033	41.248
360.738	293.440	67.233	41.049
359.928	293.509	68.332	41.167
360.613	293.803	67.642	41.617
360.148	294.236	67.276	39.847
360.129	294.505	66.832	40.899
360.154	294.638	65.588	40.637
359.432	294.487	66.431	41.492
358.390	294.516	66.740	40.573
358.715	294.520	65.236	41.389
359.310	294.868	64.674	41.824
359.904	294.850	63.607	40.158
359.499	294.937	62.900	40.705
359.820	294.251	62.667	41.010
359.307	294.338	62.871	40.962
358.666	294.493	61.693	41.321
358.905	295.000	62.018	39.636
358.664	294.929	61.904	40.753
357.378	294.937	63.164	40.840
357.461	295.027	62.603	40.478
356.885	294.623	63.078	40.831
357.375	294.699	62.475	41.095
357.331	294.811	62.263	40.776
357.802	294.684	61.553	39.113
356.469	294.280	62.720	40.376
359.468	294.560	60.850	39.897
379.003	295.300	62.524	39.836
409.349	294.485	61.818	39.402
431.347	294.656	61.242	38.947
432.591	294.926	61.279	39.788
430.401	294.685	60.427	38.821
431.663	295.091	59.840	39.644
431.316	295.356	59.813	38.395
431.194	294.914	60.544	39.847
431.441	294.827	59.281	41.610
431.512	295.020	59.043	40.675
430.766	294.914	60.373	40.268
430.984	294.812	60.271	40.549
431.437	294.721	59.380	40.495
431.115	294.944	59.478	40.174
431.745	295.054	58.869	40.206
431.616	294.990	58.967	39.617
431.450	294.873	60.189	39.725
431.636	294.648	59.601	40.335
431.487	294.756	59.767	40.024
431.777	294.714	60.486	40.207
431.855	294.490	59.409	38.421
431.480	294.276	60.401	39.860
431.421	294.566	59.880	37.838
430.927	294.821	60.826	39.569
431.269	295.574	59.861	38.205
430.761	295.095	60.758	39.256
431.440	295.693	59.628	39.488
431.070	295.935	59.898	39.298
429.897	296.470	60.424	39.015
430.394	296.383	59.221	38.598
429.835	296.228	59.320	37.395
430.702	296.280	57.894	38.309
431.359	296.454	56.380	38.151
430.006	296.462	58.014	38.412
429.747	297.481	58.017	37.752
429.003	297.268	59.167	37.596
429.279	296.444	58.648	37.206
429.086	296.149	58.289	36.808
428.947	296.868	58.128	36.822
429.884	296.591	57.506	35.946
429.515	297.557	58.044	37.451
429.403	297.393	58.741	38.258
428.726	298.396	59.534	36.352
428.562	297.820	59.632	37.109
428.100	298.099	59.781	36.421
428.276	297.944	60.253	36.160
428.231	298.239	60.139	36.479
428.561	298.338	60.067	37.608
428.543	299.041	59.972	37.021
429.922	298.990	58.440	35.973
430.033	299.071	58.614	35.581
430.085	298.992	58.520	36.395
430.554	298.738	58.363	37.042
430.717	298.880	59.013	36.668
431.262	298.741	58.401	36.069
430.463	298.359	59.281	36.160
430.417	298.318	59.576	35.995
432.011	298.493	57.868	37.253
431.884	298.949	58.507	35.440
432.625	298.840	58.008	35.560
432.460	298.841	57.697	34.765
433.178	299.093	56.694	35.124
434.165	298.764	56.365	35.138
434.141	298.531	56.484	34.810
434.427	298.575	56.394	33.976
434.807	298.835	55.840	33.853
434.188	298.570	56.576	33.866
435.045	298.727	55.299	33.005
434.962	298.775	55.270	32.904
434.783	298.359	56.117	33.950
434.282	298.565	56.753	33.797
433.836	298.582	57.269	33.787
433.662	298.009	57.433	34.925
433.687	298.219	57.011	35.391
433.860	298.039	56.834	36.342
434.458	298.043	55.700	36.650
434.572	297.852	55.347	36.203
