1.056635
0.133261
0.221779
0.179283
0.190586
0.179857
0.177361
0.171175
0.164120
0.185971
0.216142
0.228034
0.233858
0.231825
0.410515
0.420615
0.420803
0.433996
0.491335
0.421654
0.451722
0.528885
0.492292
0.405846
0.466341
0.516422
0.510749
0.492871
0.450350
0.484703
0.474048
0.510680
0.507272
0.420542
0.412772
0.422966
0.442455
0.487683
0.532736
0.471318
0.507787
0.486593
0.495699
0.511408
0.517030
0.487212
0.528210
0.484333
0.468525
0.471521
0.392453
0.139816
0.266675
0.261964
0.218299
0.212839
0.244493
0.202368
0.238604
0.275843
0.207238
0.235539
0.211432
0.228173
0.215714
0.190767
0.199123
0.260359
0.245556
0.395475
0.187334
0.210474
0.263582
0.225915
0.214824
0.156010
0.204978
0.378420
0.254566
0.378813
0.236349
0.442609
0.373631
0.534797
0.510700
0.455042
0.522823
0.446757
0.489358
0.492065
0.329951
0.319174
0.348033
0.181315
0.240700
0.220931
0.201851
0.215717
0.199756
0.108770
0.225609
0.198799
0.224152
0.225133
0.132995
0.096582
0.201858
0.220284
0.300734
0.432765
0.457661
0.492494
0.401635
0.485119
0.488932
0.488195
0.466305
0.470376
0.349554
0.225039
0.312188
0.292551
0.156094
0.090060
0.193933
0.132916
0.202972
0.199518
0.179104
0.056393
0.193394
0.058135
0.207186
0.231764
0.079082
0.201223
0.178802
0.221968
0.167656
0.185335
0.240734
0.281725
0.367658
0.428173
0.384997
0.463310
0.475625
0.451836
0.469948
0.367078
0.492422
0.393903
0.309528
0.290966
0.217392
0.240251
0.239712
0.389857
0.139941
0.171670
0.249551
0.108324
0.208001
0.218804
0.221221
0.184768
0.254452
0.435402
0.221198
0.193772
0.220402
0.300366
0.203545
0.200891
0.326455
0.178458
0.181078
0.240061
0.191252
0.240005
0.190753
0.083812
0.200943
0.224099
0.218578
0.193340
0.217827
0.223681
0.225806
0.221994
0.216955
0.228209
0.228745
0.218717
0.164194
0.070805
0.188592
0.224513
0.217765
0.200269
0.228102
0.242922
0.164076
0.078313
0.228584
0.175050
0.211008
0.267219
0.316738
0.179467
0.234789
0.241156
0.278551
0.176180
0.207151
0.330254
0.141937
0.209911
0.222935
0.309923
0.203500
0.179169
0.079147
0.194446
0.217780
0.232206
0.248125
0.385508
0.322736
0.376376
0.228884
0.373156
0.362266
0.450678
0.455837
0.372081
0.418359
0.347518
0.406501
0.462359
0.455473
0.395470
0.367219
0.467466
0.442330
0.426367
0.453791
0.468731
0.469654
0.464539
0.501687
0.504879
0.400305
0.444407
0.493373
0.510772
0.476351
0.460500
0.484465
0.403141
0.472162
0.496989
0.522810
0.402551
0.487731
0.419807
0.482806
0.483808
0.476031
0.498580
0.476813
0.471446
0.452229
0.406166
0.410287
0.197786
0.163577
0.115693
0.205581
0.061005
0.242317
0.221707
0.205871
0.054673
0.213214
0.207385
0.214266
0.222432
0.208458
0.232441
0.189648
0.406878
0.331296
0.414920
0.463691
0.505553
0.440962
0.479622
0.513257
0.469837
0.551852
0.479009
0.453104
0.418820
0.468570
0.514443
0.434257
0.441273
0.400359
0.419757
0.429459
0.447625
0.401781
0.468834
0.468820
0.504282
0.421452
0.439758
0.445600
0.419611
0.485810
0.449270
0.467985
0.468260
0.382921
0.495670
0.436404
0.473127
0.500345
0.453343
0.443609
0.424443
0.491408
0.468954
0.500300
0.279163
0.195537
0.218638
0.198424
0.195662
0.279661
0.095429
0.195717
0.177071
0.236144
0.155845
0.082242
0.229516
0.194068
0.246093
0.233580
0.177014
0.076520
0.209552
0.304771
0.286198
0.308753
0.100991
0.183494
0.235565
0.239560
0.168171
0.238786
0.184088
0.151621
0.109370
0.330400
0.260522
0.388783
0.232560
0.475243
0.497754
0.473687
0.383443
0.469337
0.485665
0.412741
0.425831
0.474617
0.437747
0.483083
0.436262
0.087703
0.200677
0.138516
0.239339
0.165099
0.063176
0.183775
0.189858
0.193107
0.222341
0.225515
0.198499
0.193789
0.216221
0.220935
0.220619
0.274633
0.151478
0.433027
0.407731
0.413728
0.484055
0.397946
0.469558
0.424904
0.429733
0.396849
0.420020
0.314071
0.284378
0.121152
0.074652
0.173744
0.130327
0.080607
0.117044
0.176969
0.128242
0.138280
0.158762
0.186054
0.124414
0.062899
0.166262
0.130610
0.067958
0.173693
0.133605
0.195103
0.175147
0.315248
0.229850
0.433286
0.444080
0.398077
0.526337
0.437502
0.493248
0.528999
0.488708
0.431409
0.320909
0.472744
0.316707
0.118436
0.215167
0.205132
0.246400
0.259489
0.246925
0.323713
0.191078
0.272026
0.174606
0.112580
0.178242
0.186949
0.160045
0.243930
0.185164
0.227224
0.190008
0.236429
0.486540
0.183151
0.216421
0.109930
0.261118
0.208911
0.143962
0.224389
0.341319
0.227700
0.241356
0.215781
0.105040
0.200073
0.139588
0.249647
0.227689
0.180119
0.148957
0.115714
0.229862
0.203155
0.226167
0.216109
0.175824
0.190114
0.172209
0.125129
0.159181
0.111457
0.223364
0.188221
0.120394
0.238329
0.253040
0.257846
0.126019
0.260954
0.241226
0.225723
0.293009
0.290177
0.198752
0.238566
0.389950
0.105383
0.193366
0.180832
0.330153
0.218269
0.425248
0.091783
0.226310
0.242936
0.206084
0.235272
0.364117
0.341516
0.239954
0.248012
0.319811
0.313708
0.450093
0.338226
0.385341
0.395331
0.350150
0.436705
0.350350
0.383824
0.427753
0.392792
0.437467
0.457327
0.459723
0.510832
0.442206
0.448966
0.453461
0.484971
0.404841
0.537921
0.444480
0.420302
0.488718
0.490712
0.435991
0.432767
0.401466
0.488629
0.503445
0.534950
0.474065
0.454715
0.459066
0.437409
0.406419
0.481515
0.537009
0.467919
0.344169
0.235391
0.194659
0.216273
0.258636
0.199128
0.150301
0.141352
0.187563
0.227865
0.215040
0.211312
0.231030
0.176841
0.065868
0.272371
0.387888
0.444082
0.440234
0.433039
0.515650
0.458101
0.499057
0.538733
0.457479
0.411829
0.381894
0.463121
0.528355
0.540002
0.509453
0.485569
0.451248
0.472843
0.463564
0.463278
0.529510
0.493450
0.503942
0.470429
0.483205
0.491899
0.459059
0.443462
0.441786
0.500414
0.507697
0.417280
0.404343
0.488967
0.421490
0.474373
0.405289
0.513202
0.474473
0.437402
0.472301
0.521037
0.236876
0.196031
0.142427
0.084620
0.215723
0.197648
0.171954
0.079798
0.219320
0.155953
0.068053
0.190141
0.169688
0.065850
0.183592
0.201788
0.185101
0.212459
0.183139
0.060177
0.186423
0.226658
0.370672
0.337719
0.191705
0.173637
0.059237
0.194563
0.210480
0.184544
0.077450
0.191724
0.207541
0.336581
0.206816
0.409830
0.065320
0.219512
0.480047
0.419239
0.459623
0.432387
0.412704
0.464639
0.481348
0.454960
0.446076
0.429110
0.463531
0.361156
0.229019
0.219155
0.235416
0.194661
0.119783
0.124038
0.197854
0.217869
0.094524
0.205673
0.211690
0.191079
0.095614
0.175111
0.224923
0.191290
0.226959
0.297067
0.428529
0.470649
0.375585
0.437084
0.374896
0.424248
0.473594
0.461266
0.434617
0.469104
0.433812
0.435412
0.339377
0.213880
0.201619
0.175119
0.084837
0.178806
0.207608
0.200812
0.178685
0.076863
0.203161
0.210813
0.194918
0.195379
0.136902
0.144229
0.183561
0.330457
0.260020
0.430978
0.511626
0.476475
0.521298
0.438154
0.431545
0.463931
0.469347
0.457267
0.443186
0.326441
0.193568
0.183904
0.188305
0.282272
0.497300
0.205388
0.075400
0.220305
0.187490
0.068931
0.201130
0.129464
0.105484
0.217941
0.196269
0.145297
0.161248
0.407704
0.264200
0.221447
0.222955
0.266678
0.208249
0.225002
0.232522
0.259517
0.416913
0.183057
0.118117
0.172149
0.243431
0.221907
0.181195
0.210853
0.206651
0.069996
0.173368
0.188748
0.178639
0.250689
0.205072
0.199366
0.093619
0.209548
0.233554
0.195958
0.216622
0.155740
0.102371
0.226371
0.212181
0.157855
0.070461
0.221667
0.227870
0.170008
0.117540
0.155997
0.328107
0.273406
0.092337
0.225480
0.247707
0.399534
0.237328
0.218225
0.304050
0.215224
0.228256
0.272237
0.193419
0.168154
0.063510
0.209568
0.161805
0.066838
0.355142
0.148210
0.411095
0.104235
0.321016
0.252461
0.239896
0.398243
0.321498
0.291569
0.370094
0.421035
0.460473
0.410203
0.429195
0.425271
0.462415
0.360031
0.448030
0.408992
0.373751
0.463271
0.400714
0.371768
0.530846
0.345289
0.496666
0.484360
0.482078
0.451444
0.478527
0.474371
0.493710
0.403269
0.453703
0.450758
0.440342
0.490368
0.480479
0.416022
0.470072
0.501473
0.477293
0.420859
0.417377
0.437691
0.466402
0.422162
0.415236
0.475211
0.499847
0.464254
0.456415
0.452065
0.473554
0.162474
0.192109
0.206211
0.185321
0.214131
0.054533
0.204062
0.222484
0.197630
0.203570
0.208140
0.193716
0.127618
0.143900
0.147457
0.224612
0.196691
0.165714
0.087744
0.187155
0.222019
0.206436
0.324078
0.415554
0.138612
0.161737
0.222040
0.205176
0.206299
0.207944
0.186749
0.071683
0.255360
0.309035
0.162222
0.394407
0.215333
0.248210
0.458677
0.465196
0.454186
0.430028
0.379090
0.456105
0.441510
0.471408
0.511196
0.474020
0.473352
0.180375
0.460281
0.312655
0.209921
0.208789
0.229375
0.201831
0.204742
0.232390
0.103539
0.108353
0.095720
0.203669
0.215750
0.173825
0.185416
0.091241
0.210016
0.165704
0.334417
0.446536
0.416653
0.416657
0.452895
0.495978
0.448720
0.427165
0.499258
0.539277
0.234336
0.339350
0.220870
0.204946
0.200001
0.188568
0.125045
0.111784
0.221998
0.192044
0.215145
0.194681
0.232388
0.223594
0.228198
0.194825
0.303155
0.247591
0.441913
0.495004
0.470210
0.430276
0.450916
0.479966
0.506454
0.447758
0.500128
0.481149
0.231187
0.213662
0.188921
0.217746
0.156109
0.083175
0.179124
0.217910
0.202884
0.165363
0.242539
0.259252
0.178382
0.064511
0.205502
0.191189
0.325862
0.337555
0.420503
0.450219
0.507059
0.521988
0.429417
0.426262
0.449125
0.471777
0.368243
0.429170
0.239558
0.223454
