1.323100
0.341094
0.354919
0.399127
0.374024
0.363686
0.433811
0.364032
0.344313
0.267754
0.286111
0.264288
0.247824
0.224828
0.206982
0.216195
0.227237
0.231715
0.252095
0.236845
0.233555
0.154087
0.197628
0.199471
0.219855
0.323833
0.279753
0.467867
0.369066
0.410787
0.377696
0.407566
0.370719
0.381645
0.364292
0.353518
0.458906
0.367193
0.350461
0.332348
0.233910
0.301924
0.226502
0.198127
0.210184
0.159743
0.313313
0.171758
0.432799
0.195676
0.239627
0.239780
0.254782
0.184863
0.205659
0.197839
0.199908
0.234454
0.341694
0.190630
0.216911
0.201949
0.323243
0.194072
0.210685
0.227936
0.162671
0.365984
0.268655
0.234681
0.243233
0.206537
0.208053
0.215622
0.211086
0.205538
0.218806
0.197735
0.219725
0.228327
0.254877
0.269762
0.235511
0.252319
0.250777
0.228413
0.208911
0.232972
0.211360
0.213720
0.249148
0.194641
0.232680
0.256614
0.305573
0.340180
0.238255
0.264631
0.296857
0.130414
0.213279
0.215157
0.296305
0.170307
0.122871
0.333165
0.074144
0.222785
0.069266
0.171194
0.211115
0.217844
0.161665
0.085540
0.265974
0.127620
0.345280
0.201419
0.208429
0.293558
0.245373
0.248827
0.433054
0.327509
0.361411
0.325616
0.355241
0.314061
0.338096
0.372676
0.329122
0.392113
0.370740
0.317216
0.368901
0.328976
0.315411
0.363418
0.362891
0.310008
0.403853
0.310128
0.351825
0.318459
0.284202
0.337703
0.302263
0.326037
0.290018
0.350343
0.290574
0.327567
0.295049
0.344912
0.394881
0.405162
0.333085
0.401042
0.351509
0.371998
0.337583
0.342640
0.375320
0.371371
0.366070
0.347565
0.330721
0.442586
0.363871
0.395901
0.337748
0.351666
0.132495
0.211778
0.137031
0.108423
0.188853
0.210429
0.217837
0.246790
0.183595
0.180274
0.090810
0.136803
0.191181
0.167435
0.169300
0.166530
0.189482
0.400494
0.261299
0.353234
0.403945
0.349645
0.342091
0.393642
0.317113
0.337577
0.363294
0.335367
0.418541
0.348572
0.386184
0.363936
0.366177
0.360108
0.337112
0.417396
0.316365
0.362653
0.348805
0.390019
0.363755
0.306774
0.360314
0.299020
0.308362
0.358909
0.355714
0.351312
0.371727
0.374468
0.393150
0.357173
0.392344
0.367611
0.365180
0.308434
0.346635
0.316075
0.335880
0.316985
0.449229
0.354628
0.324959
0.359466
0.356021
0.347360
0.261822
0.099445
0.180763
0.250635
0.232656
0.229143
0.229505
0.204455
0.188883
0.228957
0.228514
0.199764
0.220190
0.155413
0.078541
0.201483
0.207643
0.212447
0.223365
0.304335
0.166980
0.393347
0.200424
0.181358
0.222709
0.227117
0.212319
0.232669
0.238933
0.230344
0.305454
0.279158
0.321940
0.209279
0.251319
0.303581
0.374499
0.354215
0.357035
0.348067
0.333326
0.380018
0.303368
0.357076
0.441261
0.310153
0.266851
0.336169
0.270761
0.210742
0.184986
0.238015
0.228010
0.225515
0.225052
0.221319
0.223610
0.208969
0.223700
0.222638
0.173608
0.062407
0.211704
0.151843
0.319861
0.349141
0.335644
0.342985
0.385797
0.347000
0.393657
0.373762
0.375331
0.385119
0.381011
0.340054
0.318617
0.312267
0.326446
0.115845
0.204549
0.227294
0.194452
0.080104
0.217202
0.223682
0.192293
0.156378
0.157917
0.160807
0.191138
0.187299
0.220877
0.223266
0.248649
0.264597
0.361972
0.335185
0.384122
0.388047
0.346848
0.394130
0.396173
0.405753
0.315990
0.368917
0.249824
0.350381
0.348788
0.145771
0.209250
0.223893
0.281555
0.234756
0.245471
0.088293
0.178156
0.239218
0.142106
0.240088
0.233432
0.225637
0.236025
0.232693
0.275934
0.284388
0.200701
0.272538
0.208084
0.227570
0.232804
0.261255
0.219233
0.212433
0.207313
0.086722
0.160862
0.216158
0.183116
0.073932
0.211489
0.197142
0.206641
0.243141
0.050663
0.167493
0.224083
0.192178
0.139390
0.155049
0.159325
0.107641
0.120687
0.220023
0.177670
0.090340
0.218109
0.151182
0.077228
0.208934
0.226877
0.205760
0.264576
0.169384
0.063560
0.183874
0.215739
0.173342
0.303345
0.258501
0.212617
0.210106
0.290946
0.217843
0.220077
0.223474
0.398934
0.147744
0.200255
0.280433
0.209220
0.162660
0.171117
0.188934
0.207550
0.220833
0.084711
0.265719
0.151516
0.204001
0.278629
0.215040
0.283602
0.317997
0.150813
0.210217
0.333145
0.333292
0.311084
0.271347
0.284093
0.347945
0.363454
0.321367
0.350682
0.347975
0.393888
0.376690
0.406642
0.347459
0.418077
0.342241
0.373770
0.330989
0.338566
0.350254
0.319211
0.380132
0.351098
0.351435
0.341487
0.366310
0.312838
0.359667
0.402343
0.366015
0.357102
0.406823
0.372171
0.430436
0.434832
0.372912
0.373619
0.367945
0.348017
0.354674
0.345032
0.387589
0.346618
0.374395
0.338824
0.457666
0.408195
0.364890
0.395992
0.334528
0.409656
0.272048
0.121367
0.228498
0.220083
0.224954
0.209481
0.116933
0.142608
0.185747
0.229143
0.217450
0.144399
0.110203
0.195896
0.204373
0.203357
0.139497
0.163166
0.208157
0.258653
0.303669
0.347384
0.331133
0.381163
0.345293
0.352924
0.343078
0.339700
0.358632
0.332840
0.415854
0.361227
0.326898
0.364831
0.322447
0.406235
0.351396
0.350521
0.315928
0.335274
0.331223
0.337269
0.322422
0.336673
0.384453
0.355483
0.337104
0.388182
0.352914
0.345168
0.320787
0.332910
0.382469
0.314160
0.355421
0.325833
0.328501
0.355236
0.382234
0.366268
0.431524
0.351257
0.345091
0.368856
0.317486
0.403077
0.346775
0.217443
0.171774
0.079455
0.202439
0.095780
0.155777
0.191347
0.213829
0.230690
0.118624
0.130254
0.202419
0.126729
0.121046
0.215719
0.164701
0.205370
0.070062
0.196511
0.204269
0.140752
0.101522
0.177803
0.263941
0.293902
0.338111
0.108837
0.226048
0.235927
0.059890
0.195283
0.176354
0.243959
0.230159
0.048615
0.190822
0.338168
0.152539
0.244937
0.374089
0.094874
0.192038
0.296802
0.352424
0.334503
0.373117
0.330144
0.351875
0.368853
0.356146
0.355905
0.316173
0.323415
0.330621
0.365762
0.280151
0.295483
0.209368
0.218837
0.232238
0.221479
0.190890
0.078289
0.213917
0.219671
0.201227
0.230740
0.142369
0.234897
0.131965
0.215859
0.179705
0.318054
0.348280
0.348642
0.341068
0.378198
0.406034
0.354852
0.393333
0.399976
0.368380
0.363324
0.336755
0.324250
0.261925
0.370441
0.340966
0.300340
0.137120
0.230428
0.140694
0.089511
0.215031
0.132114
0.091811
0.230392
0.223611
0.224283
0.228822
0.155485
0.179075
0.081777
0.212484
0.176385
0.143009
0.148945
0.274441
0.361275
0.340884
0.385027
0.382167
0.363841
0.388767
0.320907
0.411431
0.345627
0.348847
0.281430
0.362444
0.285648
0.310278
0.240580
0.185328
0.072457
0.179476
0.176118
0.283311
0.228992
0.287977
0.062697
0.194639
0.221986
0.197116
0.222706
0.222857
0.223555
0.138299
0.081179
0.220207
0.246303
0.286709
0.224813
0.181286
0.224880
0.243412
0.293983
0.189868
0.198190
0.202399
0.336014
0.176956
0.218282
0.211332
0.171574
0.200397
0.238259
0.225909
0.240757
0.197795
0.065150
0.198243
0.115027
0.164650
0.219295
0.229093
0.156824
0.222427
0.217140
0.136701
0.190836
0.130586
0.104496
0.218868
0.222650
0.216469
0.172361
0.196227
0.212886
0.228376
0.213522
0.247742
0.199605
0.306771
0.272944
0.211756
0.238865
0.305628
0.236126
0.174796
0.334423
0.142239
0.224265
0.317154
0.159138
0.216067
0.218659
0.219458
0.202898
0.206974
0.064560
0.190883
0.270990
0.213465
0.282787
0.205853
0.277245
0.246702
0.211042
0.220708
0.296058
0.324197
0.293637
0.295360
0.296574
0.276893
0.318855
0.344334
0.358648
0.351227
0.337874
0.396645
0.351337
0.417932
0.349320
0.355658
0.359071
0.335799
0.347548
0.339148
0.401408
0.317770
0.321956
0.365166
0.365896
0.348162
0.341057
0.341503
0.353563
0.347308
0.375869
0.352680
0.323007
0.360222
0.341351
0.387665
0.350715
0.375108
0.360741
0.337637
0.333168
0.294290
0.296326
0.342126
0.349746
0.363006
0.270942
0.234112
0.151243
0.107162
0.197503
0.221807
0.231028
0.214532
0.225069
0.221505
0.226592
0.224166
0.191999
0.155740
0.096378
0.207529
0.328970
0.162606
0.368831
0.374364
0.371280
0.362775
0.347163
0.335214
0.355737
0.380286
0.346671
0.345136
0.363282
0.372715
0.395900
0.374590
0.373238
0.333418
0.382460
0.356743
0.402484
0.340667
0.425537
0.374777
0.353060
0.308806
0.434997
0.420890
0.361771
0.385207
0.388043
0.347311
0.364516
0.391029
0.385739
0.376502
0.366655
0.322507
0.314561
0.347476
0.352354
0.354356
0.376698
0.343340
0.331968
0.347687
0.339530
0.340185
0.393847
0.395722
0.359189
0.408511
0.431187
0.382533
0.189618
0.126675
0.177440
0.206685
0.144351
0.164383
0.154245
0.109814
0.103156
0.150033
0.170748
0.152193
0.120131
0.125361
0.178203
0.148454
0.203817
0.194957
0.164158
0.276664
0.290656
0.411679
0.358210
0.351739
0.384298
0.316824
0.424021
0.341798
0.320382
0.349663
0.339924
0.355277
0.363874
0.387842
0.327707
0.375526
0.341850
0.308572
0.338457
0.380521
0.328867
0.327005
0.356666
0.408080
0.390032
0.372527
0.390311
0.377412
0.391229
0.376426
0.366720
0.343405
0.303002
0.296373
0.354232
0.301110
0.311230
0.329423
0.322332
0.372037
0.327925
0.351108
0.304074
0.328536
0.362130
0.347014
0.304217
0.313818
0.315593
0.323895
0.374911
0.469572
0.329832
0.329449
0.296692
0.312246
0.294650
0.315385
0.315804
0.196699
0.194394
0.155691
0.265248
0.185637
0.210035
0.174281
0.173939
0.208337
0.225744
0.073742
0.169986
0.227691
0.225168
0.201801
0.245516
0.238652
0.230083
0.251008
0.259331
0.277314
0.343435
0.209428
0.233543
0.110189
0.218753
0.098062
0.175689
0.169868
0.168674
0.175318
0.254489
0.282643
0.259107
0.150705
0.352853
0.256087
0.221155
0.144404
0.345253
0.290793
0.369659
0.388537
