0.986021
0.130996
0.200460
0.212592
0.215515
0.201245
0.166949
0.230494
0.226376
0.221320
0.223116
0.232791
0.245726
0.247836
0.264655
0.258266
0.269540
0.263421
0.216321
0.216326
0.222323
0.225565
0.227987
0.233910
0.225970
0.211436
0.222727
0.229418
0.241255
0.255344
0.246281
0.223281
0.239353
0.234747
0.222097
0.221538
0.195231
0.208344
0.186310
0.199520
0.198915
0.185988
0.159666
0.224879
0.205575
0.162457
0.175440
0.189430
0.205219
0.194443
0.255153
0.202434
0.232338
0.217561
0.211303
0.210630
0.191189
0.194585
0.191058
0.208885
0.175457
0.209639
0.204437
0.241765
0.222892
0.189267
0.197327
0.138880
0.191787
0.177312
0.186507
0.197558
0.235372
0.166777
0.210638
0.205434
0.229471
0.195431
0.252383
0.229860
0.193240
0.200857
0.191510
0.205847
0.198984
0.175341
0.207551
0.219599
0.197944
0.207127
0.214204
0.214362
0.192713
0.195601
0.204515
0.185214
0.201874
0.176953
0.167373
0.089962
0.174727
0.188776
0.201346
0.172141
0.179548
0.185830
0.143821
0.185027
0.225586
0.201146
0.187800
0.195254
0.193360
0.161881
0.203379
0.197861
0.199148
0.167124
0.101228
0.155234
0.221359
0.148683
0.165589
0.167747
0.094345
0.113646
0.143721
0.140208
0.191096
0.186212
0.181365
0.189827
0.170608
0.141675
0.152973
0.175973
0.182550
0.156258
0.133890
0.172024
0.222748
0.127922
0.140528
0.200549
0.187151
0.174114
0.200936
0.174979
0.209868
0.187715
0.143367
0.162023
0.179705
0.191784
0.180499
0.156820
0.189846
0.145254
0.083171
0.244498
0.237152
0.153329
0.136394
0.107509
0.148686
0.208803
0.197658
0.175032
0.202446
0.174854
0.202176
0.190461
0.192082
0.201108
0.199704
0.163442
0.092238
0.158158
0.158151
0.134608
0.197387
0.197274
0.183444
0.158596
0.195512
0.193666
0.175784
0.150254
0.179228
0.202142
0.113516
0.147015
0.167083
0.167973
0.189664
0.192750
0.195673
0.186386
0.176922
0.204381
0.196259
0.206726
0.173611
0.207327
0.176314
0.201852
0.143082
0.119026
0.157849
0.146796
0.176856
0.168004
0.187581
0.148934
0.089380
0.117375
0.173385
0.194651
0.188274
0.187269
0.203833
0.199686
0.165581
0.099738
0.127596
0.183554
0.184076
0.188856
0.152492
0.136673
0.206271
0.098525
0.155218
0.127984
0.171250
0.197295
0.159497
0.178674
0.186135
0.191908
0.240127
0.184406
0.198408
0.188622
0.165152
0.057815
0.183029
0.194811
0.175825
0.173975
0.140522
0.149012
0.191682
0.163435
0.194708
0.190643
0.077951
0.175809
0.119881
0.203005
0.200166
0.154818
0.199045
0.173622
0.175932
0.160990
0.051825
0.166159
0.197830
0.118451
0.195611
0.181217
0.193355
0.179682
0.225116
0.179570
0.210101
0.188457
0.187103
0.169393
0.217321
0.163987
0.174908
0.190381
0.189603
0.177803
0.193919
0.172483
0.212940
0.205419
0.195600
0.168320
0.166812
0.200281
0.194617
0.186420
0.190577
0.171339
0.201311
0.187835
0.211648
0.190569
0.150702
0.187845
0.208038
0.175454
0.207711
0.192999
0.184429
0.180335
0.169320
0.198763
0.182565
0.179696
0.167584
0.166567
0.188047
0.175940
0.139068
0.108676
0.211144
0.164032
0.160986
0.156936
0.165125
0.167357
0.166500
0.165276
0.174582
0.178405
0.164146
0.058206
0.182297
0.186280
0.186371
0.157618
0.130330
0.183338
0.167727
0.170875
0.201235
0.175419
0.179167
0.171295
0.187110
0.196177
0.163091
0.203565
0.170551
0.200593
0.206920
0.203674
0.187217
0.178680
0.174051
0.208228
0.186895
0.193574
0.202645
0.193176
0.215728
0.159341
0.161217
0.182933
0.186780
0.167021
0.188920
0.187097
0.200824
0.175931
0.175265
0.161504
0.195363
0.169132
0.168955
0.183157
0.169365
0.176082
0.167375
0.208049
0.197558
0.185107
0.203367
0.190328
0.187774
0.175546
0.190193
0.191821
0.191488
0.189838
0.183893
0.185394
0.204196
0.177159
0.207294
0.189266
0.178184
0.201988
0.199458
0.178119
0.185795
0.208385
0.195867
0.184973
0.189610
0.192202
0.178525
0.175480
0.182380
0.184890
0.189726
0.180450
0.168549
0.179003
0.199552
0.170075
0.181801
0.170722
0.193222
0.189259
0.197803
0.186668
0.172743
0.100857
0.119249
0.180037
0.159682
0.089684
0.194165
0.190409
0.183622
0.185627
0.173170
0.110263
0.105431
0.059850
0.160788
0.180626
0.198055
0.172584
0.200431
0.205194
0.164942
0.182775
0.193218
0.163052
0.130440
0.203042
0.171799
0.178080
0.162217
0.203835
0.189046
0.177506
0.177653
0.189356
0.182697
0.189516
0.188574
0.180604
0.226594
0.212032
0.153558
0.137179
0.135645
0.184725
0.205220
0.177046
0.115528
0.070676
0.193257
0.187416
0.186218
0.189075
0.186877
0.171834
0.204266
0.168879
0.200498
0.192447
0.208946
0.180179
0.166658
0.172411
0.120962
0.215593
0.195782
0.170668
0.203148
0.186214
0.187888
0.148966
0.179671
0.146096
0.201387
0.167056
0.175040
0.197356
0.189982
0.195928
0.181076
0.200215
0.184604
0.175111
0.101414
0.166055
0.167878
0.161037
0.177243
0.172584
0.200564
0.167509
0.177326
0.149279
0.105829
0.132787
0.137558
0.168677
0.166694
0.202343
0.201504
0.167161
0.175710
0.215047
0.185691
0.186980
0.184032
0.138141
0.213137
0.171772
0.170099
0.048904
0.178933
0.148596
0.190154
0.185622
0.151663
0.161382
0.055799
0.185181
0.195218
0.211496
0.182817
0.201723
0.183342
0.187297
0.188563
0.195004
0.195389
0.178748
0.152827
0.062307
0.169955
0.151745
0.125450
0.087661
0.164779
0.168603
0.187923
0.163073
0.174746
0.210020
0.195415
0.170583
0.185198
0.206522
0.162693
0.141297
0.103022
0.122542
0.089827
0.149423
0.168102
0.184568
0.194083
0.070779
0.161015
0.193078
0.170960
0.094543
0.202724
0.125524
0.169777
0.159014
0.140267
0.149009
0.093662
0.151627
0.178987
0.195799
0.171250
0.138161
0.131777
0.120463
0.151841
0.188435
0.164676
0.186046
0.138283
0.208784
0.208731
0.169757
0.077035
0.152802
0.174263
0.183185
0.146022
0.198879
0.165745
0.176009
0.126967
0.136512
0.178465
0.161117
0.181049
0.175504
0.198721
0.163658
0.144213
0.109595
0.192417
0.163271
0.183789
0.176410
0.106206
0.081717
0.153774
0.161516
0.204345
0.204602
0.188347
0.185812
0.149939
0.178573
0.170506
0.206072
0.186864
0.162981
0.135512
0.205214
0.177819
0.167805
0.207413
0.140576
0.112531
0.164988
0.191050
0.187292
0.159573
0.168494
0.175520
0.170490
0.157673
0.182215
0.049804
0.193115
0.166908
0.200368
0.188901
0.184580
0.225736
0.115499
0.208270
0.147596
0.154784
0.177096
0.176714
0.175210
0.202897
0.176772
0.153806
0.071974
0.157326
0.184357
0.165395
0.185186
0.178434
0.189264
0.197458
0.180695
0.193599
0.184798
0.172238
0.163205
0.168338
0.051228
0.189098
0.142305
0.170908
0.173369
0.189016
0.175273
0.211335
0.199052
0.191745
0.153700
0.183864
0.190620
0.171848
0.187630
0.184807
0.140382
0.056892
0.180321
0.160936
0.147711
0.093763
0.111707
0.170659
0.178947
0.121485
0.133378
0.195474
0.183517
0.173614
0.149329
0.187948
0.169602
0.195870
0.321680
0.293261
0.311771
0.272507
0.102999
0.170616
0.181125
0.189320
0.181263
0.155898
0.203240
0.168217
0.178924
0.052197
0.148109
0.159629
0.181919
0.064806
0.117729
0.145556
0.114086
0.146333
0.176396
0.186223
0.146694
0.167941
0.140649
0.152396
0.181961
0.168714
0.201680
0.187635
0.169630
0.185673
0.178703
0.172125
0.122620
0.189230
0.186671
0.184284
0.189989
0.204468
0.167075
0.153005
0.051244
0.136234
0.141643
0.088714
0.048565
0.079547
0.084292
0.084436
0.079088
0.159323
0.168348
0.067081
0.146125
0.084685
0.121524
0.049507
0.090360
0.127097
0.066799
0.148368
0.147629
0.107161
0.062174
0.143224
0.130662
0.156996
0.111021
0.069768
0.064926
0.135590
0.158409
0.113206
0.180696
0.159384
0.117047
0.067712
0.061328
0.179588
0.104055
0.096340
0.059047
0.151254
0.129231
0.180382
0.160749
0.068189
0.070450
0.122918
0.146097
0.155427
0.120791
0.156781
0.116921
0.175553
0.194909
0.103849
0.197456
0.267271
0.180908
0.176170
0.168865
0.157576
0.113032
0.205499
0.170394
0.119948
0.155993
0.213284
0.210224
0.214236
0.135462
0.189330
0.201659
0.184916
0.073938
0.184139
0.148598
0.230436
0.156123
0.192754
0.149205
0.126800
0.135252
0.160169
0.140121
0.125789
0.181149
0.174284
0.192291
0.151063
0.183211
0.192923
0.215738
0.223258
0.214138
0.215447
0.103357
0.268026
0.171643
0.150546
0.090082
0.118122
0.152555
0.100769
0.120126
0.096547
0.173574
0.140579
0.105160
0.157312
0.235474
0.224139
0.098722
0.158943
0.149370
0.106602
0.195420
0.228264
0.144745
0.098163
0.143476
0.157646
0.131830
0.210481
0.072463
0.169966
0.204065
0.172694
0.169860
0.118485
0.178692
0.250601
0.219787
0.181449
0.190339
0.181564
0.104177
0.243955
0.181846
0.227226
0.170830
0.154844
0.150256
0.182242
0.170112
0.171830
0.158735
0.210160
0.201045
0.188697
0.198274
0.181968
0.166664
0.186442
0.078039
0.135824
0.202723
0.241619
0.133883
0.096761
0.128394
0.160867
0.182660
0.195512
0.160303
0.215644
0.233214
0.125979
0.128877
0.197093
0.131582
0.077626
0.169179
0.135460
0.178514
0.193970
0.187523
0.182361
0.167972
0.157805
0.071297
0.183150
0.191027
0.173517
0.188627
0.143941
0.068345
0.159601
0.174300
0.176743
0.208730
0.193315
0.167079
0.201049
0.199288
0.193447
0.174141
0.217433
0.193923
0.195612
0.185397
0.182857
0.183899
0.119197
0.128702
0.183934
0.182711
0.169737
0.202675
0.184291
0.143342
0.201919
0.196632
0.187820
0.186636
0.151294
0.115409
0.194119
0.106717
0.151534
0.189385
0.144748
0.187776
0.187424
0.188501
0.122573
0.086384
0.168291
0.162773
0.171853
0.204598
0.167348
0.197681
0.195594
0.184454
0.203317
0.180994
0.205539
0.106964
0.093831
0.172103
0.184853
0.132236
0.208863
0.185201
0.167183
0.126325
0.167194
0.200275
0.190486
0.196144
0.187993
0.174739
0.202564
0.161407
0.167459
0.201886
0.191005
0.142142
0.177577
0.188881
0.157182
0.192778
0.172088
0.180098
0.202292
0.178976
0.148762
0.215966
0.189284
0.187515
0.190086
0.181747
0.186475
0.189337
0.186532
0.164803
0.192361
0.209114
0.178730
0.156663
0.150030
0.100929
0.085539
0.203907
0.188046
0.192975
0.186165
0.189786
0.165111
0.198916
0.113824
0.171759
0.128459
0.129536
0.180943
0.174248
0.237431
0.197726
0.188435
0.108702
0.177625
0.178864
0.203184
0.166657
0.116329
0.129212
0.166826
0.178420
0.172066
0.136155
0.115201
0.149757
0.143050
0.190582
0.189476
0.162902
0.203202
0.181088
0.185098
0.180757
0.180590
0.196026
0.090139
0.139814
0.133581
0.146054
0.133487
0.175216
0.174699
0.152948
0.192286
0.180645
0.128612
0.191843
0.164341
0.202542
0.173101
0.128567
0.172369
0.193144
0.173173
0.185913
0.167126
0.195989
0.065928
0.163104
0.166508
0.176691
0.144944
0.087491
0.194723
0.148662
0.180445
0.203384
0.183841
0.139628
0.172455
0.159965
0.111798
0.204584
0.179526
0.164452
0.201149
0.184350
0.157140
0.146628
0.176377
0.082110
0.109208
0.147195
0.077073
0.170166
0.184235
0.164795
0.044603
0.189390
0.232825
0.160502
0.139663
0.111305
0.112225
0.191802
0.171099
0.191036
0.214203
0.172796
0.195539
0.189901
0.128486
0.165478
0.170394
0.178571
0.186836
0.201261
0.205267
0.194667
0.209314
0.171881
0.048460
0.177663
0.165272
0.150628
0.188181
0.188427
0.185497
0.189499
0.186029
0.190890
0.195951
0.116890
0.132358
0.168476
0.173545
0.188477
0.166294
0.202463
0.211191
0.172722
0.135863
0.204810
0.194966
0.193360
0.189230
0.188533
0.189011
0.194138
0.174374
0.072825
0.108484
0.184140
0.177455
0.186529
0.178010
0.178357
0.194728
0.187693
0.195550
0.185179
0.194257
0.159999
0.127580
0.153708
0.159720
0.189298
0.183987
0.198109
0.177819
0.174563
0.102481
0.076299
0.137478
0.180560
0.171315
0.181336
0.150385
0.185776
0.201926
0.112882
0.152412
0.167507
0.166442
0.165572
0.142329
0.156423
0.185261
0.167029
0.205266
0.172748
0.182252
0.185934
0.163065
0.049610
0.179634
0.062994
0.143350
0.172842
0.176343
0.153595
0.102142
0.149997
0.137529
0.158493
0.148423
0.107289
0.129723
0.168466
0.175957
0.210732
0.148503
0.068658
0.154854
0.180967
0.133549
0.142472
0.179275
0.164883
0.151761
0.106315
0.098881
0.185828
0.185621
0.186641
0.188636
0.176165
0.197872
0.177129
0.087783
0.173437
0.140054
0.053493
0.180994
0.126158
0.155533
0.059316
0.157516
0.170468
0.177715
0.163166
0.083006
0.095778
0.157255
0.193407
0.146715
0.159463
0.085572
0.141730
0.161525
0.158995
0.155538
0.177954
0.195726
0.153762
0.130134
0.098775
0.183114
0.119614
0.205605
0.165170
0.170541
0.166177
0.145350
0.186840
0.172681
0.203383
0.187561
0.189118
0.175705
0.086227
0.112954
0.145136
0.184148
0.189131
0.181648
0.183082
0.193191
0.188602
0.173095
0.116046
0.131922
0.097598
0.130135
0.165799
0.167526
0.176079
0.154451
0.194804
0.184685
0.188477
0.174727
0.201421
0.168964
0.205131
0.174721
0.232258
0.165651
0.187537
0.195972
0.152580
0.081367
0.192489
0.155499
0.188308
0.189753
0.168566
0.164435
0.190099
0.200341
0.193894
0.168200
0.163649
0.189114
0.196928
0.185811
0.171850
0.056584
0.160710
0.179120
0.187195
0.064436
0.151898
0.175325
0.158298
0.168424
0.200363
0.197987
0.190359
0.194634
0.181040
0.185422
0.186168
0.165565
0.179729
0.177829
0.153768
0.193916
0.158933
0.183640
0.205062
0.193971
0.184095
0.184965
0.154419
0.173904
0.086226
0.172752
0.179486
0.122693
0.192587
0.185571
0.191059
0.187590
0.170707
0.157321
0.185771
0.170950
0.151796
0.176069
0.183341
0.190782
0.173285
0.188694
0.156782
0.193835
0.186952
0.188647
0.167544
0.188526
0.202821
0.180456
0.107620
0.096172
0.177145
0.162728
0.196350
0.177567
0.207019
0.207912
0.124110
0.152414
0.062312
0.180321
0.186502
0.152965
0.079915
0.177543
0.143464
0.095130
0.162431
0.127556
0.188084
0.186479
0.157238
0.185101
0.164801
0.177305
0.175400
0.190058
0.192169
0.190737
0.192570
0.186299
0.172570
0.156394
0.186973
0.161407
0.181238
0.121171
0.117770
0.103224
0.048507
0.141284
0.193035
0.181568
0.146512
0.054387
0.165797
0.188496
0.167895
0.183614
0.121481
0.170258
0.184079
0.117506
0.148619
0.133772
0.158520
0.136936
0.191730
0.109009
0.183009
0.138985
0.190380
0.158552
0.198476
0.172911
0.207979
0.194181
0.174162
0.197707
0.187804
0.161708
0.105600
0.138181
0.093391
0.178506
0.179384
0.173759
0.141131
0.151773
0.115135
0.162722
0.192324
0.176355
0.174461
0.200004
0.189758
