97	199	24	9
96	198	23	10
96	198	23	10
97	198	23	10
96	197	24	10
96	197	23	10
96	197	23	10
97	197	23	10
96	198	23	10
97	197	23	10
96	197	23	10
96	197	23	10
96	198	23	10
96	198	23	10
96	198	24	10
96	197	24	10
95	197	24	10
96	197	23	10
96	197	23	10
96	197	23	10
95	196	24	10
96	197	24	10
96	197	24	10
95	197	23	10
96	197	23	10
95	197	23	10
95	197	24	10
96	196	24	10
96	197	23	10
96	197	24	10
96	197	23	10
95	196	24	10
96	197	24	10
95	196	23	10
95	196	23	10
96	196	24	10
96	197	23	10
96	196	23	10
95	196	23	10
95	197	23	10
95	196	23	10
95	196	23	10
95	196	23	10
95	196	23	10
95	196	23	10
95	195	23	10
95	195	23	10
95	195	23	10
95	195	23	10
94	195	23	10
95	196	23	10
94	196	23	10
94	196	23	10
94	196	23	10
94	196	23	10
94	196	23	10
94	196	23	10
94	195	23	10
94	196	22	10
93	196	22	10
94	196	23	10
93	195	23	10
94	195	22	10
93	195	22	10
93	195	22	10
92	195	23	10
92	196	23	10
92	196	23	10
92	195	23	10
92	195	24	11
92	195	24	11
91	194	24	11
91	195	23	10
91	194	23	11
91	195	23	11
91	195	23	11
90	195	23	11
90	195	23	11
89	195	23	11
90	194	23	11
89	194	23	11
89	194	23	11
88	194	23	13
88	194	23	13
88	194	23	12
88	194	23	12
87	194	22	13
87	194	22	13
87	194	22	13
85	194	23	13
86	194	22	13
85	194	23	13
85	194	22	13
83	194	24	12
83	194	24	12
83	194	24	12
81	194	23	12
80	194	24	12
81	194	23	12
79	194	24	10
79	194	24	11
78	195	24	11
78	194	24	11
75	194	24	11
75	194	25	11
75	194	24	11
75	195	24	11
74	194	24	11
74	195	24	10
73	194	23	10
71	194	24	10
71	194	23	10
71	194	23	10
68	193	25	11
68	194	24	10
68	193	24	10
68	194	24	10
66	194	23	10
66	194	24	10
65	193	24	10
64	193	23	11
63	193	23	11
63	193	23	11
59	194	24	11
60	193	24	11
60	193	24	11
60	193	24	11
58	192	23	12
57	193	24	12
57	193	24	12
54	193	24	12
55	193	24	12
55	192	24	12
54	192	24	12
52	192	25	12
51	192	25	13
49	192	24	12
49	192	23	12
49	192	23	12
47	192	24	13
46	191	24	13
45	191	24	13
45	191	24	13
43	192	26	13
43	191	24	13
42	191	24	13
43	191	24	13
41	191	24	13
39	191	24	13
38	191	23	13
39	191	23	13
39	191	23	13
38	191	23	13
38	191	22	13
38	191	22	13
36	191	23	13
35	190	23	13
36	191	23	13
36	190	23	13
34	190	23	13
34	190	23	13
33	190	23	13
34	190	23	13
33	189	22	13
33	190	22	12
33	190	22	12
32	190	23	12
32	190	23	12
32	190	22	12
31	190	23	12
31	190	23	12
32	189	23	12
31	189	23	12
31	189	23	12
31	189	23	12
31	189	23	12
31	189	23	12
30	189	23	12
31	188	24	12
31	188	23	12
32	189	22	11
31	188	23	12
31	188	23	12
31	188	23	12
31	188	23	12
31	188	23	12
31	188	23	12
31	188	23	12
32	188	23	12
33	187	23	12
32	187	23	13
32	187	23	13
33	187	23	12
33	187	22	12
34	187	22	12
33	187	23	12
34	187	23	12
34	187	23	12
34	187	23	13
35	186	23	12
34	186	23	12
36	186	23	12
36	186	23	12
36	186	23	12
38	185	23	12
38	185	23	12
38	185	24	12
38	185	24	12
38	185	24	12
40	184	24	12
39	185	24	12
41	184	24	12
41	184	24	12
43	183	24	12
43	183	24	12
45	183	23	12
45	183	23	12
45	183	24	12
46	183	24	11
47	184	24	11
48	183	23	10
48	184	23	10
48	183	23	10
50	183	24	10
49	183	25	10
50	184	24	10
50	183	24	10
52	183	24	10
52	183	24	10
52	183	24	10
55	182	22	10
54	182	22	10
55	182	22	10
57	182	23	10
57	181	23	10
58	181	22	11
58	181	22	10
58	181	22	10
59	181	22	11
60	180	22	11
61	179	23	12
60	179	23	11
60	179	23	11
62	179	23	12
62	179	23	12
63	178	23	12
63	179	24	12
63	179	24	12
63	178	23	12
64	179	23	12
64	179	23	12
65	179	22	11
66	178	23	11
64	178	24	11
65	179	23	11
66	179	23	11
66	179	24	11
66	180	23	11
66	180	23	11
66	180	23	11
67	181	23	11
67	181	23	11
67	181	23	11
68	183	23	10
67	183	23	10
67	183	23	10
68	183	23	10
68	184	24	11
68	187	24	11
68	187	24	11
69	190	23	10
69	190	23	10
68	190	24	10
69	190	23	10
69	193	23	11
69	193	23	11
69	194	23	11
69	197	24	11
69	197	24	11
70	201	24	11
70	201	24	11
70	206	24	10
70	206	24	10
70	211	24	11
70	211	24	11
70	210	23	11
70	216	23	11
70	216	24	11
70	215	24	11
70	221	25	11
70	221	24	11
70	222	25	11
70	222	24	11
70	227	24	11
70	228	24	11
71	227	24	11
70	234	24	11
70	234	24	11
70	234	24	11
71	241	24	11
70	240	23	10
70	240	23	10
70	246	23	11
70	247	23	10
70	247	23	10
70	247	23	10
70	253	22	10
70	254	22	10
70	259	22	10
69	259	22	11
69	258	22	11
69	265	23	10
68	264	23	10
68	264	24	10
68	264	24	10
68	270	24	10
67	270	24	10
68	270	24	10
66	275	24	10
66	280	24	10
67	279	23	10
67	279	23	10
67	280	24	10
66	284	24	10
67	285	23	10
66	285	23	10
66	289	24	10
65	290	24	10
66	289	24	10
66	294	24	10
65	294	25	10
66	294	24	10
65	294	24	10
66	297	23	10
66	297	24	10
66	297	24	10
66	300	23	12
65	299	24	13
65	299	24	12
65	301	24	12
65	301	23	13
66	301	24	13
65	301	24	13
66	303	22	11
66	303	22	11
66	303	21	10
67	304	21	10
67	304	21	10
67	304	22	10
67	304	22	10
67	304	22	11
67	305	22	11
66	304	22	11
65	305	23	11
65	305	22	10
64	306	22	11
64	305	24	10
65	305	22	11
64	305	22	11
64	304	22	10
63	306	20	11
63	305	21	10
63	305	21	10
63	305	21	10
61	305	20	10
62	305	20	10
62	305	19	10
62	305	19	10
60	304	21	10
61	304	20	10
61	304	20	10
58	304	21	10
58	304	21	10
58	303	21	10
56	303	23	10
56	302	23	10
57	303	24	10
57	303	24	10
54	303	24	10
54	303	24	10
54	303	23	10
54	302	24	10
55	302	23	10
55	302	22	10
54	302	22	10
54	302	22	10
54	303	21	10
54	302	22	10
54	303	21	10
54	302	21	10
53	301	22	10
53	302	22	10
53	302	22	10
52	301	22	10
52	302	22	10
52	302	22	10
51	301	22	10
51	302	22	10
51	301	22	10
51	302	22	10
50	302	22	10
50	301	22	10
51	302	22	10
50	302	23	10
50	301	22	10
49	301	23	10
48	301	23	11
48	301	24	12
48	301	24	11
49	302	24	11
49	301	24	12
48	301	24	12
48	301	25	13
49	301	24	11
48	302	24	11
48	301	23	12
48	302	24	12
48	302	24	12
48	301	23	11
48	301	23	11
48	302	23	11
48	303	21	10
48	302	22	10
49	303	22	10
49	303	21	10
48	305	23	10
48	304	22	10
49	304	22	10
48	305	21	10
47	305	22	10
47	305	22	10
47	306	21	10
47	309	23	10
47	308	23	10
47	308	23	10
47	311	23	11
47	310	23	11
47	309	23	11
47	313	23	12
47	312	22	12
46	316	23	13
45	315	23	14
45	315	24	14
44	319	23	12
45	319	23	11
45	319	22	10
45	319	22	10
45	321	21	10
46	321	21	10
45	321	21	10
44	324	23	10
44	324	22	10
45	324	22	10
43	327	22	10
43	326	21	10
43	326	22	10
43	329	22	10
43	329	22	10
43	328	22	10
43	331	22	10
43	331	23	10
42	331	23	10
42	331	23	10
41	332	23	10
41	333	23	10
42	334	22	10
41	334	22	10
41	334	22	11
41	335	22	10
40	335	22	10
40	335	22	10
40	336	22	10
40	336	23	11
39	337	22	11
39	337	22	11
39	336	22	11
38	338	23	11
37	338	22	11
37	338	22	11
37	338	23	11
38	338	21	11
36	340	22	10
36	339	22	11
34	339	22	11
35	339	22	11
34	340	22	11
34	340	22	10
34	340	22	10
34	339	21	10
34	340	22	10
32	340	21	10
33	341	21	11
32	340	22	10
31	341	22	10
31	342	21	10
31	341	20	10
30	342	20	10
30	341	21	10
28	341	21	10
27	341	21	10
26	341	22	10
26	341	22	10
25	341	22	10
24	340	22	10
24	341	21	10
24	340	21	10
22	341	21	10
22	341	21	10
20	340	22	10
20	341	21	10
21	341	21	10
18	341	22	10
18	341	22	10
17	341	22	10
18	342	21	10
17	340	22	10
16	341	22	10
16	341	22	10
14	342	21	10
14	342	21	10
14	341	21	10
11	342	21	10
12	341	21	10
12	342	21	10
12	342	21	10
9	342	22	10
8	342	22	10
9	341	22	10
6	342	23	10
4	342	25	10
7	341	23	10
1	341	26	10
1	342	27	10
0	342	27	10
0	341	25	10
1	342	24	10
1	342	24	10
1	341	24	10
0	341	23	10
0	341	23	10
0	341	23	10
0	341	23	10
0	341	22	10
0	341	19	11
0	341	19	10
0	341	19	10
0	341	19	10
0	342	18	10
0	342	15	11
0	342	15	10
0	343	15	10
0	342	14	10
0	342	15	10
0	342	15	10
0	342	14	10
0	343	14	10
0	343	14	10
0	342	14	10
0	341	11	11
0	342	10	11
0	343	10	10
0	342	10	11
0	342	10	10
0	343	10	10
0	342	10	10
0	342	10	10
0	343	10	10
0	344	10	10
0	345	10	10
0	345	10	10
0	345	10	10
0	345	10	10
0	344	10	10
0	344	10	10
0	341	15	10
0	340	14	12
0	339	31	10
3	338	37	17
49	363	16	36
48	364	17	36
48	363	17	36
48	364	17	36
48	364	17	36
48	363	17	36
47	363	17	37
48	363	17	36
48	363	17	37
48	363	17	37
48	363	17	37
48	364	17	36
48	363	17	37
48	363	17	37
48	364	17	36
49	364	17	36
49	364	17	36
48	363	17	37
48	363	17	37
48	364	17	36
48	363	17	36
48	364	18	37
48	363	17	36
48	364	18	36
48	363	17	37
48	363	17	37
48	363	18	37
48	363	18	37
48	363	18	37
48	363	18	37
47	363	18	37
48	363	18	37
48	363	18	37
48	363	17	37
48	364	17	36
48	364	17	35
48	364	17	35
48	364	17	35
48	364	17	35
48	364	17	35
48	364	17	35
48	364	17	35
48	364	17	35
46	365	19	34
39	362	32	33
24	356	49	38
0	330	59	27
0	336	27	22
0	340	23	13
0	341	24	12
0	343	23	11
1	342	26	10
0	342	27	11
0	341	27	12
5	341	27	12
4	341	29	12
2	341	30	12
3	341	30	12
14	341	22	11
14	341	22	11
14	342	22	11
19	342	22	11
19	342	22	11
19	341	22	11
24	341	22	11
24	341	23	12
29	341	23	11
29	341	23	12
29	341	23	11
34	341	23	11
35	342	22	11
36	341	22	11
39	341	23	11
40	341	23	11
40	341	23	11
40	341	23	11
47	341	23	12
46	341	23	11
46	341	23	11
52	342	23	11
52	341	23	11
59	342	22	10
58	342	22	10
59	342	23	10
64	342	23	10
64	342	23	10
65	342	23	10
71	343	24	10
70	342	24	10
76	343	23	10
78	343	22	10
76	343	23	10
83	343	23	10
83	343	23	10
83	343	22	10
83	344	22	10
89	343	20	10
89	343	21	10
89	343	21	10
94	343	23	11
94	342	24	11
95	342	24	11
99	343	24	10
99	343	24	10
99	343	24	10
98	343	25	10
105	343	23	10
104	343	23	10
105	343	23	10
110	343	23	10
110	343	23	10
110	343	23	10
110	344	23	10
114	344	24	10
114	344	24	10
119	344	23	10
119	344	23	10
123	345	23	10
124	345	23	10
123	344	23	10
123	345	23	10
127	345	24	10
127	344	24	10
127	344	24	10
131	344	23	10
131	344	23	11
131	344	23	11
131	344	23	11
135	344	24	11
135	344	24	11
136	344	23	10
139	345	23	11
139	345	23	11
139	344	23	11
142	345	23	11
143	345	23	11
143	344	23	11
146	345	23	11
146	345	23	11
146	345	22	11
149	346	21	11
149	346	21	11
153	346	20	11
152	346	20	10
154	347	21	11
154	346	21	10
154	347	21	10
158	347	20	10
159	347	19	10
158	347	19	10
160	346	22	10
159	347	23	11
159	346	23	11
162	347	22	10
162	347	21	10
162	346	21	10
162	347	21	10
165	347	21	10
164	347	21	10
164	347	22	10
167	347	23	10
167	347	23	10
167	347	23	10
168	347	23	10
168	347	23	10
168	347	23	10
171	347	22	10
170	347	22	10
170	347	22	10
170	347	22	10
172	346	23	11
171	346	23	11
171	346	23	11
174	346	22	11
173	346	23	11
173	346	23	12
175	346	23	11
175	346	23	12
175	346	23	12
174	346	23	12
176	346	23	12
176	346	24	12
178	347	23	12
177	346	22	12
177	346	23	12
178	346	23	12
180	346	23	12
180	346	23	12
179	347	23	12
180	346	23	13
181	346	22	12
181	346	22	12
182	347	23	12
181	347	23	12
182	347	22	12
184	347	23	11
183	346	23	12
183	347	23	12
183	347	23	12
184	347	24	12
183	346	24	12
184	347	23	12
186	347	22	11
185	347	23	11
185	347	23	11
185	346	24	12
185	347	23	11
186	347	23	11
188	347	23	11
187	346	23	12
188	347	23	11
188	347	23	11
188	347	24	12
189	346	23	12
191	346	22	12
191	346	22	12
190	346	23	11
191	347	23	11
191	346	23	11
191	346	23	11
191	347	23	11
190	346	23	11
191	347	23	11
192	346	23	11
191	346	24	11
192	346	24	11
192	346	23	11
192	346	22	11
193	346	22	11
193	346	23	10
193	346	23	10
193	346	23	10
195	346	23	10
194	346	22	10
195	346	23	10
194	346	23	10
195	346	23	10
194	345	24	10
194	346	23	10
197	346	22	10
195	345	23	10
195	346	23	10
196	346	23	10
196	345	23	10
196	346	23	10
196	346	23	10
196	346	23	10
197	346	23	10
197	345	23	10
197	346	23	10
200	345	22	10
199	345	22	10
199	345	22	10
199	345	22	10
198	345	22	10
199	345	22	10
199	345	22	10
199	346	22	10
200	345	22	10
200	345	22	10
200	345	23	10
199	345	23	10
200	345	22	10
200	345	22	10
201	345	22	10
200	345	23	10
200	345	23	10
201	345	23	10
200	345	23	10
202	345	23	10
201	345	22	10
201	345	22	10
201	345	22	10
202	344	22	10
201	345	22	10
201	345	22	10
202	345	23	10
201	344	22	10
201	345	22	10
202	345	22	10
202	344	22	10
202	345	22	10
201	345	23	10
202	344	23	10
202	345	23	10
203	344	23	10
203	345	22	10
203	345	21	10
203	344	22	10
203	345	22	10
203	344	22	10
203	344	22	10
204	344	22	10
203	345	23	10
204	344	23	10
204	345	22	10
204	344	22	10
203	345	22	10
204	345	23	10
204	344	23	10
204	345	23	10
203	345	23	10
204	345	23	10
204	345	23	10
204	346	23	10
204	346	23	10
204	345	23	10
204	345	23	10
205	344	22	10
205	346	22	10
206	345	22	10
205	345	22	10
206	345	21	10
206	344	22	11
206	344	23	11
206	344	23	11
207	344	23	11
208	344	23	11
208	344	22	11
207	344	23	11
209	344	22	11
208	344	22	11
209	344	22	12
209	344	22	12
209	344	22	11
209	345	21	11
210	344	21	11
210	344	22	12
211	344	22	12
210	344	22	12
212	344	23	12
212	345	22	12
215	344	22	12
215	344	22	12
215	344	22	12
217	345	22	12
217	344	23	12
220	345	23	12
219	345	23	11
219	345	23	11
222	345	23	11
223	346	23	11
226	345	22	11
225	346	22	11
225	345	22	11
228	345	24	11
228	345	24	11
232	345	24	12
232	345	24	12
232	345	24	12
235	346	24	12
235	345	23	11
238	346	24	11
238	345	24	11
238	345	24	11
242	346	24	11
242	346	24	11
242	345	24	11
242	345	23	10
246	346	23	10
246	346	23	10
245	346	23	10
250	347	23	10
249	346	23	10
250	346	23	10
252	347	23	10
252	347	23	10
253	346	23	10
256	346	23	10
256	346	24	10
256	346	23	10
257	346	23	10
260	345	23	11
259	346	24	11
260	346	24	11
263	345	23	12
263	345	23	12
262	346	23	12
265	345	23	12
265	345	23	12
266	345	23	12
269	345	22	12
270	345	22	12
269	345	22	12
271	345	23	12
272	345	22	12
273	345	22	12
272	345	22	12
273	345	24	12
273	345	24	12
274	345	24	12
276	344	23	12
276	345	23	12
276	345	23	12
279	345	23	12
279	344	23	12
279	344	23	12
280	343	23	12
280	344	23	12
279	344	23	12
279	344	23	12
280	343	24	12
280	344	23	12
280	343	24	12
282	343	23	11
281	342	23	11
283	342	22	10
282	341	23	11
282	341	23	11
281	341	23	11
281	341	24	11
282	339	23	11
282	339	23	11
283	336	23	11
284	336	23	11
283	337	23	10
284	334	22	10
283	334	23	10
284	331	23	10
283	331	23	10
284	327	22	11
284	326	22	10
283	326	24	10
284	323	22	11
284	323	21	11
284	322	22	11
284	318	21	10
285	318	21	10
284	319	21	10
286	314	19	10
285	314	20	10
285	314	20	10
285	308	19	12
285	309	20	12
284	309	21	11
285	299	20	14
284	299	22	15
284	299	22	15
284	295	23	12
285	295	22	13
285	295	22	13
284	291	22	14
282	289	24	13
281	289	26	13
278	289	30	16
283	285	24	11
283	286	22	10
283	286	22	10
284	280	22	10
284	279	22	10
283	280	21	10
284	274	22	10
283	274	22	10
283	274	23	11
283	270	23	10
283	270	23	10
283	270	23	10
284	266	22	10
284	265	21	10
284	265	21	10
283	261	22	10
283	260	22	10
283	261	22	10
284	261	22	10
284	257	23	11
283	257	23	11
283	257	23	10
283	254	22	10
283	254	22	10
284	254	22	10
283	250	23	10
284	251	23	10
283	250	24	10
283	246	23	11
283	246	23	11
283	246	23	11
283	243	23	10
283	243	22	10
284	244	22	11
283	241	23	11
283	241	23	11
283	241	23	11
284	241	23	11
283	240	23	10
282	240	23	10
283	240	23	11
283	239	23	10
283	239	23	10
283	239	23	10
284	238	22	10
284	238	21	10
284	238	21	10
284	238	22	10
284	238	22	10
284	237	23	10
283	237	22	10
283	238	23	10
284	238	23	10
284	238	23	10
283	238	23	10
283	238	23	10
283	238	23	10
284	239	23	10
284	238	22	10
284	240	22	10
283	239	22	10
283	240	23	10
283	241	23	10
283	241	23	10
283	240	25	11
283	240	25	11
282	242	25	11
282	242	25	12
282	241	25	12
284	245	24	10
284	246	23	10
284	246	23	10
284	248	23	10
283	248	23	10
284	251	23	10
284	251	23	10
285	254	22	10
284	254	22	10
283	254	22	10
284	254	22	10
285	255	22	10
285	256	23	10
284	255	23	10
285	257	22	10
285	256	23	10
284	257	23	10
285	257	23	11
285	257	23	11
285	259	23	11
284	259	23	10
285	259	23	11
285	259	23	11
285	261	23	10
286	261	22	10
286	261	21	10
285	261	22	10
285	262	22	10
285	261	22	10
286	261	22	10
287	262	22	10
287	262	21	10
287	262	21	10
288	262	21	11
287	262	22	10
289	262	22	11
288	262	22	11
288	262	22	11
290	262	22	11
290	263	22	11
291	262	22	12
292	262	22	12
292	262	22	12
292	262	21	11
294	262	21	12
294	262	21	11
295	262	21	11
297	262	22	12
297	262	22	12
300	262	21	12
299	262	21	11
299	262	21	12
304	261	22	12
303	262	22	12
304	261	22	12
304	261	22	12
306	261	22	12
306	261	22	12
306	261	22	12
311	260	21	12
311	260	21	12
311	261	21	12
311	261	21	12
314	260	21	12
315	260	22	12
314	260	22	12
317	260	19	12
320	260	21	11
319	260	21	11
320	260	21	12
324	260	21	11
324	260	21	11
324	260	21	11
329	259	22	12
328	259	22	12
334	259	22	12
335	259	22	12
334	259	22	12
334	259	22	12
339	259	21	11
339	259	21	12
339	259	22	12
344	259	24	12
344	259	23	12
345	260	23	11
345	259	22	11
349	262	23	10
349	261	23	10
348	260	24	10
355	263	23	10
354	262	23	10
354	262	23	10
354	261	23	10
360	264	23	10
361	264	23	10
361	264	23	10
366	266	23	10
367	267	23	10
367	266	23	10
366	267	23	10
370	267	23	10
371	268	24	10
371	268	24	10
377	270	23	11
377	270	23	10
376	270	23	10
377	269	23	10
382	272	23	11
383	272	23	11
382	272	23	11
387	275	24	11
387	274	24	12
387	275	24	11
387	274	24	11
392	278	23	11
392	278	23	11
392	278	23	11
398	281	22	11
398	281	22	11
398	280	23	11
399	281	22	11
403	284	22	11
403	284	22	11
403	284	22	11
408	288	22	11
407	287	23	11
412	291	23	14
412	289	31	18
415	290	42	21
404	293	71	32
351	284	119	48
297	278	195	55
250	218	279	56
228	212	345	64
199	217	382	59
168	213	424	58
179	215	407	57
153	212	418	59
201	221	306	55
234	217	329	51
242	273	269	57
161	223	278	53
161	216	340	59
230	215	350	59
214	215	370	58
210	215	370	59
192	212	392	62
158	212	432	60
182	216	400	58
159	212	409	58
163	221	328	53
217	217	346	54
212	216	345	54
196	216	371	55
166	215	393	58
210	219	336	55
165	219	355	63
154	210	409	68
135	211	430	63
176	211	414	65
183	212	395	61
192	212	396	56
162	213	433	60
187	214	411	59
179	214	390	59
210	215	396	55
164	218	382	58
183	213	408	59
158	211	427	60
204	216	391	56
202	217	378	59
163	211	428	59
185	212	399	59
165	215	418	56
220	215	382	53
161	218	399	55
218	214	363	58
198	215	382	59
166	214	418	55
212	213	394	55
204	215	382	57
187	216	403	59
170	216	405	55
218	216	375	54
198	216	396	60
169	218	368	59
176	208	415	61
183	214	411	59
169	211	416	62
209	210	390	60
196	218	350	56
154	220	360	57
168	212	397	60
187	221	340	51
232	218	333	49
210	212	364	61
176	217	413	57
174	212	406	54
149	217	416	60
144	214	378	62
224	217	385	54
169	217	378	55
206	215	371	57
173	214	406	64
185	212	403	59
159	215	439	58
206	212	382	59
195	218	393	58
173	209	421	59
175	215	420	60
174	213	416	57
165	214	413	56
211	215	389	55
199	217	392	58
177	213	410	59
191	212	398	57
170	218	429	56
169	214	424	57
194	214	396	56
173	216	418	57
179	215	410	53
170	216	411	58
213	216	384	53
206	217	391	59
217	218	366	57
222	216	362	59
222	215	358	59
215	215	372	59
205	219	355	55
179	219	382	55
220	215	364	56
202	215	387	61
173	214	405	56
210	212	391	57
195	216	389	60
163	213	426	58
192	215	395	58
153	215	437	57
205	216	398	57
212	216	370	56
217	216	363	56
213	217	367	57
218	214	366	58
212	215	375	61
205	215	372	59
168	212	421	58
199	212	384	59
170	213	430	60
197	211	401	64
176	214	403	59
202	214	377	55
173	213	405	64
185	215	406	59
174	215	415	56
180	211	403	58
160	212	413	61
216	216	386	57
207	213	378	58
198	212	387	62
183	209	399	62
208	205	377	65
166	215	419	58
222	211	375	57
216	212	365	56
206	212	373	59
174	209	411	63
191	204	394	67
178	213	413	63
207	200	379	70
154	215	412	61
153	211	285	62
154	219	356	52
172	218	332	57
165	217	368	64
182	202	407	69
168	203	422	75
179	201	386	79
150	198	441	79
121	197	463	79
178	199	440	74
161	200	425	76
133	196	451	83
134	197	459	84
135	201	468	89
150	194	449	101
130	198	491	117
27	192	580	115
32	198	581	122
22	193	600	123
3	194	611	121
22	188	593	127
10	196	605	126
23	186	598	137
8	200	602	134
127	182	504	132
23	204	594	131
25	205	602	123
18	207	612	105
96	190	535	125
6	196	602	129
68	194	564	139
54	197	577	114
53	200	568	111
0	202	613	122
73	181	549	135
7	197	602	133
68	188	564	142
92	197	544	126
40	213	587	119
141	189	484	95
116	199	507	105
91	193	523	118
14	191	587	122
26	198	600	127
18	200	609	122
18	203	607	125
17	203	612	122
14	203	615	127
16	203	613	123
14	210	614	121
15	211	612	119
8	211	622	118
19	201	606	128
16	203	613	123
14	208	612	121
21	201	607	115
44	196	577	118
29	196	588	115
80	188	532	111
63	198	546	131
78	191	553	107
1	204	601	128
137	188	494	116
103	206	517	122
72	207	556	98
74	196	537	119
9	200	608	120
71	185	563	139
53	188	577	133
47	185	567	130
27	195	595	119
35	191	580	114
66	195	555	122
10	197	582	121
52	200	572	127
78	180	551	108
23	199	589	124
20	190	608	134
14	183	604	137
16	210	603	124
26	203	608	127
35	181	593	117
64	205	548	126
144	186	486	85
126	196	485	75
142	200	467	72
136	200	441	79
184	197	426	81
177	190	404	80
134	204	456	71
164	198	450	75
169	193	385	81
136	205	456	69
128	206	469	70
139	207	461	68
130	199	464	75
212	202	411	69
216	201	385	70
198	203	399	66
158	207	403	67
144	207	425	70
141	206	429	68
172	202	414	72
211	200	410	72
165	208	423	66
178	207	399	68
189	206	396	67
199	210	376	65
180	209	411	62
191	213	400	62
173	212	407	58
203	213	377	58
183	211	407	57
164	212	430	58
200	209	378	60
163	213	429	59
220	211	381	58
220	216	361	55
215	216	367	58
223	216	365	56
195	215	390	60
167	213	423	57
199	215	378	56
172	214	409	57
189	214	395	57
172	214	400	58
213	216	391	54
209	214	378	58
209	216	367	60
192	213	388	61
166	210	421	60
195	214	387	60
165	212	422	60
217	214	388	59
217	217	383	56
222	216	359	57
224	215	354	66
223	216	363	63
