0.099553
0.175267
0.165005
0.127099
0.183546
0.107719
0.102849
0.126947
0.123504
0.190370
0.158956
0.170619
0.116442
0.146583
0.173248
0.134508
0.118712
0.160742
0.103967
0.132236
0.129226
0.155824
0.163887
0.129532
0.125624
0.097828
0.106939
0.109089
0.101498
0.093373
0.094281
0.214548
0.164349
0.177998
0.152732
0.119460
0.161014
0.169802
0.216446
0.205406
0.101246
0.119190
0.101471
0.101944
0.120797
0.134239
0.141210
0.118214
0.100826
0.131676
0.070283
0.142037
0.111558
0.165147
0.173056
0.168428
0.163288
0.118866
0.144042
0.107580
0.196282
0.122288
0.096879
0.095060
0.123197
0.169668
0.143589
0.137858
0.149073
0.122827
0.109107
0.094223
0.108286
0.114640
0.173243
0.097906
0.176484
0.189954
0.091525
0.090168
0.129832
0.153566
0.095632
0.211362
0.095370
0.155464
0.160888
0.159600
0.168616
0.140041
0.121867
0.126462
0.111444
0.096889
0.108785
0.121441
0.102931
0.107278
0.106217
0.129105
0.107630
0.091039
0.109230
0.118935
0.118446
0.174885
0.131849
0.169575
0.091874
0.124794
0.182255
0.268258
0.168408
0.240473
0.140932
0.225835
0.151019
0.099522
0.151219
0.132259
0.087688
0.139154
0.119147
0.173564
0.188273
0.167791
0.151813
0.142838
0.131377
0.178184
0.167198
0.168347
0.184782
0.167575
0.148034
0.175829
0.231349
0.144991
0.178324
0.145565
0.111838
0.122020
0.186985
0.180761
0.203824
0.122309
0.288375
0.148844
0.142849
0.118003
0.152866
0.097627
0.119064
0.134644
0.110047
0.135286
0.100565
0.125476
0.100345
0.092590
0.097949
0.102744
0.107773
0.094500
0.093894
0.103959
0.103001
0.104499
0.073884
0.108130
0.136109
0.176356
0.123744
0.123652
0.086095
0.072303
0.085750
0.127600
0.136709
0.111254
0.101460
0.202145
0.223903
0.277533
0.275131
0.248520
0.190336
0.116122
0.123306
0.138733
0.158990
0.135393
0.188936
0.182619
0.112191
0.127308
0.152273
0.130468
0.085865
0.114164
0.142870
0.100612
0.145972
0.123549
0.134869
0.194280
0.079534
0.078368
0.119795
0.101321
0.086176
0.081275
0.126238
0.093703
0.073999
0.146844
0.151848
0.082535
0.086840
0.148298
0.166785
0.217664
0.180483
0.162209
0.200078
0.217455
0.115683
0.098180
0.183667
0.186933
0.091678
0.211882
0.202568
0.174871
0.147130
0.242987
0.088249
0.085246
0.130029
0.121771
0.143663
0.087807
0.097440
0.083741
0.093400
0.096072
0.102213
0.094636
0.103419
0.091246
0.111793
0.130048
0.102706
0.174205
0.131800
0.111277
0.191650
0.139165
0.144315
0.123436
0.120469
0.143370
0.130538
0.134803
0.112320
0.120770
0.138496
0.117600
0.112385
0.125375
0.103903
0.082293
0.096600
0.126871
0.114552
0.155006
0.240017
0.150651
0.131906
0.109497
0.133832
0.190510
0.214792
0.170094
0.156297
0.083580
0.150956
0.139190
0.154990
0.176591
0.181976
0.084447
0.063562
0.068956
0.115198
0.073645
0.088483
0.146372
0.116551
0.145367
0.072081
0.080194
0.152892
0.108458
0.157423
0.190480
0.158264
0.117297
0.122606
0.107701
0.142498
0.145133
0.132633
0.116288
0.151702
0.280011
0.148904
0.112472
0.079255
0.127792
0.106294
0.142280
0.124281
0.179425
0.191546
0.265592
0.136255
0.078186
0.134287
0.141172
0.198670
0.128169
0.143072
0.146924
0.076525
0.132599
0.112909
0.121809
0.084982
0.097520
0.092625
0.082448
0.127296
0.084486
0.095623
0.090496
0.083690
0.080278
0.073409
0.083043
0.097672
0.118558
0.125854
0.142615
0.114337
0.105062
0.148313
0.166369
0.191683
0.148531
0.155629
0.120583
0.180763
0.155603
0.085834
0.114698
0.117319
0.136260
0.165009
0.129068
0.100983
0.191092
0.116052
0.078627
0.074594
0.144584
0.084810
0.095012
0.084578
0.116839
0.092997
0.095943
0.084680
0.091291
0.097880
0.089447
0.128149
0.215451
0.192894
0.208091
0.167401
0.112938
0.124268
0.166847
0.075763
0.093933
0.139843
0.107800
0.103264
0.151847
0.076133
0.115049
0.111707
0.085952
0.146977
0.139978
0.131821
0.157645
0.226541
0.137403
0.161423
0.128109
0.116872
0.120777
0.128632
0.119621
0.149043
0.136045
0.148758
0.095150
0.124802
0.130769
0.125400
0.130422
0.105120
0.137254
0.101557
0.141300
0.103601
0.147656
0.124228
0.168393
0.179702
0.183260
0.152719
0.145311
0.152804
0.149824
0.279673
0.303181
0.200278
0.205920
0.244571
0.173092
0.174937
0.223228
0.103928
0.109863
0.080735
0.106292
0.106144
0.101834
0.122458
0.096492
0.102893
0.111802
0.123710
0.107620
0.112893
0.130280
0.132718
0.133995
0.108684
0.115227
0.098611
0.098940
0.126676
0.136906
0.245938
0.135520
0.216961
0.172168
0.201190
0.205520
0.268372
0.187655
0.114982
0.146266
0.097472
0.083797
0.228354
0.129916
0.228563
0.177455
0.225482
0.197821
0.139312
0.091799
0.156986
0.139539
0.090219
0.161652
0.127975
0.093888
0.077270
0.081695
0.083135
0.100933
0.103020
0.075684
0.091465
0.103153
0.078722
0.096490
0.094173
0.115398
0.101119
0.182679
0.166265
0.177901
0.130049
0.169566
0.118599
0.121984
0.132593
0.140548
0.115159
0.114866
0.102125
0.119670
0.175086
0.102403
0.201385
0.167384
0.089465
0.110597
0.168733
0.153791
0.114092
0.126756
0.099262
0.131246
0.139459
0.084228
0.096247
0.088526
0.123556
0.097515
0.144613
0.148409
0.151108
0.188353
0.152389
0.135098
0.138170
0.111445
0.175612
0.092940
0.170978
0.130696
0.099647
0.113492
0.161288
0.291179
0.259317
0.245390
0.156622
0.131911
0.109592
0.180749
0.099850
0.119609
0.129918
0.115173
0.117628
0.099473
0.103120
0.129794
0.120604
0.124015
0.115685
0.114186
0.105921
0.105360
0.094502
0.135453
0.125706
0.104731
0.106332
0.183781
0.173213
0.211313
0.172740
0.138418
0.141596
0.168877
0.138780
0.109795
0.113689
0.121610
0.098402
0.111202
0.121798
0.119484
0.118353
0.134812
0.162709
0.231736
0.259763
0.147616
0.187787
0.144510
0.098251
0.120061
0.184524
0.212847
0.223440
0.240786
0.194274
0.095526
0.100280
0.220453
0.150358
0.134797
0.194674
0.093283
0.101157
0.156724
0.149990
0.127431
0.090636
0.138833
0.119331
0.121130
0.158406
0.177445
0.189961
0.185008
0.189341
0.152727
0.199614
0.116095
0.208339
0.180903
0.143144
0.155683
0.147071
0.110698
0.073667
0.207134
0.250974
0.187813
0.197761
0.160532
0.155022
0.136976
0.101833
0.181429
0.176456
0.197099
0.130935
0.087828
0.065172
0.107602
0.103289
0.154575
0.094459
0.204958
0.073192
0.142149
0.209363
0.149940
0.365309
0.222521
0.195863
0.154906
0.217624
0.190507
0.179902
0.172384
0.224061
0.237838
0.317800
0.129318
0.139825
0.161272
0.137190
0.108955
0.178691
0.149288
0.135590
0.122639
0.194058
0.103783
0.088055
0.081376
0.140741
0.132468
0.153396
0.139634
0.129935
0.103194
0.081428
0.128023
0.251512
0.122333
0.129372
0.126172
0.212944
0.252622
0.266991
0.128063
0.138879
0.118932
0.118307
0.075511
0.140676
0.116677
0.130519
0.199139
0.132950
0.154587
0.131909
0.133324
0.142406
0.092596
0.131565
0.135255
0.133621
0.252382
0.393601
0.272440
0.146078
0.094190
0.110869
0.141031
0.154036
0.114018
0.149158
0.153055
0.113681
0.159051
0.146215
0.223833
0.296973
0.133915
0.141164
0.112136
0.172384
0.200131
0.106817
0.105517
0.129687
0.090728
0.200039
0.104146
0.161315
0.128747
0.120103
0.115297
0.102528
0.111903
0.173871
0.136156
0.264456
0.154322
0.158127
0.230397
0.124600
0.347529
0.144517
0.191020
0.139909
0.111553
0.197569
0.251531
0.153564
0.130036
0.084537
0.137665
0.085816
0.123592
0.085124
0.078867
0.128138
0.137322
0.135911
0.175818
0.114197
0.140068
0.157389
0.300069
0.246474
0.136187
0.190095
0.166526
0.172768
0.247161
0.091587
0.243391
0.145991
0.122820
0.141201
0.136527
0.205332
0.120594
0.178494
0.114991
0.100883
0.165051
0.163681
0.118226
0.120639
0.116230
0.170631
0.176268
0.095968
0.185093
0.093805
0.097612
0.153478
0.108676
0.134966
0.102203
0.192843
0.154687
0.143032
0.124703
0.163814
0.174047
0.162585
0.132340
0.109734
0.116498
0.118650
0.094710
0.195766
0.124641
0.154421
0.146621
0.134052
0.128409
0.226517
0.129806
0.144358
0.132070
0.124994
0.171395
0.153107
0.149702
0.091060
0.137651
0.164676
0.164308
0.113037
0.125782
0.115726
0.122608
0.136003
0.130660
0.129169
0.076075
0.140593
0.128282
0.089714
0.128005
0.159367
0.104284
0.112448
0.210921
0.102956
0.084991
0.110594
0.153532
0.175118
0.170602
0.176233
0.169748
0.159626
0.138305
0.156562
0.132219
0.147341
0.147563
0.165957
0.123580
0.172607
0.185627
0.107174
0.130260
0.129639
0.195138
0.166769
0.265404
0.193175
0.241752
0.148558
0.238957
0.119868
0.155414
0.092219
0.087922
0.105221
0.140395
0.142823
0.192097
0.217906
0.204302
0.135725
0.136254
0.114115
0.141771
0.237620
0.165413
0.136986
0.190484
0.115090
0.098470
0.166113
0.140688
0.143770
0.136184
0.118914
0.123425
0.121650
0.099579
0.082569
0.079904
0.090720
0.090307
0.085425
0.098080
0.116501
0.106981
0.124817
0.157109
0.218237
0.141878
0.148832
0.143034
0.196695
0.140136
0.113484
0.142436
