0.049949
0.111706
0.122378
0.113071
0.162354
0.135100
0.154039
0.175573
0.114408
0.097851
0.066548
0.148069
0.116877
0.132365
0.085411
0.052044
0.162246
0.318227
0.184042
0.150374
0.133442
0.196500
0.170112
0.099406
0.081021
0.132745
0.128018
0.110154
0.155190
0.137058
0.103555
0.127555
0.122463
0.112226
0.132047
0.098094
0.112540
0.129119
0.185303
0.202430
0.089204
0.116537
0.127137
0.180008
0.188073
0.191912
0.122133
0.114218
0.145439
0.138119
0.120597
0.080438
0.190785
0.095360
0.133493
0.089134
0.099523
0.073441
0.075703
0.077151
0.081651
0.078843
0.091856
0.138359
0.135621
0.071068
0.083153
0.089377
0.093141
0.094737
0.112625
0.105163
0.139206
0.099170
0.096434
0.102997
0.090936
0.134399
0.110202
0.089615
0.093171
0.115539
0.059401
0.094470
0.129710
0.161041
0.092414
0.148761
0.147404
0.108276
0.248224
0.092003
0.175532
0.155354
0.172297
0.157053
0.124770
0.144098
0.129067
0.144413
0.167455
0.171150
0.120875
0.192268
0.083267
0.117915
0.224525
0.098309
0.161759
0.151664
0.124335
0.126590
0.145141
0.116969
0.216136
0.187853
0.126492
0.196128
0.168684
0.147927
0.120653
0.240750
0.181465
0.162939
0.159359
0.172527
0.167983
0.131892
0.121521
0.087235
0.084368
0.078465
0.120412
0.084938
0.101820
0.100236
0.112877
0.129022
0.102448
0.098660
0.107554
0.096327
0.061889
0.090407
0.117125
0.061207
0.068653
0.101767
0.118055
0.103440
0.074934
0.110467
0.138391
0.150465
0.071637
0.128459
0.156450
0.193905
0.127851
0.162602
0.120084
0.113018
0.157522
0.122602
0.116452
0.138334
0.114529
0.141125
0.143940
0.251145
0.130448
0.107279
0.159091
0.150630
0.166025
0.212215
0.142339
0.185946
0.110479
0.092445
0.068882
0.108441
0.068366
0.082798
0.104381
0.111832
0.083244
0.139092
0.325454
0.260498
0.194741
0.206865
0.293014
0.141406
0.243758
0.133428
0.146202
0.099600
0.092595
0.115241
0.141644
0.153255
0.206992
0.135979
0.119349
0.161775
0.108763
0.141428
0.167508
0.158127
0.119007
0.127973
0.128935
0.122326
0.098165
0.130556
0.131701
0.099027
0.083794
0.137414
0.134224
0.131909
0.097439
0.134706
0.110403
0.093223
0.160133
0.130748
0.075853
0.078218
0.111073
0.139158
0.084045
0.165324
0.234484
0.240575
0.172737
0.112100
0.133692
0.149895
0.120894
0.143907
0.079822
0.082405
0.113406
0.110757
0.120089
0.121413
0.117530
0.122243
0.097442
0.224866
0.140308
0.110055
0.124092
0.125407
0.129625
0.106508
0.149974
0.170982
0.111595
0.149666
0.160741
0.181919
0.099165
0.145074
0.135066
0.126282
0.103492
0.181905
0.138467
0.129791
0.123563
0.132678
0.114977
0.189910
0.207007
0.202204
0.114928
0.094349
0.131071
0.160300
0.244389
0.102804
0.171479
0.160710
0.131603
0.202626
0.269520
0.182899
0.157818
0.212098
0.205423
0.161334
0.157046
0.096977
0.076884
0.203726
0.111910
0.183847
0.153494
0.139553
0.162476
0.160777
0.126959
0.265005
0.175380
0.114560
0.168292
0.157116
0.183572
0.220124
0.115648
0.227326
0.179551
0.179682
0.148249
0.088859
0.119723
0.121692
0.152497
0.079570
0.154801
0.148150
0.234831
0.206656
0.189446
0.162298
0.163516
0.174481
0.146144
0.168467
0.098493
0.099576
0.163533
0.158231
0.069042
0.120946
0.106883
0.116088
0.078473
0.118884
0.162877
0.182060
0.151101
0.111718
0.117375
0.141697
0.092676
0.164630
0.177361
0.143332
0.215886
0.163714
0.126595
0.123832
0.108580
0.172211
0.113678
0.105549
0.154996
0.119261
0.345123
0.176354
0.138270
0.125762
0.094595
0.085943
0.086864
0.071321
0.143344
0.141984
0.142797
0.127947
0.141994
0.126434
0.101866
0.104613
0.125919
0.183182
0.107306
0.112236
0.088458
0.122414
0.090658
0.120880
0.114617
0.133163
0.174212
0.143414
0.161550
0.152490
0.182993
0.198144
0.118188
0.133648
0.148759
0.144332
0.135228
0.076151
0.125238
0.124421
0.104737
0.088730
0.082104
0.088037
0.106039
0.079590
0.088588
0.117461
0.106568
0.086758
0.120142
0.114763
0.093552
0.142285
0.115189
0.093856
0.139243
0.175353
0.184848
0.178797
0.240440
0.171232
0.193056
0.200085
0.232626
0.260766
0.182897
0.218640
0.125973
0.136781
0.110092
0.128113
0.163073
0.119029
0.174926
0.187919
0.202162
0.197913
0.138651
0.087456
0.159282
0.122694
0.104025
0.122828
0.086738
0.135449
0.144307
0.152936
0.141339
0.167623
0.079365
0.106686
0.116593
0.104422
0.135854
0.177044
0.092602
0.065408
0.174765
0.166780
0.105043
0.135978
0.095124
0.112234
0.145546
0.121966
0.087300
0.157078
0.163656
0.105672
0.167785
0.078721
0.134213
0.071271
0.135828
0.095893
0.158150
0.142049
0.115741
0.101027
0.095179
0.105185
0.112778
0.143961
0.094126
0.129698
0.155261
0.204992
0.296453
0.155902
0.170125
0.171897
0.127110
0.163664
0.156960
0.125562
0.127940
0.136600
0.165099
0.178242
0.175753
0.092251
0.134327
0.196749
0.275293
0.140657
0.169247
0.161916
0.148126
0.144527
0.108129
0.157323
0.101126
0.099496
0.116643
0.186430
0.138687
0.097973
0.109472
0.111452
0.150323
0.167035
0.098985
0.090368
0.144432
0.181800
0.264477
0.153567
0.081672
0.082978
0.094500
0.135435
0.143217
0.107423
0.099216
0.102737
0.113276
0.070005
0.111130
0.139026
0.093317
0.112524
0.117164
0.102755
0.125315
0.240513
0.190966
0.222315
0.168880
0.138002
0.078464
0.073087
0.121710
0.160420
0.128733
0.130295
0.108490
0.204394
0.152145
0.078519
0.141024
0.172867
0.174777
0.130243
0.107443
0.125847
0.104516
0.194352
0.129307
0.117166
0.121594
0.118585
0.154679
0.146510
0.163912
0.164597
0.094684
0.157738
0.119006
0.103231
0.141575
0.172504
0.118746
0.117344
0.113931
0.164141
0.106809
0.156758
0.113461
0.130330
0.187377
0.109466
0.149247
0.152978
0.199101
0.229548
0.109258
0.129785
0.096032
0.087764
0.095462
0.118445
0.089635
0.090413
0.099209
0.100918
0.099177
0.133479
0.082730
0.116281
0.132761
0.197756
0.172298
0.150113
0.261934
0.143489
0.186467
0.159916
0.128077
0.197272
0.238173
0.133624
0.122496
0.103097
0.122075
0.120177
0.091808
0.112247
0.110393
0.166687
0.104169
0.104108
0.154602
0.166832
0.142116
0.098910
0.176320
0.117003
0.169578
0.134092
0.186409
0.186131
0.188385
0.202399
0.259302
0.203356
0.127539
0.122464
0.103584
0.243517
0.112087
0.088686
0.101301
0.150031
0.120284
0.078344
0.090630
0.134283
0.183214
0.125181
0.211464
0.120426
0.124258
0.199496
0.129161
0.089748
0.142856
0.128213
0.106045
0.138468
0.168840
0.086740
0.090365
0.150239
0.070620
0.128352
0.110171
0.072052
0.214492
0.104861
0.079085
0.079906
0.085774
0.101269
0.115819
0.060302
0.102234
0.167118
0.136864
0.112865
0.172146
0.177261
0.089731
0.150239
0.118540
0.127273
0.121969
0.171253
0.098289
0.156882
0.144480
0.147145
0.258133
0.101660
0.190559
0.073745
0.096802
0.120764
0.130630
0.216020
0.170796
0.162349
0.158843
0.151676
0.111428
0.116271
0.092569
0.126228
0.089346
0.092776
0.080574
0.084220
0.092956
0.114495
0.107972
0.113883
0.109648
0.146265
0.141752
0.116011
0.197673
0.140996
0.141382
0.192477
0.077188
0.063272
0.148928
0.187860
0.142036
0.077603
0.137678
0.120998
0.220984
0.104918
0.116297
0.134327
0.115421
0.153088
0.095672
0.137473
0.134989
0.144914
0.125969
0.119203
0.119179
0.093502
0.129323
0.082026
0.102331
0.108625
0.131355
0.118816
0.129680
0.117766
0.118352
0.191133
0.188228
0.183519
0.103238
0.198852
0.141037
0.239998
0.143457
0.127106
0.145272
0.096368
0.116771
0.161104
0.166585
0.104288
0.136965
0.157042
0.106982
0.081249
0.105541
0.072829
0.097244
0.098265
0.103328
0.135818
0.195494
0.168776
0.087950
0.159966
0.155624
0.181573
0.209911
0.178249
0.101026
0.116632
0.138866
0.079737
0.102190
0.107103
0.103138
0.120506
0.132636
0.143459
0.138163
0.097060
0.098776
0.132068
0.190196
0.161437
0.166978
0.138244
0.167464
0.163744
0.097990
0.120475
0.112207
0.183728
0.149121
0.162651
0.141047
0.104360
0.098356
0.138366
0.117810
0.258109
0.185577
0.164176
0.122258
0.133216
0.121454
0.184305
0.099937
0.125876
0.109908
0.129028
0.087082
0.116826
0.111425
0.138617
0.100359
0.116660
0.130498
0.102395
0.268185
0.146322
0.135270
0.105150
0.148415
0.120615
0.118318
0.243420
0.107029
0.124342
0.124213
0.100163
0.140217
0.126590
0.201671
0.160693
0.147069
0.126787
0.120954
0.093076
0.114845
0.124194
0.125194
0.140094
0.135168
0.109810
0.106246
0.170206
0.233573
0.140383
0.153599
0.132737
0.131780
0.118795
0.153639
0.118659
0.090710
0.127920
0.107896
0.179237
0.216880
0.118433
0.169931
0.178006
0.109225
0.136388
0.078900
0.129348
0.087316
0.162384
0.174818
0.129506
0.176056
0.115695
0.193448
0.145186
0.140251
0.154845
0.148617
0.078055
0.181557
0.215331
0.168729
0.113661
0.122037
0.146115
0.220336
0.120755
0.179211
0.133456
0.232655
0.234590
0.124700
0.215354
