0.091516
0.093318
0.121214
0.116406
0.104028
0.112615
0.107769
0.082983
0.079195
0.133743
0.137467
0.117629
0.326710
0.232686
0.137830
0.084235
0.135975
0.113247
0.127568
0.127497
0.183052
0.230246
0.203909
0.225361
0.160792
0.131356
0.193656
0.208035
0.273602
0.143166
0.159363
0.151603
0.114487
0.120751
0.123769
0.122111
0.145927
0.120743
0.117759
0.125692
0.088901
0.129108
0.185036
0.177706
0.156546
0.099902
0.115813
0.180406
0.103086
0.113032
0.107704
0.135365
0.160594
0.096112
0.126143
0.194205
0.136742
0.128990
0.200122
0.091500
0.130791
0.208239
0.116362
0.122171
0.145870
0.176623
0.172920
0.062897
0.201821
0.133074
0.141175
0.132203
0.124866
0.130268
0.069523
0.104067
0.092892
0.088011
0.104333
0.104988
0.096450
0.104271
0.092865
0.114790
0.092177
0.127833
0.099738
0.105395
0.155101
0.196965
0.128527
0.164219
0.167666
0.127982
0.114861
0.192516
0.117482
0.153170
0.194005
0.111413
0.104341
0.080795
0.112627
0.088293
0.106391
0.115169
0.148216
0.111345
0.100172
0.078391
0.128071
0.113765
0.122980
0.182317
0.164488
0.103432
0.132413
0.240411
0.101209
0.108742
0.089596
0.142052
0.156913
0.098132
0.073611
0.139886
0.175077
0.165216
0.204832
0.176474
0.103291
0.158566
0.109420
0.144864
0.227041
0.166086
0.178897
0.168712
0.092095
0.202584
0.102588
0.169882
0.093109
0.171240
0.161539
0.173327
0.164808
0.093744
0.130286
0.241608
0.223730
0.197070
0.134427
0.193137
0.129836
0.182261
0.380767
0.298435
0.207321
0.206096
0.094300
0.171999
0.136940
0.160406
0.118981
0.119833
0.133123
0.190023
0.129371
0.144094
0.093996
0.125469
0.097360
0.115442
0.100458
0.108922
0.202663
0.138165
0.094202
0.107514
0.171613
0.192455
0.154631
0.128642
0.105353
0.149887
0.117586
0.150642
0.169287
0.145713
0.178900
0.136922
0.193564
0.109686
0.199132
0.132579
0.149483
0.094602
0.135964
0.134725
0.098746
0.146248
0.104006
0.117611
0.113950
0.091867
0.080279
0.065619
0.077210
0.104296
0.118096
0.159931
0.119537
0.084812
0.114228
0.126305
0.093913
0.107307
0.154434
0.195690
0.122729
0.141276
0.099289
0.171792
0.180117
0.116028
0.138031
0.101802
0.122213
0.133979
0.169675
0.080032
0.087012
0.103882
0.092827
0.121511
0.116379
0.097005
0.096372
0.109253
0.092274
0.095097
0.098300
0.099441
0.112824
0.134204
0.145419
0.118645
0.116230
0.133743
0.070998
0.102250
0.124388
0.124112
0.135729
0.141630
0.101103
0.119716
0.093736
0.133088
0.089717
0.088290
0.112783
0.118552
0.105051
0.112410
0.130639
0.105111
0.087226
0.100828
0.100806
0.134827
0.199237
0.190328
0.143512
0.078265
0.100449
0.124036
0.125687
0.121237
0.136818
0.109277
0.146364
0.095044
0.181548
0.085052
0.126843
0.137457
0.143164
0.127898
0.219915
0.098895
0.121509
0.207761
0.144234
0.099890
0.150161
0.160338
0.129022
0.101635
0.160017
0.115775
0.152555
0.149279
0.280222
0.222254
0.100736
0.099233
0.130981
0.115818
0.208789
0.216698
0.113453
0.109681
0.111568
0.136442
0.143915
0.108933
0.138098
0.192869
0.116539
0.083206
0.080587
0.085144
0.120560
0.097027
0.131927
0.213183
0.121614
0.123949
0.091374
0.106628
0.173195
0.133190
0.169122
0.139426
0.159204
0.083118
0.092669
0.118150
0.078897
0.181171
0.139636
0.115915
0.111408
0.118836
0.092542
0.106866
0.086095
0.125314
0.126168
0.074477
0.139274
0.109744
0.102519
0.127077
0.117775
0.087440
0.104851
0.096601
0.104050
0.095324
0.154240
0.143242
0.091456
0.112666
0.110211
0.115462
0.104150
0.168817
0.124784
0.135621
0.131402
0.142359
0.126657
0.122270
0.199738
0.147092
0.118664
0.109729
0.064714
0.085967
0.069665
0.104798
0.095163
0.082147
0.097008
0.128690
0.131003
0.165387
0.157776
0.177618
0.123802
0.138141
0.125855
0.169590
0.117002
0.149317
0.064702
0.084763
0.081478
0.124608
0.102337
0.089220
0.122295
0.113503
0.086689
0.138061
0.072630
0.191399
0.213965
0.117534
0.203200
0.233045
0.116336
0.168703
0.158489
0.119367
0.186564
0.112840
0.100950
0.089770
0.159366
0.091218
0.108184
0.136810
0.134138
0.096064
0.116119
0.128271
0.081519
0.089809
0.079260
0.113774
0.097513
0.080948
0.121278
0.082701
0.105427
0.132668
0.173376
0.152885
0.136471
0.111168
0.091887
0.153730
0.119170
0.139733
0.161486
0.089751
0.102724
0.086474
0.124011
0.092483
0.095538
0.132965
0.120800
0.114875
0.083834
0.104991
0.310444
0.204128
0.167812
0.315960
0.140917
0.066827
0.064084
0.101834
0.095182
0.099120
0.075288
0.071740
0.103111
0.112101
0.240343
0.087108
0.125372
0.188590
0.172768
0.211179
0.098056
0.074577
0.089337
0.080578
0.096825
0.087710
0.086768
0.090941
0.161747
0.110057
0.136315
0.114080
0.122020
0.162710
0.111004
0.100519
0.080961
0.138095
0.100974
0.075699
0.083143
0.078703
0.085512
0.113486
0.227529
0.132894
0.176351
0.162702
0.162041
0.104884
0.118080
0.083458
0.109396
0.091618
0.087502
0.060463
0.053519
0.072819
0.092414
0.134516
0.088199
0.094492
0.119851
0.147120
0.137367
0.192672
0.104640
0.106718
0.095211
0.139231
0.101367
0.106671
0.131898
0.103032
0.084593
0.101138
0.072474
0.108566
0.108692
0.164001
0.195173
0.067047
0.094947
0.099647
0.116476
0.076524
0.076408
0.127980
0.092940
0.133976
0.096810
0.132804
0.101240
0.094740
0.120800
0.153684
0.168603
0.189612
0.205035
0.174670
0.136561
0.119432
0.112201
0.141675
0.157296
0.170715
0.153461
0.143354
0.198642
0.096811
0.130125
0.253913
0.130982
0.117855
0.136971
0.130728
0.112793
0.108110
0.092209
0.085600
0.159533
0.205524
0.142988
0.123732
0.150803
0.131822
0.122491
0.138892
0.090161
0.137923
0.174229
0.163861
0.155214
0.147238
0.103616
0.154339
0.196071
0.162265
0.237072
0.103155
0.080878
0.200526
0.069149
0.064896
0.168002
0.084599
0.167233
0.128332
0.160862
0.201826
0.204464
0.174116
0.188832
0.143722
0.144946
0.125525
0.146343
0.180168
0.215336
0.213171
0.169564
0.308546
0.211779
0.142394
0.135409
0.170800
0.131064
0.115738
0.197761
0.189407
0.211672
0.137021
0.076567
0.122435
0.134536
0.150281
0.190897
0.210691
0.213098
0.125107
0.248152
0.206337
0.219360
0.166022
0.279255
0.193716
0.118525
0.138130
0.092548
0.102577
0.131840
0.190928
0.105230
0.120181
0.145371
0.134485
0.195426
0.140661
0.165040
0.190205
0.091507
0.122987
0.147035
0.162755
0.294214
0.179208
0.227826
0.236778
0.106743
0.164698
0.185462
0.098182
0.072052
0.083490
0.134997
0.105535
0.139256
0.191858
0.162206
0.081975
0.084725
0.126523
0.149236
0.124861
0.084255
0.100256
0.099524
0.143833
0.143611
0.245854
0.173797
0.125931
0.090907
0.088620
0.150983
0.208014
0.177658
0.170829
0.170484
0.104023
0.131250
0.203282
0.206308
0.147069
0.158074
0.203454
0.102306
0.132177
0.127728
0.162699
0.225891
0.051194
0.125323
0.094828
0.118435
0.110612
0.123107
0.120754
0.133789
0.095327
0.102070
0.091687
0.132925
0.113794
0.139838
0.094871
0.129038
0.120733
0.112707
0.091291
0.133327
0.113722
0.124316
0.085208
0.181545
0.176874
0.103872
0.141465
0.194216
0.205959
0.141511
0.167725
0.207400
0.161484
0.180191
0.175367
0.185631
0.124288
0.120608
0.142983
0.095339
0.149877
0.104637
0.064223
0.097019
0.101166
0.069239
0.081329
0.076180
0.084491
0.086643
0.089402
0.087105
0.092790
0.089698
0.100766
0.113986
0.084131
0.113508
0.176004
0.112429
0.108950
0.100565
0.096926
0.107942
0.103964
0.143693
0.131668
0.126907
0.131180
0.158643
0.137728
0.206187
0.238645
0.131943
0.117190
0.103792
0.288536
0.171314
0.138802
0.130733
0.208883
0.120836
0.206612
0.136086
0.122336
0.122593
0.176257
0.119515
0.140308
0.132099
0.140512
0.133544
0.159459
0.156775
0.151020
0.163471
0.232402
0.342560
0.152754
0.215861
0.179553
0.217096
0.147692
0.142086
0.102266
0.069475
0.081984
0.065827
0.101607
0.152222
0.172921
0.116033
0.100940
0.126074
0.103013
0.218314
0.141045
0.131965
0.113278
0.090344
0.145510
0.130190
0.079664
0.059112
0.082420
0.088767
0.151601
0.117157
0.121789
0.097254
0.140530
0.142606
0.138893
0.159183
0.139678
0.133640
0.168772
0.103803
0.096972
0.144222
0.161228
0.167135
0.125562
0.142247
0.184907
0.127820
0.174067
0.172385
0.171057
0.126282
0.126086
0.140887
0.128628
0.136032
0.157414
0.231958
0.109927
0.102397
0.112550
0.150429
0.087023
0.133801
0.100785
0.146126
0.132975
0.126744
0.161279
0.213587
0.193773
0.278577
0.166092
0.231349
0.211404
0.140091
0.138226
0.159979
0.104729
0.167167
0.161074
0.154037
0.142331
0.115396
0.117793
0.077266
0.103359
0.132220
0.161229
0.239452
0.163341
0.261962
0.219774
0.272618
0.112250
0.157048
0.118427
0.157144
0.200370
0.112388
0.145503
0.164819
0.171928
0.211253
0.116857
0.138667
0.117114
0.122106
0.119010
0.141273
0.062579
0.159065
0.144353
0.092413
0.085826
0.194143
0.244022
0.106370
0.075998
0.105538
0.114922
0.113332
0.095726
0.131554
0.085218
0.088990
0.079736
0.119852
0.114133
0.105927
0.082510
0.083677
0.128072
0.118334
0.105389
0.098375
0.140385
0.114146
0.104131
0.095880
0.121552
0.118722
0.206682
0.142750
0.172187
0.126508
0.083303
0.088327
0.097039
0.139427
0.160647
0.159110
0.114021
0.105097
0.092222
0.124473
0.217772
0.160209
0.163826
0.197781
0.163281
0.137428
0.176039
0.166541
0.189945
0.147174
0.134937
0.169135
0.184005
0.112872
0.151865
0.127078
0.089918
0.100410
0.180614
0.181795
0.107924
0.085856
0.095263
0.111487
0.120217
0.103841
0.168059
0.123999
0.184503
0.180076
0.165494
0.118434
0.110929
0.164176
0.137016
