302,294,47,33
295,293,51,35
291,292,50,35
285,294,49,32
281,295,49,32
277,294,49,33
273,296,48,32
270,295,48,31
266,295,48,32
264,295,48,32
262,295,49,32
259,293,49,34
257,294,50,33
254,294,51,34
253,295,51,33
251,294,51,34
250,294,50,34
250,294,51,34
248,294,50,34
248,293,51,34
247,293,51,34
247,293,51,35
246,293,50,34
246,293,50,34
245,293,49,35
246,293,49,34
245,293,49,34
246,295,48,34
246,294,49,34
245,293,50,35
246,293,49,35
246,293,49,34
246,292,49,34
247,293,49,34
246,293,50,34
247,294,49,33
249,294,49,34
249,293,50,35
251,293,48,34
250,294,49,33
252,294,48,34
252,294,48,34
252,293,50,34
252,294,50,34
253,293,50,34
253,292,51,35
255,294,49,34
255,293,49,34
256,291,49,35
257,273,50,34
258,258,49,33
258,258,51,32
260,259,49,31
260,258,50,33
260,259,50,32
261,259,49,32
262,258,48,32
262,259,50,31
263,258,49,31
263,257,48,32
264,258,49,31
264,257,48,31
264,258,47,30
264,257,48,31
264,257,49,32
263,258,50,31
264,257,49,31
265,257,49,31
265,258,49,31
265,257,49,32
266,258,49,31
266,258,48,31
266,257,49,32
267,257,48,32
267,257,49,33
267,257,49,33
268,257,49,32
269,256,48,32
268,256,49,32
269,256,50,32
270,256,49,32
269,256,49,32
269,256,49,32
270,255,49,32
269,255,50,32
269,256,50,32
270,256,49,32
270,255,49,32
271,254,49,32
271,255,49,32
271,254,49,33
272,254,49,33
272,254,49,33
272,253,49,34
271,253,49,34
271,254,49,34
271,255,48,32
272,254,49,32
271,255,48,33
272,254,49,33
271,254,49,32
272,253,49,33
272,253,48,33
272,254,48,32
272,253,49,32
272,254,49,31
272,254,49,32
272,254,48,31
272,253,49,32
272,253,49,32
272,253,48,32
272,253,50,34
271,253,49,33
272,252,49,33
272,252,49,33
271,251,50,33
272,251,49,32
271,251,49,32
271,251,50,33
272,251,50,33
271,250,49,32
272,251,48,32
272,251,48,32
271,250,49,32
270,250,49,33
269,250,50,32
268,250,52,33
268,250,52,33
268,249,51,33
267,250,50,32
268,249,51,34
268,249,51,33
268,250,49,32
268,249,49,33
268,250,50,33
268,250,49,33
267,250,48,32
267,250,49,33
267,250,49,33
267,251,49,33
266,251,49,33
267,252,49,33
266,251,49,34
265,252,50,33
264,253,50,33
265,254,50,32
264,254,50,32
264,255,50,32
264,256,50,33
263,256,50,33
263,257,51,32
263,258,50,33
263,259,50,32
262,259,50,32
263,259,50,32
263,260,50,32
263,260,49,32
262,261,50,32
261,262,50,32
262,262,50,31
263,264,50,31
263,264,50,33
262,265,49,30
262,265,49,30
261,266,49,31
261,267,49,32
262,267,49,32
262,269,48,30
261,269,50,31
261,270,49,32
261,270,49,33
261,271,49,31
261,271,49,33
260,271,50,33
260,272,50,32
259,273,50,33
261,274,49,33
260,275,49,33
260,275,49,33
260,276,49,32
259,276,50,34
259,276,50,34
260,276,49,34
259,277,49,33
260,277,49,33
260,278,48,34
259,277,49,33
259,278,49,33
258,278,50,33
259,279,49,32
258,279,50,33
259,280,50,33
258,281,50,32
259,281,49,32
258,282,50,33
258,282,49,32
259,283,49,33
258,283,50,32
258,283,51,33
258,284,50,34
259,284,50,33
258,285,50,33
258,286,49,33
257,285,50,33
257,286,48,33
256,285,51,35
257,286,49,35
257,286,50,34
258,287,50,34
257,289,51,34
257,288,50,34
256,289,51,34
258,290,50,34
256,291,51,33
256,290,51,34
255,291,51,34
256,292,51,34
255,292,50,34
256,292,51,34
256,293,50,33
256,294,49,32
257,294,49,33
257,294,50,33
257,293,50,33
257,294,50,34
256,294,49,34
257,294,49,34
257,295,49,34
257,295,49,33
257,296,49,33
257,296,49,33
257,296,50,33
256,295,50,33
257,295,50,34
256,296,50,34
256,295,50,34
256,297,50,33
255,295,51,34
255,296,51,34
255,295,52,35
256,295,50,36
256,296,50,35
256,296,50,35
256,296,51,36
257,296,49,35
257,296,49,35
256,297,49,35
256,297,49,34
257,297,50,34
256,297,50,35
257,296,49,35
257,296,49,35
257,297,49,34
257,297,49,34
256,297,50,34
256,297,50,34
257,296,49,34
257,296,50,34
257,296,49,34
257,297,50,34
257,296,49,33
256,296,50,34
257,296,50,34
257,297,50,33
239,297,55,33
203,298,56,32
180,296,51,34
182,297,49,34
183,298,49,33
183,297,50,32
181,297,50,33
181,296,49,33
181,295,50,33
181,295,50,33
181,295,49,34
181,296,48,33
181,295,50,34
182,293,49,35
182,296,49,34
181,293,50,35
182,294,48,35
182,294,48,34
182,293,48,35
182,293,49,35
183,293,48,35
184,293,49,35
184,293,48,34
184,293,47,35
185,292,46,36
185,292,46,35
186,293,46,33
185,293,46,33
186,292,47,34
187,292,46,35
186,292,46,36
186,293,45,32
187,293,43,32
187,290,44,36
186,292,46,36
186,292,45,35
184,293,46,34
184,293,47,33
183,293,48,33
183,294,48,31
184,293,48,33
182,293,51,33
182,293,51,33
182,293,51,33
182,293,52,34
181,293,52,35
181,292,52,34
180,293,52,34
181,294,52,34
181,293,51,34
182,293,51,34
182,294,51,34
182,294,52,35
182,293,50,37
183,293,50,38
183,293,50,37
185,295,49,36
186,296,47,35
186,294,48,36
186,294,48,36
187,295,48,36
187,295,49,36
187,297,50,36
185,295,52,36
186,298,51,34
186,298,52,35
187,299,53,35
186,298,53,35
185,299,54,35
184,298,54,36
185,298,54,37
185,299,54,36
186,300,54,38
185,301,55,36
185,299,55,37
185,300,54,36
186,300,53,37
186,301,53,37
186,301,52,37
186,300,53,37
186,301,52,37
187,300,52,37
187,300,52,37
186,300,51,37
187,301,52,36
187,301,51,36
186,302,51,36
186,301,51,37
186,303,51,34
187,303,50,34
187,303,50,34
187,302,51,36
186,302,51,36
187,301,51,36
186,301,51,36
186,301,51,36
187,303,50,35
186,302,51,36
187,301,51,36
188,300,50,36
189,301,49,34
190,302,48,32
192,300,48,34
193,296,48,37
195,296,47,38
196,297,49,37
198,296,48,36
200,299,49,35
203,301,48,33
207,299,47,34
209,299,48,33
212,301,47,31
216,298,48,33
220,297,47,34
223,299,47,32
227,299,47,32
231,299,47,32
236,300,47,32
233,298,48,32
202,299,54,32
166,298,55,33
136,298,55,34
107,297,54,34
92,296,47,36
98,296,49,36
107,294,50,37
111,295,49,36
116,295,52,34
122,296,50,33
127,295,50,33
133,297,48,30
139,295,49,33
146,293,52,33
153,294,49,32
159,293,49,32
166,293,50,32
173,292,49,33
181,292,48,33
187,292,48,32
193,291,48,33
201,292,48,32
208,290,47,32
215,291,48,32
222,290,47,31
230,290,48,32
237,289,49,32
245,288,47,32
239,288,49,32
209,289,50,31
182,288,48,32
185,288,47,32
197,288,46,32
203,287,47,33
209,286,46,33
217,286,46,32
224,285,46,33
232,285,45,32
239,284,45,32
246,284,47,32
253,284,48,33
261,284,48,32
270,284,48,31
278,284,47,32
285,284,47,31
294,283,46,31
292,283,48,31
264,283,49,31
294,283,46,32
220,282,33,31
204,281,47,32
212,280,46,32
220,280,46,32
226,280,47,32
235,280,46,32
243,278,47,33
251,277,46,33
259,278,47,32
267,277,46,34
275,276,46,34
283,278,47,33
288,278,46,33
265,278,47,31
232,278,47,31
203,277,48,32
196,275,46,33
207,276,47,33
216,276,49,33
222,277,46,33
229,276,47,32
238,276,48,33
246,275,46,33
254,276,46,31
259,276,48,31
267,276,47,31
275,276,48,30
284,276,46,30
292,275,47,31
299,275,48,31
307,274,47,31
311,274,48,33
287,274,51,31
255,275,50,29
227,274,51,30
199,272,50,32
172,273,48,31
145,273,47,30
129,271,44,32
136,271,45,30
147,271,45,29
154,271,43,30
138,272,44,31
209,271,36,30
218,269,36,35
227,274,35,30
233,273,33,28
238,271,29,28
243,241,30,36
311,204,22,29
312,206,24,23
312,205,25,25
275,211,68,27
289,206,30,26
248,206,30,24
227,259,29,16
187,227,28,48
135,208,30,24
139,266,30,15
150,269,29,31
157,272,37,29
164,269,34,29
171,268,34,30
177,268,34,30
157,240,22,18
127,207,25,24
127,206,25,23
126,205,24,23
151,234,42,36
225,269,34,29
237,268,34,29
242,269,34,28
252,266,34,29
258,265,38,30
266,267,37,30
273,268,41,34
280,266,39,31
291,266,41,30
297,266,44,31
303,265,43,30
288,266,46,30
257,265,45,29
225,266,47,29
215,263,44,30
227,262,45,33
234,263,45,32
242,262,45,33
249,263,44,32
255,263,45,30
263,263,44,29
270,263,46,29
277,263,45,29
286,262,46,30
293,262,45,30
301,262,45,29
309,261,44,31
316,261,46,29
324,261,46,29
330,261,46,30
306,261,47,29
272,260,47,28
241,259,47,29
214,259,48,29
185,259,46,30
157,259,45,28
128,258,44,30
103,256,45,31
103,256,45,31
115,256,44,32
121,255,44,30
126,255,45,31
134,255,43,30
140,256,43,30
148,255,46,33
155,254,42,36
160,258,40,33
168,257,35,30
175,257,56,37
212,262,56,33
262,270,28,25
266,271,26,24
248,271,25,25
262,271,33,26
238,276,65,29
280,270,30,42
266,274,28,23
311,323,28,21
287,272,37,23
265,268,29,23
239,255,33,28
232,252,42,35
174,347,22,10
174,351,25,21
169,350,23,23
164,351,22,21
164,353,19,19
164,356,17,20
158,358,21,22
140,339,32,41
182,277,26,26
165,260,27,35
168,258,54,29
194,249,37,34
170,262,66,36
149,270,33,25
162,272,27,24
169,274,46,23
146,272,37,25
146,274,33,23
159,274,34,25
154,276,61,38
144,271,32,25
145,272,43,25
152,273,30,24
154,272,30,27
154,272,29,27
145,272,32,24
147,271,32,27
149,269,31,29
152,270,32,29
149,269,34,30
153,270,33,28
140,276,26,24
98,277,29,29
58,277,27,27
31,272,31,29
38,262,30,21
14,278,48,13
24,271,34,16
25,272,33,17
36,270,55,25
16,268,84,40
45,267,51,30
47,270,41,30
46,255,58,44
77,232,49,28
30,224,41,53
25,149,15,20
17,150,27,22
32,146,26,23
55,144,15,22
64,143,18,20
74,141,21,21
88,140,15,18
100,140,13,13
110,136,15,14
117,132,16,17
102,128,21,15
69,123,25,20
36,118,44,28
32,117,37,32
8,155,30,52
28,202,32,30
2,213,54,16
6,215,53,20
10,211,45,19
26,210,31,25
17,194,35,39
22,210,32,23
22,192,30,37
18,203,35,27
5,214,46,19
19,193,33,35
4,209,44,16
6,209,43,21
2,212,43,18
5,206,43,24
2,213,39,13
5,204,38,23
4,209,34,15
6,206,47,25
6,212,43,19
4,210,29,18
5,214,43,18
1,214,31,44
0,176,33,30
0,184,34,36
6,214,31,22
1,189,37,16
1,171,36,24
0,178,34,34
1,204,29,21
0,172,37,23
3,163,32,21
4,171,35,37
4,154,34,22
4,155,32,25
1,130,32,25
0,157,41,29
0,152,38,26
0,156,39,28
0,156,39,28
0,160,40,28
0,162,37,27
0,159,36,24
0,159,33,25
0,157,35,26
0,160,39,31
0,155,37,27
0,157,37,27
0,164,39,41
5,200,32,25
0,198,34,24
52,244,30,30
114,194,22,32
168,202,18,25
178,200,27,31
173,202,23,24
176,201,23,23
183,200,48,49
298,211,20,24
341,192,17,36
323,168,41,48
314,170,66,40
295,238,63,21
301,243,25,29
329,191,35,39
416,212,15,23
383,239,44,10
360,206,49,40
448,146,27,25
435,148,10,67
374,214,32,25
364,233,19,21
322,206,21,28
272,211,25,37
243,166,16,79
167,236,49,10
136,242,28,30
88,239,32,21
38,197,45,34
98,239,35,27
41,198,101,52
146,149,30,25
144,150,28,25
141,148,32,29
108,215,29,17
113,215,23,19
115,218,21,15
141,239,25,25
149,238,21,19
153,236,33,27
165,238,38,34
168,239,42,30
173,239,42,30
180,238,42,33
187,238,41,30
191,237,42,31
195,237,43,32
201,238,42,31
206,237,43,32
212,237,43,33
218,237,42,32
223,237,44,33
228,238,44,32
234,238,43,31
240,238,44,32
246,238,42,31
251,238,42,32
257,237,41,31
261,238,42,30
265,238,43,31
271,238,41,30
278,237,40,31
280,237,40,31
259,238,51,29
224,241,41,29
197,239,41,32
179,237,42,33
188,236,43,37
200,236,37,32
201,237,34,30
204,236,32,29
212,238,31,29
212,233,30,28
212,235,29,28
214,235,33,29
214,235,30,27
211,235,29,26
246,239,36,29
215,235,27,23
213,237,28,26
214,236,26,26
214,206,34,51
249,237,46,25
277,240,34,21
281,240,33,24
283,240,30,24
288,238,32,28
295,237,30,26
302,240,33,25
307,240,31,25
313,240,29,25
315,215,46,55
231,200,137,66
239,217,140,49
213,230,40,34
230,245,31,27
244,250,27,25
245,247,27,28
244,245,29,27
251,248,27,26
256,247,27,28
266,248,26,25
259,244,31,28
259,245,28,27
256,242,25,25
264,240,24,25
246,191,32,29
241,218,74,22
297,248,31,28
299,249,34,29
243,226,23,21
243,197,32,43
248,227,22,20
245,204,36,51
251,227,26,23
259,186,56,30
344,248,24,25
358,216,28,26
386,212,31,22
343,246,28,29
398,202,25,23
450,172,15,27
450,176,22,32
444,172,24,26
496,215,18,26
453,214,31,26
511,222,23,28
549,258,28,23
551,260,28,25
543,227,46,14
540,243,21,22
548,258,31,27
545,257,10,18
530,252,39,27
527,219,30,25
526,226,26,36
524,225,26,37
544,248,33,34
540,234,31,32
550,257,28,25
529,233,26,35
534,235,38,42
599,258,25,25
570,265,14,26
597,253,25,25
562,252,26,20
520,254,32,23
487,252,33,27
453,253,31,25
416,253,31,21
473,207,18,22
455,182,44,44
390,166,22,20
425,157,24,21
472,147,15,22
470,147,23,24
450,156,45,24
464,157,24,22
475,146,23,22
472,148,23,21
475,146,22,23
475,147,24,23
439,158,24,24
464,155,33,17
475,147,23,22
477,147,22,22
475,147,21,21
449,154,46,15
476,146,21,21
476,148,19,19
437,158,37,19
430,159,67,63
367,260,22,29
322,210,36,36
263,257,80,26
259,257,31,26
234,232,28,34
237,229,27,37
261,259,29,26
229,261,30,24
264,257,28,26
259,259,49,13
253,245,36,40
241,219,24,25
233,226,24,42
296,259,21,22
334,254,22,24
315,254,30,14
320,255,22,16
323,255,20,15
321,255,23,16
320,257,23,15
317,255,23,21
318,249,24,20
330,252,20,22
318,256,23,17
320,256,19,15
321,256,19,15
321,256,25,17
360,248,21,25
364,243,41,10
383,216,29,13
389,206,25,18
347,161,47,40
295,254,48,22
250,255,36,24
212,254,60,18
178,254,118,19
175,245,95,17
188,221,58,43
181,241,35,31
187,241,29,31
175,226,46,46
86,250,27,22
75,254,25,16
78,256,21,14
76,256,21,15
77,256,19,14
79,256,17,12
80,257,15,12
81,257,14,11
81,257,14,11
80,257,13,11
81,258,14,12
80,257,14,12
80,256,14,12
80,257,15,12
81,255,15,13
80,257,16,13
80,256,15,13
81,257,14,12
80,257,15,13
81,257,15,12
78,257,16,14
47,256,24,15
10,255,28,19
39,207,33,17
1,206,33,24
12,186,23,63
57,210,45,31
96,168,32,25
107,176,52,59
158,239,35,27
161,237,37,31
165,238,39,31
166,237,44,34
175,238,44,31
183,238,42,33
192,238,39,29
197,236,40,32
201,236,40,33
206,236,41,32
212,237,41,30
219,237,40,31
224,237,41,30
230,237,41,29
237,236,40,31
242,236,40,30
248,237,40,29
254,237,41,29
259,237,41,27
267,237,39,28
270,233,40,32
277,231,42,38
284,233,40,37
292,234,37,32
297,234,38,34
304,235,36,33
309,236,33,31
314,236,31,30
319,235,32,31
323,234,32,29
322,235,27,25
321,236,26,24
295,235,29,31
258,233,33,33
220,235,31,28
183,233,30,29
191,234,42,30
164,215,45,49
181,233,32,29
186,233,33,28
186,233,30,27
192,231,31,27
191,231,32,29
197,231,36,27
200,231,38,28
205,231,36,29
212,231,36,29
223,231,33,30
226,231,36,28
231,230,34,28
240,231,31,26
239,229,34,28
239,229,39,27
241,229,41,28
248,229,36,26
252,228,36,28
254,228,35,25
259,228,34,25
262,228,31,27
265,229,34,26
271,229,33,26
275,229,33,26
249,202,59,54
378,243,23,27
416,205,31,27
422,212,34,31
417,207,28,24
367,242,26,19
344,198,32,27
395,210,30,27
401,274,24,14
391,260,62,52
338,231,19,19
299,203,21,23
337,241,22,10
343,251,20,17
356,237,37,26
403,273,28,16
405,274,24,15
407,276,26,22
405,274,26,14
432,277,29,22
463,274,32,21
485,274,21,18
