238	256	33	31
247	257	31	25
252	259	31	23
258	258	30	23
263	257	31	25
269	257	31	25
274	258	32	25
279	257	33	25
284	257	33	25
290	257	32	25
296	256	31	25
302	257	31	25
307	258	31	24
312	257	31	25
318	257	32	25
323	258	33	25
329	256	33	25
327	257	33	26
304	256	36	27
280	256	35	26
258	256	35	26
237	255	35	27
216	256	35	26
202	257	32	25
208	257	32	25
216	256	32	25
221	256	32	26
226	256	33	26
231	256	33	26
237	255	33	26
242	255	33	27
247	255	33	27
252	255	33	26
258	254	33	27
263	255	33	26
268	255	34	27
275	254	33	26
279	256	33	25
285	255	33	27
291	255	32	26
295	256	33	26
301	256	33	26
307	256	33	26
304	255	33	27
282	256	36	26
257	255	37	27
237	256	36	26
215	255	35	27
210	255	33	27
218	255	34	27
225	255	33	27
229	254	33	27
235	255	34	27
240	255	33	27
245	254	33	28
250	253	33	28
257	254	32	27
263	254	33	27
267	255	33	26
272	255	33	27
279	255	32	27
283	254	33	27
289	255	32	26
295	255	33	26
300	254	32	26
298	255	33	26
275	255	36	26
251	254	36	27
229	255	36	26
208	254	36	27
186	255	35	27
181	254	33	27
190	255	33	27
195	254	34	27
200	255	33	26
206	254	32	27
211	254	33	27
217	254	33	28
222	254	32	27
228	254	32	27
234	254	32	27
238	255	32	26
245	254	32	27
250	255	32	26
256	254	32	27
260	255	33	27
266	254	32	27
271	254	32	27
277	254	32	27
283	253	32	27
288	253	32	27
286	254	32	26
264	254	35	26
240	253	35	27
218	253	35	27
196	254	35	27
175	253	34	27
170	254	32	27
177	253	32	27
185	254	31	27
190	253	31	27
195	253	31	27
200	253	31	27
205	253	31	27
212	252	31	27
216	252	31	27
223	252	31	27
227	253	31	27
234	253	31	27
239	253	31	26
244	253	31	26
249	253	30	26
239	253	32	26
213	253	33	25
191	252	33	26
169	252	33	27
147	252	33	27
126	252	33	27
112	252	29	26
117	252	30	26
126	251	31	26
130	252	30	26
136	252	30	26
142	252	29	25
147	252	30	25
153	251	30	26
158	252	30	26
163	251	30	27
168	252	31	27
174	251	31	27
179	252	30	26
185	251	31	27
190	252	31	26
195	251	31	27
201	251	31	26
206	251	32	27
212	251	31	27
217	251	31	27
223	252	32	27
228	251	32	27
233	252	32	27
239	251	32	27
228	251	34	27
202	251	36	28
180	251	36	28
161	251	33	27
161	251	32	27
170	250	32	28
175	251	32	27
181	251	33	28
186	250	32	28
193	251	32	27
198	250	32	28
203	250	34	28
209	252	33	28
214	250	34	29
219	251	33	29
225	250	34	29
230	249	35	30
234	249	36	31
239	249	36	32
246	249	36	31
253	249	35	31
260	249	34	30
267	249	33	30
273	250	33	30
277	249	34	29
274	248	36	31
257	251	30	26
232	251	30	26
209	250	34	28
191	250	31	28
182	250	31	28
190	249	33	29
196	249	33	30
201	247	36	34
208	250	32	28
212	249	33	30
220	249	33	30
228	250	32	29
232	249	35	31
237	249	35	31
245	249	34	31
250	251	32	29
255	250	33	29
258	249	35	31
264	250	35	30
265	246	43	36
269	245	49	41
272	246	54	42
269	243	60	50
247	246	79	60
242	241	90	72
251	243	63	53
228	240	66	56
225	244	48	45
206	247	40	35
205	247	38	32
215	249	33	30
223	248	32	30
229	247	31	28
235	249	32	29
239	248	33	30
246	249	32	28
252	248	31	27
257	249	32	28
264	249	31	28
269	248	32	28
276	249	30	26
281	248	31	27
285	249	32	28
293	248	30	27
299	248	31	26
305	249	30	26
310	248	29	26
295	249	32	25
269	249	35	27
247	249	33	27
225	248	34	28
204	248	34	28
200	249	31	26
208	247	32	27
215	248	32	26
221	248	31	26
227	249	30	25
233	249	31	25
239	249	31	25
244	250	30	24
250	250	30	25
257	250	29	24
262	250	30	25
267	249	30	25
274	249	29	24
280	250	29	24
286	249	29	24
292	249	29	24
298	249	29	24
297	249	29	24
275	248	31	25
251	249	32	25
229	249	32	25
207	249	33	26
188	249	31	26
189	249	30	25
198	248	30	25
204	250	29	24
210	250	29	24
216	249	29	25
222	248	29	25
228	248	29	25
233	249	29	24
239	249	28	25
244	249	29	25
251	248	28	25
256	247	29	26
262	247	30	25
268	246	32	28
266	247	32	27
242	246	37	28
217	247	41	28
197	247	37	27
178	247	34	27
157	246	33	29
142	247	30	27
146	248	32	26
157	247	31	27
164	247	29	27
169	247	31	27
175	247	35	29
180	244	73	40
188	244	63	41
190	244	60	39
197	246	54	39
205	246	48	37
205	245	49	38
212	246	41	36
217	248	38	33
225	249	31	30
233	246	31	29
240	246	29	26
242	246	33	30
250	244	31	28
256	245	31	26
265	246	27	24
271	247	27	24
268	247	28	24
244	246	31	25
221	247	31	25
199	246	31	25
179	246	30	26
179	246	29	25
189	247	28	25
195	246	29	25
201	245	29	26
207	245	30	26
213	246	29	25
219	245	29	25
224	246	30	26
230	245	30	26
236	246	29	26
243	245	29	25
249	245	29	25
254	245	29	25
244	246	31	26
219	245	33	26
197	245	32	26
174	245	33	26
153	245	33	27
132	244	33	27
113	244	32	27
112	244	31	27
122	244	31	26
128	245	30	25
135	245	30	25
141	245	29	25
146	245	30	25
153	244	30	26
159	245	30	25
165	244	29	25
171	244	29	25
177	245	29	25
183	245	29	25
189	245	29	25
196	244	29	26
201	244	29	26
207	245	30	25
214	245	29	25
220	245	29	25
226	245	29	26
232	245	29	27
238	245	29	28
245	245	28	26
250	244	29	27
256	246	30	28
261	245	32	27
268	245	29	26
276	245	28	25
282	246	27	25
288	244	28	26
294	245	28	26
293	245	29	25
273	244	33	26
251	244	30	27
253	245	28	25
262	245	29	25
268	245	28	25
274	245	28	25
280	244	29	26
286	245	29	25
292	244	29	25
299	244	28	25
304	245	29	25
311	244	28	25
316	245	29	24
323	244	29	25
329	244	29	25
335	245	29	25
342	245	29	25
348	245	29	25
342	244	31	26
319	244	33	27
297	244	32	26
276	245	32	26
256	245	32	26
236	243	31	27
236	243	30	27
247	243	30	26
254	244	29	25
260	243	28	25
266	244	29	25
272	243	29	26
279	243	29	26
286	243	29	25
292	244	28	25
299	244	29	25
305	243	29	25
312	243	28	25
319	243	28	25
325	243	28	24
332	243	28	24
338	242	28	24
344	243	29	25
339	241	31	26
316	242	33	26
294	242	32	26
274	242	31	25
254	243	31	25
238	242	28	25
242	243	29	24
251	242	27	24
258	241	27	24
264	241	28	24
271	242	27	24
278	241	26	24
285	242	27	24
292	242	26	24
299	243	26	23
305	243	26	22
312	242	26	23
318	242	26	24
326	241	26	24
333	240	27	25
339	240	27	24
345	241	27	24
352	241	28	25
360	241	27	24
363	240	30	25
361	239	36	28
350	240	32	24
328	239	30	25
308	239	30	25
288	240	30	25
266	238	31	26
253	239	27	25
261	240	27	24
271	240	29	25
277	240	26	24
284	240	28	25
288	239	30	26
296	239	29	24
303	240	28	25
311	239	26	23
319	239	26	23
326	240	25	23
333	240	25	22
340	240	25	22
348	239	25	21
354	239	25	22
362	239	25	22
369	239	25	23
375	239	25	23
382	239	26	23
389	239	26	24
394	238	27	26
379	238	31	26
355	239	30	24
334	239	29	24
315	239	29	24
295	239	28	23
291	239	27	23
303	239	27	23
311	240	25	22
317	239	25	23
324	239	27	23
331	239	26	23
338	239	27	24
346	238	26	24
353	238	26	24
360	237	26	24
367	237	26	24
375	237	26	24
382	237	26	24
389	237	27	24
392	238	28	25
374	238	31	25
351	237	30	26
332	237	30	26
311	238	30	25
291	238	30	25
271	237	30	25
251	237	30	25
231	237	31	26
211	237	31	26
208	236	29	25
219	236	29	25
227	237	28	24
234	237	27	25
241	236	27	25
248	236	28	26
256	236	28	26
263	236	28	25
270	236	28	25
278	236	27	25
286	236	28	25
293	236	27	24
300	235	27	25
308	236	26	24
316	237	27	24
323	236	27	24
330	236	26	24
337	236	26	24
344	235	27	24
352	236	27	25
360	236	28	25
368	236	27	25
368	236	28	25
347	236	31	25
325	236	30	25
306	235	30	25
286	235	29	25
283	236	28	24
294	236	28	25
302	236	27	24
310	236	27	24
317	236	26	24
324	236	27	24
330	236	28	24
338	236	27	24
345	236	28	24
353	237	28	24
361	236	27	24
368	236	27	24
376	235	28	24
383	235	28	25
390	235	27	24
397	235	27	24
389	235	30	25
366	235	31	24
345	235	30	25
325	234	30	25
305	235	30	25
294	236	27	24
301	235	28	24
310	234	28	24
318	235	27	24
326	235	28	24
334	235	27	24
341	234	27	24
348	235	28	25
354	234	28	24
362	235	28	24
370	235	28	24
377	233	29	25
383	234	29	25
370	234	31	25
347	235	31	24
327	234	30	24
307	233	29	24
288	233	30	24
267	234	31	24
248	234	31	25
228	233	31	25
208	234	31	25
189	233	31	26
191	233	29	25
202	233	30	25
210	232	29	25
216	234	29	24
224	233	29	25
231	233	29	26
240	233	28	25
246	232	29	26
254	233	28	25
261	233	29	25
268	233	30	26
276	234	28	24
284	232	28	25
290	233	29	25
298	233	28	24
305	232	29	25
313	232	28	25
320	233	28	24
321	233	29	24
301	233	31	25
278	232	30	25
259	233	31	24
239	233	30	25
218	233	31	25
198	233	31	25
191	233	28	25
200	233	29	25
210	232	29	25
216	232	28	25
224	232	28	24
232	233	27	24
239	233	27	24
246	233	27	25
253	233	28	24
260	233	27	24
266	232	28	25
252	233	30	24
234	233	29	25
237	232	30	26
247	233	28	24
234	234	31	24
212	233	30	25
207	232	29	26
218	233	30	25
226	234	28	24
233	234	28	24
240	234	28	24
248	234	28	24
256	234	27	24
263	234	27	24
270	234	27	24
278	236	27	24
286	250	27	24
293	264	27	25
300	276	28	25
307	291	29	25
315	294	30	25
321	292	30	26
329	293	30	25
336	291	30	26
343	292	30	25
344	291	31	26
324	292	33	26
301	292	33	25
282	291	32	27
278	291	31	26
288	292	31	26
297	292	31	26
304	292	30	25
311	292	30	26
318	293	30	25
326	293	30	25
333	294	29	25
340	293	29	25
347	292	30	25
355	294	30	24
361	293	29	25
346	292	33	27
322	293	33	26
303	293	32	26
284	292	32	27
262	293	33	27
242	292	32	27
222	292	33	28
207	293	31	27
212	292	30	26
222	294	31	25
230	294	29	25
236	293	29	25
243	293	29	25
250	294	29	24
257	294	30	25
265	294	30	25
271	294	29	25
278	293	29	25
285	294	29	25
292	294	29	26
299	294	29	25
306	294	30	26
313	294	30	25
319	293	30	26
327	293	30	26
334	294	29	25
335	294	30	25
313	293	33	26
290	293	33	27
270	292	32	27
250	293	33	27
234	294	31	27
238	293	31	27
248	292	31	28
255	293	31	27
262	293	30	26
268	293	30	26
274	293	30	26
281	293	31	27
288	293	30	26
295	294	31	26
302	294	30	25
308	294	30	26
315	294	30	25
321	293	30	26
327	294	31	26
335	293	31	26
341	293	31	26
348	294	31	27
354	294	31	26
354	294	31	27
333	294	33	26
310	294	33	26
290	294	32	27
269	294	33	27
250	294	31	27
250	295	30	26
261	293	30	27
266	295	30	26
273	294	30	25
279	294	30	26
286	293	31	26
292	293	31	26
298	294	31	26
305	293	31	27
311	293	31	27
318	293	30	27
324	293	31	26
330	294	30	26
336	294	30	26
343	293	30	27
349	293	31	26
356	294	30	27
362	293	30	27
368	294	30	26
375	293	30	27
366	294	31	26
342	293	32	25
319	292	34	28
298	292	33	28
278	293	33	27
269	293	29	26
278	293	30	26
285	293	31	27
291	292	30	26
298	294	30	25
304	294	30	25
310	293	29	25
317	293	30	26
322	293	30	25
329	293	30	25
335	293	30	25
341	293	30	25
347	292	30	26
353	292	31	26
360	292	31	27
364	292	31	26
349	291	34	26
326	291	35	28
305	291	33	27
284	291	33	27
262	291	32	27
244	290	31	27
245	292	29	25
254	292	29	25
261	292	28	24
267	292	28	25
273	291	28	25
279	291	28	25
285	291	29	25
291	292	29	25
297	291	29	24
303	291	29	25
310	291	29	25
315	291	30	25
322	291	29	25
328	291	29	26
334	291	29	25
340	291	30	26
347	292	29	25
353	292	29	25
352	292	30	26
329	290	33	27
307	291	32	26
286	291	31	26
266	290	32	26
248	290	31	26
251	291	31	26
261	290	30	26
267	291	30	25
273	291	30	25
280	291	29	24
286	290	28	25
292	290	29	24
298	291	29	24
304	290	29	24
310	290	30	24
317	289	29	25
322	290	30	26
328	290	30	25
335	289	30	26
341	290	30	25
347	289	29	25
352	290	29	25
359	288	28	25
358	289	30	25
337	289	33	26
312	288	32	26
291	289	33	26
269	288	33	26
248	287	33	27
227	287	33	27
211	287	31	27
214	287	32	27
223	287	32	27
228	287	31	27
234	287	31	27
241	286	31	27
246	286	32	27
252	286	32	27
259	286	31	27
264	286	32	27
272	286	30	26
276	287	31	26
283	287	31	26
289	286	31	26
294	286	31	26
300	287	32	26
307	287	31	26
313	286	31	27
319	286	32	27
325	285	31	26
331	285	32	27
338	285	32	27
343	286	31	26
349	286	31	27
354	286	31	26
360	286	31	26
351	286	32	27
327	286	33	28
305	286	32	26
283	286	33	27
267	286	30	26
270	286	30	26
279	285	31	26
284	286	31	26
289	286	31	26
297	285	30	26
302	286	31	26
309	286	30	25
315	286	30	26
321	285	30	26
326	286	31	26
332	285	31	27
339	284	31	27
344	285	31	27
350	284	32	27
356	285	31	27
362	285	31	27
369	286	31	26
362	285	33	26
339	285	34	27
317	286	33	26
296	285	33	27
275	285	33	27
254	286	32	26
232	286	32	26
223	285	31	25
231	285	30	26
240	285	30	26
244	286	30	25
252	286	29	25
257	285	29	26
263	285	29	25
269	285	29	25
275	285	29	26
281	285	29	26
286	285	31	26
293	285	30	26
299	285	30	26
305	285	30	26
311	285	30	25
318	283	29	26
323	285	30	25
329	284	30	26
336	285	30	26
341	285	30	26
348	284	29	25
346	285	31	25
325	284	33	26
301	284	32	26
280	284	32	26
258	283	32	26
250	284	29	25
258	283	29	26
266	283	29	26
271	283	30	26
278	283	28	25
284	283	29	25
291	282	29	25
296	282	30	25
301	282	30	26
309	282	29	25
314	282	29	25
321	282	29	25
326	281	29	25
333	281	28	25
338	281	29	25
345	282	29	25
350	281	29	25
353	280	29	25
334	280	31	26
310	280	31	25
289	279	31	26
267	279	31	26
260	279	28	25
267	278	30	27
276	279	29	27
282	278	30	27
288	279	29	27
295	279	27	25
304	281	31	26
308	279	31	26
312	276	33	28
319	279	29	27
325	278	30	27
329	280	30	25
338	279	29	28
345	278	29	28
337	278	32	31
314	280	31	29
284	279	35	28
270	279	35	31
248	278	32	28
230	278	44	39
213	275	29	30
220	277	32	31
230	279	29	27
236	277	30	29
243	277	29	29
247	275	31	31
253	275	32	30
264	279	27	27
270	278	28	26
276	274	34	29
281	274	35	29
289	277	33	29
295	275	31	28
300	277	30	26
301	277	34	29
313	275	30	30
323	275	28	29
324	275	31	29
301	277	32	27
279	275	32	28
254	272	36	32
230	273	37	35
215	271	34	31
199	273	30	28
202	274	33	29
214	274	29	26
222	274	28	26
229	274	28	25
235	274	28	25
242	273	30	27
249	271	35	31
257	273	30	28
263	273	31	27
267	270	34	31
273	271	33	31
282	272	32	28
292	273	29	25
299	273	28	25
307	274	28	24
315	284	27	24
321	295	29	27
329	310	28	25
336	321	28	25
343	321	26	22
351	320	26	22
357	318	27	23
364	317	27	23
371	317	28	24
378	317	28	25
385	317	28	25
393	318	29	26
400	317	29	26
407	318	29	25
415	318	28	24
422	317	28	24
429	318	27	24
437	317	27	24
444	317	27	24
452	317	28	24
459	317	28	24
466	316	28	25
473	316	28	25
477	316	28	26
458	314	33	29
435	314	34	30
416	317	31	28
398	319	29	27
376	315	33	27
371	318	28	24
382	319	27	25
392	319	24	22
400	318	25	23
406	318	25	24
412	318	27	25
418	317	26	23
428	320	25	22
435	314	28	25
444	318	25	24
452	318	26	23
456	316	28	26
463	317	28	27
471	317	27	24
480	317	27	24
487	316	29	24
494	315	27	24
502	315	28	25
507	314	30	28
514	314	30	28
515	315	30	28
495	311	34	29
474	312	34	31
458	312	40	37
426	304	48	45
414	310	38	37
423	314	30	29
433	314	30	29
442	314	32	29
450	316	28	27
457	315	27	26
466	314	31	30
467	314	32	31
471	314	33	31
483	315	32	29
489	312	35	29
496	311	33	31
504	311	33	31
512	311	33	31
520	312	31	30
526	311	32	30
536	312	29	28
544	313	29	26
550	313	29	26
557	311	29	27
565	313	28	26
