253	246	19	13
260	247	16	13
262	248	17	12
263	247	16	12
263	247	16	12
261	246	15	11
260	246	16	12
264	246	16	12
261	246	16	12
261	246	17	12
265	246	16	12
263	247	16	12
265	248	16	12
266	249	16	12
261	249	15	12
263	249	15	12
262	249	16	11
256	248	16	12
256	247	16	11
261	247	16	11
260	246	15	11
262	245	16	11
265	244	15	11
260	244	16	12
257	243	16	12
253	241	16	12
248	242	17	12
249	244	17	12
251	246	17	12
250	245	17	12
250	245	18	12
252	245	17	12
249	244	17	12
252	244	16	12
255	244	16	12
253	244	16	12
256	246	15	11
258	247	15	11
253	248	16	12
253	248	16	12
259	249	16	12
259	249	17	12
260	249	16	12
266	249	16	12
264	248	16	12
262	248	16	11
267	247	17	12
266	246	16	11
262	245	16	12
257	245	16	11
253	243	16	12
249	243	16	13
253	243	18	12
256	243	16	12
258	244	16	12
265	246	16	13
264	247	16	12
259	246	15	12
253	245	16	12
247	245	17	12
250	245	17	12
251	245	17	12
249	246	16	12
252	247	17	12
251	248	18	13
248	248	17	13
250	248	17	12
256	248	16	13
254	249	17	12
257	249	16	12
260	249	16	12
259	249	16	11
258	247	17	12
259	246	16	11
255	246	16	12
256	245	16	12
256	245	17	12
252	245	17	13
254	245	17	12
259	245	17	12
258	245	15	12
258	245	17	12
262	244	16	12
259	244	16	12
262	244	16	12
263	244	16	12
260	243	16	12
264	245	16	12
266	246	15	12
261	246	16	12
259	247	16	12
260	247	16	12
258	247	16	11
256	247	17	13
258	248	17	13
253	248	16	12
247	248	17	13
245	248	16	13
239	248	17	12
238	249	16	12
244	248	17	12
248	248	17	13
252	248	17	12
261	247	17	12
261	247	16	11
259	246	16	12
264	246	16	11
265	245	16	11
265	243	17	12
265	242	17	12
262	242	17	12
263	241	17	12
262	241	16	12
257	243	16	13
254	244	16	12
258	246	16	12
258	248	17	13
256	249	16	12
263	248	16	13
262	250	17	13
261	250	16	12
264	250	16	12
263	250	17	13
260	249	17	13
259	250	16	13
260	249	16	12
259	248	16	12
258	248	16	12
256	247	16	12
256	247	16	12
258	247	17	12
255	246	17	12
250	246	17	12
247	245	16	12
242	245	17	12
246	244	17	12
250	244	16	12
248	243	16	12
248	242	15	12
248	242	16	12
245	241	15	12
249	241	16	12
253	242	15	12
251	243	15	12
256	245	15	12
260	246	16	12
257	247	15	11
259	248	15	12
257	250	15	12
251	249	15	12
249	248	14	11
250	247	15	11
245	247	15	12
250	246	17	12
256	246	16	11
253	246	15	11
258	246	16	12
260	246	16	11
257	245	15	11
260	246	14	11
259	245	15	11
254	246	15	11
253	245	15	11
257	244	15	12
254	243	15	11
254	243	16	12
255	241	15	11
250	241	15	11
250	241	15	12
251	241	16	12
247	241	14	11
247	242	15	12
252	246	16	12
251	246	15	11
252	246	16	11
259	248	15	12
258	250	14	11
256	249	15	12
261	248	17	13
260	249	16	12
259	249	15	12
263	248	17	13
262	248	16	12
262	249	17	13
262	248	16	12
256	247	16	13
255	248	16	12
256	247	15	12
251	247	16	12
248	246	15	11
246	246	16	12
240	246	17	12
243	245	15	11
243	243	15	12
239	243	15	12
241	242	16	11
243	241	16	12
238	241	15	12
241	240	16	12
245	243	16	12
243	243	16	12
247	243	17	12
251	245	15	12
248	246	14	11
250	246	15	11
251	245	15	12
247	246	16	12
248	246	16	12
247	245	17	12
241	246	17	12
242	245	19	13
247	245	18	13
246	246	17	13
249	246	18	13
251	245	18	14
247	245	17	13
251	244	17	13
253	244	16	13
250	243	16	13
254	242	17	13
254	241	17	13
248	240	16	13
246	239	18	13
248	238	18	14
244	238	18	14
246	240	17	14
248	242	17	14
243	242	17	13
239	240	17	14
233	242	18	13
229	243	18	14
237	242	19	15
243	242	19	15
242	242	18	15
245	243	19	14
252	244	18	15
250	246	18	14
254	246	18	14
258	246	19	15
255	246	18	15
259	246	18	14
259	246	19	15
254	247	19	14
255	247	19	14
253	246	18	14
247	245	18	14
245	244	19	14
249	244	19	14
246	243	19	14
250	243	20	14
255	242	18	14
252	240	18	14
252	240	18	14
256	239	18	14
255	239	18	14
253	239	19	14
256	240	18	14
252	243	19	14
249	245	19	14
252	245	18	14
249	246	18	14
249	246	18	14
248	247	19	13
243	247	20	14
240	247	18	14
233	247	19	14
227	247	18	14
232	246	19	14
239	246	18	14
239	247	18	13
243	246	19	14
251	246	18	14
250	246	17	13
248	246	18	13
255	246	18	14
255	245	17	12
256	244	18	12
257	244	18	13
254	243	17	12
253	243	17	12
253	245	17	12
247	245	17	12
242	245	18	12
246	247	18	12
247	248	17	13
247	249	18	12
253	249	17	12
252	250	17	12
252	250	17	12
258	251	15	11
257	251	15	11
252	250	17	12
255	251	17	12
255	251	16	11
252	251	15	11
256	253	13	10
255	251	13	10
254	252	10	10
257	253	10	10
254	253	10	10
251	254	10	10
246	252	11	10
240	250	10	10
236	252	10	10
233	254	11	10
227	258	10	10
221	258	11	10
230	252	12	10
235	247	10	10
226	242	11	10
218	231	29	26
182	272	26	15
211	276	23	20
176	255	83	51
138	284	29	22
132	285	31	24
124	288	21	16
122	293	22	19
139	291	14	10
139	293	12	10
139	294	13	10
144	290	26	18
136	289	35	26
134	312	32	26
114	295	35	25
95	302	23	14
109	325	10	10
108	325	11	11
86	303	21	13
90	304	18	14
84	304	16	13
84	303	17	14
88	301	20	17
88	302	20	16
88	299	20	18
88	298	23	19
91	302	20	14
93	299	19	16
91	300	19	16
92	299	20	16
91	297	22	17
95	301	18	13
94	297	20	17
89	293	23	20
92	297	20	15
93	298	20	15
89	295	18	15
90	295	16	13
93	299	23	15
91	296	23	17
93	299	20	16
93	299	22	17
90	296	22	19
93	300	20	15
90	297	23	19
93	301	21	15
90	297	22	20
92	300	21	17
94	302	20	16
90	299	23	18
91	299	19	17
92	300	21	16
95	303	18	14
90	300	18	14
92	301	21	15
91	298	20	16
94	301	20	15
91	298	21	16
94	300	18	14
90	297	22	16
90	295	21	18
92	297	22	16
91	295	21	18
95	299	17	15
91	295	21	17
96	299	16	13
94	299	20	14
91	296	22	18
94	299	19	15
95	301	19	14
90	298	21	17
95	301	18	14
91	299	22	18
95	302	18	15
96	304	18	13
95	303	17	12
89	288	19	15
80	294	25	19
97	275	15	10
82	273	18	10
65	275	18	12
82	274	17	11
91	273	14	10
87	272	18	11
88	272	17	10
94	272	16	10
93	271	17	10
94	270	17	10
95	270	16	11
96	270	16	10
97	270	17	11
97	270	18	11
96	270	16	10
97	270	17	10
98	269	17	11
98	270	18	11
99	271	16	10
99	272	13	10
98	272	17	10
90	273	31	25
111	328	10	10
109	326	11	10
102	328	15	12
76	322	49	28
111	361	12	12
111	359	10	13
105	360	17	14
111	360	10	13
111	359	10	10
112	359	10	10
112	360	10	10
110	362	14	15
107	374	20	18
146	373	11	11
147	383	10	10
146	390	11	10
145	386	13	10
145	387	10	10
144	388	10	10
146	389	10	10
146	388	10	10
146	390	10	10
145	389	10	10
144	389	10	10
146	390	10	10
145	390	10	10
148	391	10	10
147	393	10	10
146	391	10	10
145	391	10	10
147	392	10	10
147	393	14	10
143	384	26	19
164	376	17	13
141	376	11	10
157	377	12	10
168	376	13	11
167	376	14	10
164	377	11	10
170	377	12	10
169	375	13	11
165	387	14	10
167	387	14	10
169	388	13	10
169	388	14	10
170	387	13	10
172	385	13	10
174	381	15	13
170	383	16	11
168	383	19	13
168	386	16	10
170	387	14	10
172	386	12	10
169	386	15	10
166	387	18	11
169	387	15	11
171	387	14	10
174	388	12	10
172	388	13	10
171	390	13	10
172	390	13	10
171	389	14	10
174	385	16	13
175	383	18	15
172	383	19	17
170	386	20	14
173	378	18	15
177	376	15	14
177	376	13	11
177	375	13	11
177	375	12	10
171	386	14	10
169	387	15	10
171	387	13	10
179	393	11	11
172	384	29	22
172	401	22	14
150	392	67	34
100	402	45	34
119	406	33	20
135	411	21	15
133	414	15	12
134	413	12	11
141	415	11	10
142	416	11	10
142	415	12	10
144	416	11	10
145	417	11	10
144	416	12	11
146	417	13	10
146	418	11	10
138	412	23	19
100	402	71	37
108	450	46	34
101	450	19	16
89	450	20	10
68	451	15	12
81	451	17	10
96	450	15	11
93	449	14	11
91	449	14	11
96	448	15	11
98	448	14	13
99	447	15	12
100	447	15	13
101	447	15	12
102	447	14	12
103	448	13	12
103	447	14	11
104	447	14	11
103	448	14	11
103	448	14	12
103	449	14	12
105	450	14	12
104	450	14	12
104	450	15	12
103	451	14	11
104	452	14	12
103	451	14	11
105	452	13	12
104	452	14	12
103	452	14	11
103	452	14	11
103	451	13	11
103	451	15	12
104	451	14	12
103	450	14	12
103	450	14	11
79	431	59	48
76	379	26	16
56	382	15	10
60	382	15	10
58	383	16	10
79	382	12	10
74	382	11	10
79	382	12	10
84	382	11	10
83	382	11	10
85	383	11	10
85	382	11	10
87	383	11	10
89	384	10	10
87	385	11	10
90	385	10	10
89	385	10	10
88	385	11	10
88	386	11	10
89	386	10	10
90	387	10	10
89	386	11	10
89	386	10	10
89	386	10	10
89	386	10	10
89	386	10	10
90	385	10	10
89	385	10	10
89	383	10	10
88	383	10	10
88	383	11	10
89	382	11	10
89	382	10	10
90	382	10	10
89	382	10	10
89	382	10	10
89	383	11	10
89	382	10	10
91	383	10	10
90	383	10	10
90	383	10	10
89	384	10	10
90	385	10	10
89	385	10	10
91	386	10	10
89	386	10	10
90	386	13	10
68	370	41	32
45	348	60	37
56	320	61	41
75	324	25	21
88	326	16	15
60	329	17	13
67	330	15	12
84	328	14	14
86	326	14	13
82	329	14	12
86	328	12	10
89	329	11	10
89	328	11	10
92	327	11	10
92	328	10	10
94	327	10	10
94	328	10	10
94	327	10	10
94	328	10	10
95	328	10	10
94	327	11	10
95	328	10	10
95	328	11	10
86	332	31	18
46	307	89	52
14	318	32	24
0	324	13	13
10	326	16	10
27	326	13	11
24	326	12	10
21	327	11	10
27	327	12	11
29	327	11	11
30	327	11	11
32	327	11	10
32	326	11	10
34	325	11	10
34	325	11	10
34	325	11	10
34	325	10	10
34	324	11	10
33	324	12	10
34	323	11	10
34	323	12	11
36	322	11	10
36	322	11	10
38	321	12	11
40	322	12	11
42	321	12	10
45	321	11	10
47	322	11	10
49	321	12	10
53	320	12	11
56	320	11	10
59	319	12	10
63	320	10	10
64	318	11	10
66	318	11	10
66	319	12	10
51	317	43	23
44	282	82	47
60	300	41	23
65	269	54	31
45	241	66	38
122	207	26	16
116	201	14	14
120	209	15	11
132	208	13	11
131	208	13	11
131	210	10	10
134	208	11	10
136	209	11	10
136	208	12	11
139	209	11	11
138	207	13	13
139	208	12	12
139	207	14	13
140	208	13	12
141	210	11	10
142	210	11	10
142	212	11	10
141	211	11	10
141	211	11	10
142	212	10	10
142	213	11	10
143	212	11	10
142	212	11	10
141	213	11	10
141	212	11	10
142	211	11	11
141	211	11	11
141	212	11	10
141	211	12	11
143	212	11	10
125	204	31	19
115	203	15	14
99	206	16	10
85	206	13	11
101	205	13	10
110	205	10	10
104	205	10	10
107	205	10	10
112	205	10	10
112	205	10	10
112	205	10	10
114	206	10	10
117	206	10	10
119	207	10	10
121	207	10	10
125	208	10	10
125	209	10	10
128	210	10	10
132	211	10	10
135	212	10	10
137	212	10	10
137	212	10	10
139	213	10	10
140	214	10	10
139	213	10	10
139	213	10	10
140	212	10	10
139	212	10	10
140	212	10	10
128	210	28	19
110	212	60	36
142	177	48	23
131	153	40	25
84	168	85	44
13	117	46	20
38	106	27	16
46	108	21	13
28	118	20	19
27	115	21	22
24	116	22	22
28	115	22	24
28	116	23	23
30	115	23	24
32	117	22	23
33	117	22	24
31	118	23	23
33	116	22	24
31	121	17	18
16	156	17	11
29	158	15	10
43	158	13	10
39	158	12	10
18	156	19	10
12	157	13	10
11	157	16	10
17	154	20	13
24	151	18	15
25	154	15	12
19	156	12	10
15	156	12	10
12	154	17	13
13	151	21	15
17	149	21	16
16	148	19	16
16	153	16	12
15	153	16	11
12	146	11	10
15	146	11	10
15	147	10	10
18	154	16	11
18	154	15	12
18	155	14	12
19	156	14	10
20	157	13	10
18	155	16	13
17	155	15	12
18	157	14	11
18	157	15	11
18	156	15	11
19	157	14	10
18	158	14	10
18	157	15	11
18	157	14	10
18	156	14	11
18	156	14	10
18	154	14	12
19	155	14	11
17	154	15	12
17	153	15	13
17	152	15	13
17	153	15	13
18	153	14	11
18	154	14	11
19	155	13	10
20	154	13	11
9	147	40	30
0	168	17	23
0	165	13	18
0	164	13	16
0	174	13	15
0	174	14	12
0	173	15	14
0	174	14	14
0	176	14	13
0	176	13	14
0	176	15	13
0	175	13	14
0	175	10	11
0	176	11	10
0	176	10	10
0	176	10	10
0	175	14	13
0	175	16	15
0	174	12	14
0	175	11	12
0	174	11	10
0	175	13	12
0	174	15	12
0	174	10	12
0	174	14	12
0	174	12	14
0	176	11	15
0	196	10	10
2	184	16	10
18	184	17	10
31	184	16	10
42	183	13	10
30	184	11	10
29	184	12	10
33	184	14	11
40	186	12	10
38	184	11	10
31	184	13	10
30	185	10	10
22	182	10	10
22	180	13	10
35	184	10	10
33	185	10	10
33	185	10	10
34	184	10	10
33	184	10	10
30	179	22	17
3	161	64	45
0	220	30	18
2	183	20	21
0	182	14	17
0	197	10	13
0	183	14	14
0	182	15	19
0	182	13	16
0	182	12	15
0	182	16	20
0	181	19	21
0	181	18	22
0	182	21	22
0	180	23	25
1	182	21	22
1	182	22	23
2	181	21	24
0	182	22	24
2	183	21	22
1	183	23	23
2	182	21	23
1	183	22	23
1	181	22	24
2	183	21	22
2	182	20	23
2	183	22	22
3	181	20	23
1	181	21	24
2	180	20	23
2	179	20	23
1	181	21	23
1	179	20	24
1	181	21	23
1	179	20	23
2	180	23	24
2	179	20	23
2	180	20	23
1	179	21	24
1	180	20	23
2	181	23	23
2	181	21	22
2	181	22	23
2	181	21	23
2	181	21	24
1	183	22	23
1	182	22	23
1	183	22	23
2	182	22	24
1	184	21	22
1	182	22	25
0	184	22	23
1	181	24	25
2	182	21	24
1	182	21	24
1	182	23	24
2	182	21	23
1	181	21	24
2	181	22	23
1	180	20	23
1	181	23	24
1	180	21	23
2	181	20	22
1	179	21	24
1	181	23	23
2	179	21	23
1	182	22	23
1	181	20	23
2	180	23	23
2	180	20	23
2	182	22	22
1	180	21	24
2	181	22	23
1	182	22	23
2	182	21	24
2	182	22	22
2	182	21	23
1	182	21	24
2	182	22	23
2	182	21	24
2	183	22	22
1	181	21	24
1	181	21	24
2	180	21	24
21	183	34	20
18	202	19	19
15	184	15	11
0	187	16	18
0	181	10	12
0	181	10	11
0	172	10	11
0	181	10	12
0	194	10	10
0	194	10	10
0	193	10	10
0	193	10	10
0	192	10	11
0	186	10	10
0	185	10	11
0	184	10	12
0	185	10	10
0	185	10	10
0	187	10	10
0	186	10	11
0	186	10	11
0	188	10	10
0	187	10	10
0	187	10	11
0	187	10	10
0	187	10	10
0	188	10	10
0	186	10	11
4	197	10	10
0	187	10	10
0	187	10	10
0	186	10	10
0	186	10	10
0	185	10	10
0	185	10	10
0	185	10	10
0	185	10	10
0	184	10	10
0	184	10	10
0	185	10	10
0	185	10	10
0	185	10	10
0	185	10	10
0	186	10	10
0	185	10	10
0	185	10	10
0	187	10	10
0	186	10	10
0	187	10	10
0	186	10	10
0	188	10	10
0	187	10	10
0	187	10	10
0	187	10	10
0	187	10	10
0	187	10	10
0	187	10	10
0	186	10	10
5	197	10	10
0	198	10	11
0	197	10	12
0	196	10	13
0	194	14	13
0	195	10	13
0	186	10	10
0	185	10	10
0	184	10	10
0	186	10	10
0	185	10	10
0	186	10	10
0	184	10	13
0	186	10	10
0	187	10	10
0	186	10	10
0	187	10	10
0	187	10	10
0	187	10	10
0	188	10	10
0	188	10	10
0	188	10	10
0	188	10	10
0	188	10	10
0	188	10	10
0	187	10	10
0	187	10	10
0	187	10	10
0	186	10	11
0	185	10	12
0	185	10	12
0	185	10	11
0	184	10	11
0	186	10	10
5	196	10	10
5	196	10	10
6	196	10	10
5	197	10	10
6	196	10	10
0	186	10	10
0	185	10	10
0	187	10	10
0	187	10	10
0	186	10	10
0	186	10	10
0	187	10	10
0	188	10	10
0	187	10	10
0	187	10	10
0	188	10	10
0	188	10	10
0	188	10	10
0	188	10	10
0	188	10	10
0	187	10	10
0	188	10	10
0	187	10	10
0	186	10	10
0	186	10	10
0	185	10	11
0	184	10	12
0	184	10	12
0	184	10	11
0	184	10	11
0	186	10	10
0	185	10	10
0	185	10	10
0	185	10	10
0	186	10	10
0	185	10	10
0	186	10	10
0	186	10	10
0	187	10	10
0	187	10	10
0	188	10	10
0	188	10	10
0	188	10	10
0	189	10	10
0	189	10	10
0	188	10	10
0	188	10	10
0	188	10	10
0	187	10	10
0	187	10	10
0	187	10	10
0	187	10	10
0	187	10	10
0	186	10	10
0	185	10	10
0	185	10	10
0	185	10	10
0	185	10	10
0	186	10	10
0	185	10	10
0	186	10	10
0	185	10	10
0	186	10	10
0	186	10	10
0	186	10	11
0	186	10	10
0	186	10	10
0	187	10	10
0	187	10	10
0	187	10	10
0	188	10	10
0	189	10	10
0	189	10	10
0	189	10	10
0	188	10	10
0	188	10	10
0	188	10	10
0	188	10	10
0	186	10	11
0	186	10	11
0	185	10	10
0	187	10	10
0	187	10	10
0	186	10	10
0	184	10	11
0	184	10	11
0	186	10	10
0	185	10	10
0	184	10	12
0	182	10	14
0	183	10	11
0	185	10	10
0	185	10	10
0	186	11	11
0	185	10	11
0	186	10	11
0	186	10	11
0	185	10	12
0	186	10	11
0	188	10	11
0	188	10	10
0	187	10	10
0	188	10	10
0	187	10	10
0	187	10	10
0	188	10	10
0	188	10	10
0	187	10	10
0	187	10	10
0	186	10	10
0	187	10	11
0	186	10	10
0	185	10	11
0	186	10	10
0	187	10	10
0	186	10	10
0	186	10	10
0	186	10	10
0	185	10	10
0	187	10	10
0	186	10	11
0	187	10	11
0	195	10	13
0	186	10	10
0	185	12	18
1	184	19	25
30	183	10	12
31	179	10	10
31	176	10	10
32	186	10	10
31	185	10	10
31	185	10	10
31	185	10	10
31	185	10	10
31	185	10	10
31	185	10	10
31	185	10	10
31	185	10	10
30	184	10	10
16	177	35	24
21	186	33	30
81	205	25	21
84	218	24	17
84	216	24	16
85	209	22	15
84	211	24	14
86	211	21	14
88	212	20	12
89	213	18	11
86	194	10	11
86	196	11	11
86	195	10	11
87	196	10	11
86	197	10	11
87	196	10	10
87	198	10	10
85	197	10	10
86	198	10	10
85	197	11	10
84	196	12	10
87	197	10	10
86	198	10	11
85	197	11	10
86	196	10	10
86	196	10	10
85	195	10	10
85	195	11	10
86	195	10	10
87	195	10	10
86	194	10	10
86	196	10	10
86	195	10	10
86	196	10	10
86	195	10	10
86	196	10	10
86	195	10	10
86	196	10	10
87	196	10	10
87	196	10	10
87	197	10	10
86	197	10	10
86	198	10	10
87	197	10	10
86	196	10	10
86	197	10	10
86	198	10	10
87	197	10	10
86	198	10	10
86	196	10	10
87	197	10	10
86	196	10	10
87	196	10	10
86	196	10	10
87	196	10	10
85	195	10	10
86	196	10	10
87	195	10	10
87	195	10	10
86	194	10	10
87	195	10	10
86	195	10	10
87	196	10	10
87	195	10	10
87	195	10	10
87	196	10	10
86	195	10	10
86	196	10	10
86	197	10	10
86	196	10	10
85	196	10	10
86	196	10	10
86	197	10	10
86	198	10	10
86	197	10	10
85	197	10	10
85	196	10	10
86	197	10	10
87	196	10	10
86	197	10	10
86	196	10	10
87	197	10	10
86	195	10	10
87	196	10	10
87	195	10	10
86	194	10	10
86	195	10	10
84	194	12	10
83	193	12	10
84	193	13	10
86	195	10	10
84	194	12	10
86	194	10	10
86	195	10	10
86	195	10	10
84	194	12	10
85	195	10	11
86	196	10	11
87	196	10	10
87	197	10	10
86	197	10	10
86	196	10	10
86	197	10	10
84	196	12	11
86	196	10	10
85	197	11	10
85	195	11	12
83	196	14	13
84	197	12	12
86	196	10	11
85	195	10	10
86	195	10	10
87	196	10	10
86	194	10	10
82	193	14	11
85	194	14	12
84	193	12	11
85	194	12	10
86	194	10	10
87	193	10	10
85	194	10	10
87	194	10	10
86	195	10	10
86	196	10	10
86	195	10	10
86	196	10	10
86	196	10	10
86	196	10	10
86	197	10	10
86	197	10	10
86	198	10	10
86	197	10	10
86	196	10	10
86	197	10	10
86	196	10	10
86	197	10	10
85	195	10	10
86	196	10	10
86	195	10	10
86	195	10	10
87	195	10	10
87	195	10	10
86	196	10	10
86	194	10	10
86	195	10	10
86	194	10	10
86	192	10	11
86	194	10	10
86	194	10	10
87	193	10	10
87	194	10	10
86	195	10	11
68	204	20	14
61	208	42	30
17	224	62	42
79	313	31	32
80	308	23	21
83	319	19	16
84	318	17	14
85	319	13	11
87	320	11	11
86	321	11	10
86	320	11	10
86	320	11	10
85	321	13	10
86	320	11	10
86	319	11	10
86	320	10	10
84	318	11	11
85	318	11	10
86	319	11	10
86	318	11	10
86	319	10	10
86	318	10	10
86	319	10	10
86	319	11	10
83	320	16	16
58	301	51	38
51	315	28	19
52	309	16	13
32	284	10	10
32	292	10	10
31	289	10	10
31	290	10	10
32	291	10	10
32	292	10	10
32	292	10	10
32	292	10	10
31	291	10	10
32	292	10	10
32	292	10	10
32	292	10	10
32	291	10	10
32	291	10	10
32	291	10	10
32	291	10	10
32	291	10	10
32	290	10	10
32	290	10	10
32	290	10	10
32	289	10	10
33	290	10	10
32	290	10	10
32	290	10	10
32	290	10	10
32	290	10	10
22	280	31	29
31	256	17	22
31	257	16	19
30	251	16	17
30	260	16	17
31	263	16	16
30	260	17	18
30	262	17	17
29	262	18	18
29	261	18	19
30	263	16	17
29	262	17	17
30	261	18	19
31	263	16	16
30	262	15	16
31	263	15	16
30	261	17	18
29	261	18	18
31	263	15	16
30	261	16	16
29	261	18	18
29	260	17	18
30	259	17	18
32	261	15	16
31	260	16	16
30	260	16	17
31	261	15	16
30	261	16	16
29	260	17	16
31	261	15	17
32	263	14	15
31	262	16	16
31	261	18	18
32	263	16	16
31	263	15	16
31	263	16	16
31	262	17	18
31	264	16	16
31	263	17	17
31	262	17	17
32	264	15	16
32	263	15	17
32	264	15	16
31	262	16	16
31	261	17	18
32	263	15	15
30	261	16	16
30	261	17	18
30	260	17	18
30	259	18	18
31	262	15	16
30	261	16	16
30	260	17	17
32	262	15	15
31	261	16	16
32	262	14	15
30	260	16	15
31	261	15	15
30	261	16	16
31	262	15	16
30	262	16	16
30	261	18	18
31	262	17	17
30	262	17	17
32	263	14	16
30	263	16	16
30	262	16	16
30	262	17	18
32	263	15	16
31	263	16	16
31	262	16	16
30	262	17	18
30	261	18	17
31	263	14	15
29	262	17	16
30	261	17	18
30	261	16	16
29	260	18	19
30	261	17	17
30	261	16	17
30	260	16	16
30	259	17	18
30	261	16	16
31	260	17	18
31	262	15	15
30	261	16	15
31	262	15	16
31	261	16	16
31	262	16	16
30	262	16	16
31	261	17	17
32	263	15	15
31	263	15	15
31	263	16	16
31	263	16	17
30	262	17	17
32	263	15	16
31	264	16	16
30	262	17	17
30	261	17	18
32	263	15	15
30	262	17	17
31	260	17	18
32	263	15	16
30	260	16	17
30	260	18	19
30	261	17	17
30	260	17	17
29	258	19	20
31	260	16	17
30	259	17	17
30	258	18	19
32	261	16	17
24	270	46	24
17	270	26	23
36	268	26	22
30	274	24	17
10	280	18	15
24	284	13	10
32	284	10	10
28	284	11	10
30	285	10	10
33	284	11	10
34	286	10	10
35	284	10	10
37	285	10	10
36	284	10	10
36	285	10	10
37	284	10	10
38	285	10	10
37	284	10	10
37	283	10	10
37	283	11	10
37	282	11	10
38	283	10	10
37	282	11	10
37	261	16	20
37	252	11	10
38	258	11	10
38	259	10	10
37	254	10	10
39	256	10	10
38	255	10	10
37	255	12	10
37	256	10	10
37	255	11	10
38	257	11	10
38	257	11	10
38	256	11	10
37	257	11	10
