0.034290
0.104974
0.046278
0.128063
0.085047
0.083709
0.129251
0.145573
0.122634
0.087193
0.070272
0.093225
0.138135
0.054110
0.051591
0.092615
0.080667
0.076865
0.143064
0.123050
0.120634
0.101781
0.120435
0.091854
0.074406
0.076955
0.167755
0.153167
0.136485
0.086977
0.056492
0.044280
0.067702
0.094659
0.154469
0.150574
0.116064
0.056033
0.112347
0.081494
0.089014
0.091016
0.066353
0.120668
0.169346
0.136027
0.104230
0.125154
0.049887
0.058338
0.100440
0.144844
0.151975
0.137173
0.070477
0.100597
0.079383
0.089040
0.128190
0.157412
0.091146
0.141906
0.086214
0.145606
0.163211
0.122149
0.110579
0.101069
0.084509
0.119227
0.152831
0.134557
0.080014
0.136728
0.090621
0.149204
0.143103
0.096681
0.106456
0.091166
0.094380
0.090307
0.050104
0.042717
0.093963
0.076394
0.139622
0.160105
0.128407
0.111454
0.099038
0.090600
0.095912
0.070599
0.047308
0.153378
0.158454
0.140352
0.133892
0.075880
0.046981
0.081349
0.073608
0.090830
0.089506
0.097254
0.163855
0.149141
0.113245
0.114709
0.069155
0.051140
0.099267
0.088930
0.132885
0.142666
0.118467
0.096526
0.144872
0.078658
0.077935
0.049662
0.100806
0.161264
0.142478
0.099129
0.117147
0.044142
0.099771
0.165535
0.143566
0.085102
0.136312
0.056950
0.042125
0.158259
0.148792
0.140303
0.094758
0.092664
0.052819
0.082971
0.084053
0.099288
0.153192
0.144105
0.077822
0.116719
0.083792
0.083169
0.090107
0.057124
0.117917
0.165723
0.133886
0.116397
0.095934
0.061820
0.053355
0.078995
0.075346
0.147328
0.149436
0.134683
0.069613
0.102842
0.081055
0.085094
0.144971
0.131177
0.120053
0.108662
0.110079
0.091685
0.076914
0.046862
0.050966
0.084387
0.083219
0.151442
0.152968
0.109586
0.098567
0.082716
0.094391
0.085790
0.081942
0.124243
0.165894
0.113341
0.132031
0.091871
0.070521
0.045780
0.088549
0.144972
0.149120
0.144061
0.072919
0.111566
0.086584
0.087942
0.088526
0.125008
0.121644
0.145093
0.091145
0.124132
0.073407
0.047868
0.084160
0.162809
0.151980
0.098779
0.084086
0.099822
0.090996
0.068297
0.090253
0.156561
0.136128
0.087455
0.100767
0.123817
0.093305
0.130379
0.125904
0.157829
0.117497
0.100896
0.090292
0.044768
0.063217
0.163210
0.152291
0.117557
0.142562
0.052220
0.043344
0.101919
0.085541
0.093139
0.140925
0.129778
0.149395
0.106997
0.092402
0.115332
0.131736
0.138764
0.122828
0.106731
0.092015
0.062103
0.100468
0.164573
0.137905
0.129069
0.089591
0.060336
0.051533
0.099385
0.152160
0.146470
0.119520
0.109205
0.079485
0.073356
0.086113
0.150858
0.150201
0.125010
0.132319
0.083397
0.125835
0.145123
0.133038
0.124056
0.092280
0.093706
0.094642
0.059955
0.066394
0.170385
0.148023
0.119249
0.136621
0.056026
0.062249
0.166520
0.152999
0.118515
0.122390
0.054412
0.047840
0.129470
0.150722
0.141916
0.120341
0.092587
0.051332
0.137817
0.148913
0.150203
0.114314
0.118990
0.098554
0.087717
0.095330
0.064771
0.066287
0.140106
0.144279
0.138323
0.142233
0.057846
0.046010
0.100325
0.085693
0.092888
0.124104
0.117168
0.169935
0.096715
0.121070
0.086399
0.056325
0.046982
0.095169
0.149398
0.143439
0.141642
0.118892
0.084479
0.078622
0.087058
0.131789
0.141633
0.134691
0.090819
0.131385
0.091173
0.080299
0.044746
0.077469
0.142651
0.154454
0.134733
0.103161
0.069207
0.096596
0.080954
0.136228
0.155025
0.125304
0.047869
0.074866
0.130544
0.090465
0.108889
0.153848
0.110825
0.117616
0.126203
0.087855
0.081038
0.049588
0.051546
0.070265
0.149791
0.158859
0.143355
0.110737
0.055063
0.042535
0.093428
0.075132
0.143361
0.158167
0.111138
0.106205
0.095456
0.083244
0.089984
0.079909
0.050407
0.146905
0.151548
0.145806
0.131139
0.085477
0.052315
0.080078
0.076853
0.152712
0.151817
0.126413
0.098117
0.073509
0.084295
0.084994
0.147224
0.158988
0.095063
0.148720
0.075007
0.152539
0.153602
0.111964
0.083140
0.098944
0.073876
0.089572
0.139514
0.125156
0.134369
0.137188
0.095716
0.087840
0.114892
0.165438
0.137157
0.119781
0.095884
0.072585
0.044678
0.049242
0.120756
0.153812
0.141286
0.100906
0.047856
0.093638
0.100396
0.093271
0.089665
0.074175
0.058291
0.079842
0.153178
0.153063
0.121575
0.131735
0.055337
0.049674
0.093573
0.063967
0.085665
0.089574
0.062853
0.044460
0.075821
0.168989
0.149366
0.111301
0.129113
0.061280
0.043320
0.084743
0.065307
0.083140
0.148708
0.139810
0.106343
0.153309
0.075951
0.092926
0.075837
0.079286
0.144632
0.152349
0.126571
0.106668
0.078312
0.045802
0.054354
0.093617
0.082708
0.133909
0.146914
0.108382
0.090273
0.084646
0.131164
0.083407
0.049056
0.070759
0.083024
0.153996
0.150774
0.120057
0.048689
0.122523
0.084333
0.110503
0.150847
0.143275
0.061465
0.116793
0.080472
0.091374
0.088747
0.055327
0.043414
0.130812
0.144481
0.144104
0.093323
0.110413
0.046984
0.076445
0.080329
0.092703
0.147955
0.134384
0.122188
0.135041
0.096565
0.086685
0.053815
0.058086
0.117820
0.164235
0.150682
0.081549
0.110375
0.063188
0.084571
0.087932
0.155567
0.139394
0.087699
0.096043
0.122745
0.089052
0.083699
0.047227
0.053637
0.087439
0.066500
0.138934
0.154679
0.129103
0.047464
0.109245
0.093405
0.082781
0.137019
0.155627
0.093019
0.115999
0.087255
0.082569
0.092321
0.122550
0.134665
0.148730
0.094349
0.144398
0.071158
0.048483
0.051604
0.131806
0.159057
0.147753
0.144925
0.058076
0.064361
0.082508
0.120181
0.147359
0.144449
0.055516
0.106627
0.085806
0.093166
0.087604
0.048201
0.075529
0.150137
0.153297
0.126274
0.134530
0.068508
0.078921
0.074360
0.086032
0.116800
0.137764
0.141066
0.107098
0.137465
0.090666
0.074036
0.046832
0.081068
0.071517
0.092589
0.155336
0.135642
0.107600
0.129456
0.084890
0.126934
0.138242
0.122829
0.145925
0.066413
0.082886
0.091525
0.052133
0.044537
0.150865
0.149286
0.122441
0.092802
0.113605
0.049041
0.094919
0.080818
0.093595
0.135185
0.128593
0.143618
0.125917
0.091316
0.079781
0.050729
0.043214
0.104023
0.143613
0.153034
0.118486
0.110679
0.061251
0.058926
0.097298
0.086117
0.090003
0.077443
0.056242
0.139621
0.155838
0.152114
0.133278
0.076135
0.047648
0.062738
0.087555
0.136739
0.145159
0.150162
0.118201
0.068626
0.080806
0.091838
0.091577
0.077881
0.078943
0.168793
0.135128
0.114967
0.101780
0.058443
0.041820
0.086511
0.073477
0.084824
0.124784
0.137025
0.140163
0.127194
0.094306
0.089862
0.067276
0.043442
0.160779
0.142105
0.127606
0.091625
0.111671
0.042872
0.073042
0.150299
0.150627
0.129149
0.121936
0.052338
0.041164
0.094168
0.084075
0.141910
0.161318
0.098729
0.102544
0.094270
0.085576
0.092563
0.075669
0.088528
0.165665
0.146392
0.089092
0.128419
0.049984
0.055324
0.091575
0.089374
0.087917
0.108927
0.124346
0.168138
0.088704
0.126512
0.085406
0.050595
0.044114
0.074586
0.070669
0.133449
0.155636
0.134988
0.074592
0.100985
0.070432
0.083259
0.081637
0.043493
0.109396
0.149446
0.158106
0.101254
0.103524
0.059898
0.097349
0.083954
0.094737
0.105164
0.127788
0.168871
0.072276
0.116810
0.103734
0.045385
0.046895
0.129288
0.149567
0.144973
0.087054
0.079184
0.081573
0.072547
0.088575
0.113012
0.131319
0.147703
0.129989
0.111083
0.092394
0.073873
0.053237
0.096219
0.077531
0.129138
0.161447
0.132732
0.114367
0.096638
0.094530
0.102391
0.066716
0.059916
0.167805
0.187953
0.117390
0.110247
0.054341
0.043604
0.086324
0.073761
0.144469
0.159601
0.118937
0.085003
0.102265
0.071253
0.092629
0.090714
0.059891
0.052609
0.102755
0.133489
0.141917
0.126216
0.117253
0.042232
0.063762
0.084887
0.151793
0.153903
0.105688
0.106939
0.105410
0.083430
0.103313
0.055690
0.123288
0.163905
0.127521
0.124697
0.075088
0.060543
0.147695
0.149790
0.104225
0.139959
0.074435
0.043213
0.117144
0.155452
0.155374
0.146106
0.074597
0.048400
0.047988
0.186314
0.149738
0.132194
0.130540
0.068129
0.045781
0.074297
0.073584
0.155303
0.151205
0.109282
0.097888
0.090918
0.098033
0.149040
0.148593
0.108574
0.149850
0.076813
0.101449
0.087944
0.085912
0.155538
0.153458
0.112273
0.141045
0.057796
0.043711
0.095688
0.077654
0.095160
0.147703
0.123646
0.129971
0.136238
0.085242
0.089849
0.054962
0.041042
0.092265
0.126797
0.148472
0.155062
0.094571
0.077258
0.092627
0.103419
0.150732
0.159646
0.102652
0.106758
0.087180
0.108279
0.092637
0.059156
0.120757
0.157614
0.166713
0.100369
0.121930
0.072081
0.096589
0.084723
0.136425
0.158450
0.121351
0.046271
0.133465
0.094690
0.111604
0.146109
0.125130
0.131022
0.108968
0.090770
0.084768
0.061793
0.155478
0.147367
0.143288
0.118795
0.117658
0.076537
0.132971
0.126019
0.125451
0.098357
0.081637
0.146149
0.172529
0.128403
0.128015
0.158967
0.133229
0.106911
0.128402
0.082632
0.149885
0.140969
0.096281
0.152429
0.087598
0.134634
0.151335
0.119533
0.125411
0.086319
0.097176
0.103663
0.144712
0.120605
0.164905
0.076014
0.088666
0.160523
0.131122
0.113205
0.127783
0.114399
0.143695
0.150532
0.088824
0.094231
0.092013
0.087106
0.139612
0.143903
0.123412
0.137156
0.077358
0.092667
0.149058
0.135005
0.128836
0.124351
0.094674
0.085441
0.074752
0.120189
0.168349
0.123682
0.112936
0.096121
0.050816
0.050389
0.098875
0.156660
0.150460
0.137846
0.112167
0.050773
0.069108
0.168170
0.155438
0.125508
0.140989
0.055724
0.062417
0.100780
0.144859
0.145065
0.144197
0.097374
0.057028
0.085689
0.176156
0.151831
0.116924
0.112963
0.045691
0.087542
0.167863
0.151017
0.098896
0.125579
