129	259	52	33
135	259	46	35
140	258	45	35
144	258	45	34
147	258	45	34
151	257	45	34
154	257	46	34
157	256	45	35
161	255	45	35
164	255	45	35
168	255	45	35
171	253	45	35
175	253	45	35
179	253	45	35
182	252	44	35
185	252	44	35
189	252	44	34
193	251	44	34
195	251	45	34
199	251	45	35
203	249	45	34
205	249	45	35
210	249	45	34
213	249	44	34
217	248	44	34
220	248	44	34
223	247	44	34
227	245	44	34
230	245	44	34
234	245	44	34
237	245	44	34
240	245	44	33
244	243	44	34
247	243	44	34
250	243	43	34
254	243	43	33
257	242	44	34
260	241	44	34
263	242	44	34
268	241	43	34
271	240	44	34
274	240	44	34
278	240	44	34
280	239	44	35
288	238	43	34
292	237	44	35
295	237	44	34
298	237	44	34
302	237	43	34
305	236	43	34
308	236	44	34
312	235	44	34
316	234	43	34
319	234	44	34
303	226	55	38
283	214	63	45
274	212	69	55
268	218	85	58
263	273	99	71
259	272	110	74
260	267	113	79
260	258	113	87
257	244	115	101
254	238	120	105
257	235	120	108
255	232	123	111
252	223	126	118
252	223	126	118
253	218	125	119
251	221	125	117
253	223	124	115
251	222	125	117
255	223	128	104
252	222	126	107
256	226	123	103
254	228	124	102
258	254	115	83
263	250	107	90
263	258	107	85
263	254	107	85
260	250	110	85
257	240	111	87
257	224	113	89
241	216	114	87
259	226	108	82
264	225	108	86
259	226	109	85
244	214	106	82
124	209	73	52
128	215	49	38
134	217	46	35
137	217	47	35
141	216	46	35
144	216	46	35
147	215	46	35
151	216	46	35
156	215	45	35
159	214	46	35
163	215	45	35
166	214	46	35
170	214	46	35
173	212	45	35
176	212	46	35
181	212	45	35
135	213	66	32
120	212	66	39
127	213	68	42
124	220	73	43
122	199	87	54
207	170	86	70
266	221	97	81
263	240	106	92
263	240	108	99
259	237	112	105
259	229	116	109
255	224	122	115
254	222	123	115
255	225	121	105
259	230	117	100
261	221	115	102
261	221	116	99
262	210	120	99
264	216	117	96
262	217	118	98
260	229	114	91
263	240	110	84
264	247	109	82
267	254	103	80
266	262	104	73
263	264	103	73
264	263	105	72
262	267	107	71
265	277	101	64
264	273	101	68
264	278	100	65
266	277	101	64
267	263	101	72
260	264	109	71
253	275	116	66
258	269	110	70
266	274	102	63
267	277	101	61
264	275	102	63
263	278	104	62
270	277	100	61
270	262	99	69
263	255	105	72
266	253	105	70
263	270	103	65
265	274	102	64
262	274	104	61
264	276	103	61
157	178	96	51
243	178	79	38
346	177	58	37
357	177	46	36
362	177	45	35
362	175	45	35
362	175	46	35
363	174	45	36
363	174	45	36
363	173	45	36
364	173	45	35
364	171	44	35
364	171	44	35
364	171	45	34
364	171	44	34
364	170	44	35
364	169	45	34
364	169	45	35
364	169	44	35
364	168	44	35
364	167	44	35
364	167	44	34
364	167	44	34
365	167	44	35
365	166	44	34
365	165	44	35
365	166	44	35
364	166	44	35
363	165	44	35
363	165	45	35
363	165	45	35
363	164	45	35
363	164	45	35
364	164	45	35
364	165	44	35
364	164	44	35
364	164	44	35
363	164	44	35
363	164	44	35
363	165	45	34
363	163	45	35
363	164	45	35
362	163	45	36
363	164	44	36
363	164	44	36
363	164	44	36
363	164	44	35
362	164	44	35
362	164	44	35
362	164	45	35
362	164	45	35
362	164	45	35
362	164	44	35
362	164	44	35
362	163	45	36
362	163	44	36
362	164	44	36
362	163	44	35
361	164	44	36
361	163	44	36
361	163	44	36
361	163	45	36
361	163	45	36
361	162	45	36
361	162	45	35
361	162	45	35
360	163	46	35
360	163	45	35
360	162	45	36
361	162	45	36
361	162	45	35
361	163	45	35
361	162	45	35
361	162	45	34
361	162	45	35
361	161	45	35
361	161	45	35
361	161	44	35
361	162	45	35
362	162	44	35
361	161	45	35
361	160	44	35
361	162	45	35
362	160	44	35
362	161	44	34
361	161	44	34
361	160	44	35
361	159	45	35
361	160	45	35
361	160	45	35
362	160	45	35
362	160	44	34
361	160	45	34
361	159	44	35
362	159	45	35
361	159	45	35
361	158	45	35
362	158	45	35
362	158	45	35
362	158	44	35
362	159	45	35
362	158	45	35
362	158	45	35
362	158	44	35
362	158	44	35
363	158	44	35
363	158	44	35
362	158	44	35
363	158	44	35
363	157	44	35
363	157	44	35
363	157	44	35
363	157	45	35
363	158	44	35
363	157	44	35
363	158	45	35
363	158	45	35
363	158	45	35
363	157	44	36
363	157	44	35
363	158	44	35
363	157	45	35
364	157	45	36
364	157	44	35
363	157	45	36
363	158	46	35
363	157	45	36
364	157	45	36
363	157	45	35
363	157	45	35
364	158	45	36
364	157	45	36
364	158	45	35
364	157	45	36
364	157	44	35
364	158	45	35
365	157	44	35
365	157	44	35
365	158	45	35
365	157	45	36
365	157	45	35
365	157	45	35
365	157	45	35
365	157	45	35
365	157	45	35
365	157	45	35
365	157	45	35
366	156	45	35
366	157	45	35
366	157	44	35
366	156	44	35
366	156	44	35
366	157	45	35
366	156	45	36
366	156	45	35
361	158	47	35
301	154	53	37
296	146	63	43
314	118	60	52
322	117	54	52
325	119	49	51
327	120	51	43
327	120	45	41
323	114	51	42
320	112	54	40
323	117	53	35
276	155	76	34
365	156	47	36
361	156	45	35
363	156	45	36
364	156	45	36
364	156	45	35
366	156	46	35
366	156	46	36
366	155	46	36
366	156	46	36
366	156	45	35
366	156	45	35
366	155	45	35
366	155	46	36
367	155	45	36
367	155	45	35
367	155	45	35
353	154	53	34
343	147	58	39
324	120	63	41
321	117	61	42
323	119	59	39
326	116	58	42
325	120	55	37
323	119	59	40
326	126	65	44
321	119	67	47
320	119	75	50
313	115	77	58
293	104	89	62
282	114	96	63
264	107	103	66
241	117	109	71
129	129	89	61
123	144	50	40
127	148	46	36
127	147	46	36
128	146	46	36
129	146	46	36
129	146	46	36
130	145	46	35
130	144	46	36
130	144	46	36
130	144	46	35
131	143	46	36
131	143	46	35
132	142	46	36
132	142	46	36
132	142	46	36
133	141	46	36
133	141	46	36
134	140	46	35
134	141	45	36
135	140	45	36
136	140	45	35
137	139	46	36
138	139	45	35
138	139	46	35
139	139	45	35
139	139	46	35
140	137	45	36
142	138	45	36
142	138	46	36
143	137	46	36
144	136	45	36
144	137	46	35
146	136	45	35
147	136	45	35
148	136	46	34
149	136	46	34
151	136	46	35
153	136	46	35
154	136	46	35
156	135	46	35
157	135	45	35
158	135	46	35
160	135	46	35
161	135	46	35
164	135	45	35
165	135	45	35
166	135	46	35
169	135	45	35
170	136	46	35
171	135	46	36
173	135	46	35
175	136	46	36
176	135	46	35
178	136	46	35
181	136	45	35
183	135	45	35
185	135	45	35
185	135	47	36
188	135	46	36
190	135	46	36
193	135	45	36
195	135	45	36
196	135	45	36
199	134	45	35
201	134	45	35
203	134	45	35
204	134	46	36
209	177	43	45
212	232	44	44
212	273	45	36
214	274	46	35
219	274	46	35
221	273	46	36
225	273	45	36
227	272	46	36
231	272	45	35
233	272	46	35
237	272	45	34
240	272	45	35
244	272	44	35
247	271	45	34
250	271	45	34
254	272	45	34
257	270	45	34
261	270	45	34
265	270	45	34
269	270	45	34
273	270	45	35
277	270	45	35
281	270	45	35
285	269	45	35
288	270	46	35
293	270	45	35
297	269	46	35
302	269	45	35
306	269	45	35
310	269	45	35
315	269	45	34
320	269	45	34
258	272	67	30
268	264	63	48
278	283	75	53
279	281	84	60
267	278	98	64
265	271	103	71
262	259	106	82
263	244	106	93
260	230	115	108
261	221	115	117
260	222	115	117
262	228	112	108
259	228	110	107
261	239	108	96
261	242	108	96
264	247	104	91
263	248	106	90
271	262	98	80
268	259	103	82
272	265	97	77
270	267	98	74
272	270	94	71
273	273	91	69
279	276	89	64
278	279	88	63
276	275	90	65
274	267	93	65
270	256	94	72
238	248	93	69
153	259	52	40
163	261	47	36
168	261	46	35
173	261	47	35
179	261	47	35
185	261	46	35
190	260	47	34
196	260	46	35
201	259	47	35
207	260	46	35
212	258	46	35
213	258	47	35
150	258	55	32
144	266	58	41
146	251	65	51
149	237	83	60
150	215	103	73
259	245	107	91
258	228	115	107
254	224	121	112
253	221	122	115
253	220	123	114
255	220	122	116
254	213	131	122
247	209	131	126
248	212	131	127
250	216	129	123
251	213	126	121
252	212	123	122
246	231	130	97
194	231	152	70
260	241	68	58
276	251	49	38
283	252	46	35
288	252	46	35
292	252	45	35
297	252	46	34
300	253	46	34
301	253	47	34
240	253	53	32
259	249	54	40
262	231	65	46
280	274	82	59
269	277	95	59
266	274	100	64
270	269	98	68
265	266	104	76
265	262	107	80
263	243	110	93
266	250	106	85
267	259	103	80
265	257	107	82
262	259	108	79
259	260	105	74
262	266	102	69
265	267	99	72
265	262	98	76
263	261	99	72
259	264	105	71
263	263	101	71
262	259	101	74
242	249	99	72
136	251	51	42
142	253	48	37
146	255	46	36
149	254	46	36
154	254	46	35
158	254	47	35
161	254	47	35
165	254	47	35
170	253	46	35
172	253	47	35
176	253	47	35
181	252	46	35
185	252	47	35
188	252	46	35
191	252	47	35
196	252	46	35
200	251	46	35
203	251	46	35
207	251	47	34
211	251	46	34
214	249	47	35
219	250	46	35
222	249	46	35
226	249	46	35
230	248	45	35
233	248	45	34
237	247	46	35
241	248	46	34
244	247	45	35
249	247	45	34
252	247	45	34
256	247	45	34
259	247	45	34
263	247	45	34
267	247	45	34
270	247	45	34
275	247	44	34
278	247	45	34
283	247	44	34
285	247	45	34
289	248	46	34
293	247	44	34
297	247	45	34
301	247	44	34
304	248	44	34
307	247	45	34
312	247	44	34
314	247	45	34
318	248	45	34
309	247	51	34
286	238	63	35
275	233	67	49
269	229	77	59
269	230	88	73
261	244	102	85
259	262	105	75
257	265	104	71
257	267	105	70
267	268	99	68
270	264	96	75
265	263	100	71
266	257	93	74
270	263	94	69
272	259	93	72
269	257	95	72
264	259	96	70
259	248	90	70
156	239	82	57
149	249	48	39
154	252	47	36
159	253	46	35
162	253	45	35
165	253	46	35
169	253	47	35
172	254	47	35
177	255	47	34
180	255	47	34
184	255	47	35
189	255	46	34
192	257	47	34
196	257	47	34
199	257	47	35
203	258	46	34
207	259	47	35
210	258	47	35
214	258	47	35
218	259	46	34
222	260	46	34
226	260	46	35
229	260	47	35
234	261	46	34
238	261	46	34
242	261	46	34
246	262	46	34
250	262	47	34
253	262	46	34
257	262	46	35
261	262	46	35
265	263	46	34
270	264	45	35
273	264	46	34
276	264	46	34
281	265	46	34
284	264	46	35
289	265	46	34
293	265	46	34
296	265	46	35
300	266	45	34
304	266	46	34
284	267	58	34
271	258	63	41
274	244	70	52
272	272	82	60
269	273	95	67
268	266	98	72
270	260	98	76
266	262	100	72
268	267	98	69
264	265	99	70
272	271	92	67
271	274	90	63
271	276	90	62
268	273	92	63
268	273	91	63
269	275	87	63
274	278	88	59
272	276	88	60
260	269	84	62
163	273	57	41
168	276	48	36
173	277	47	35
176	278	47	35
180	278	46	34
184	279	47	34
187	280	47	35
192	280	46	35
196	281	46	34
199	281	47	34
204	281	46	34
208	281	47	34
212	281	46	35
214	282	47	35
219	282	46	35
223	283	46	35
226	283	46	34
230	284	47	35
234	284	47	34
238	284	47	35
242	284	46	35
245	285	47	35
250	285	46	35
254	286	46	34
258	285	46	34
261	286	47	35
265	286	46	36
269	286	47	35
273	286	47	35
277	287	47	35
281	287	46	35
284	287	46	35
289	287	46	34
292	288	46	34
296	289	47	34
299	289	47	34
304	289	46	34
308	289	46	34
311	289	46	34
315	289	46	34
318	290	46	34
322	289	46	34
327	290	46	33
330	290	46	35
333	289	46	35
338	290	46	34
341	290	46	34
345	290	46	34
349	290	46	34
353	290	46	35
356	290	45	34
361	289	46	35
363	290	46	35
368	290	46	35
371	290	46	34
374	290	46	34
378	290	46	34
382	290	46	34
385	290	46	34
390	291	46	34
394	291	45	34
398	291	45	34
402	291	45	34
406	290	45	34
409	291	45	34
413	292	46	35
417	291	45	35
420	291	46	35
424	291	46	36
428	292	46	35
382	293	68	32
360	289	67	41
310	292	68	48
294	294	68	51
289	288	72	53
288	282	75	59
275	275	90	63
266	262	102	75
265	268	102	72
266	272	101	73
265	272	102	71
264	274	104	68
262	273	104	68
258	275	101	70
258	281	96	66
242	281	92	66
143	301	50	39
149	305	49	36
154	306	48	35
160	307	48	35
163	308	47	35
168	309	47	35
172	310	47	35
177	311	47	34
180	311	47	35
185	313	47	34
189	313	47	35
194	315	47	34
198	315	47	34
202	316	47	34
206	316	48	35
210	317	47	35
214	318	47	35
219	319	46	35
224	319	47	35
228	320	46	35
232	321	47	34
236	322	47	34
239	322	47	35
244	323	47	35
248	324	47	35
252	324	47	35
256	326	47	34
260	326	47	35
264	327	47	35
269	328	47	35
273	328	47	35
278	329	47	34
282	330	46	34
286	331	47	34
289	331	47	34
294	332	47	35
298	332	46	35
302	333	46	35
306	334	46	34
310	335	47	34
315	334	46	34
318	336	46	34
323	337	46	34
327	337	47	35
331	338	46	34
335	339	47	35
339	339	46	35
342	340	46	35
348	341	47	35
352	342	46	35
356	342	47	35
360	342	46	35
364	343	46	35
368	345	46	35
372	344	46	36
375	346	46	35
379	345	46	36
384	346	46	35
388	346	46	35
393	347	46	35
396	348	47	34
400	349	47	34
406	350	46	34
409	350	46	34
413	350	46	34
412	351	48	34
352	351	54	33
319	326	66	43
289	290	78	51
275	279	92	60
267	265	100	74
263	255	106	84
261	242	112	97
257	227	115	111
257	230	113	106
260	234	111	102
260	239	111	101
262	247	108	93
264	242	107	97
267	246	102	92
266	245	103	90
265	248	101	87
265	246	103	91
265	258	103	79
267	267	99	75
267	267	100	76
269	259	98	82
269	260	98	80
268	263	98	77
272	270	93	69
272	273	92	73
255	256	104	78
137	234	72	50
144	240	52	39
149	243	49	36
154	243	49	36
157	243	48	35
162	244	49	35
167	244	48	35
171	243	48	35
174	244	48	35
179	245	48	35
183	245	48	35
188	243	48	35
192	244	48	35
196	245	48	35
200	245	48	34
205	245	47	35
208	246	47	34
213	245	48	35
168	246	67	32
140	234	73	45
134	238	85	56
125	219	100	71
77	220	113	77
-6	239	50	48
0	246	44	36
2	246	46	35
4	245	47	35
7	246	48	35
10	245	48	34
14	246	49	35
19	246	48	35
24	245	48	35
28	246	49	35
32	246	48	35
37	245	48	36
42	246	48	35
45	246	49	35
50	246	48	36
55	245	49	36
59	245	48	36
64	245	48	35
69	245	49	36
74	245	49	36
79	246	49	36
83	246	49	37
89	245	49	36
94	246	48	36
99	246	48	36
104	246	48	36
109	245	48	36
114	246	48	36
119	246	48	36
125	245	48	35
129	246	50	36
135	246	49	36
140	246	48	36
145	247	48	35
150	247	49	35
157	247	49	35
162	247	48	36
168	248	48	36
173	247	49	35
179	248	48	36
184	248	48	35
190	248	48	35
196	249	48	35
201	250	48	35
207	250	48	35
212	250	48	35
218	251	48	35
224	252	48	34
230	251	48	34
235	252	48	35
240	252	48	35
246	252	48	35
252	253	47	35
258	254	47	35
235	254	60	33
250	240	60	41
265	228	69	51
266	247	83	67
265	269	99	72
265	261	104	84
263	252	110	92
262	241	115	104
258	234	119	111
256	222	128	121
250	213	139	128
243	206	146	131
247	207	141	131
242	206	143	129
243	209	142	125
243	217	146	118
155	232	167	97
153	256	96	49
239	262	52	38
255	264	48	36
262	264	48	35
269	265	47	36
275	265	48	35
280	266	47	35
287	267	47	35
