381	241	32	24
393	240	30	23
407	240	31	23
422	240	30	24
437	239	30	24
450	239	30	23
463	239	30	23
461	239	30	23
445	239	31	23
430	239	30	23
417	239	30	23
405	238	29	23
392	239	29	23
378	239	30	23
365	238	30	23
352	239	31	23
338	237	31	23
333	237	29	24
345	238	31	23
361	237	31	24
375	237	30	23
390	237	30	23
404	237	30	23
418	237	30	23
433	237	29	23
446	237	30	22
460	236	29	23
457	237	31	22
441	236	30	22
427	236	31	23
415	237	30	22
402	236	30	23
388	237	30	22
376	237	30	22
363	237	29	22
351	237	29	22
336	237	29	23
323	238	29	23
316	237	27	22
326	237	29	22
342	237	29	22
356	237	29	22
370	238	30	22
385	238	29	22
400	238	30	22
415	237	30	23
428	237	29	22
426	237	29	22
410	238	30	23
397	238	29	22
384	237	30	23
371	238	30	23
358	239	30	22
344	238	30	23
331	238	30	23
319	239	31	23
307	238	31	23
294	239	30	23
280	239	30	23
269	239	29	23
261	239	27	22
272	240	30	23
288	240	30	23
302	239	30	23
318	240	30	23
331	239	31	23
346	241	31	23
350	239	29	23
335	241	29	23
320	240	30	24
309	240	30	23
296	240	30	23
283	241	31	23
270	240	30	23
258	241	30	23
245	242	29	23
238	241	28	22
249	242	31	22
266	241	31	23
281	241	30	24
296	242	31	23
311	241	30	23
325	243	31	23
340	242	31	24
355	243	30	23
370	243	30	24
381	242	29	23
371	243	30	24
356	243	29	24
343	243	30	23
331	243	30	24
318	244	30	23
306	244	30	23
294	243	30	24
282	244	30	23
270	245	30	23
258	245	30	23
258	245	29	24
274	245	30	23
290	245	30	24
305	245	30	24
319	245	31	24
335	246	31	24
351	246	31	24
367	247	30	23
382	247	31	23
397	247	31	24
411	248	31	24
428	248	31	23
438	248	28	24
428	249	30	23
414	248	30	24
402	249	30	24
389	249	30	23
379	249	29	24
367	251	29	22
354	250	30	23
343	250	28	23
330	250	30	23
319	251	29	23
318	251	29	22
333	252	30	22
352	253	29	21
367	252	29	21
382	253	29	22
397	252	30	22
401	252	29	22
388	253	28	22
376	253	27	21
362	252	29	22
352	253	28	22
339	253	29	22
327	253	29	23
315	252	29	23
304	252	29	22
302	252	30	22
318	252	30	22
335	252	30	22
350	252	30	22
366	251	31	23
381	253	30	22
398	252	30	22
414	252	30	22
430	250	29	22
445	251	29	22
439	251	29	22
424	252	29	22
413	251	29	22
400	250	30	22
389	251	28	22
378	250	29	23
366	251	29	23
355	250	28	22
343	250	28	23
343	250	27	23
359	251	30	22
378	250	30	22
393	251	30	22
409	250	30	22
425	250	30	22
441	249	30	23
446	249	29	22
431	250	29	22
419	250	29	22
408	250	29	22
397	249	29	22
386	250	28	21
375	249	28	21
364	249	28	22
352	247	28	22
342	248	29	21
332	247	29	21
320	245	29	22
311	245	28	21
300	244	27	21
291	244	27	21
296	245	29	20
315	244	30	21
334	243	30	22
351	242	30	22
371	242	30	22
388	242	31	22
405	241	28	23
399	242	28	22
388	241	28	21
381	241	27	22
372	240	27	22
366	240	28	22
358	239	29	22
351	240	28	22
344	240	29	22
345	239	30	22
363	240	31	21
388	239	31	22
409	240	31	22
431	239	31	21
453	240	32	21
475	240	32	22
498	239	31	22
519	239	33	22
538	239	29	22
534	240	29	22
528	240	28	22
525	240	29	22
522	242	28	22
519	242	28	22
517	243	29	22
514	244	28	22
511	245	28	22
510	246	27	22
508	247	28	22
507	247	28	22
505	248	27	22
504	250	28	22
503	251	27	21
501	253	28	21
500	245	27	22
500	233	26	22
499	220	27	23
498	208	27	22
497	208	27	22
497	210	28	22
496	212	28	22
495	213	27	22
496	214	28	22
495	216	28	22
495	217	28	22
496	219	28	22
495	220	27	21
495	221	27	21
495	223	27	22
495	223	27	22
495	223	27	23
496	212	27	24
496	198	27	24
497	187	27	24
496	176	28	22
496	180	28	22
496	182	28	22
497	184	27	22
496	185	28	22
496	187	28	22
497	188	28	22
498	190	28	22
499	191	28	23
499	193	29	22
499	193	29	23
500	195	28	22
500	196	28	22
501	189	27	24
501	177	27	23
501	165	27	24
502	152	26	24
502	140	26	24
503	127	26	24
503	116	27	24
503	111	27	22
503	115	26	22
504	118	27	22
504	119	27	22
504	122	27	22
505	122	27	22
505	123	27	22
506	125	27	22
507	127	27	22
507	128	27	22
506	129	28	22
508	131	28	22
508	132	28	22
507	134	28	22
508	136	28	22
509	137	27	22
510	138	27	22
510	140	27	22
511	141	27	21
511	131	27	23
512	119	27	23
512	109	27	22
511	110	27	22
512	113	27	22
513	115	28	22
513	117	28	22
513	118	28	22
514	119	27	22
495	115	31	26
469	107	36	28
427	131	30	23
428	132	28	22
427	133	28	22
428	123	27	24
428	111	27	24
428	99	26	25
428	87	27	24
428	88	27	23
429	91	27	22
429	94	27	22
429	95	28	22
428	96	28	23
427	98	29	22
409	100	33	21
379	101	35	21
352	103	32	22
344	105	28	22
347	106	28	22
349	107	27	21
348	109	27	21
348	109	27	22
347	111	27	22
349	100	25	22
349	88	25	23
349	76	25	23
349	63	25	23
349	51	25	24
349	38	26	24
348	26	26	24
347	13	26	24
347	2	27	23
347	1	26	20
347	2	27	23
347	4	28	23
347	6	29	23
347	6	28	23
346	9	28	22
347	9	29	22
346	12	29	22
346	13	30	22
346	14	29	21
345	15	30	22
346	17	29	22
345	18	30	22
346	19	29	22
346	21	29	22
346	22	29	22
346	24	30	22
346	25	29	21
347	26	28	22
346	27	29	22
345	28	30	22
346	29	30	22
345	31	29	22
345	31	30	23
345	33	29	22
345	34	29	23
345	36	29	22
345	37	30	22
345	39	30	23
345	39	29	23
345	41	30	23
344	42	29	22
345	43	30	22
344	45	30	23
344	45	29	23
343	47	30	23
344	48	30	23
344	50	30	23
343	51	31	22
344	52	30	22
344	53	30	22
343	55	30	23
344	56	30	23
344	57	29	23
343	59	30	22
344	60	30	22
344	62	30	22
343	63	30	22
344	64	29	22
343	66	30	23
343	66	30	23
344	68	30	22
343	70	30	23
343	71	30	23
343	72	29	23
342	74	29	23
343	75	29	23
343	77	30	23
343	78	30	23
343	79	29	23
343	81	29	23
343	82	29	23
343	82	30	23
343	83	30	23
342	85	30	23
343	86	29	23
343	88	30	23
343	90	29	22
342	91	29	23
343	92	29	22
342	94	30	23
342	95	30	23
342	96	29	22
342	97	29	23
343	99	29	22
342	100	29	22
341	101	30	23
342	102	30	23
341	104	30	22
341	105	30	22
341	105	29	22
341	107	30	22
341	108	29	22
341	109	29	22
340	110	30	22
340	111	29	22
340	112	29	23
340	114	29	23
340	114	29	23
339	116	29	22
340	117	29	23
339	118	29	22
339	119	30	22
339	120	30	22
339	121	30	22
338	122	29	22
338	123	30	22
338	124	29	22
338	126	29	22
338	127	29	22
338	128	30	22
337	129	30	22
337	129	29	22
337	131	29	21
338	132	29	22
337	133	29	22
337	134	29	22
337	135	30	22
336	136	30	22
336	138	30	22
336	138	29	22
336	139	30	22
336	139	29	23
335	141	30	23
335	142	29	23
335	142	29	23
335	144	30	23
335	144	30	23
335	145	30	23
335	145	29	23
336	133	28	24
336	119	26	25
336	106	27	25
335	93	27	25
335	90	28	22
333	93	28	21
335	95	27	21
335	97	27	21
335	98	27	21
334	99	27	21
334	100	28	21
334	101	28	22
335	101	27	22
335	102	27	22
334	103	27	22
334	105	28	22
334	106	28	22
333	107	28	22
334	108	27	21
334	110	27	21
333	111	27	21
333	112	27	22
334	113	27	22
334	114	27	22
334	115	27	22
334	117	28	22
334	118	28	22
334	119	28	22
334	120	27	22
333	122	27	21
334	123	27	21
333	124	27	21
333	126	27	21
333	126	27	21
333	128	27	21
333	130	28	21
332	132	28	21
333	132	27	21
332	134	27	21
332	135	27	21
333	136	27	21
332	138	28	21
332	139	27	21
332	141	27	21
333	143	27	22
332	145	27	21
333	146	26	21
332	148	27	21
332	149	28	21
331	150	27	22
331	153	28	22
331	155	28	21
331	156	28	21
331	158	27	21
331	160	27	21
331	163	28	21
331	164	27	21
331	166	27	21
330	169	27	21
330	171	27	21
331	173	27	21
330	175	28	21
330	177	28	22
331	179	27	21
331	182	27	21
330	184	27	21
330	187	28	21
329	190	28	21
330	192	28	21
330	194	27	22
330	196	27	21
330	198	27	21
330	201	28	22
329	202	27	22
330	204	28	21
329	207	28	22
330	207	27	21
330	215	26	24
330	229	26	25
330	244	27	26
329	258	28	24
329	257	29	23
328	256	29	23
328	256	30	24
328	257	30	23
328	258	29	23
328	257	29	23
328	258	30	23
328	259	29	23
328	258	29	23
328	258	29	23
328	259	29	23
327	259	29	23
327	259	29	23
327	259	29	23
327	260	29	22
326	260	29	23
326	261	29	23
327	260	29	23
326	260	29	23
326	259	29	23
327	260	29	23
326	260	29	23
326	260	29	23
329	260	31	23
350	261	35	22
381	261	34	22
407	260	34	23
423	260	31	24
421	260	31	23
420	259	30	25
420	260	30	24
421	259	29	23
420	259	29	23
421	259	29	24
421	260	29	23
421	259	29	23
421	259	29	23
420	259	29	23
420	259	29	24
420	259	30	23
421	259	29	23
421	259	29	23
421	260	30	23
420	259	30	24
421	259	30	23
421	259	30	24
421	259	30	23
421	259	30	23
421	259	30	23
422	258	30	23
421	259	30	23
421	258	30	23
420	258	30	23
421	258	30	24
421	259	30	23
421	258	30	24
421	258	29	24
421	257	30	24
421	258	30	24
421	257	30	24
420	257	30	23
421	257	30	23
421	256	29	24
421	256	30	24
421	257	30	24
420	256	30	24
421	257	30	23
421	258	30	23
420	257	30	24
421	257	30	24
420	257	30	23
420	257	30	23
420	257	30	23
420	257	31	23
420	257	30	23
420	257	30	23
420	258	30	23
419	257	31	23
420	257	30	23
419	258	31	24
419	257	30	24
420	257	30	24
421	257	29	24
420	258	29	24
420	257	30	23
421	257	29	24
420	257	30	24
420	257	30	24
420	257	30	24
420	257	30	23
420	258	30	23
420	257	30	23
420	258	30	23
420	258	30	24
421	258	30	23
420	258	30	23
420	259	30	23
419	258	30	23
420	258	30	23
420	258	30	24
420	259	30	23
420	258	30	24
420	259	30	24
420	258	30	24
420	259	31	24
420	259	31	24
421	259	30	24
421	258	30	24
420	259	30	23
420	258	31	24
420	258	30	23
420	259	31	24
420	259	31	24
419	259	30	24
420	259	31	24
420	259	30	23
420	257	30	24
420	258	30	24
420	259	29	23
420	259	30	23
420	258	30	24
420	257	30	24
420	257	30	24
419	258	30	24
420	258	30	24
419	258	30	24
419	257	30	24
419	257	30	24
419	256	30	24
419	257	31	23
420	257	30	23
419	256	30	24
420	257	30	24
417	256	31	25
417	255	31	25
416	255	30	25
416	255	30	25
415	254	30	25
415	255	30	26
414	255	30	25
413	255	30	25
412	255	30	26
411	255	29	25
410	255	30	25
408	254	30	25
407	254	31	25
405	254	31	25
403	254	30	25
402	254	30	26
400	254	31	26
398	254	29	26
397	254	29	26
395	254	30	26
392	254	30	26
390	254	29	25
387	254	29	26
384	254	30	26
382	254	31	25
379	254	30	25
377	254	30	25
373	254	30	25
370	254	30	25
369	254	30	25
384	254	33	25
410	254	34	25
433	255	34	24
456	253	32	26
458	253	31	26
452	253	31	26
448	253	30	26
445	254	31	26
440	254	31	26
436	254	30	26
432	254	31	26
428	254	31	27
423	254	31	27
419	253	32	27
415	253	31	26
411	254	31	25
405	253	31	26
401	254	31	25
396	254	31	26
391	254	31	25
386	253	31	26
381	254	30	26
376	254	31	26
370	253	31	26
366	254	31	25
359	254	31	25
356	253	30	25
350	253	29	25
344	253	30	25
338	253	31	26
332	253	30	26
327	254	30	26
321	254	30	25
325	254	31	25
346	254	34	25
370	254	34	25
391	254	33	25
412	253	33	26
432	253	34	26
454	254	34	25
464	254	33	26
456	254	32	26
448	254	32	25
442	254	32	25
435	255	31	26
430	255	31	26
422	255	31	25
415	255	32	26
409	254	32	26
402	255	31	25
395	255	31	25
388	255	31	25
380	255	31	25
373	256	30	25
367	255	30	26
360	256	30	25
368	256	32	25
389	256	33	25
410	256	33	25
429	256	34	26
449	256	34	26
462	256	33	26
454	256	32	25
446	256	31	25
438	256	31	25
431	257	31	25
423	257	31	25
415	257	31	25
407	257	31	25
399	258	31	25
392	258	31	25
383	258	31	25
375	258	31	25
368	259	30	25
359	259	31	25
351	259	31	24
344	259	31	25
335	259	31	25
327	259	30	25
319	260	31	24
312	260	30	25
318	260	32	25
337	261	34	24
359	260	33	24
376	261	33	24
395	261	32	25
414	260	32	24
421	260	30	25
409	260	31	24
400	260	30	25
392	260	30	25
383	259	31	25
375	260	31	25
366	261	29	25
358	260	30	25
349	261	30	25
340	260	31	25
331	260	31	25
323	260	30	25
330	260	31	24
350	259	32	24
370	259	30	24
388	259	31	23
405	258	31	24
423	259	32	23
443	258	31	24
460	258	29	23
456	258	28	23
447	257	27	23
438	257	27	23
429	257	27	23
419	257	27	22
410	258	27	22
402	257	27	22
393	257	27	22
384	257	27	22
375	257	26	22
366	256	27	22
357	256	27	21
347	256	27	21
339	256	26	22
330	257	27	21
322	257	26	21
312	256	27	21
303	257	26	21
296	256	26	21
287	255	26	21
279	256	25	20
270	256	26	15
259	254	28	17
254	254	24	16
255	254	24	18
271	254	28	18
291	252	30	20
267	268	35	27
283	257	36	39
304	248	36	25
305	249	26	23
298	247	25	22
292	248	27	22
283	240	31	23
283	236	30	26
281	236	32	29
279	238	33	32
291	235	36	27
247	253	30	54
249	254	50	51
268	249	55	58
293	245	60	62
321	243	64	62
276	194	85	59
296	159	76	68
325	153	79	62
336	150	71	56
332	151	67	55
333	154	62	54
336	150	52	49
338	154	48	47
341	155	43	45
340	153	40	42
346	149	32	40
346	150	31	38
344	155	33	35
346	151	31	36
347	150	29	35
347	151	29	35
346	152	32	33
347	152	31	35
348	152	29	35
348	153	30	35
346	152	30	35
343	163	32	27
346	162	30	27
343	165	30	25
356	171	30	25
389	168	42	15
364	168	34	16
336	168	37	15
310	168	38	15
302	167	34	20
306	168	30	18
307	169	31	18
306	169	34	16
307	178	29	19
306	192	30	20
305	203	32	17
306	203	31	18
306	201	37	17
305	198	37	18
305	194	37	21
306	192	36	23
307	190	35	21
314	187	28	16
315	185	25	17
315	182	25	18
315	182	25	21
315	193	25	22
314	203	26	23
314	213	27	22
314	210	27	22
313	207	27	21
313	204	27	21
314	202	26	21
314	198	27	21
313	195	27	21
313	193	27	21
312	191	27	21
313	200	27	23
313	209	27	23
313	221	27	23
314	231	27	23
313	230	27	22
312	226	28	22
313	222	28	22
312	219	28	22
312	216	28	23
313	213	27	22
312	211	28	22
312	217	27	22
313	226	26	24
313	237	27	24
312	238	28	23
312	233	28	23
312	230	28	23
312	226	29	23
312	224	29	23
312	222	29	23
312	219	29	23
312	217	29	23
311	215	29	24
311	214	29	23
310	213	30	23
311	212	29	24
311	211	29	24
311	210	29	25
311	210	28	24
311	209	29	24
311	212	28	25
310	225	27	26
310	238	27	26
310	252	28	25
308	252	29	24
308	250	29	25
308	250	29	24
306	250	28	24
305	249	29	24
304	249	29	24
303	249	29	24
301	249	29	25
301	249	29	25
299	248	30	25
297	249	30	26
295	249	30	25
294	249	29	25
293	249	29	25
291	250	30	25
289	249	30	24
286	250	29	25
284	249	30	25
282	250	29	25
280	249	30	25
277	249	30	25
276	249	30	25
292	250	33	24
319	249	34	24
345	250	33	24
368	250	33	25
391	249	30	25
393	249	29	25
387	249	30	25
384	249	30	26
380	248	29	26
377	249	29	25
373	249	29	25
370	249	29	25
367	250	29	25
362	250	30	24
359	250	29	24
355	250	29	24
351	250	29	24
348	250	29	24
343	249	29	24
340	249	29	25
336	249	29	25
332	250	29	25
327	250	29	25
323	250	29	25
318	250	29	25
313	250	30	25
309	250	29	25
304	250	29	25
299	250	29	25
294	249	30	25
299	250	30	25
323	249	32	25
347	250	31	25
369	250	31	25
387	250	30	25
384	250	30	25
377	250	28	26
372	250	28	25
366	251	28	25
361	250	29	25
356	251	28	24
350	250	28	24
344	251	28	24
339	251	28	24
333	251	28	24
327	251	28	24
322	251	27	24
316	251	28	24
311	251	28	24
306	251	28	24
318	252	31	24
342	252	32	24
364	252	32	24
386	251	32	25
407	252	32	24
428	252	30	24
