0.031484
0.112164
0.167025
0.167517
0.132972
0.097265
0.049601
0.056064
0.059273
0.128402
0.159805
0.141293
0.146776
0.098119
0.096011
0.095041
0.141277
0.168926
0.161024
0.126791
0.112188
0.094921
0.095923
0.094703
0.149007
0.165265
0.163709
0.125890
0.120923
0.103476
0.103473
0.097485
0.096608
0.098621
0.165563
0.168081
0.136837
0.104905
0.136550
0.096748
0.096821
0.146715
0.166191
0.161022
0.097853
0.080036
0.059824
0.098012
0.101092
0.110219
0.163765
0.171209
0.162271
0.107580
0.156922
0.102058
0.168071
0.170455
0.151834
0.136674
0.105030
0.108109
0.164622
0.168917
0.148753
0.155358
0.098846
0.097450
0.103457
0.104151
0.165251
0.166441
0.132401
0.152824
0.100003
0.098125
0.125342
0.166138
0.166359
0.132521
0.113145
0.098163
0.097825
0.086521
0.121051
0.124361
0.093894
0.149166
0.098935
0.126886
0.167717
0.165874
0.106514
0.154286
0.098687
0.102049
0.103142
0.108174
0.165548
0.164637
0.125341
0.099870
0.059139
0.056388
0.053868
0.046681
0.074146
0.166660
0.167566
0.107087
0.154347
0.103435
0.098382
0.101628
0.169888
0.170202
0.129062
0.154647
0.097351
0.098611
0.098994
0.168037
0.168294
0.140498
0.135561
0.105677
0.102118
0.101380
0.161447
0.166381
0.092736
0.052287
0.106249
0.046682
0.079357
0.146966
0.160393
0.168629
0.103484
0.143656
0.108719
0.169768
0.167302
0.143153
0.137457
0.099318
0.098413
0.136332
0.169730
0.167187
0.145497
0.102540
0.108636
0.168787
0.170507
0.159305
0.113204
0.102822
0.097947
0.149657
0.167670
0.159995
0.151878
0.105748
0.102563
0.100662
0.115624
0.131150
0.098577
0.076997
0.049718
0.049546
0.134615
0.173373
0.168655
0.157907
0.097398
0.099598
0.098672
0.116702
0.172027
0.170224
0.111828
0.121834
0.119924
0.098078
0.049266
0.059533
0.053364
0.052592
0.103478
0.101739
0.073988
0.133251
0.098846
0.099756
0.097971
0.097492
0.097569
0.153621
0.169151
0.151489
0.123236
0.125231
0.097374
0.099744
0.101995
0.108702
0.169621
0.166763
0.147753
0.128945
0.099801
0.098362
0.145823
0.168002
0.164817
0.099685
0.150519
0.101022
0.097989
0.098505
0.099683
0.151547
0.130601
0.100586
0.048042
0.080348
0.050520
0.048625
0.047506
0.048289
0.090906
0.159046
0.170557
0.136035
0.156000
0.101575
0.102390
0.095971
0.133271
0.168358
0.167628
0.102852
0.134421
0.097223
0.102755
0.125394
0.168109
0.166954
0.108271
0.102082
0.148012
0.098095
0.100672
0.097942
0.085406
0.066195
0.073662
0.047329
0.119757
0.166181
0.152246
0.147445
0.100513
0.105210
0.106351
0.168314
0.166044
0.127763
0.156041
0.104841
0.103178
0.103072
0.102621
0.168086
0.167907
0.132710
0.121518
0.117959
0.121686
0.112348
0.143096
0.169918
0.162652
0.130578
0.109829
0.095785
0.105800
0.148570
0.121837
0.068991
0.109922
0.054920
0.098063
0.110097
0.167546
0.170699
0.141304
0.116295
0.095539
0.095918
0.095846
0.095772
0.168751
0.162380
0.140127
0.149984
0.111483
0.096577
0.103822
0.171970
0.168844
0.151352
0.116745
0.106508
0.171426
0.169614
0.132302
0.147265
0.095870
0.100032
0.103892
0.124222
0.150038
0.132307
0.046612
0.081228
0.046374
0.085160
0.097091
0.159854
0.168673
0.148337
0.152327
0.097547
0.100966
0.123495
0.166591
0.161318
0.129044
0.121645
0.058351
0.062951
0.064288
0.047256
0.048521
0.066408
0.167647
0.167786
0.141332
0.138417
0.096009
0.110151
0.167198
0.168494
0.128369
0.148494
0.104516
0.101070
0.133176
0.168090
0.161957
0.078679
0.067133
0.056294
0.057138
0.059494
0.057747
0.149225
0.166454
0.165975
0.155931
0.108310
0.099159
0.101135
0.108738
0.173173
0.168947
0.123081
0.151012
0.100039
0.105093
0.141418
0.167565
0.170190
0.139115
0.107950
0.094951
0.108613
0.168637
0.166381
0.123353
0.145641
0.106306
0.104057
0.161149
0.163458
0.103777
0.070564
0.090730
0.079728
0.099379
0.095410
0.163483
0.167893
0.143789
0.149213
0.094469
0.097403
0.160285
0.166799
0.144613
0.121507
0.124532
0.095051
0.097570
0.159328
0.166985
0.147755
0.152328
0.102978
0.099971
0.144928
0.118556
0.081186
0.088497
0.047791
0.089638
0.104279
0.098315
0.098914
0.155389
0.167849
0.153336
0.093739
0.144786
0.104029
0.097845
0.096883
0.160481
0.169079
0.147467
0.121967
0.128299
0.098796
0.097159
0.144665
0.165709
0.162411
0.149858
0.096208
0.098235
0.161811
0.167109
0.155020
0.138311
0.095837
0.150734
0.167656
0.120984
0.111241
0.062949
0.075920
0.120201
0.161808
0.106331
0.145049
0.097540
0.098058
0.095631
0.167705
0.167036
0.145133
0.154828
0.099570
0.102396
0.166127
0.160952
0.108976
0.060332
0.068157
0.052018
0.081599
0.084037
0.144203
0.170202
0.170295
0.130046
0.123160
0.102139
0.102039
0.099874
0.101522
0.107064
0.169857
0.170003
0.126753
0.099628
0.058515
0.060388
0.057841
0.058775
0.057663
0.099172
0.157392
0.111923
0.143957
0.099179
0.100564
0.101460
0.147919
0.165485
0.162448
0.131463
0.117728
0.100523
0.098487
0.111892
0.126533
0.167930
0.168652
0.131201
0.122702
0.096871
0.097772
0.098544
0.100579
0.164071
0.167726
0.094836
0.101180
0.060447
0.046013
0.047843
0.046939
0.080716
0.152803
0.169267
0.153261
0.106828
0.138701
0.101632
0.099323
0.098563
0.121781
0.165948
0.167646
0.114196
0.153592
0.097189
0.113404
0.096318
0.103888
0.168448
0.166354
0.135076
0.139030
0.095611
0.098413
0.114675
0.170362
0.167995
0.120975
0.151203
0.097981
0.095993
0.091932
0.047741
0.052952
0.068029
0.089367
0.160412
0.129140
0.123528
0.124691
0.100408
0.101515
0.101422
0.136495
0.170051
0.169619
0.096816
0.155568
0.097643
0.098446
0.099936
0.098483
0.099406
0.162477
0.169459
0.148396
0.154556
0.100153
0.099163
0.102589
0.169471
0.170767
0.131041
0.144159
0.102066
0.098729
0.104841
0.149971
0.141832
0.116795
0.105062
0.094833
0.095511
0.100841
0.101326
0.109169
0.169526
0.171375
0.154141
0.113828
0.100054
0.098141
0.155228
0.170025
0.156677
0.157742
0.107080
0.104667
0.100359
0.103390
0.117869
0.170062
0.170826
0.120785
0.145797
0.104999
0.101235
0.105817
0.106129
0.169446
0.173963
0.127654
0.128288
0.062503
0.065990
0.055083
0.068103
0.151222
0.164843
0.123938
0.158602
0.098970
0.096800
0.099732
0.111140
0.168369
0.170407
0.123562
0.127728
0.110824
0.100887
0.099297
0.099458
0.057087
0.059800
0.058751
0.121125
0.101374
0.137620
0.080080
0.100124
0.158802
0.100012
0.097854
0.098364
0.100356
0.136482
0.167662
0.168217
0.144412
0.104964
0.097495
0.101451
0.100002
0.143878
0.168318
0.169816
0.111151
0.137582
0.097489
0.097747
0.102810
0.155642
0.167333
0.120471
0.086381
0.075935
0.094531
0.093552
0.097618
0.099312
0.121403
0.169729
0.169317
0.109723
0.148043
0.102097
0.101222
0.096055
0.101938
0.169357
0.170431
0.138711
0.153577
0.098547
0.103110
0.099889
0.099521
0.105571
0.170261
0.168614
0.129976
0.104294
0.136509
0.095763
0.098140
0.098119
0.097587
0.164877
0.145733
0.107471
0.063778
0.043755
0.054590
0.094717
0.109128
0.123066
0.050342
0.158544
0.105738
0.097701
0.134899
0.167186
0.169026
0.157848
0.098637
0.097349
0.116909
0.170660
0.165585
0.056298
0.083638
0.050169
0.053591
0.053358
0.042840
0.095973
0.142715
0.123448
0.152190
0.094005
0.160951
0.169951
0.150372
0.155477
0.096180
0.146122
0.166559
0.165530
0.152980
0.064267
0.066540
0.045315
0.067093
0.115471
0.095155
0.071380
0.116294
0.100366
0.097976
0.100662
0.158120
0.170465
0.154118
0.154457
0.096643
0.097406
0.095377
0.096701
0.161638
0.167621
0.144182
0.156921
0.097551
0.130787
0.169313
0.169764
0.123163
0.122537
0.160804
0.173290
0.087708
0.082395
0.051283
0.043973
0.089829
0.096573
0.097940
0.146900
0.104825
0.108728
0.092891
0.096349
0.161647
0.170254
0.156699
0.153300
0.096144
0.096620
0.101865
0.047375
0.126686
0.104405
0.073181
0.078745
0.044689
0.087048
0.082607
0.098559
0.099132
0.156773
0.174389
0.150229
0.113582
0.129842
0.097389
0.097624
0.103290
0.163896
0.177956
0.134966
0.151623
0.102284
0.106347
0.170165
0.167826
0.151362
0.122422
0.095634
0.095892
0.096300
0.168718
0.167346
0.073490
0.096828
0.051328
0.049939
0.043185
0.093152
0.079553
0.167340
0.192113
0.145643
0.155019
0.099489
0.111959
0.168384
0.170052
0.115833
0.124491
0.117095
0.100514
0.102827
0.144832
0.169925
0.165676
0.120435
0.120890
0.097317
0.095351
0.104229
0.167584
0.168502
0.082807
0.084153
0.051125
0.049046
0.041407
0.042268
0.050612
0.156018
0.163441
0.123978
0.157572
0.100380
0.099823
0.100338
0.144008
0.164812
0.162863
0.151643
0.100679
0.098990
0.100436
0.136251
0.162440
0.167228
0.126420
0.116791
0.097485
0.098532
0.097754
0.132880
0.165773
0.167594
0.102526
0.142230
0.097065
0.098191
0.097275
0.100190
0.167193
0.167753
0.132673
0.083122
0.052906
0.043861
0.040592
0.082683
0.098623
0.095957
0.140166
0.168862
0.168909
0.123133
0.132935
0.104278
0.100614
0.102448
0.104209
0.165001
0.174121
0.144002
0.128709
0.117864
0.103144
0.099054
0.160465
0.168369
0.144771
0.142972
0.099172
0.097185
0.098648
0.098542
0.099458
0.142654
0.171180
0.167602
0.098495
0.140646
0.097776
0.127354
0.168982
0.142310
0.056129
0.077619
0.101047
0.066611
0.097333
0.110750
0.169544
0.173758
0.116486
0.150642
0.099737
0.095854
0.096648
0.119595
0.168868
0.167495
0.106024
0.102541
0.154658
0.096788
0.094107
0.156622
0.171064
0.154831
0.156018
0.100401
0.097481
0.131556
0.167076
0.162650
0.106204
0.143748
0.099124
0.098239
0.096214
0.099717
0.150746
0.160467
0.131029
