0.037953
0.097686
0.097630
0.097317
0.100690
0.095707
0.096079
0.097632
0.097009
0.097258
0.097434
0.097235
0.097589
0.100924
0.097678
0.096426
0.096727
0.096217
0.096017
0.068539
0.055737
0.058963
0.062589
0.096909
0.098463
0.098243
0.100827
0.099430
0.099328
0.095311
0.095562
0.100260
0.095761
0.096574
0.102051
0.097247
0.100300
0.096716
0.103000
0.096687
0.097535
0.101151
0.100991
0.095192
0.052037
0.063406
0.073783
0.084049
0.097557
0.096018
0.096038
0.095984
0.093894
0.097967
0.095545
0.096890
0.097608
0.096082
0.095315
0.094268
0.093989
0.094141
0.096397
0.094185
0.094904
0.100269
0.094896
0.093691
0.095324
0.094872
0.097539
0.095396
0.096943
0.089443
0.054965
0.051584
0.047588
0.042614
0.086325
0.097641
0.097318
0.097625
0.094523
0.105051
0.104063
0.102925
0.106342
0.105201
0.100704
0.104239
0.097327
0.101616
0.111772
0.106622
0.107320
0.103608
0.100329
0.109774
0.107565
0.101685
0.100219
0.100010
0.099899
0.103291
0.105431
0.116736
0.102248
0.102434
0.096670
0.097463
0.097650
0.053078
0.047516
0.054899
0.040434
0.080526
0.096785
0.096176
0.097537
0.097435
0.099875
0.103279
0.098636
0.099475
0.099563
0.094890
0.097441
0.096473
0.098834
0.101815
0.097451
0.096431
0.095509
0.098079
0.097089
0.098065
0.061368
0.046409
0.061978
0.095322
0.100105
0.095895
0.097247
0.099976
0.097122
0.098539
0.097486
0.098938
0.097338
0.098596
0.097358
0.097574
0.097248
0.095597
0.098765
0.099277
0.094714
0.098282
0.096713
0.098954
0.063315
0.069695
0.053755
0.068633
0.095386
0.097194
0.097897
0.097532
0.097659
0.095648
0.099716
0.096465
0.094771
0.093822
0.095299
0.095665
0.099969
0.095160
0.100127
0.098065
0.096865
0.097506
0.097317
0.097347
0.102578
0.100967
0.095423
0.099251
0.101193
0.098489
0.096074
0.094798
0.096001
0.098861
0.097302
0.094815
0.096530
0.094908
0.092805
0.093114
0.094196
0.092840
0.092855
0.094851
0.095251
0.096447
0.094556
0.094693
0.078247
0.047787
0.039271
0.048581
0.080961
0.091166
0.097782
0.098061
0.096388
0.095328
0.097745
0.095397
0.093082
0.093317
0.092985
0.095870
0.093960
0.102861
0.101079
0.095146
0.095493
0.098920
0.103038
0.097688
0.093639
0.094637
0.059512
0.033986
0.048009
0.049917
0.061060
0.099644
0.098230
0.095566
0.097169
0.095157
0.094937
0.095389
0.096065
0.099171
0.099195
0.093447
0.098618
0.097541
0.097094
0.094895
0.094762
0.095316
0.093700
0.094431
0.094038
0.101405
0.089097
0.057534
0.048663
0.053241
0.076719
0.099040
0.099860
0.096207
0.097483
0.094885
0.094593
0.094826
0.097205
0.097257
0.096704
0.094816
0.097609
0.097242
0.094521
0.096571
0.105922
0.097072
0.095627
0.098054
0.095571
0.089245
0.033417
0.043988
0.049604
0.079545
0.090511
0.096437
0.096505
0.097068
0.097279
0.094294
0.093282
0.093187
0.093419
0.093810
0.097373
0.096186
0.101036
0.096407
0.095229
0.095656
0.099118
0.095462
0.095419
0.093334
0.093560
0.095872
0.096767
0.100689
0.095603
0.095555
0.095606
0.094836
0.096740
0.097142
0.079560
0.055365
0.048018
0.050809
0.092736
0.098624
0.100120
0.098731
0.097152
0.097996
0.100816
0.095588
0.097596
0.097801
0.097846
0.097738
0.097282
0.097507
0.097326
0.097406
0.096904
0.097387
0.096177
0.098006
0.097863
0.097261
0.099760
0.095468
0.097540
0.097159
0.097602
0.097654
0.100093
0.101387
0.098900
0.097417
0.097875
0.097953
0.097520
0.096817
0.098261
0.097277
0.095507
0.097268
0.097332
0.099591
0.096444
0.096267
0.096338
0.084039
0.059165
0.049036
0.051060
0.062235
0.096160
0.096766
0.096547
0.097718
0.096750
0.097157
0.094211
0.093919
0.094166
0.096839
0.097260
0.097693
0.096442
0.097012
0.096953
0.096842
0.096921
0.097130
0.096104
0.095890
0.058409
0.053285
0.038342
0.052279
0.048983
0.041246
0.042442
0.087321
0.079701
0.098650
0.096305
0.096620
0.097366
0.097365
0.097695
0.095506
0.097113
0.096477
0.096628
0.098987
0.094465
0.099855
0.099335
0.095929
0.094402
0.094768
0.098773
0.097337
0.096920
0.097414
0.096262
0.097337
0.097266
0.096285
0.095356
0.097177
0.097610
0.097247
0.099317
0.100367
0.098994
0.097797
0.084577
0.054542
0.061001
0.049224
0.078592
0.098863
0.100674
0.099348
0.099979
0.100018
0.096342
0.097661
0.098591
0.100259
0.095260
0.095701
0.097297
0.094667
0.094836
0.096381
0.097430
0.097122
0.097644
0.096092
0.102117
0.094189
0.093628
0.096823
0.096631
0.099001
0.101213
0.101548
0.098346
0.097306
0.097088
0.097533
0.097421
0.100212
0.095472
0.097868
0.096516
0.094847
0.098221
0.096291
0.097056
0.094524
0.096676
0.096103
0.054804
0.035122
0.072895
0.088544
0.100834
0.098799
0.095555
0.093557
0.095110
0.095087
0.095342
0.099964
0.095373
0.095923
0.097653
0.095541
0.093524
0.095549
0.097967
0.096299
0.096675
0.094385
0.094410
0.099139
0.099650
0.102921
0.097715
0.098008
0.102654
0.097321
0.109291
0.112794
0.101417
0.096556
0.108199
0.098666
0.099512
0.109278
0.070905
0.051478
0.064555
0.090801
0.097274
0.096361
0.100089
0.097923
0.098639
0.102417
0.109077
0.111046
0.113974
0.100099
0.102584
0.104649
0.102482
0.101922
0.103956
0.103965
0.108268
0.098806
0.099512
0.097228
0.065255
0.051417
0.062523
0.058906
0.051384
0.054100
0.106983
0.104952
0.100218
0.099874
0.099906
0.099771
0.102750
0.097965
0.098892
0.107656
0.108468
0.100968
0.101993
0.100064
0.098154
0.098349
0.098006
0.103069
0.100428
0.100430
0.099866
0.099434
0.112843
0.103610
0.101275
0.063105
0.071671
0.081618
0.091684
0.099535
0.100027
0.099290
0.104437
0.104080
0.100879
0.101874
0.103366
0.126168
0.103750
0.102057
0.103535
0.098732
0.100906
0.101160
0.101171
0.100923
0.100228
0.097768
0.098805
0.098811
0.099185
0.106914
0.106982
0.103799
0.106087
0.107841
0.100647
0.096445
0.096742
0.096457
0.101048
0.101952
0.083056
0.063764
0.065827
0.051972
0.061749
0.096395
0.106312
0.101899
0.100266
0.096520
0.096165
0.096207
0.096810
0.096636
0.098905
0.100566
0.098178
0.100715
0.097562
0.097848
0.098315
0.094581
0.066470
0.049642
0.051403
0.039814
0.050473
0.070736
0.092199
0.098761
0.096815
0.099684
0.099303
0.098749
0.097819
0.098963
0.099842
0.096547
0.099256
0.102006
0.099389
0.096412
0.100729
0.097401
0.098201
0.096921
0.097542
0.098979
0.096037
0.093066
0.097534
0.093666
0.059555
0.050014
0.067318
0.096425
0.095247
0.104811
0.098674
0.100493
0.099862
0.096975
0.096291
0.097584
0.095607
0.098170
0.097863
0.096273
0.100281
0.093730
0.093117
0.093051
0.094445
0.097184
0.096879
0.053319
0.058056
0.072971
0.080400
0.099702
0.100726
0.096601
0.096662
0.097635
0.097417
0.096653
0.095502
0.095290
0.106540
0.097491
0.097175
0.098561
0.097200
0.096999
0.102101
0.097021
0.096935
0.096988
0.096525
0.097716
0.097182
0.097705
0.097602
0.096907
0.096779
0.097123
0.097346
0.097532
0.096818
0.095242
0.095168
0.096877
0.103184
0.097416
0.094944
0.101700
0.096527
0.097116
0.098706
0.099510
0.101213
0.098007
0.065989
0.063639
0.049076
0.091654
0.099695
0.098432
0.097750
0.097251
0.099197
0.097351
0.098309
0.098805
0.096450
0.093472
0.094351
0.097524
0.096807
0.094481
0.096828
0.096903
0.096802
0.097142
0.097464
0.097310
0.098416
0.098480
0.101206
0.099079
0.097123
0.097435
0.097887
0.099611
0.096524
0.096727
0.095926
0.097028
0.097048
0.097928
0.097432
0.102210
0.098712
0.094919
0.100336
0.099208
0.095773
0.096001
0.097594
0.100718
0.094476
0.096574
0.098838
0.091532
0.054751
0.070101
0.070473
0.085779
0.097940
0.097468
0.097350
0.097400
0.097366
0.096786
0.101562
0.098293
0.097597
0.097049
0.096911
0.099031
0.094955
0.099871
0.097136
0.098994
0.096307
0.097296
0.095357
0.095654
0.095551
0.097382
0.097041
0.094378
0.094460
0.092801
0.092685
0.093293
0.092871
0.092709
0.095211
0.092953
0.097463
0.097428
0.093192
0.095381
0.097319
0.095591
0.100907
0.101438
0.099209
0.095410
0.095664
0.096103
0.096226
0.095397
0.097350
0.093185
0.093488
0.069924
0.048592
0.084364
0.050987
0.095427
0.101842
0.101385
0.096859
0.095828
0.099907
0.097145
0.105098
0.102519
0.095101
0.096690
0.094311
0.097177
0.097041
0.099819
0.099436
0.096811
0.096724
0.058989
0.055737
0.048097
0.053631
0.039664
0.039629
0.065917
0.059094
0.095447
0.100386
0.098517
0.096415
0.098558
0.096599
0.097323
0.096663
0.097694
0.096664
0.097564
0.096845
0.097037
0.097446
0.096427
0.096461
0.098104
0.096896
0.071323
0.045679
0.048281
0.050807
0.062462
0.041248
0.039839
0.071536
0.100692
0.098121
0.098699
0.096390
0.096346
0.097878
0.097061
0.097535
0.098531
0.100809
0.099214
0.098694
0.101560
0.100250
0.100312
0.098757
0.099879
0.097795
0.092819
0.056650
0.055583
0.050354
0.091014
0.090866
0.101409
0.097606
0.097159
0.100010
0.097667
0.096512
0.097006
0.096525
0.097019
0.097586
0.101261
0.099478
0.100679
0.098383
0.100699
0.098149
0.099189
0.094270
0.096223
0.096255
0.100064
0.099091
0.095869
0.098135
0.098039
0.098881
0.063909
0.057412
0.057544
0.050247
0.086534
0.096346
0.098073
0.102803
0.100011
0.100582
0.100013
0.103232
0.098225
0.097268
0.098851
0.095925
0.096750
0.099289
0.099896
0.097397
0.100695
0.096748
0.097264
0.097275
0.096744
0.096801
0.097795
0.096858
0.096604
0.097098
0.096898
0.096969
0.102018
0.098472
0.103925
0.102104
0.098530
0.097013
0.098136
0.098496
0.098528
0.093027
0.099136
0.098532
0.092801
0.094728
0.092300
0.092377
0.092441
0.092375
0.092611
0.093982
0.091851
0.091738
0.056135
0.041268
0.039613
0.046544
0.070940
0.091469
0.100272
0.098756
0.097032
0.097003
0.095342
0.098236
0.094018
0.093221
0.097162
0.096477
0.097444
0.094567
0.095387
0.095241
0.093174
0.093653
0.097332
0.095268
0.094264
0.096686
0.096627
0.096452
0.096551
0.095991
0.096678
0.096580
0.096136
0.094235
0.094338
0.094252
0.094367
0.094492
0.094557
0.094485
0.095461
0.097379
0.098148
0.097024
0.095203
0.100739
0.100731
0.098409
0.092128
0.092393
0.096644
0.096248
0.099816
0.103792
0.099881
0.099349
0.061701
0.081379
0.093759
0.098766
0.108808
0.107152
0.097996
0.102951
0.109011
0.117991
0.096898
0.100526
0.097418
0.098535
0.099860
0.103302
0.096571
0.098145
0.095942
0.095619
0.097131
0.084402
0.056832
0.051030
0.050656
0.039393
0.040075
0.086988
0.087505
0.099859
0.098073
0.097629
0.097015
0.095967
0.097482
0.096577
0.096717
0.096834
0.100112
0.102581
0.100393
0.100037
0.098516
0.096865
0.102491
0.095563
0.096680
0.066359
0.047652
0.052675
0.044692
0.040599
0.042445
0.078541
0.085495
0.103047
0.097507
0.097348
0.096881
0.097319
0.099207
0.097061
0.100078
0.096728
0.097104
0.097246
0.098031
0.102987
0.099148
0.092865
0.093449
0.095051
0.094834
0.054228
0.056136
0.050499
0.047372
0.045128
0.068486
0.089272
0.097090
0.098448
0.096443
0.096886
0.095798
0.096720
0.095700
0.095942
0.096426
0.096260
0.099464
0.095766
0.096794
0.097530
0.096419
0.095644
0.097759
0.097329
0.096840
0.096461
0.097232
0.096761
0.097038
0.094803
0.096771
0.097116
0.079920
0.053624
0.052737
0.050659
0.038579
0.076949
0.097508
0.100932
0.096982
0.094781
0.094949
0.099612
0.094791
0.099304
0.101548
0.098035
0.099884
0.097239
0.095850
0.099670
0.100244
0.100055
0.097707
0.099555
0.104984
0.103762
0.096628
0.092773
0.094639
0.094597
0.094586
0.094413
0.094467
0.093252
0.099847
0.095633
0.093556
0.093356
0.095137
0.096956
0.094447
0.095095
0.095458
0.094670
0.094754
0.093165
0.095682
0.096144
0.095474
0.096347
0.096829
0.096182
0.093728
0.093143
0.093736
0.094134
0.068240
0.045563
0.067084
0.049252
0.096297
0.097827
0.099524
0.099278
0.098588
0.100643
0.097165
0.094776
0.094562
0.099824
0.096400
0.094767
0.094937
0.095289
0.095260
0.095356
0.094640
0.094941
0.097086
0.094345
0.094688
0.094666
0.094378
0.094172
0.094246
0.094767
0.094813
0.095626
0.092556
0.100099
0.098964
0.092682
0.095624
0.096931
0.094987
0.092852
0.092670
0.093340
0.095901
0.097377
0.096623
0.096929
0.094975
0.092579
0.095212
0.093428
0.093414
0.094281
0.096307
0.095882
0.100814
0.076915
0.051646
0.041832
0.044400
0.043849
0.035881
0.053499
0.094950
0.097573
0.096860
0.096055
0.097614
0.095598
0.093154
0.094722
0.098269
0.096345
0.095876
0.097559
0.095000
0.094868
0.095110
0.096687
0.098673
0.094001
0.096473
0.055258
0.046227
0.045480
0.053523
0.042073
0.044287
0.039017
0.093771
0.098566
0.097779
0.093761
0.097454
0.097935
0.097727
0.099515
0.094690
0.095257
0.099741
0.097558
0.097401
0.097070
0.097451
0.099719
0.101673
0.098491
0.094885
0.098834
0.079146
0.050767
0.059115
0.042314
0.053610
0.089975
0.097162
0.095889
0.097152
0.097152
0.101898
0.103874
0.096811
0.097045
0.096867
0.097600
0.097128
0.097621
0.097549
0.096740
0.097142
0.097166
0.097325
0.096737
0.095911
0.095676
0.095195
0.059131
0.046939
0.066884
0.040853
0.044480
0.097986
0.097415
0.098943
0.096107
0.096700
0.097769
0.097588
0.097366
0.096243
0.096918
0.096259
0.095823
0.098088
0.095987
0.096034
0.095520
0.097626
0.096436
0.097066
0.100265
0.098483
0.094776
0.096261
0.102671
0.100170
0.096983
0.097942
0.097639
0.095741
0.095376
0.097511
0.095541
0.097068
0.096847
0.054330
0.040787
0.064145
0.064340
0.094621
0.103112
0.100076
0.096815
0.098302
0.101321
0.099869
0.099574
0.093247
0.095787
0.102579
0.096814
0.098284
0.097815
0.096130
0.097778
0.096214
0.096103
0.095155
0.100227
0.095423
0.040574
0.044871
0.040246
0.047030
0.048273
0.041526
0.038847
0.044306
0.078220
0.092784
0.097136
0.102774
0.096742
0.104423
0.097648
0.096266
0.098646
0.099686
0.096796
0.094998
0.095279
0.101501
0.099287
0.098531
0.096943
0.097377
0.097786
0.099024
0.101324
0.096581
0.098229
0.097389
0.104900
0.096624
0.101238
0.099038
0.097522
0.097578
0.111320
0.095896
0.097143
0.098673
0.062318
0.047233
0.057489
0.053270
0.107939
0.097888
0.097888
0.094940
0.096300
0.099116
0.103024
0.099176
0.097721
0.094919
0.097498
0.099107
0.097270
0.101668
0.096636
0.096857
0.097043
0.096005
0.096056
0.096839
0.096017
0.096624
0.096385
0.096126
0.096417
0.098100
0.098324
