0.036998
0.302159
0.284899
0.296807
0.294144
0.331696
0.308759
0.357983
0.287029
0.341155
0.251491
0.322453
0.261392
0.307931
0.346844
0.300441
0.276164
0.290494
0.299282
0.319287
0.365728
0.302854
0.255794
0.305182
0.308660
0.263550
0.262375
0.250376
0.239162
0.238059
0.379637
0.282957
0.325223
0.323098
0.269783
0.288357
0.239811
0.315636
0.326329
0.362582
0.305233
0.291760
0.243522
0.357679
0.352945
0.323306
0.315127
0.273054
0.309463
0.260944
0.305951
0.329084
0.280829
0.253008
0.260824
0.281424
0.306334
0.287376
0.250275
0.226702
0.305784
0.322334
0.350089
0.387073
0.237960
0.369152
0.323968
0.283465
0.358483
0.313181
0.283956
0.338452
0.325929
0.261582
0.289556
0.352005
0.272940
0.276597
0.268527
0.283048
0.253955
0.247446
0.374462
0.315949
0.354201
0.287491
0.275245
0.405373
0.248474
0.287862
0.300658
0.240208
0.311782
0.284434
0.279783
0.318222
0.348933
0.339555
0.370529
0.291539
0.385994
0.328220
0.233603
0.284012
0.310658
0.264008
0.327778
0.306531
0.268871
0.345922
0.270733
0.281774
0.255288
0.308089
0.331214
0.307664
0.288955
0.401496
0.293804
0.253820
0.305156
0.423463
0.318457
0.306834
0.256347
0.262683
0.256241
0.297475
0.272840
0.279118
0.346000
0.308285
0.277221
0.297322
0.306100
0.384735
0.280885
0.307312
0.330391
0.297987
0.321611
0.314736
0.273480
0.261893
0.284245
0.329474
0.367370
0.314938
0.352223
0.263615
0.304318
0.254529
0.254901
0.256644
0.271289
0.271998
0.414002
0.310700
0.296338
0.268989
0.332583
0.309293
0.320356
0.426573
0.383312
0.294467
0.321353
0.296980
0.274439
0.291412
0.266715
0.242960
0.272300
0.272279
0.257509
0.261849
0.267022
0.309005
0.289716
0.394011
0.303833
0.366805
0.363498
0.259539
0.271940
0.411489
0.246521
0.265213
0.324448
0.346980
0.272418
0.375902
0.245351
0.309905
0.343918
0.281387
0.253801
0.337278
0.277815
0.279816
0.288419
0.311598
0.306037
0.319634
0.291925
0.424510
0.266249
0.344565
0.318099
0.376710
0.266258
0.332961
0.304960
0.285757
0.258406
0.240051
0.257874
0.342807
0.224181
0.269044
0.260778
0.318132
0.299861
0.308455
0.361424
0.273206
0.241416
0.295816
0.297564
0.306968
0.292859
0.251919
0.265069
0.283592
0.341632
0.258511
0.382438
0.297439
0.232667
0.268038
0.272949
0.363833
0.336757
0.260921
0.329148
0.361838
0.469108
0.355229
0.367449
0.298083
0.295419
0.323408
0.295974
0.276671
0.286758
0.333352
0.340891
0.355574
0.240006
0.317973
0.328735
0.335826
0.326049
0.362669
0.387789
0.395672
0.418394
0.339100
0.265944
0.279191
0.339003
0.357544
0.312291
0.274506
0.363853
0.328646
0.291577
0.271608
0.264255
0.307115
0.324148
0.392193
0.347972
0.371176
0.328797
0.285813
0.296583
0.367182
0.306189
0.329171
0.329857
0.273191
0.336934
0.253120
0.242858
0.339394
0.351559
0.298782
0.300776
0.226397
0.350311
0.232816
0.262094
0.295094
0.235789
0.372429
0.275310
0.245800
0.227303
0.252236
0.359687
0.366390
0.439203
0.342747
0.267122
0.366827
0.304606
0.333329
0.286465
0.274248
0.247569
0.317425
0.283102
0.274979
0.269053
0.300384
0.274650
0.274422
0.322936
0.281737
0.382302
0.374196
0.331091
0.274847
0.355586
0.378405
0.429832
0.423491
0.264949
0.359603
0.292841
0.266670
0.313823
0.305091
0.274039
0.287140
0.340058
0.263689
0.299210
0.283792
0.299075
0.271044
0.261123
0.323936
0.373781
0.443163
0.318143
0.302206
0.376364
0.308189
0.331721
0.238919
0.308003
0.291646
0.250996
0.272825
0.273855
0.264014
0.248644
0.243763
0.270472
0.240610
0.295270
0.264397
0.252226
0.372430
0.294624
0.257633
0.303159
0.264923
0.263501
0.219453
0.255590
0.246869
0.264164
0.313332
0.406618
0.250027
0.367087
0.356608
0.281394
0.334892
0.241690
0.297492
0.273980
0.296359
0.264476
0.286420
0.307508
0.254388
0.348830
0.334293
0.267092
0.310130
0.271391
0.308580
0.280696
0.252634
0.288829
0.216275
0.286656
0.305417
0.249357
0.248433
0.228849
0.267558
0.327470
0.303954
0.317860
0.346047
0.344305
0.237480
0.255266
0.260372
0.215266
0.240989
0.264693
0.251738
0.299777
0.250119
0.250535
0.258080
0.302740
0.258733
0.271117
0.294444
0.289451
0.302360
0.324952
0.252557
0.303280
0.337830
0.317684
0.301135
0.282943
0.268332
0.290176
0.372011
0.271979
0.271899
0.260970
0.264044
0.218774
0.336408
0.382473
0.324782
0.217606
0.240017
0.276391
0.369528
0.241879
0.241207
0.304530
0.234949
0.258995
0.280328
0.271112
0.288382
0.282799
0.321717
0.424691
0.295673
0.275002
0.292603
0.317570
0.272545
0.331806
0.301646
0.281117
0.246113
0.242823
0.368510
0.353964
0.300394
0.279766
0.290126
0.362866
0.279462
0.269643
0.270219
0.238436
0.336637
0.256253
0.317950
0.268365
0.252860
0.372266
0.367692
0.280060
0.293798
0.366541
0.303919
0.305038
0.349370
0.239116
0.244253
0.332231
0.277318
0.362311
0.282525
0.270807
0.310565
0.293603
0.348705
0.374492
0.320395
0.316738
0.292077
0.283231
0.239349
0.295496
0.213601
0.370604
0.245597
0.293244
0.265037
0.283419
0.453931
0.349820
0.337083
0.264313
0.268883
0.224089
0.301205
0.325097
0.360244
0.440681
0.318258
0.321742
0.244553
0.278939
0.266873
0.309644
0.308387
0.366237
0.269739
0.204994
0.306794
0.244299
0.281867
0.291281
0.282395
0.268200
0.371802
0.260477
0.368348
0.327587
0.251920
0.229677
0.358951
0.336944
0.330484
0.314229
0.242716
0.247983
0.258627
0.323189
0.340165
0.266276
0.376141
0.289630
0.266573
0.371333
0.365978
0.343539
0.331913
0.288892
0.306938
0.273519
0.297169
0.317562
0.257500
0.277825
0.407696
0.288570
0.330940
0.335360
0.317544
0.441442
0.265080
0.394948
0.258385
0.302388
0.305925
0.275679
0.282818
0.336325
0.269145
0.281151
0.413929
0.329666
0.310178
0.312996
0.242251
0.234498
0.299406
0.352764
0.330402
0.239815
0.208499
0.244176
0.272944
0.260012
0.291684
0.307021
0.234749
0.304073
0.258533
0.418569
0.353078
0.339463
0.260947
0.291051
0.283664
0.381122
0.332461
0.281125
0.370265
0.515060
0.411885
0.313268
0.296365
0.271470
0.277956
0.260926
0.289690
0.299202
0.304264
0.319884
0.372367
0.329404
0.268903
0.273489
0.348085
0.280255
0.290397
0.350882
0.325083
0.262908
0.301687
0.240126
0.279475
0.419527
0.309644
0.325455
0.298126
0.292218
0.277059
0.392608
0.378240
0.271247
0.338090
0.301907
0.309778
0.326151
0.324691
0.222459
0.204498
0.286288
0.316768
0.163085
0.210072
0.217744
0.225801
0.293098
0.281359
0.290763
0.331684
0.319385
0.300012
0.307985
0.314821
0.300076
0.272595
0.350253
0.287699
0.295889
0.252854
0.244345
0.297518
0.227654
0.238111
0.208494
0.220417
0.245337
0.275075
0.268900
0.254134
0.261683
0.236618
0.254080
0.293594
0.337417
0.304059
0.251522
0.235243
0.340959
0.340908
0.261470
0.261251
0.263471
0.276362
0.327546
0.296203
0.278986
0.225281
0.303961
0.273646
0.248658
0.294289
0.260150
0.340892
0.275563
0.241396
0.247414
0.201543
0.219748
0.209813
0.222800
0.217552
0.216437
0.231896
0.218402
0.247261
0.283600
0.270110
0.243725
0.241207
0.202829
0.267876
0.318753
0.295314
0.259504
0.320580
0.308523
0.333486
0.435292
0.313067
0.310360
0.400047
0.309190
0.308714
0.267178
0.240784
0.280872
0.276972
0.320697
0.286918
0.307127
0.315716
0.386959
0.312070
0.293279
0.273528
0.233126
0.256050
0.302742
0.424263
0.363840
0.218358
0.240217
0.286886
0.247913
0.350088
0.308487
0.361776
0.286589
0.251981
0.276603
0.339269
0.364608
0.382481
0.353834
0.356733
0.271239
0.336275
0.288119
0.302876
0.267641
0.314146
0.260900
0.275084
0.273028
0.269414
0.334224
0.364856
0.345715
0.274163
0.289644
0.265024
0.316422
0.390540
0.364114
0.349404
0.361315
0.318856
0.314246
0.301600
0.264549
0.412515
0.345818
0.293181
0.417585
0.299778
0.290447
0.240752
0.269520
0.414922
0.294554
0.340017
0.276321
0.294600
0.445674
0.355500
0.324617
0.323080
0.243582
0.283400
0.258777
0.247546
0.382164
0.303597
0.323875
0.313182
0.278888
0.321739
0.366167
0.320634
0.263553
0.278713
0.327303
0.252030
0.274979
0.266995
0.294848
0.254134
0.243207
0.277755
0.259723
0.254779
0.284990
0.294522
0.263136
0.290471
0.316214
0.371426
0.263204
0.298303
0.286962
0.334951
0.369830
0.296912
0.356478
0.367822
0.268553
0.307294
0.266315
0.294902
0.387747
0.312208
0.313852
0.303637
0.288162
0.245558
0.251042
0.272300
0.278604
0.258177
0.280428
0.359275
0.327663
0.259913
0.327462
0.219928
0.228313
0.244352
0.323573
0.285916
0.217762
0.247052
0.318063
0.245797
0.297248
0.323978
0.328156
0.268169
0.339755
0.269376
0.285085
0.312706
0.351102
0.233423
0.205827
0.290958
0.249646
0.328043
0.293811
0.360434
0.330056
0.246881
0.371496
0.360842
0.403778
0.381973
0.264812
0.290633
0.327037
0.328104
0.357063
0.347780
0.410566
0.286992
0.339273
0.361123
0.375999
0.322139
0.417979
0.346390
0.296586
0.275824
0.318440
0.293058
0.279288
0.342249
0.308058
0.313576
0.271777
0.293998
0.279704
0.263659
0.374736
0.266064
0.237529
0.232231
0.272845
0.260994
0.261280
0.269243
0.299741
0.355125
0.304930
0.280252
0.288774
0.277475
0.384356
0.272908
0.335500
0.310477
0.312943
0.368306
0.354664
0.347535
0.199858
0.283393
0.258492
0.301331
0.356526
0.298563
0.374992
0.381796
0.357079
0.249673
0.272891
0.217556
0.180568
0.155625
0.233357
0.308338
0.198477
0.190919
0.310067
0.323875
0.359963
0.354761
0.256317
0.255093
0.287750
0.282347
0.251268
0.444860
0.331066
0.354583
0.266734
0.303395
0.269928
0.225637
0.225718
0.286396
0.273233
0.288546
