231	292	42	27
237	294	42	25
245	294	39	25
246	296	38	24
238	296	39	24
233	297	40	24
229	298	39	23
224	300	40	23
219	301	39	22
216	302	38	23
222	302	38	23
227	303	39	24
232	303	39	24
238	303	39	25
243	302	39	26
250	303	38	27
255	308	37	22
262	310	36	22
261	310	37	23
253	310	39	24
246	312	39	24
241	312	40	24
241	313	38	23
245	314	38	23
249	315	38	23
254	315	40	24
260	316	40	24
265	317	40	24
271	318	40	24
277	318	38	24
273	319	39	24
266	320	39	23
261	320	39	24
254	322	41	23
250	323	39	24
245	323	39	24
240	323	40	24
237	325	39	24
239	326	39	24
245	327	38	24
253	326	36	24
261	327	34	23
265	328	36	23
271	328	34	24
279	330	31	24
285	330	32	24
287	333	34	23
278	333	38	24
270	334	38	24
265	333	41	24
262	334	38	25
255	335	39	24
252	336	36	23
246	336	38	24
250	336	29	24
239	335	40	25
242	337	40	25
249	338	39	25
258	337	36	25
261	340	37	24
265	340	32	24
271	340	30	24
276	340	40	25
281	341	33	24
288	341	32	23
292	341	35	24
286	341	38	24
279	339	41	25
273	341	39	24
270	341	41	25
263	340	37	25
257	340	38	24
253	340	38	24
248	340	40	24
246	341	37	23
239	340	37	23
237	340	36	24
231	341	39	24
231	341	34	24
226	341	35	24
222	341	33	24
218	341	33	24
221	341	34	23
225	341	29	23
232	342	32	23
239	341	26	23
250	343	21	22
246	343	27	21
239	343	31	22
234	342	30	23
232	342	29	22
238	342	25	23
241	343	28	22
250	342	26	22
258	343	28	22
262	343	23	21
259	343	20	21
253	343	19	20
247	343	19	20
240	342	20	21
240	341	22	21
240	340	26	21
246	340	25	21
256	338	21	21
263	337	21	21
268	336	20	21
267	335	21	21
260	333	19	20
254	332	20	21
249	330	21	21
238	329	26	22
232	327	28	23
224	326	40	23
222	324	34	23
221	323	38	24
225	321	39	24
231	319	38	25
239	318	33	24
238	318	25	22
231	318	24	21
225	316	22	22
220	315	21	21
216	314	28	22
222	313	26	22
225	310	28	22
229	307	36	25
235	307	36	24
239	305	38	24
230	304	40	24
225	303	40	24
218	302	33	22
217	301	33	23
220	299	31	23
224	298	31	21
231	295	38	23
236	295	39	23
242	293	40	23
248	292	39	23
247	291	39	23
241	289	38	24
236	287	38	24
231	285	38	25
230	285	38	24
234	284	38	24
239	283	40	24
244	283	40	24
253	282	38	24
257	280	39	24
263	279	39	25
261	278	37	24
254	277	38	25
248	276	38	24
244	274	39	24
239	274	38	24
239	274	38	24
244	272	38	24
249	271	39	24
254	269	40	25
261	269	39	24
267	268	39	24
270	266	38	23
264	266	39	24
256	264	41	24
254	263	38	25
248	263	40	25
243	262	40	26
242	262	39	25
246	260	37	25
254	260	37	25
260	260	36	25
264	259	39	25
271	259	40	24
277	258	36	24
284	257	36	25
290	257	38	23
295	255	38	25
301	255	39	25
300	254	39	25
294	252	36	24
289	252	37	24
282	250	38	25
281	250	36	26
274	252	36	25
272	255	36	25
271	260	33	25
270	264	29	26
262	269	27	26
262	274	26	24
259	277	31	24
248	280	38	26
244	282	38	28
239	281	34	36
234	291	40	26
231	297	38	24
227	296	41	25
222	293	44	25
222	293	37	24
226	293	40	22
232	292	37	23
237	290	39	24
245	289	37	23
251	288	39	22
256	287	39	23
262	286	39	23
269	285	38	22
277	284	38	23
284	283	37	23
292	281	37	23
295	281	40	23
299	280	37	24
294	278	38	26
287	278	39	25
283	277	38	25
280	277	35	24
283	277	29	24
280	281	22	24
276	286	22	23
273	291	21	22
269	295	21	22
266	299	20	21
263	297	20	22
258	296	21	21
255	295	20	21
251	294	21	22
247	294	21	22
241	294	30	21
248	291	26	22
254	291	24	22
262	292	21	21
268	291	20	21
274	289	21	21
280	289	21	22
286	288	22	22
287	286	29	23
292	285	32	23
301	285	26	24
298	284	23	22
286	283	30	24
287	283	24	24
277	281	32	25
274	280	37	24
279	278	37	24
284	277	37	25
292	277	30	24
297	276	32	24
302	274	40	24
308	274	40	25
315	273	40	26
322	271	43	26
331	271	34	26
329	271	36	25
321	270	36	25
319	269	38	25
313	268	40	25
307	267	40	25
304	266	39	26
298	265	42	26
296	264	43	26
298	264	38	26
302	263	40	26
311	263	39	26
319	262	37	26
322	261	38	25
322	261	34	25
313	258	38	25
313	258	33	25
310	258	30	26
308	258	28	30
299	263	35	28
299	270	31	25
297	272	32	27
290	276	31	26
289	283	39	24
284	286	24	25
282	292	21	23
278	296	20	22
275	295	20	22
271	294	20	19
267	292	21	20
271	292	20	20
277	291	19	21
282	289	21	22
288	288	21	22
295	286	21	22
292	284	28	23
286	282	32	24
279	282	29	23
275	281	27	24
276	280	29	24
281	280	30	24
287	276	33	25
292	276	35	25
298	274	36	25
305	274	35	25
316	274	32	25
323	272	30	25
311	271	40	24
308	270	38	24
304	269	37	24
301	268	35	24
294	268	36	24
295	266	35	24
299	267	36	23
307	266	31	22
317	266	24	21
325	266	21	20
320	265	20	20
316	263	19	20
309	261	20	21
305	260	20	21
305	259	19	21
286	255	44	15
298	255	38	23
306	253	36	24
315	253	32	24
325	252	30	24
327	251	30	23
321	250	31	22
316	248	31	23
311	247	35	24
313	247	38	23
319	245	37	24
326	244	38	23
331	243	39	24
338	241	37	23
335	240	39	23
329	240	38	24
325	239	37	22
320	239	38	23
317	242	36	24
314	247	36	23
310	250	37	25
307	255	37	23
304	258	37	24
299	263	37	25
295	265	38	24
292	269	38	25
287	269	40	25
286	269	38	24
290	268	39	24
297	266	38	25
303	265	40	25
310	264	40	25
318	263	39	24
324	262	39	24
330	260	41	25
337	259	40	26
346	257	39	25
351	257	41	25
359	255	39	25
361	255	40	25
358	254	39	25
353	253	39	26
351	252	39	25
347	251	40	26
344	255	40	27
340	260	40	25
337	263	40	26
335	267	39	26
331	271	38	26
328	273	39	25
324	271	40	25
321	270	39	25
318	268	38	25
314	267	38	25
311	266	39	25
307	264	39	25
304	265	40	26
300	269	39	26
297	272	40	26
293	277	39	26
289	280	40	26
283	283	42	26
282	281	40	26
284	279	40	26
292	279	38	25
298	278	40	26
304	277	40	26
310	276	41	25
318	275	40	25
325	274	40	26
327	273	40	25
321	273	40	26
317	271	39	26
311	270	40	26
309	270	39	26
310	268	40	26
314	267	40	25
321	267	41	26
327	265	42	26
334	264	41	26
339	264	41	26
335	262	41	27
331	261	40	27
325	260	41	27
322	259	40	27
319	258	38	26
320	258	39	26
326	256	39	26
332	255	40	26
337	254	42	27
339	253	40	26
334	252	39	26
328	250	40	26
324	250	40	27
320	249	40	27
317	247	39	27
314	247	39	26
310	246	38	26
307	249	39	27
303	253	41	27
300	257	40	27
297	261	40	28
293	265	40	27
290	269	41	28
287	273	41	28
283	277	40	27
282	281	39	27
279	280	40	27
274	279	41	27
278	278	41	27
284	275	41	28
290	275	42	28
299	274	41	28
305	273	41	27
314	273	40	28
320	271	40	27
324	270	39	28
318	268	41	27
314	268	41	27
310	267	40	27
307	265	40	28
303	264	41	27
304	264	40	26
309	262	41	27
317	261	40	27
323	260	42	27
331	259	41	27
338	258	42	28
339	257	41	27
335	256	41	27
334	255	40	27
331	253	40	27
328	251	40	28
326	251	39	28
323	250	41	27
319	251	40	28
317	254	40	28
314	258	40	28
312	262	40	28
309	266	39	28
306	270	40	27
302	274	41	27
300	277	41	27
297	279	40	27
295	278	40	28
291	276	39	27
288	274	40	27
285	273	40	28
285	272	39	27
289	271	42	28
298	270	40	27
305	268	40	27
311	267	41	29
318	266	40	28
316	265	40	27
311	264	41	27
306	262	40	27
302	262	41	27
298	261	40	27
294	260	40	27
292	263	40	28
288	267	40	27
286	270	40	29
282	273	41	27
279	271	41	28
276	270	40	28
272	268	39	27
270	268	40	28
266	272	40	28
264	276	39	27
259	280	40	28
257	283	40	28
253	288	40	28
249	291	40	27
248	290	39	27
243	289	39	27
240	288	40	27
237	286	39	28
240	285	39	28
246	285	40	28
251	283	41	28
258	283	41	28
264	282	41	28
270	280	41	28
277	280	42	28
284	279	42	28
289	278	42	28
287	277	42	28
280	277	41	28
276	275	40	27
275	275	40	28
279	274	39	27
285	273	40	27
291	272	40	27
299	272	39	27
304	270	40	27
309	270	41	28
317	270	40	28
322	269	40	27
328	269	40	27
333	268	41	27
341	268	39	27
346	268	40	27
351	268	40	27
358	268	40	26
362	267	39	26
354	267	40	27
348	267	39	27
344	267	40	27
340	267	38	27
335	266	39	27
331	267	39	27
326	267	40	27
322	266	39	27
322	267	40	26
327	267	39	27
333	267	40	26
336	266	38	26
332	266	39	26
325	266	40	26
321	266	39	27
317	266	39	27
313	265	37	26
309	266	39	26
305	265	39	26
301	265	39	26
297	265	39	26
295	265	39	26
291	265	39	28
286	266	39	27
282	266	40	27
278	266	41	27
277	266	39	27
273	266	41	27
269	267	39	27
267	267	40	28
262	267	40	28
260	269	38	27
256	269	40	27
253	269	39	27
251	270	38	27
248	270	38	27
244	270	40	27
242	271	38	27
238	271	41	27
236	271	38	27
232	272	40	27
229	273	39	28
227	274	38	27
230	274	39	27
236	275	39	27
243	275	39	27
251	277	39	27
257	278	40	27
264	278	41	27
267	279	39	27
262	279	38	26
256	280	41	27
253	281	39	27
251	281	38	27
253	282	40	27
260	283	40	27
267	284	41	27
275	285	39	26
281	286	41	27
290	286	40	26
295	287	41	27
302	287	40	26
301	289	40	26
296	289	40	27
292	289	40	27
287	290	41	27
284	291	40	26
282	291	38	27
278	289	40	28
276	285	38	27
271	281	40	28
269	277	39	28
267	272	38	28
265	268	38	27
261	264	40	27
259	259	39	28
256	257	38	27
254	259	39	27
251	260	38	27
247	261	39	27
247	261	40	27
252	261	41	28
260	262	41	28
268	263	40	27
275	264	40	26
283	265	41	27
289	265	42	27
295	265	40	28
290	266	41	28
287	267	40	28
283	268	40	28
280	268	39	27
279	270	39	28
279	271	40	27
285	272	41	28
292	272	42	27
301	273	40	27
309	273	41	28
316	274	41	27
323	274	42	28
328	275	41	27
326	275	39	28
319	276	40	28
317	276	40	28
314	276	40	28
311	278	39	27
306	276	41	28
306	271	38	28
303	267	39	28
300	263	39	28
298	258	39	28
297	254	39	28
292	251	40	28
291	252	40	28
287	253	41	28
285	253	40	28
284	253	40	27
280	254	40	28
282	254	40	27
287	255	42	28
295	256	42	27
304	255	41	28
311	256	42	28
317	257	42	28
313	256	41	28
308	257	42	27
305	257	41	27
303	257	41	27
301	258	39	27
298	258	39	27
296	258	39	27
295	258	38	27
295	259	41	26
302	259	41	27
310	259	41	28
318	259	41	28
327	259	40	27
335	258	40	28
343	258	40	28
351	259	39	28
351	259	40	27
344	259	41	27
343	258	40	28
338	259	40	27
336	259	40	28
334	258	39	28
331	257	41	29
330	258	40	28
336	257	41	28
342	259	41	28
349	259	38	27
345	258	41	27
341	258	39	28
337	258	41	27
335	258	40	28
333	258	39	27
331	258	39	27
329	258	39	27
327	258	39	27
325	258	39	27
323	258	39	27
319	258	40	27
318	258	40	27
317	258	39	27
315	257	39	28
312	258	40	27
310	258	40	27
308	258	39	27
307	258	39	28
304	257	40	28
302	257	40	27
300	257	40	28
298	258	40	27
297	258	40	28
294	256	40	28
293	257	40	28
291	257	39	27
289	258	41	28
287	257	40	28
285	257	39	28
283	258	39	27
280	257	40	28
278	257	40	28
276	257	40	28
272	258	40	28
270	258	40	28
269	258	40	28
267	258	39	27
264	257	40	28
262	258	40	28
260	258	40	28
258	258	39	28
255	259	40	27
253	259	40	27
249	258	41	28
253	258	42	29
261	259	42	28
269	260	41	27
277	260	40	27
279	260	39	28
275	260	41	28
271	261	40	27
267	261	41	28
264	261	41	28
262	261	38	27
259	261	39	28
256	262	39	27
254	261	39	27
250	261	39	27
248	261	39	26
247	262	40	27
245	262	40	26
243	261	38	26
239	262	40	26
238	261	40	27
237	261	39	27
237	262	39	26
235	261	38	27
235	262	38	25
233	262	39	26
233	261	39	26
238	261	41	27
247	262	41	27
257	261	40	26
267	261	40	26
276	261	41	26
285	262	41	26
295	261	40	26
304	260	39	27
304	261	39	26
300	260	39	26
299	260	39	27
298	260	39	27
297	260	39	26
297	260	39	26
297	260	39	26
299	259	40	27
305	259	41	27
315	259	39	27
316	258	39	26
315	258	39	26
313	258	40	27
311	257	39	27
311	257	39	27
311	257	39	27
311	257	38	27
310	257	39	27
311	256	38	27
311	256	37	26
310	256	38	27
310	257	38	26
310	256	37	26
310	256	38	26
310	255	38	26
310	255	38	27
310	255	38	26
310	255	38	26
310	255	38	26
310	255	38	25
309	254	38	26
309	253	38	26
310	254	38	26
310	254	38	26
310	254	37	26
310	254	37	25
309	253	37	26
309	252	38	27
309	252	38	26
309	251	38	27
309	251	38	27
309	250	37	27
309	250	37	27
309	250	37	27
309	250	38	26
308	250	38	26
309	249	36	27
308	249	38	27
308	248	37	26
308	248	38	27
307	246	38	27
307	247	38	28
306	246	38	27
306	246	38	26
305	246	39	27
305	246	39	27
306	245	38	27
305	244	38	27
305	244	38	27
304	244	37	26
303	243	39	27
302	243	39	27
303	242	38	28
303	242	38	27
302	242	39	27
300	242	39	27
301	242	38	27
300	241	38	28
299	240	39	28
298	241	39	27
298	241	38	27
296	241	40	27
297	241	38	27
295	240	39	27
294	241	39	27
294	239	39	28
293	240	39	28
292	240	39	27
292	240	39	27
291	240	39	28
290	240	39	27
289	240	39	27
288	240	39	27
286	239	39	27
284	240	39	28
284	241	38	27
283	241	38	28
282	240	39	28
279	240	39	28
280	240	38	28
278	240	39	28
276	241	39	28
274	241	39	28
274	241	38	28
271	241	38	28
269	241	39	28
267	240	39	28
266	241	39	28
264	242	39	27
262	241	38	28
261	242	38	28
256	242	39	28
255	243	39	28
252	242	40	28
253	242	40	28
259	242	40	28
266	243	41	28
274	243	40	28
282	243	39	28
287	243	40	28
283	244	40	27
279	245	40	29
276	245	39	28
271	245	39	28
269	246	38	28
263	247	39	29
265	248	39	28
271	248	40	28
278	249	40	28
284	249	40	28
291	251	40	27
298	252	39	26
306	252	40	27
312	253	39	27
316	253	37	27
310	255	39	27
305	255	40	27
301	256	39	27
295	257	42	27
293	258	38	27
295	260	41	27
300	260	40	27
307	262	39	27
314	262	40	27
320	263	39	28
318	264	39	27
311	265	39	27
305	266	40	27
301	268	40	27
297	268	39	27
293	269	39	27
288	271	39	26
285	272	38	26
281	272	39	27
277	274	39	27
273	274	39	27
269	276	39	26
266	277	38	27
262	277	38	28
257	278	39	27
255	279	39	27
258	280	39	27
263	281	40	27
269	282	39	26
274	282	40	27
282	283	39	27
288	285	39	27
294	286	39	27
300	286	40	28
306	287	39	28
307	289	39	27
300	289	40	28
293	290	40	27
289	290	40	27
285	292	39	27
280	293	39	27
280	294	38	27
284	294	38	26
290	295	39	27
295	296	40	27
302	297	39	26
308	299	39	26
315	300	39	26
321	300	39	27
327	301	39	26
333	302	39	27
336	303	39	26
330	304	39	26
323	304	40	27
319	307	39	27
314	308	38	27
310	308	39	27
305	306	38	27
301	303	38	27
297	299	38	27
293	295	40	27
289	291	38	27
285	288	38	26
281	284	39	27
277	280	39	26
273	280	38	27
269	283	38	26
268	284	37	27
273	285	38	26
279	286	39	26
285	287	39	26
290	288	39	26
297	289	39	27
304	291	39	26
310	291	39	26
316	293	39	26
319	294	39	26
313	295	39	26
308	296	39	26
303	296	39	27
298	298	40	26
293	299	40	26
295	301	39	27
300	301	39	26
307	303	38	26
313	304	38	26
319	304	39	27
325	307	39	26
333	308	38	26
335	310	39	25
330	311	39	26
324	312	39	26
319	314	40	26
315	314	38	26
310	317	38	25
307	317	38	26
302	318	39	27
303	321	38	26
307	321	39	27
312	322	39	26
318	324	39	26
315	326	39	25
310	327	39	25
304	328	38	26
301	330	37	25
295	331	37	25
293	328	37	26
288	324	37	28
285	320	37	26
281	317	37	26
278	313	37	26
274	310	37	26
270	305	40	26
267	302	36	25
262	299	36	24
259	296	36	23
254	291	36	24
250	289	37	25
247	291	37	26
243	293	37	25
244	295	36	25
249	295	36	25
257	297	36	24
263	299	37	25
269	301	36	24
277	302	34	23
282	304	34	24
280	305	36	23
274	307	35	22
