0.012880
0.203567
0.242413
0.257715
0.221766
0.230821
0.215219
0.237889
0.225995
0.210882
0.295547
0.261033
0.201616
0.251081
0.243150
0.235070
0.232401
0.230628
0.244586
0.236868
0.255504
0.247685
0.221656
0.199372
0.228649
0.249203
0.246333
0.201406
0.271423
0.208023
0.186979
0.203175
0.214193
0.277552
0.233092
0.242965
0.271345
0.226231
0.233208
0.262712
0.225066
0.211525
0.215780
0.236054
0.213849
0.239041
0.208658
0.250502
0.190945
0.219104
0.215679
0.233865
0.195687
0.252323
0.222466
0.292797
0.230982
0.271854
0.261852
0.258745
0.245933
0.270854
0.231486
0.216248
0.232172
0.176817
0.205943
0.238959
0.218277
0.207321
0.208425
0.242742
0.275222
0.297604
0.274148
0.250537
0.216902
0.172532
0.211794
0.228348
0.303965
0.250754
0.230314
0.227853
0.221634
0.257479
0.242365
0.219924
0.224477
0.262685
0.267758
0.224915
0.220674
0.267504
0.216874
0.246942
0.276301
0.272273
0.209156
0.202532
0.211579
0.232999
0.187159
0.208575
0.221725
0.232116
0.267850
0.203294
0.204122
0.155998
0.200953
0.193322
0.164929
0.187500
0.184810
0.249361
0.226066
0.246203
0.257446
0.293137
0.249793
0.203753
0.213003
0.196688
0.208313
0.228148
0.238063
0.295537
0.241045
0.231975
0.191384
0.211856
0.212445
0.198578
0.232049
0.164687
0.206848
0.287282
0.327793
0.220866
0.205265
0.268464
0.263348
0.234925
0.296579
0.214702
0.261087
0.251464
0.206317
0.202728
0.249511
0.258550
0.253572
0.220878
0.234901
0.262305
0.229036
0.262346
0.241889
0.200220
0.223871
0.187019
0.219330
0.249040
0.233019
0.251554
0.271401
0.312057
0.260109
0.237761
0.234109
0.232637
0.258059
0.197673
0.232808
0.227083
0.200998
0.228510
0.210747
0.216697
0.229977
0.236604
0.226614
0.260734
0.239041
0.242059
0.297521
0.321306
0.228532
0.256355
0.199004
0.263445
0.230514
0.250370
0.221417
0.183617
0.279278
0.183016
0.202093
0.231863
0.190446
0.261842
0.226696
0.204038
0.246355
0.258186
0.237906
0.267131
0.237791
0.277473
0.188742
0.261686
0.213097
0.203508
0.198884
0.218924
0.218207
0.238676
0.223063
0.230449
0.231812
0.223190
0.197892
0.257600
0.181576
0.215288
0.198725
0.224378
0.223901
0.203436
0.206928
0.224396
0.247695
0.212849
0.237629
0.217974
0.195566
0.231626
0.228802
0.239047
0.240511
0.237927
0.248106
0.277033
0.260242
0.217388
0.242181
0.218781
0.200112
0.179394
0.228531
0.295529
0.204766
0.215292
0.208956
0.216164
0.179423
0.241329
0.242521
0.182080
0.270317
0.266354
0.245171
0.196930
0.274199
0.267690
0.215100
0.212614
0.228846
0.260936
0.214789
0.244832
0.223959
0.237173
0.262790
0.236957
0.220129
0.298505
0.238180
0.242540
0.286165
0.232508
0.214510
0.296278
0.269532
0.212545
0.198935
0.231129
0.295215
0.281947
0.268792
0.268760
0.250463
0.250192
0.257838
0.314263
0.265429
0.243057
0.196611
0.228989
0.299817
0.236469
0.271739
0.240947
0.614710
0.433558
0.292124
0.333489
0.211919
0.217643
0.326473
0.287574
0.351169
0.303816
0.223882
0.249802
0.262645
0.266122
0.323381
0.283538
0.199770
0.195352
0.352511
0.218922
0.220826
0.226258
0.221305
0.217699
0.230442
0.246752
0.346335
0.249685
0.224362
0.220768
0.197687
0.270477
0.337226
0.228684
0.218101
0.228521
0.305600
0.208818
0.244370
0.232142
0.242115
0.246158
0.290546
0.386397
0.245642
0.269116
0.245404
0.242986
0.228688
0.260426
0.250691
0.266247
0.224997
0.255672
0.242625
0.261803
0.252225
0.254928
0.261214
0.289888
0.269570
0.287748
0.286192
0.251300
0.333969
0.242224
0.222567
0.219805
0.235197
0.246582
0.238736
0.208726
0.287853
0.312566
0.262560
0.255082
0.290666
0.225372
0.229852
0.233138
0.294986
0.255761
0.263282
0.267641
0.304332
0.279335
0.260912
0.242922
0.279480
0.250060
0.233285
0.240410
0.244211
0.235141
0.264774
0.260033
0.301721
0.280231
0.321972
0.288864
0.271653
0.238161
0.329537
0.306593
0.248766
0.253796
0.277316
0.261007
0.224084
0.213493
0.232650
0.214751
0.240865
0.291188
0.258510
0.281057
0.302140
0.270401
0.236955
0.220247
0.228426
0.226249
0.225926
0.270942
0.201675
0.235308
0.267569
0.286723
0.243670
0.240925
0.240299
0.209113
0.249838
0.264886
0.284166
0.295391
0.288360
0.278403
0.282033
0.273213
0.271771
0.247135
0.267909
0.265647
0.242065
0.268419
0.250397
0.258500
0.287481
0.321697
0.299287
0.236891
0.298925
0.308814
0.257445
0.230268
0.212601
0.232329
0.283401
0.278870
0.214752
0.224128
0.273574
0.253460
0.216248
0.234845
0.218145
0.244293
0.255235
0.251317
0.244894
0.208573
0.218313
0.233372
0.201931
0.197922
0.236034
0.249085
0.241503
0.263367
0.248908
0.246532
0.286515
0.251436
0.239661
0.297402
0.238351
0.235055
0.239064
0.254285
0.220360
0.349212
0.285393
0.249913
0.271041
0.217479
0.237381
0.209587
0.264758
0.227714
0.269633
0.241060
0.294906
0.267439
0.284894
0.226217
0.203019
0.240223
0.308664
0.309323
0.275468
0.298674
0.237243
0.295499
0.247547
0.249423
0.247220
0.241796
0.229914
0.274455
0.258282
0.267489
0.324479
0.356655
0.327984
0.296373
0.229320
0.249866
0.268801
0.328338
0.281257
0.215399
0.302454
0.245461
0.226720
0.253497
0.310865
0.279762
0.281257
0.256248
0.286629
0.248316
0.261283
0.223089
0.214840
0.222566
0.204177
0.241472
0.218549
0.237148
0.241221
0.229805
0.238204
0.216880
0.235480
0.244593
0.300960
0.278589
0.282939
0.281184
0.292457
0.216537
0.213944
0.191739
0.226350
0.199794
0.189596
0.239270
0.213382
0.234100
0.244928
0.184690
0.213742
0.195242
0.184646
0.184539
0.216156
0.210750
0.203647
0.233883
0.246275
0.208230
0.214659
0.241647
0.278144
0.304901
0.270851
0.252770
0.236289
0.247063
0.270240
0.331653
0.245015
0.320379
0.332462
0.281461
0.251777
0.246087
0.225775
0.219478
0.295966
0.222834
0.227279
0.231272
0.258154
0.220445
0.233219
0.319709
0.307989
0.313099
0.282090
0.295485
0.285490
0.251837
0.258337
0.267547
0.265414
0.317204
0.334501
0.262224
0.229639
0.299376
0.256957
0.241753
0.257739
0.300283
0.293113
0.272080
0.280694
0.306485
0.322197
0.341009
0.244119
0.266811
0.271186
0.242656
0.294383
0.266973
0.273481
0.284870
0.274491
0.298343
0.227640
0.282827
0.274733
0.283144
0.289363
0.340376
0.330130
0.276613
0.242695
0.245461
0.276586
0.224831
0.259661
0.255128
0.265842
0.280015
0.317694
0.349003
0.363321
0.308025
0.294723
0.349646
0.285013
0.281464
0.297619
0.255175
0.252964
0.256614
0.284301
0.222339
0.280901
0.321380
0.275840
0.294445
0.316679
0.281465
0.308894
0.304687
0.254952
0.276081
0.233718
0.261922
0.281123
0.229677
0.255539
0.273574
0.321974
0.319696
0.256819
0.320677
0.319740
0.281612
0.268368
0.258899
0.291692
0.283327
0.324517
0.264503
0.231634
0.254042
0.317189
0.283750
0.301777
0.251456
0.298874
0.305661
0.270138
0.262639
0.235718
0.243028
0.250054
0.236951
0.263061
0.245186
0.281693
0.246423
0.290037
0.289267
0.231542
0.259214
0.263328
0.274271
0.318490
0.307564
0.263607
0.240789
0.251403
0.256517
0.278115
0.269967
0.334064
0.318879
0.262706
0.262594
0.244228
0.246789
0.257466
0.271354
0.276181
0.252033
0.245389
0.279384
0.264844
0.285666
0.247413
0.285036
0.312430
0.281071
0.262325
0.280986
0.347414
0.309008
0.295059
0.254265
0.238394
0.281853
0.210658
0.327252
0.284139
0.308956
0.414631
0.313934
0.232981
0.241342
0.267595
0.216578
0.293059
0.275652
0.295877
0.233560
0.243636
0.231631
0.234918
0.245626
0.360346
0.280595
0.279497
0.249388
0.293828
0.272861
0.255094
0.203693
0.292483
0.355911
0.241699
0.258125
0.219743
0.260813
0.279582
0.187516
0.269619
0.254755
0.259922
0.207947
0.244530
0.217248
0.285109
0.262192
0.248460
0.279122
0.305886
0.235976
0.245834
0.272536
0.259927
0.262948
0.279974
0.327028
0.385685
0.287978
0.279253
0.301353
0.287064
0.285794
0.254353
0.305127
0.302040
0.219571
0.193458
0.283668
0.228247
0.178711
0.277823
0.206816
0.234106
0.353326
0.232254
0.287362
0.249708
0.227733
0.286299
0.303000
0.262572
0.259979
0.225909
0.243297
0.291847
0.295719
0.277166
0.233667
0.254717
0.236969
0.247116
0.271769
0.226280
0.263599
0.286309
0.243681
0.231130
0.349529
0.301374
0.329008
0.261763
0.353550
0.337481
0.276066
0.342128
0.240480
0.220982
0.241132
0.262001
0.332645
0.280131
0.219408
0.203428
0.217759
0.242429
0.271160
0.275744
0.285481
0.433529
0.233594
0.279768
0.345328
0.325999
0.294939
0.219666
0.237763
0.312024
0.262686
0.270070
0.247739
0.243292
0.251757
0.329781
0.243466
0.229043
0.269636
0.298568
0.270353
0.311779
0.317063
0.349946
0.312343
0.278811
0.287508
0.257328
0.230048
0.253523
0.297688
0.353730
0.252305
0.266660
0.265152
0.280139
0.313616
0.265280
0.225007
0.285725
0.255638
0.221795
0.241024
0.223659
0.253821
0.290376
0.261169
0.233152
0.229387
0.252135
0.272324
0.215284
0.250117
0.357428
0.287498
0.289152
0.294513
0.348695
0.323908
0.316297
0.263365
0.320723
0.313553
0.225473
0.211602
0.283618
0.240913
0.243461
0.227829
0.244062
0.254429
0.199838
0.279560
0.326561
0.289526
0.285890
0.297306
0.261718
0.314070
0.285321
0.311713
0.282677
0.311034
0.295037
0.256316
0.313367
0.318959
0.265375
0.252696
0.257120
0.257765
0.237337
0.256523
0.280929
0.274063
0.252206
0.226794
0.327520
0.286326
0.258902
0.238532
0.219468
0.371639
0.300242
0.287758
0.310862
0.247021
0.211392
0.262205
0.245196
0.229945
0.258248
0.264286
0.250421
0.234685
0.315804
0.341201
0.256922
0.299131
0.314403
0.245509
0.243500
0.221615
0.228381
0.246657
