0.060048
0.372116
0.294410
0.277349
0.326501
0.299268
0.289394
0.330859
0.366851
0.318684
0.311269
0.302582
0.353272
0.380416
0.355111
0.338969
0.284606
0.370404
0.357080
0.351157
0.335084
0.361984
0.363237
0.303136
0.276421
0.326864
0.262372
0.286635
0.325505
0.351911
0.301512
0.363729
0.376786
0.300938
0.395960
0.356306
0.295835
0.350040
0.292614
0.254592
0.247704
0.285371
0.305595
0.281812
0.305429
0.240904
0.307532
0.347254
0.242909
0.290664
0.333596
0.328998
0.259256
0.319459
0.255534
0.277627
0.362808
0.290651
0.344229
0.252631
0.280824
0.277975
0.276453
0.302013
0.364944
0.382611
0.340004
0.406903
0.314995
0.384744
0.303618
0.288817
0.292225
0.380857
0.314674
0.256194
0.380735
0.283973
0.290370
0.242820
0.412073
0.271991
0.354899
0.347406
0.380419
0.376407
0.322329
0.322407
0.255312
0.349894
0.375142
0.307647
0.346389
0.337145
0.350348
0.372914
0.298435
0.264498
0.320642
0.368749
0.272704
0.250257
0.278869
0.273122
0.340385
0.306548
0.311475
0.380406
0.319802
0.295482
0.312457
0.279457
0.318596
0.261554
0.276809
0.316582
0.336064
0.333086
0.270923
0.316510
0.278250
0.277942
0.337048
0.302778
0.415039
0.296022
0.279588
0.371762
0.364245
0.373436
0.286999
0.275312
0.290058
0.307718
0.279399
0.288920
0.271772
0.315459
0.395978
0.446765
0.342662
0.279117
0.268145
0.305051
0.286417
0.300480
0.344172
0.289357
0.301352
0.294421
0.288257
0.353523
0.316300
0.292016
0.287325
0.428852
0.349769
0.437546
0.315096
0.334451
0.359379
0.351010
0.439713
0.487539
0.338137
0.289963
0.368056
0.238950
0.222240
0.313043
0.295861
0.311261
0.360444
0.404706
0.366582
0.355037
0.255536
0.330929
0.335224
0.342161
0.381572
0.285372
0.312481
0.302562
0.308494
0.279117
0.318685
0.267334
0.344091
0.255834
0.340154
0.372228
0.338171
0.348886
0.283364
0.254906
0.264974
0.273201
0.272105
0.326010
0.251342
0.266209
0.270356
0.384799
0.329535
0.270584
0.214268
0.242916
0.347368
0.465220
0.299424
0.321339
0.423530
0.286821
0.313573
0.282793
0.401466
0.337427
0.266193
0.262436
0.250622
0.289294
0.272841
0.250602
0.297503
0.298247
0.365342
0.286638
0.338722
0.268765
0.254985
0.289009
0.250457
0.223546
0.248934
0.241003
0.238396
0.252870
0.223926
0.288790
0.217950
0.271849
0.222246
0.388471
0.286214
0.458803
0.299700
0.318711
0.339678
0.266724
0.263551
0.264084
0.287101
0.326671
0.312185
0.292866
0.591063
0.329252
0.338278
0.363298
0.294545
0.323266
0.283244
0.313918
0.334744
0.287760
0.306811
0.247439
0.260841
0.236139
0.234165
0.230451
0.243739
0.251180
0.305455
0.294990
0.279038
0.333000
0.340731
0.322222
0.266441
0.279114
0.317433
0.323370
0.333057
0.362079
0.335108
0.371311
0.317457
0.382383
0.347349
0.356776
0.255742
0.390492
0.354745
0.311866
0.320440
0.266006
0.261437
0.288176
0.271692
0.286107
0.292295
0.307047
0.362985
0.420136
0.418936
0.433574
0.486814
0.344271
0.459635
0.352029
0.375670
0.454549
0.429535
0.337770
0.365393
0.368638
0.343534
0.307301
0.289726
0.306468
0.312690
0.270907
0.354062
0.304668
0.257377
0.283668
0.302586
0.503414
0.277114
0.327784
0.400390
0.379932
0.479702
0.323243
0.240708
0.276038
0.305647
0.405237
0.378755
0.369734
0.348644
0.296239
0.273315
0.214170
0.240392
0.256634
0.417283
0.426204
0.282780
0.270909
0.291254
0.270904
0.314404
0.274067
0.347756
0.414674
0.461707
0.471901
0.390899
0.332234
0.253360
0.430842
0.339072
0.314097
0.321531
0.350768
0.304930
0.311895
0.250185
0.312801
0.331197
0.304037
0.294079
0.282080
0.261594
0.407861
0.444401
0.337264
0.416057
0.375757
0.401623
0.397666
0.363212
0.332879
0.268389
0.349373
0.336845
0.385272
0.391981
0.288543
0.236037
0.293260
0.300102
0.314848
0.444638
0.316406
0.370829
0.372473
0.234257
0.297976
0.433005
0.384299
0.331553
0.334765
0.353599
0.256470
0.335070
0.331549
0.306836
0.400968
0.314084
0.395415
0.415265
0.365924
0.300671
0.356346
0.302701
0.432078
0.315979
0.323222
0.249065
0.282781
0.273952
0.301598
0.342047
0.253590
0.241152
0.382546
0.331180
0.327172
0.285183
0.354877
0.389347
0.454293
0.328530
0.328578
0.411313
0.448537
0.272507
0.341543
0.284809
0.301088
0.347190
0.282775
0.296824
0.293608
0.381640
0.303113
0.357335
0.229505
0.265427
0.258520
0.270736
0.281899
0.227605
0.212937
0.225803
0.307795
0.288203
0.240149
0.225635
0.203561
0.297488
0.309966
0.334619
0.239085
0.210345
0.224322
0.297049
0.287374
0.284327
0.294065
0.301904
0.277997
0.303403
0.372051
0.317992
0.214773
0.296894
0.225503
0.251256
0.232728
0.272609
0.255716
0.261689
0.278085
0.260568
0.292877
0.342024
0.245096
0.225643
0.277092
0.266693
0.263242
0.339046
0.295358
0.275994
0.237233
0.295196
0.254328
0.207105
0.226214
0.255707
0.247723
0.273483
0.263104
0.216123
0.275564
0.256227
0.268707
0.225768
0.237472
0.290572
0.288311
0.229796
0.235320
0.257182
0.259454
0.383181
0.341322
0.358484
0.223768
0.264941
0.281932
0.355144
0.295143
0.275937
0.272078
0.349469
0.285900
0.212032
0.190304
0.252391
0.218515
0.267663
0.284187
0.309113
0.249094
0.279216
0.319928
0.349922
0.312463
0.277767
0.315196
0.264932
0.253035
0.255229
0.285272
0.294197
0.282344
0.328606
0.258856
0.317631
0.264587
0.319721
0.263189
0.268652
0.263572
0.249560
0.241164
0.245284
0.261641
0.229289
0.254217
0.234317
0.288327
0.325278
0.308063
0.330560
0.263771
0.194383
0.370798
0.365696
0.350671
0.320108
0.301881
0.296199
0.239705
0.239516
0.275998
0.314587
0.283045
0.344394
0.345857
0.272332
0.309006
0.288143
0.248376
0.276809
0.328142
0.362318
0.213257
0.230350
0.250494
0.291629
0.285306
0.196873
0.291406
0.319943
0.363725
0.353331
0.278712
0.250411
0.280733
0.260653
0.292271
0.337297
0.265199
0.295880
0.304237
0.309814
0.330784
0.309822
0.307344
0.307828
0.276371
0.284964
0.310774
0.337780
0.261859
0.325149
0.293257
0.234148
0.394841
0.504051
0.422454
0.364981
0.355966
0.375238
0.367270
0.287287
0.378931
0.378829
0.323695
0.344147
0.301100
0.433933
0.392337
0.261373
0.436596
0.474437
0.273766
0.298181
0.279074
0.294112
0.280905
0.394096
0.296664
0.377933
0.278135
0.277083
0.332559
0.338032
0.255960
0.250312
0.276715
0.292171
0.291396
0.298951
0.315543
0.350582
0.308236
0.191364
0.390798
0.270311
0.239447
0.314996
0.302122
0.271159
0.253560
0.302630
0.358849
0.304173
0.371446
0.387835
0.304140
0.335151
0.349284
0.327559
0.316817
0.319617
0.285686
0.282452
0.278445
0.377424
0.408066
0.343937
0.436958
0.433893
0.230914
0.331602
0.244967
0.251768
0.274097
0.209996
0.215874
0.229126
0.232066
0.211926
0.244364
0.281032
0.273830
0.328438
0.393862
0.277035
0.272471
0.193284
0.219491
0.216825
0.300580
0.274160
0.244843
0.291013
0.376741
0.389676
0.363293
0.331305
0.345850
0.329772
0.308141
0.289348
0.308973
0.290877
0.275763
0.326860
0.304366
0.218876
0.249677
0.242957
0.235721
0.325815
0.327620
0.280230
0.298061
0.231051
0.279289
0.363529
0.300099
0.262138
0.319802
0.273676
0.439173
0.296906
0.260303
0.272618
0.380728
0.298552
0.354965
0.340105
0.263787
0.249325
0.341600
0.289503
0.288879
0.234692
0.357530
0.342695
0.348562
0.314423
0.269392
0.256377
0.336686
0.278839
0.293918
0.275403
0.271973
0.331381
0.384460
0.283293
0.268363
0.253409
0.257504
0.434662
0.351171
0.345329
0.412671
0.341560
0.369294
0.277333
0.317234
0.411699
0.275722
0.330218
0.265614
0.291521
0.332673
0.289409
0.251864
0.252763
0.289399
0.285124
0.287278
0.342532
0.288852
0.305726
0.274718
0.281385
0.252155
0.329750
0.303560
0.306993
0.315321
0.307083
0.319935
0.303087
0.337128
0.284831
0.236307
0.269509
0.382950
0.319493
0.356202
0.288392
0.296436
0.228540
0.232753
0.203607
0.218199
0.277025
0.165009
0.259137
0.265968
0.248248
0.232542
0.303351
0.332972
0.331746
0.236126
0.342740
0.460805
0.380165
0.227828
0.357109
0.232174
0.248100
0.234867
0.294980
0.247588
0.317326
0.278835
0.368998
0.518320
0.292906
0.384189
0.316767
0.306277
0.254716
0.288219
0.280072
0.288492
0.320572
0.272618
0.297008
0.307446
0.310338
0.389658
0.380401
0.318964
0.211957
0.262440
0.300326
0.311962
0.263843
0.283228
0.293210
0.256875
0.281044
0.262996
0.246425
0.308491
0.275678
0.328122
0.289815
0.351838
0.372194
0.222270
0.335359
0.283444
0.286906
0.378149
0.262019
0.265393
0.305163
0.366548
0.327067
0.278136
0.326354
0.301543
0.309197
0.291018
0.309168
0.252844
0.279042
0.351512
0.301498
0.299656
0.256255
0.236087
0.236497
0.308301
0.270778
0.283601
0.324496
0.297143
0.259145
0.291966
0.273000
0.302601
0.287024
0.361689
0.261103
0.201753
0.260623
0.309685
0.288698
0.278932
0.295034
0.298745
0.355866
0.366978
0.307399
0.326421
0.321517
0.268464
0.270299
0.285146
0.277102
0.268773
0.253021
0.237802
0.366079
0.442030
0.346986
0.413985
0.387276
0.305412
0.286820
0.224043
0.299049
0.280901
0.252331
0.335184
0.286329
0.292784
0.305325
0.249321
0.283674
0.289387
0.315577
0.237687
0.338587
0.263185
0.339277
0.292258
0.265108
0.251549
0.227074
0.260662
0.255735
0.266733
0.331452
0.347830
0.316972
0.249191
0.380760
0.265927
0.251384
0.274596
0.239251
0.247355
0.243846
0.264703
0.298942
0.310293
0.333007
0.333888
0.288705
0.283450
0.269394
0.263528
0.309583
0.415000
0.219520
0.227083
0.267085
0.276316
0.503788
0.349426
0.427986
0.431829
0.323360
0.242713
0.266597
0.263343
0.265144
0.247410
0.287369
0.306214
