0.495921
0.086351
0.083271
0.081276
0.085512
0.084824
0.088133
0.084808
0.080806
0.085480
0.085264
0.086255
0.084377
0.083560
0.083819
0.085042
0.090188
0.084975
0.080935
0.087097
0.082840
0.083261
0.085948
0.084408
0.085015
0.083198
0.080632
0.075756
0.088081
0.086532
0.086088
0.083062
0.082675
0.083170
0.082875
0.080805
0.099597
0.085726
0.092125
0.084996
0.086757
0.084354
0.088565
0.083024
0.084543
0.089221
0.084512
0.086769
0.086969
0.082478
0.085807
0.090715
0.096609
0.086939
0.084580
0.090795
0.083016
0.099633
0.075528
0.074606
0.080980
0.089347
0.051173
0.048811
0.050388
0.050406
0.053133
0.050056
0.049585
0.050732
0.049815
0.049581
0.065547
0.057198
0.059079
0.058577
0.059164
0.058378
0.054856
0.049222
0.048910
0.048379
0.049155
0.050756
0.061795
0.058479
0.058552
0.057415
0.057863
0.057724
0.058197
0.059137
0.056805
0.057287
0.058233
0.058596
0.058991
0.057585
0.058554
0.052241
0.085980
0.081583
0.074086
0.049850
0.079715
0.091100
0.091118
0.085356
0.084644
0.074765
0.082863
0.095362
0.078806
0.074917
0.084490
0.082220
0.075776
0.074806
0.073792
0.074562
0.074942
0.082514
0.084831
0.093567
0.093469
0.084163
0.084978
0.087180
0.082165
0.082013
0.082400
0.076628
0.081975
0.084872
0.078961
0.082386
0.084047
0.088459
0.076150
0.073395
0.073721
0.086004
0.084136
0.084218
0.076880
0.083612
0.082417
0.081520
0.074799
0.081741
0.091174
0.098756
0.086878
0.088783
0.089217
0.078322
0.084475
0.086174
0.084318
0.093670
0.085192
0.085989
0.085323
0.090800
0.086859
0.084026
0.085134
0.082708
0.087645
0.083786
0.086689
0.081727
0.087771
0.089175
0.082659
0.074287
0.076685
0.047864
0.051322
0.051326
0.050875
0.059029
0.058217
0.057554
0.053022
0.050280
0.052187
0.049340
0.051090
0.048164
0.048305
0.052013
0.050428
0.048662
0.048684
0.049619
0.050819
0.049147
0.050547
0.048246
0.048374
0.049050
0.048422
0.048495
0.047094
0.048183
0.049047
0.049788
0.048042
0.048530
0.048842
0.048873
0.050677
0.048609
0.046875
0.050962
0.047531
0.051097
0.051233
0.047312
0.084862
0.074752
0.077358
0.049210
0.060516
0.101048
0.078849
0.074633
0.075238
0.072500
0.074112
0.083541
0.096069
0.092595
0.085557
0.086434
0.083379
0.077079
0.085613
0.087499
0.084111
0.082988
0.078061
0.084211
0.079485
0.085511
0.075217
0.077245
0.092026
0.083277
0.075615
0.079796
0.084161
0.076897
0.083213
0.094124
0.085681
0.083563
0.094531
0.094653
0.086920
0.077726
0.091144
0.083497
0.082641
0.076519
0.075590
0.074986
0.083828
0.081615
0.083653
0.087124
0.087463
0.083168
0.084624
0.082882
0.089350
0.075695
0.087894
0.091053
0.084524
0.075603
0.075298
0.091617
0.084497
0.074933
0.074700
0.080746
0.083997
0.081365
0.074518
0.088146
0.092621
0.076632
0.076144
0.075161
0.075515
0.075132
0.074409
0.074465
0.082015
0.059009
0.047158
0.047821
0.048333
0.049174
0.049294
0.050048
0.047584
0.048662
0.048485
0.048056
0.049154
0.049115
0.049574
0.050157
0.050421
0.049851
0.049338
0.050590
0.048350
0.048232
0.048405
0.048970
0.047436
0.048465
0.049256
0.048597
0.046653
0.048371
0.049329
0.055056
0.059754
0.059395
0.059010
0.059913
0.060259
0.058580
0.058229
0.057817
0.059337
0.060344
0.079811
0.088250
0.074866
0.050801
0.052077
0.089661
0.078575
0.087838
0.085449
0.082219
0.091902
0.082641
0.089924
0.079799
0.084748
0.085430
0.074559
0.074858
0.073850
0.089760
0.075055
0.082665
0.075091
0.073303
0.087924
0.092133
0.076305
0.077478
0.081472
0.078635
0.082429
0.084843
0.085709
0.076888
0.077843
0.081825
0.073572
0.085389
0.081431
0.075960
0.082814
0.077220
0.079046
0.084240
0.084084
0.074867
0.084025
0.082715
0.085666
0.058775
0.083934
0.075158
0.082390
0.082106
0.082223
0.095475
0.076704
0.074093
0.075253
0.082777
0.074999
0.076414
0.074651
0.082819
0.083639
0.083157
0.083454
0.095258
0.084446
0.086540
0.085849
0.085223
0.087888
0.089159
0.087758
0.088583
0.082469
0.093358
0.097040
0.074161
0.073134
0.074595
0.072614
0.047500
0.048729
0.049820
0.049607
0.050133
0.049472
0.048690
0.048905
0.049032
0.049199
0.048812
0.048490
0.049159
0.050438
0.048768
0.047994
0.048096
0.048335
0.048481
0.049927
0.048204
0.047664
0.049057
0.049278
0.049803
0.048739
0.080463
0.074933
0.075997
0.076249
0.088968
0.074358
0.047055
0.047265
0.048176
0.049679
0.048379
0.048523
0.048838
0.048428
0.053022
0.047824
0.047118
0.047090
0.047526
0.047473
0.047573
0.047329
0.047760
0.050381
0.047773
0.047411
0.047107
0.047613
0.047746
0.050671
0.046020
0.049061
0.053930
0.050891
0.048344
0.054815
0.086186
0.094052
0.081609
0.055378
0.049380
0.049456
0.050501
0.049108
0.053808
0.048654
0.049037
0.054587
0.080529
0.081566
0.045899
0.048575
0.047923
0.047719
0.047665
0.047356
0.049743
0.047148
0.046398
0.046311
0.046783
0.047244
0.048317
0.046993
0.052556
0.049375
0.048547
0.048518
0.048630
0.048070
0.049735
0.048266
0.047794
0.048202
0.046655
0.047169
0.084678
0.074544
0.073706
0.060931
0.049247
0.048616
0.047918
0.045696
0.048304
0.048974
0.049119
0.048763
0.052814
0.049866
0.048491
0.047526
0.048288
0.050166
0.048253
0.048950
0.049161
0.048636
0.051125
0.048300
0.048617
0.049888
0.049170
0.048804
0.049235
0.049945
0.048905
0.049442
0.047721
0.047367
0.049722
0.048782
0.051463
0.046940
0.054957
0.050756
0.052812
0.049598
0.051875
0.048256
0.050590
0.049496
0.049731
0.056218
0.050366
0.049996
0.053077
0.050523
0.050085
0.049968
0.046403
0.047105
0.047731
0.047608
0.046821
0.046808
0.046946
0.046624
0.048201
0.047832
0.047132
0.046793
0.046789
0.050599
0.047330
0.047842
0.047573
0.049641
0.048998
0.048437
0.049342
0.047052
0.047948
0.048774
0.049917
0.048466
0.052204
0.051542
0.049479
0.049085
0.049369
0.048497
0.048715
0.048691
0.048571
0.048300
0.048927
0.047472
0.048056
0.048520
0.048723
0.048421
0.049304
0.050705
0.050018
0.048713
0.050577
0.049075
0.050995
0.047976
0.054495
0.048240
0.048456
0.049161
0.048398
0.048177
0.048002
0.046872
0.047724
0.047981
0.047181
0.047226
0.047858
0.050137
0.046084
0.046821
0.048297
0.047462
0.047517
0.046948
0.049559
0.045933
0.046306
0.045812
0.046705
0.048106
0.047008
0.046636
0.046473
0.046643
0.047063
0.046990
0.047637
0.047493
0.046887
0.046754
0.046685
0.047317
0.046090
0.046923
0.047939
0.047411
0.055150
0.072540
0.072334
0.045578
0.060833
0.077661
0.085541
0.048924
0.048403
0.049151
0.051702
0.053091
0.048111
0.067176
0.049127
0.085453
0.089489
0.082934
0.088271
0.049361
0.049332
0.048775
0.049812
0.080616
0.084451
0.087138
0.050177
0.047859
0.053639
0.053591
0.083171
0.088165
0.078043
0.049843
0.049618
0.048824
0.048315
0.048456
0.048512
0.047926
0.047975
0.047755
0.049829
0.049641
0.049722
0.048006
0.048446
0.047464
0.048629
0.048109
0.048801
0.051981
0.053705
0.088693
0.091516
0.075891
0.048377
0.080846
0.090597
0.047732
0.050045
0.047740
0.047942
0.063607
0.085110
0.082559
0.071736
0.061209
0.093011
0.084679
0.083741
0.083596
0.078157
0.090301
0.091643
0.083272
0.086518
0.087128
0.076198
0.086510
0.087988
0.084047
0.091243
0.076036
0.089922
0.090758
0.082381
0.075660
0.074289
0.078772
0.084374
0.075794
0.087296
0.082034
0.074617
0.082930
0.086779
0.090213
0.097399
0.082922
0.089113
0.085492
0.083281
0.088377
0.082740
0.073051
0.086346
0.088199
0.093612
0.089316
0.076278
0.074071
0.082429
0.083507
0.079493
0.078052
0.093318
0.087597
0.093074
0.090647
0.079631
0.103118
0.079471
0.089901
0.093177
0.087729
0.084984
0.091256
0.077421
0.075032
0.084082
0.084123
0.086158
0.074977
0.087281
0.076388
0.084067
0.087289
0.083383
0.087559
0.092641
0.077757
0.092105
0.092323
0.076999
0.077874
0.076265
0.073509
0.085723
0.084861
0.073993
0.083058
0.084048
0.090277
0.073660
0.083340
0.082453
0.069364
0.074793
0.090368
0.084687
0.086173
0.083933
0.075149
0.082925
0.084101
0.084031
0.079017
0.074850
0.082855
0.082691
0.079610
0.089416
0.055198
0.048338
0.048369
0.048424
0.060175
0.059013
0.057937
0.057546
0.057141
0.059874
0.059512
0.058590
0.058550
0.058065
0.059069
0.057627
0.058872
0.058213
0.058286
0.060522
0.063028
0.050226
0.050481
0.049312
0.049793
0.049313
0.049877
0.049754
0.048872
0.050024
0.049938
0.048910
0.049535
0.049279
0.050443
0.049165
0.049828
0.050220
0.049918
0.056436
0.050283
0.080397
0.083251
0.074129
0.050980
0.048552
0.083008
0.087494
0.054962
0.074632
0.072764
0.082425
0.082257
0.072763
0.072749
0.073226
0.072910
0.082234
0.083546
0.081125
0.080068
0.082581
0.080572
0.082448
0.085852
0.082696
0.093614
0.091428
0.096516
0.093492
0.086901
0.085148
0.085966
0.073945
0.090028
0.087020
0.096039
0.074645
0.089656
0.075766
0.074895
0.088180
0.075000
0.089687
0.084346
0.092551
0.083366
0.075287
0.081535
0.074252
0.074485
0.084115
0.073989
0.074227
0.083882
0.091367
0.084439
0.088529
0.088669
0.090877
0.073917
0.074682
0.074946
0.084992
0.075941
0.088285
0.078003
0.084983
0.076368
0.081222
0.076334
0.075706
0.086122
0.095058
0.090926
0.074377
0.074019
0.085220
0.081990
0.083411
0.083104
0.082986
0.083578
0.084857
0.091774
0.076015
0.091486
0.077180
0.073865
0.076098
0.093146
0.082147
0.083425
0.076211
0.073384
0.075583
0.081699
0.083409
0.084595
0.107792
0.086535
0.084054
0.086713
0.091385
0.092662
0.086981
0.098459
0.094649
0.101307
0.096974
0.085451
0.075018
0.074337
0.073726
0.076092
0.074513
0.075284
0.074819
0.085352
0.076264
0.081923
0.085320
0.073574
0.076410
0.075348
0.076640
0.083040
0.085050
0.075990
0.084382
0.084678
0.076607
0.076404
0.075577
0.076524
0.075136
0.075151
0.077172
0.081294
0.052584
0.050709
0.050492
0.050381
0.051575
0.051861
0.050656
0.050892
0.057196
0.050729
0.052264
0.048559
0.050015
0.051707
0.049664
0.048904
0.050394
0.049416
0.049979
0.049248
0.050213
0.048228
0.050472
0.049561
0.051122
0.048309
0.054950
0.047588
0.050970
0.049769
0.051002
0.053263
0.047913
0.048560
0.048558
0.047187
0.048191
0.046744
0.047498
0.047445
0.048120
0.048045
0.048825
0.062264
0.061581
0.080019
0.084744
0.060968
0.073685
0.087557
0.086195
0.083526
0.092058
0.076275
0.083689
0.077253
0.086765
0.085111
0.086154
0.083432
0.086902
0.086651
0.077844
0.084386
0.086600
0.089054
0.074561
0.083224
0.083177
0.092350
0.089929
0.075366
0.073394
0.084007
0.074922
0.084906
0.071863
0.076406
0.084011
0.075243
0.075661
0.089224
0.084966
0.091088
0.082535
0.086728
0.084116
0.082808
0.090212
0.085471
0.085740
0.088161
0.082779
0.082788
0.088569
0.092045
0.090310
0.076546
0.090023
0.085719
0.089458
0.087058
0.089038
0.082863
0.083786
0.085121
0.085189
0.082875
0.084156
0.074983
0.075679
0.083687
0.083055
0.081961
0.075589
0.083167
0.089373
0.083850
0.076334
0.076757
0.086221
0.076581
0.083247
0.092492
0.089127
0.083870
0.083089
0.088258
0.086632
0.079889
0.082486
0.086575
0.084439
0.084541
0.076156
0.085497
0.083381
0.083173
0.074773
0.077673
0.073154
0.079907
0.083707
0.090548
0.082484
0.086910
0.084903
0.078818
0.083754
0.086313
0.086368
0.082901
0.088360
0.086331
0.067703
0.078741
0.084411
0.085298
0.087719
0.096961
0.075274
0.083246
0.089731
0.074285
0.091990
0.074536
0.084732
0.082201
0.084592
0.052167
0.050737
0.049195
0.050167
0.049575
0.050710
0.049628
0.051450
0.050015
0.050311
0.050120
0.048948
0.050162
0.049192
0.049479
0.049882
0.050301
0.048897
0.050357
0.049972
0.049105
0.049011
0.048179
0.048464
0.048910
0.051795
0.052988
0.053668
0.049363
0.048712
0.048736
0.051843
0.047582
0.048771
0.048625
0.049742
0.048472
0.048812
0.049114
0.048340
0.048661
0.047923
0.054727
0.049502
0.068296
0.083597
0.075430
0.061517
0.058508
0.105122
0.088141
0.084863
0.083179
0.082137
0.081189
0.084126
0.083235
0.088821
0.084478
0.084880
0.088449
0.088895
0.082040
0.084512
0.087464
0.088536
0.088747
0.084402
0.083438
0.083481
0.083780
0.091165
0.082951
0.084837
0.069223
0.082363
0.086299
0.076047
0.056500
0.083249
0.075553
0.082511
0.084205
0.082503
0.093772
0.085111
0.083767
0.084817
0.092520
0.082022
0.083980
0.088862
0.093092
0.089308
0.085585
0.088788
0.089986
0.083830
0.085832
0.081668
0.082553
0.084636
0.073707
0.081853
0.082532
0.065168
0.085599
0.082634
0.088281
0.090529
0.087836
0.084488
0.075842
0.081577
0.075715
0.089443
0.081877
0.075902
0.086951
0.081948
0.082742
0.077987
0.085255
0.086137
0.080398
0.081649
0.083111
0.066195
0.084152
0.061696
0.081632
0.083887
0.086675
0.084016
0.064768
0.084887
0.063001
0.084317
0.085826
0.084959
0.081225
0.086030
0.074900
0.083354
0.087579
0.089096
0.088815
0.085976
0.088620
0.084232
0.084044
0.088327
0.088935
0.078784
0.074443
0.075681
0.082264
0.083687
0.074686
0.084030
0.081528
0.083855
0.088796
0.081788
0.081983
0.063579
0.060745
0.093850
0.092350
0.082634
0.103156
0.070497
0.054713
0.065911
0.054315
0.054810
0.050329
0.050285
0.050691
0.051273
0.054208
0.049185
0.049980
0.049766
0.049239
0.065083
0.049737
0.049637
0.051021
0.052032
0.052073
0.048247
0.049686
0.051011
0.059004
0.063862
0.060209
0.059144
0.058622
0.058877
0.059258
0.059154
0.058645
0.058991
0.058218
0.063529
0.052140
0.048670
0.048564
0.048245
0.048805
0.091253
0.087183
0.089048
0.058855
0.077511
0.083412
0.083999
0.079636
0.079288
0.076676
0.083824
0.086435
0.076577
0.084293
0.080568
0.084537
0.077837
0.083387
0.075699
0.077623
0.080679
0.074978
0.076044
0.076236
0.085477
0.082570
0.074398
0.078926
0.083344
0.086890
0.077456
0.074989
0.080206
0.085124
0.080702
0.075393
0.077596
0.079124
0.075194
0.075138
0.087064
0.086885
0.081895
0.076192
0.085738
0.085773
0.088515
0.083963
0.078161
0.076568
0.083501
0.076999
0.090804
0.083963
0.084193
0.076019
0.077546
0.077266
0.078273
0.083498
0.073879
0.079508
0.076874
0.076932
0.080976
0.081872
0.078448
0.089856
0.077320
0.085641
0.085275
0.077033
0.078861
0.093691
0.088998
0.093251
0.086566
0.079449
0.078886
0.095905
0.090616
0.086769
0.087061
0.078360
0.076967
0.078180
0.085054
0.076585
0.077822
0.076850
0.086999
0.094064
0.094276
0.092968
0.084544
