0.051610
0.096694
0.180161
0.190120
0.191083
0.209682
0.248783
0.216305
0.209871
0.218956
0.212289
0.217677
0.218350
0.197897
0.188502
0.192919
0.281820
0.230522
0.202619
0.221005
0.272632
0.233881
0.257093
0.165846
0.195154
0.153224
0.187667
0.252572
0.246630
0.239590
0.244954
0.259204
0.289927
0.276448
0.226501
0.249529
0.267821
0.247290
0.211697
0.265661
0.269664
0.235309
0.255399
0.266747
0.223476
0.239739
0.223109
0.244685
0.276958
0.238788
0.242525
0.281960
0.224815
0.223267
0.260850
0.233365
0.248841
0.258899
0.231244
0.242871
0.248903
0.254710
0.255074
0.224061
0.253626
0.247344
0.249284
0.238007
0.259803
0.282410
0.255714
0.249408
0.270380
0.242810
0.269896
0.240384
0.260613
0.271150
0.243154
0.245420
0.269261
0.212130
0.272437
0.269608
0.231359
0.277084
0.256633
0.235562
0.265381
0.255176
0.257699
0.202469
0.249612
0.232918
0.221566
0.225900
0.222519
0.222074
0.194220
0.223669
0.214034
0.231358
0.218088
0.214338
0.212598
0.216729
0.196975
0.202254
0.218382
0.234006
0.210992
0.218466
0.264310
0.248754
0.346408
0.227962
0.228973
0.199788
0.206707
0.221236
0.221273
0.211653
0.215967
0.232939
0.125102
0.208062
0.201878
0.156140
0.171830
0.209589
0.218792
0.249967
0.236833
0.250036
0.240031
0.226092
0.213202
0.237650
0.249588
0.240968
0.164621
0.151958
0.282905
0.312950
0.263669
0.223204
0.248054
0.234656
0.204903
0.221651
0.163147
0.174304
0.184140
0.233831
0.215254
0.248581
0.216322
0.221136
0.189833
0.211641
0.213544
0.214874
0.230640
0.212557
0.215840
0.231943
0.222967
0.219375
0.233015
0.201065
0.258508
0.229670
0.240454
0.241015
0.281063
0.244139
0.183011
0.225887
0.261538
0.229892
0.276205
0.248583
0.244294
0.263550
0.221337
0.243309
0.264037
0.253216
0.227806
0.271613
0.272942
0.250777
0.253552
0.249304
0.244888
0.220335
0.236852
0.201799
0.215397
0.210062
0.198453
0.192118
0.218526
0.193113
0.209420
0.214034
0.217536
0.217557
0.213888
0.274221
0.224611
0.278945
0.251175
0.287278
0.259834
0.233515
0.263891
0.274713
0.261938
0.281973
0.263530
0.251180
0.234018
0.276300
0.217997
0.238039
0.263607
0.235467
0.256421
0.234402
0.247416
0.281083
0.212355
0.161900
0.157515
0.198408
0.219609
0.217503
0.240635
0.201305
0.194098
0.213253
0.247164
0.246332
0.226493
0.183111
0.172544
0.180146
0.143903
0.165503
0.170557
0.185314
0.187552
0.176349
0.222320
0.227149
0.189926
0.172928
0.200443
0.190845
0.204804
0.178347
0.173439
0.180727
0.208839
0.235780
0.190720
0.193989
0.189200
0.207864
0.177356
0.173555
0.201751
0.174623
0.190110
0.201573
0.175412
0.189521
0.168630
0.185846
0.078537
0.097176
0.174726
0.176736
0.057867
0.211438
0.293601
0.275504
0.271655
0.214068
0.214864
0.207981
0.224409
0.221159
0.203999
0.232113
0.219437
0.197521
0.293054
0.327538
0.223328
0.233099
0.247362
0.283856
0.244750
0.313456
0.259515
0.226235
0.293376
0.241736
0.277194
0.217513
0.263424
0.227982
0.309141
0.200155
0.297815
0.211460
0.307543
0.268429
0.279785
0.274904
0.255962
0.274020
0.146551
0.186574
0.251220
0.268954
0.313852
0.234322
0.273782
0.302459
0.307735
0.279129
0.247378
0.275760
0.278574
0.272180
0.276130
0.307502
0.220396
0.204706
0.225255
0.218504
0.276991
0.205285
0.145746
0.214814
0.253265
0.278213
0.280178
0.303434
0.225075
0.237506
0.195276
0.195879
0.162753
0.281589
0.293832
0.307529
0.309818
0.245956
0.223825
0.259248
0.258908
0.235079
0.256618
0.284295
0.247005
0.324589
0.310359
0.272703
0.251671
0.295551
0.269500
0.262071
0.166265
0.233393
0.258519
0.264695
0.277015
0.242745
0.275666
0.303684
0.267777
0.251630
0.304341
0.315228
0.307902
0.252933
0.247080
0.282742
0.300561
0.303946
0.211987
0.246320
0.278520
0.239511
0.241103
0.228151
0.257168
0.258375
0.259126
0.270199
0.234382
0.296073
0.224077
0.255316
0.311647
0.305260
0.239635
0.272720
0.254152
0.245153
0.245736
0.251259
0.254781
0.229239
0.275547
0.313471
0.253515
0.237757
0.279314
0.237926
0.258228
0.272300
0.190698
0.145034
0.181324
0.207626
0.293915
0.237172
0.226538
0.266713
0.244660
0.265001
0.242356
0.249027
0.255134
0.197981
0.194930
0.175634
0.226185
0.182624
0.193107
0.181370
0.167372
0.256135
0.253532
0.221488
0.282487
0.356493
0.245311
0.245419
0.266177
0.229419
0.232998
0.273207
0.273604
0.252930
0.232839
0.270827
0.231992
0.240295
0.262483
0.227387
0.242154
0.270245
0.216993
0.277270
0.245856
0.236975
0.248436
0.261635
0.233866
0.262820
0.253468
0.254919
0.268874
0.217628
0.304203
0.268126
0.336911
0.263912
0.196122
0.224003
0.223413
0.230088
0.220778
0.206618
0.205253
0.216412
0.230051
0.203651
0.216063
0.209563
0.221476
0.186082
0.222381
0.211095
0.214996
0.186343
0.203546
0.211906
0.216137
0.254467
0.216306
0.243860
0.263890
0.201652
0.209935
0.195701
0.176707
0.216691
0.218901
0.219961
0.214289
0.219681
0.253998
0.238744
0.240626
0.261352
0.217997
0.237593
0.254372
0.254571
0.244932
0.257904
0.254202
0.244365
0.232543
0.251238
0.238505
0.260476
0.245988
0.238783
0.281903
0.249494
0.251947
0.281407
0.257099
0.259048
0.237977
0.224186
0.285461
0.223276
0.295394
0.248749
0.215759
0.225891
0.217953
0.226920
0.237407
0.212507
0.226165
0.224077
0.228620
0.200720
0.202513
0.214120
0.216704
0.232664
0.245238
0.257376
0.247718
0.273796
0.286853
0.230432
0.254560
0.298703
0.259989
0.244072
0.248289
0.229904
0.236515
0.230982
0.263745
0.182885
0.155054
0.177400
0.205170
0.234621
0.243492
0.209336
0.238791
0.188509
0.235309
0.198670
0.173808
0.194364
0.189786
0.186806
0.175656
0.204977
0.174760
0.186689
0.183577
0.136327
0.203909
0.172097
0.191147
0.184703
0.186841
0.215531
0.210901
0.253002
0.262845
0.261813
0.264774
0.327247
0.263525
0.307176
0.299488
0.254037
0.323215
0.242240
0.258937
0.287280
0.274069
0.281060
0.267585
0.300431
0.306154
0.320498
0.314090
0.228041
0.224928
0.263829
0.262573
0.324170
0.272143
0.221864
0.217283
0.257534
0.232169
0.076957
0.199590
0.159549
0.247713
0.309090
0.244288
0.200655
0.093119
0.179152
0.263449
0.236988
0.246253
0.223142
0.321218
0.250659
0.250055
0.209262
0.099768
0.233974
0.267848
0.188313
0.211895
0.124686
0.310438
0.284765
0.170104
0.235108
0.188328
0.122422
0.223268
0.275441
0.277421
0.257637
0.258130
0.225149
0.233798
0.263878
0.293031
0.267785
0.256957
0.266721
0.320895
0.291832
0.307032
0.281726
0.305886
0.300375
0.291161
0.329391
0.252130
0.326542
0.240463
0.217312
0.260978
0.241488
0.234285
0.218759
0.237339
0.325571
0.277756
0.259049
0.302041
0.281701
0.313563
0.309057
0.267001
0.254401
0.281654
0.264874
0.260424
0.286719
0.206056
0.165767
0.227848
0.211250
0.259026
0.299778
0.284011
0.248722
0.279157
0.301747
0.282506
0.258086
0.329367
0.330389
0.283590
0.286161
0.230050
0.265934
0.274000
0.229007
0.247005
0.272001
0.252295
0.225878
0.277695
0.265359
0.241833
0.265602
0.258834
0.245491
0.251502
0.280163
0.246618
0.231510
0.268814
0.263528
0.236525
0.283273
0.238848
0.244400
0.283267
0.234600
0.250746
0.272178
0.271610
0.287047
0.250001
0.259747
0.229571
0.242134
0.277518
0.252687
0.248472
0.267487
0.254944
0.246224
0.267849
0.272959
0.247178
0.215102
0.251284
0.221936
0.219277
0.211584
0.224526
0.205204
0.233644
0.241518
0.253407
0.180051
0.235151
0.222551
0.225242
0.200024
0.222581
0.280816
0.220785
0.265068
0.229229
0.236504
0.273138
0.221361
0.235540
0.278180
0.233673
0.245204
0.284145
0.250687
0.232907
0.170977
0.149312
0.181174
0.249598
0.270611
0.268243
0.300982
0.286023
0.271268
0.263288
0.228725
0.290716
0.229068
0.244582
0.284423
0.255181
0.256085
0.245555
0.240401
0.207741
0.173247
0.158903
0.200127
0.176461
0.217813
0.230988
0.238310
0.225213
0.166934
0.178014
0.171642
0.214340
0.216073
0.223695
0.142976
0.207572
0.191521
0.235883
0.188514
0.184341
0.182669
0.189446
0.212116
0.193775
0.133542
0.229541
0.201877
0.215793
0.280975
0.209884
0.251609
0.281514
0.249168
0.239415
0.285269
0.234335
0.251306
0.273257
0.252806
0.238480
0.238473
0.237370
0.248178
0.250172
0.158005
0.213833
0.173011
0.276855
0.282040
0.210263
0.273002
0.211569
0.181816
0.164913
0.190577
0.217970
0.200616
0.167833
0.164696
0.212571
0.181073
0.175072
0.185051
0.211580
0.223644
0.223711
0.226448
0.216724
0.231987
0.240058
0.231718
0.273094
0.211409
0.243680
0.241639
0.267893
0.224149
0.224666
0.206001
0.204493
0.198547
0.228436
0.226908
0.279127
0.224607
0.271564
0.264081
0.218787
0.264382
0.248989
0.239663
0.302101
0.250593
0.255368
0.299420
0.257037
0.258442
0.282505
0.312982
0.255870
0.258289
0.261539
0.238905
0.258033
0.270334
0.271471
0.239348
0.250797
0.215867
0.283797
0.281878
0.226036
0.220050
0.221807
0.231755
0.219399
0.203963
0.224717
0.213697
0.182631
0.091266
0.169292
0.228265
0.190627
0.185546
0.068568
0.195140
0.274073
0.198899
0.230533
0.277928
0.240664
0.260765
0.270577
0.205069
0.201128
0.192125
0.197450
0.277905
0.284112
0.273001
0.265048
0.268469
0.244830
0.267234
0.293156
0.249767
0.269503
0.256756
0.262251
0.267999
0.320759
0.229721
0.239052
0.201749
0.221286
0.220249
0.228074
0.221100
0.237140
0.255309
0.197120
0.204709
0.234294
0.225042
0.219185
0.228368
0.256943
0.263016
0.269286
0.279106
0.282610
0.253260
0.239812
0.272013
0.246495
0.233159
0.302446
0.247697
0.254538
0.288607
0.236068
0.234399
0.278928
0.264995
