0.139816
0.182698
0.166294
0.168638
0.166412
0.185339
0.236617
0.230366
0.238807
0.231411
0.237981
0.215222
0.219847
0.254251
0.211650
0.271539
0.240719
0.238971
0.293972
0.226030
0.256279
0.288167
0.217401
0.250214
0.201982
0.205019
0.167796
0.144078
0.209811
0.248506
0.254561
0.300798
0.251154
0.239758
0.285810
0.289543
0.248013
0.261957
0.279491
0.302890
0.244040
0.228338
0.198950
0.196938
0.158384
0.234827
0.239410
0.254848
0.258090
0.254562
0.255414
0.246905
0.201008
0.272893
0.197969
0.061717
0.189109
0.241060
0.226231
0.136788
0.107861
0.212787
0.227771
0.202492
0.192964
0.206359
0.261687
0.212637
0.218951
0.220202
0.233532
0.202981
0.180893
0.213238
0.190600
0.239516
0.225132
0.189455
0.219944
0.213520
0.086754
0.190449
0.220359
0.211501
0.211308
0.198787
0.183996
0.144822
0.198896
0.263106
0.265931
0.203520
0.253090
0.260294
0.256993
0.237154
0.249679
0.312051
0.258407
0.258931
0.285200
0.236666
0.244547
0.282100
0.232129
0.259094
0.291681
0.209759
0.173695
0.213114
0.214296
0.207477
0.266977
0.225453
0.221153
0.214497
0.227031
0.191495
0.197920
0.253284
0.214149
0.238196
0.211860
0.198891
0.206707
0.212713
0.247028
0.201307
0.284581
0.251678
0.257118
0.263479
0.253242
0.259657
0.285795
0.259997
0.245896
0.287618
0.237477
0.247025
0.289727
0.247698
0.244299
0.290417
0.205446
0.226532
0.315712
0.176217
0.205096
0.170434
0.187721
0.198805
0.192953
0.169793
0.196323
0.181474
0.206303
0.203352
0.187521
0.175858
0.208570
0.227438
0.279056
0.232168
0.239568
0.287042
0.251089
0.239099
0.248258
0.271976
0.244184
0.260166
0.268093
0.274235
0.265223
0.238159
0.273693
0.249184
0.236700
0.285468
0.265875
0.214506
0.249804
0.228500
0.202700
0.212143
0.226956
0.206978
0.231234
0.125036
0.175239
0.226308
0.229301
0.224511
0.229179
0.258630
0.154962
0.267333
0.116500
0.186855
0.246003
0.238605
0.278170
0.266864
0.256967
0.276718
0.263337
0.264052
0.259050
0.273662
0.232466
0.244448
0.272395
0.278530
0.260669
0.244482
0.251707
0.273732
0.258247
0.220013
0.201086
0.186283
0.254193
0.233392
0.248104
0.221988
0.223125
0.205621
0.223846
0.224594
0.220078
0.220674
0.219227
0.257279
0.294677
0.213505
0.231856
0.224199
0.281876
0.218686
0.191205
0.273208
0.261173
0.257916
0.205354
0.212095
0.217722
0.191794
0.228492
0.207299
0.214006
0.232489
0.258317
0.204208
0.181178
0.215029
0.228075
0.203814
0.197262
0.201817
0.203021
0.194567
0.254285
0.068415
0.153774
0.190964
0.214800
0.207299
0.212220
0.190109
0.204798
0.232027
0.220694
0.237888
0.207399
0.216412
0.190710
0.193363
0.193270
0.244231
0.207118
0.214991
0.173985
0.253180
0.189946
0.205826
0.214487
0.178067
0.176059
0.225088
0.144021
0.113703
0.220129
0.061964
0.091352
0.113378
0.179103
0.076652
0.158001
0.220691
0.173080
0.179996
0.199172
0.199175
0.142407
0.160997
0.225364
0.233850
0.229857
0.184624
0.220330
0.232381
0.230719
0.234867
0.242375
0.229541
0.343395
0.240360
0.305217
0.287968
0.242018
0.261416
0.265676
0.258536
0.241365
0.281623
0.272848
0.240352
0.251743
0.271360
0.234098
0.272654
0.288366
0.296758
0.282616
0.284909
0.300320
0.272846
0.251302
0.231179
0.269947
0.239872
0.265132
0.263077
0.272425
0.274992
0.261058
0.248806
0.273277
0.274862
0.335706
0.185553
0.299126
0.291437
0.165155
0.321004
0.299457
0.278373
0.246335
0.253702
0.304344
0.283960
0.293611
0.294080
0.283196
0.306839
0.333681
0.245069
0.347132
0.320246
0.143815
0.317356
0.312095
0.313118
0.308012
0.342809
0.274847
0.315816
0.272407
0.340793
0.332115
0.345482
0.333210
0.270441
0.312428
0.330535
0.177512
0.199901
0.256602
0.304314
0.304527
0.322441
0.307264
0.298547
0.338039
0.348587
0.314969
0.286519
0.327521
0.331233
0.289442
0.333791
0.348598
0.338258
0.321768
0.322834
0.359007
0.311631
0.365340
0.326113
0.309129
0.265913
0.297759
0.312599
0.306002
0.303016
0.261126
0.319097
0.233218
0.321202
0.316496
0.268062
0.335930
0.345741
0.344949
0.361259
0.328334
0.283545
0.276404
0.369497
0.380918
0.314970
0.218997
0.206313
0.250588
0.264929
0.310707
0.286658
0.281790
0.321177
0.295627
0.242069
0.284773
0.303110
0.302640
0.255196
0.281763
0.287551
0.291692
0.273821
0.270141
0.330867
0.297156
0.232495
0.261999
0.322369
0.308478
0.271455
0.265385
0.317822
0.282979
0.267183
0.308766
0.235861
0.195418
0.310683
0.137421
0.197317
0.258832
0.269043
0.269328
0.262336
0.294793
0.227706
0.223901
0.219278
0.207221
0.262314
0.264772
0.263999
0.243470
0.257432
0.277649
0.244667
0.255302
0.260314
0.241466
0.290183
0.273462
0.268728
0.260757
0.255229
0.282855
0.256786
0.245337
0.281485
0.258827
0.267704
0.271948
0.194105
0.184768
0.188104
0.215520
0.284888
0.264575
0.299316
0.269785
0.271963
0.273667
0.240139
0.267619
0.246818
0.268838
0.261259
0.261444
0.258668
0.255443
0.259663
0.257621
0.232632
0.246161
0.262741
0.294129
0.265101
0.237646
0.220150
0.183271
0.165137
0.184715
0.269503
0.237190
0.242982
0.249974
0.264293
0.285623
0.275267
0.270912
0.256662
0.223228
0.264811
0.223113
0.222943
0.216836
0.213257
0.220050
0.088500
0.140574
0.179503
0.218235
0.198275
0.227066
0.221155
0.225619
0.200774
0.085088
0.203485
0.210614
0.213091
0.210510
0.256580
0.220361
0.261669
0.246216
0.225344
0.226114
0.200474
0.206405
0.179298
0.118370
0.222633
0.203122
0.288057
0.230785
0.269295
0.240281
0.216364
0.247078
0.261613
0.245529
0.268561
0.285432
0.259330
0.226261
0.250377
0.285994
0.259445
0.235021
0.269387
0.248933
0.234590
0.267861
0.267857
0.296821
0.283016
0.264541
0.226239
0.177984
0.197582
0.218927
0.226952
0.224014
0.241270
0.236979
0.260258
0.204474
0.226195
0.227645
0.205081
0.198008
0.230389
0.226227
0.224868
0.287418
0.303930
0.278205
0.218427
0.243303
0.221255
0.210769
0.260932
0.264128
0.219674
0.237549
0.214858
0.210421
0.212003
0.229883
0.221187
0.230115
0.212059
0.248830
0.193598
0.214292
0.239703
0.221074
0.232128
0.228240
0.230960
0.237155
0.222325
0.210094
0.229436
0.221048
0.205460
0.231296
0.235456
0.239577
0.287085
0.234739
0.233032
0.247884
0.266397
0.210961
0.274579
0.243264
0.251423
0.227043
0.200254
0.237312
0.212900
0.108846
0.146516
0.209883
0.162123
0.104787
0.195944
0.150694
0.113314
0.255025
0.121731
0.145745
0.262441
0.161024
0.129098
0.228218
0.239452
0.230696
0.193671
0.146809
0.144703
0.210839
0.251294
0.284194
0.307456
0.277483
0.275072
0.266532
0.265377
0.290336
0.274131
0.224720
0.291132
0.255844
0.257842
0.259892
0.243958
0.272888
0.215706
0.255253
0.296646
0.250737
0.240913
0.273160
0.238780
0.234103
0.232092
0.224427
0.185568
0.199594
0.192282
0.191563
0.219598
0.283881
0.241584
0.261046
0.299880
0.272054
0.239486
0.263222
0.269055
0.229914
0.283541
0.242908
0.242694
0.268330
0.241605
0.265147
0.276380
0.257674
0.248267
0.249048
0.229746
0.253917
0.256202
0.259882
0.230870
0.252573
0.200789
0.187389
0.157728
0.199500
0.213073
0.265292
0.278004
0.249254
0.240963
0.278791
0.320716
0.230062
0.241699
0.238008
0.288470
0.230768
0.217135
0.195230
0.209735
0.204618
0.196030
0.224888
0.186262
0.315345
0.263617
0.264735
0.284524
0.276417
0.228046
0.272798
0.253364
0.225896
0.260571
0.261740
0.242676
0.247190
0.259116
0.277962
0.239370
0.284875
0.277787
0.247885
0.282303
0.251259
0.291924
0.262736
0.241947
0.269032
0.267622
0.237409
0.239106
0.279227
0.248937
0.250119
0.286556
0.281546
0.223490
0.218427
0.226283
0.225626
0.218705
0.205221
0.209937
0.212740
0.255146
0.214689
0.222511
0.203978
0.214021
0.220994
0.222461
0.124993
0.092285
0.214473
0.196023
0.251356
0.236144
0.176239
0.260334
0.248844
0.224065
0.223264
0.208950
0.243127
0.223325
0.197660
0.211738
0.220419
0.219668
0.315881
0.189290
0.273812
0.278330
0.214389
0.211819
0.198666
0.269694
0.283173
0.255908
0.234890
0.291616
0.275857
0.229792
0.251784
0.284288
0.241540
0.259696
0.215787
0.191631
0.188092
0.173796
0.234696
0.229816
0.286776
0.273848
0.196774
0.266687
0.302864
0.272503
0.214101
0.231059
0.227858
0.221210
0.223402
0.196425
0.222803
0.229899
0.231007
0.197011
0.242744
0.227744
0.216424
0.257107
0.248708
0.254421
0.258707
0.273481
0.214734
0.237275
0.305933
0.257631
0.252331
0.278793
0.258211
0.234103
0.273549
0.256510
0.228898
0.268014
0.271210
0.234389
0.240546
0.281327
0.269761
0.266185
0.253714
0.220113
0.230515
0.193100
0.221627
0.230734
0.229404
0.224182
0.207535
0.155467
0.092895
0.180846
0.212862
0.058963
0.167914
0.235329
0.211457
0.281088
