0.086084
0.126323
0.212478
0.237115
0.265051
0.253490
0.197105
0.243640
0.201129
0.207100
0.217100
0.297579
0.242001
0.221664
0.190667
0.225700
0.219098
0.221830
0.211790
0.222607
0.214048
0.221253
0.192710
0.223227
0.224623
0.206052
0.225021
0.222043
0.214185
0.219740
0.220394
0.229290
0.219014
0.220707
0.219075
0.194847
0.218579
0.211885
0.222087
0.213796
0.232972
0.196333
0.184567
0.260017
0.217648
0.227311
0.214208
0.220316
0.262482
0.260508
0.215999
0.211258
0.220578
0.280429
0.217313
0.252993
0.237092
0.225170
0.216900
0.215892
0.229800
0.212839
0.224266
0.236963
0.224279
0.254106
0.247781
0.213060
0.208004
0.227527
0.193991
0.227352
0.262141
0.259388
0.245897
0.265928
0.218884
0.223782
0.228884
0.235122
0.258982
0.272203
0.229819
0.251304
0.280865
0.229388
0.206492
0.236131
0.255677
0.217379
0.243185
0.261095
0.226695
0.220265
0.223404
0.229304
0.224630
0.207717
0.260623
0.229496
0.235802
0.242320
0.214731
0.220844
0.222269
0.229160
0.267220
0.258286
0.275601
0.247524
0.276582
0.292247
0.257912
0.286561
0.240075
0.204089
0.299240
0.252354
0.251841
0.274658
0.243657
0.264160
0.265506
0.233061
0.253528
0.232429
0.245152
0.267271
0.248819
0.263629
0.237847
0.223378
0.261299
0.241828
0.261569
0.243714
0.306052
0.249029
0.259418
0.245594
0.253684
0.261856
0.241301
0.264697
0.259318
0.228624
0.267164
0.231012
0.250807
0.276447
0.234663
0.259690
0.271572
0.267379
0.250036
0.265592
0.254050
0.257960
0.242220
0.202800
0.224388
0.226419
0.210224
0.202676
0.233733
0.222541
0.227111
0.225580
0.224253
0.207596
0.223787
0.234852
0.225465
0.272841
0.206072
0.229561
0.275602
0.222886
0.195184
0.181672
0.180165
0.211918
0.250953
0.244428
0.183579
0.176168
0.188178
0.254359
0.235538
0.244378
0.207372
0.179960
0.190519
0.243758
0.276353
0.235162
0.218950
0.300397
0.229707
0.216158
0.266584
0.188916
0.160365
0.214761
0.184139
0.181802
0.278466
0.277164
0.240734
0.247118
0.273031
0.272309
0.329432
0.265195
0.236245
0.263133
0.252652
0.238254
0.271248
0.249995
0.252661
0.264154
0.234303
0.260175
0.263108
0.265413
0.252676
0.277903
0.279728
0.272203
0.244710
0.277687
0.272798
0.258581
0.254302
0.281374
0.267172
0.241574
0.286575
0.228403
0.233386
0.281384
0.236133
0.264320
0.280968
0.268678
0.271311
0.284265
0.258053
0.237733
0.282214
0.250602
0.198084
0.236449
0.201499
0.226410
0.237247
0.205929
0.201415
0.193992
0.220434
0.216575
0.190427
0.197207
0.077174
0.170175
0.223545
0.225326
0.226406
0.200626
0.225107
0.196797
0.206107
0.270577
0.229641
0.276110
0.246927
0.221797
0.206594
0.223736
0.262432
0.209173
0.230122
0.223744
0.222648
0.280144
0.227049
0.262114
0.278837
0.225315
0.226121
0.278435
0.238718
0.272327
0.288602
0.246036
0.269778
0.261313
0.310668
0.263916
0.287899
0.265691
0.258842
0.269374
0.273945
0.215564
0.164540
0.174938
0.176877
0.248264
0.236039
0.264829
0.246790
0.223668
0.200423
0.221828
0.227634
0.225389
0.206953
0.223561
0.200770
0.220164
0.239692
0.106248
0.142026
0.203195
0.193965
0.207584
0.202569
0.241414
0.214453
0.222455
0.257244
0.251200
0.242757
0.274166
0.273401
0.241858
0.240824
0.179115
0.192342
0.218019
0.277725
0.287225
0.267953
0.279505
0.294308
0.254067
0.229949
0.261882
0.263725
0.283762
0.230908
0.217846
0.214415
0.224315
0.230333
0.203472
0.204645
0.240909
0.211961
0.191097
0.182847
0.226079
0.226654
0.227584
0.249885
0.194287
0.238177
0.259890
0.242059
0.260174
0.283690
0.304674
0.227057
0.230161
0.235019
0.262582
0.232735
0.256501
0.272650
0.251563
0.261667
0.271112
0.240744
0.242838
0.261030
0.259106
0.249661
0.239597
0.236893
0.239453
0.238178
0.234671
0.233726
0.239696
0.287730
0.238518
0.264223
0.201702
0.215256
0.219252
0.225148
0.226932
0.209207
0.208017
0.201414
0.229659
0.230757
0.186496
0.187175
0.240661
0.170975
0.173055
0.180591
0.242455
0.232167
0.187862
0.178176
0.185425
0.203431
0.175145
0.183698
0.154875
0.087927
0.133422
0.184972
0.210258
0.187054
0.234348
0.187713
0.174607
0.165158
0.209373
0.196918
0.209484
0.191979
0.188453
0.189371
0.192762
0.167310
0.183626
0.204640
0.337653
0.314888
0.300520
0.284204
0.267042
0.139015
0.130051
0.239791
0.251420
0.258761
0.223782
0.197814
0.310694
0.243140
0.317772
0.290848
0.273237
0.274774
0.299297
0.285775
0.291700
0.347042
0.261187
0.278243
0.254385
0.240909
0.270129
0.277894
0.315032
0.243793
0.258709
0.311552
0.267746
0.270495
0.283495
0.237551
0.282026
0.246143
0.300835
0.319607
0.321969
0.259175
0.244786
0.258158
0.267249
0.263685
0.322919
0.313988
0.302970
0.298934
0.307752
0.159865
0.209174
0.312051
0.327103
0.301265
0.316252
0.333665
0.315670
0.305886
0.293915
0.330291
0.328235
0.294884
0.204526
0.261115
0.262150
0.318316
0.322386
0.310440
0.289607
0.272533
0.307019
0.319731
0.260539
0.268397
0.252257
0.259075
0.267558
0.244231
0.269195
0.255488
0.276115
0.251045
0.247898
0.257262
0.258131
0.342635
0.302321
0.287679
0.290834
0.344060
0.315925
0.292517
0.320642
0.309858
0.276924
0.262229
0.300315
0.188381
0.158645
0.156507
0.276518
0.297864
0.299335
0.313946
0.315593
0.234709
0.196112
0.276192
0.269421
0.261193
0.242985
0.251496
0.248763
0.154643
0.133656
0.215649
0.230756
0.248480
0.274888
0.247457
0.256181
0.261216
0.260805
0.263767
0.236600
0.251177
0.266969
0.237334
0.259615
0.238431
0.251468
0.285758
0.240694
0.238123
0.246259
0.150895
0.180604
0.237559
0.275524
0.244572
0.206730
0.242059
0.268174
0.253930
0.226090
0.248790
0.138410
0.193789
0.212894
0.215592
0.223531
0.220618
0.243006
0.216989
0.218504
0.216220
0.214844
0.268267
0.238589
0.280348
0.255896
0.262579
0.230335
0.248528
0.273181
0.256968
0.270504
0.269047
0.247256
0.249797
0.251451
0.258760
0.258062
0.269132
0.257806
0.267502
0.252437
0.215743
0.269331
0.249173
0.258789
0.228712
0.262499
0.273751
0.235584
0.245599
0.253558
0.242531
0.251891
0.258763
0.239515
0.246104
0.238837
0.246404
0.265721
0.246787
0.253547
0.241363
0.247998
0.252764
0.237080
0.275677
0.269884
0.268573
0.281957
0.271753
0.267519
0.253660
0.235004
0.248402
0.228273
0.245682
0.235937
0.219541
0.214188
0.218240
0.230932
0.211068
0.223346
0.217836
0.222959
0.227838
0.223187
0.230358
0.226782
0.221843
0.227043
0.271103
0.234831
0.231967
0.230002
0.261483
0.274577
0.272862
0.273537
0.225153
0.247478
0.236454
0.230411
0.285049
0.239400
0.232046
0.280136
0.229124
0.246209
0.274139
0.228488
0.240276
0.283746
0.225177
0.259348
0.270306
0.234117
0.262641
0.267502
0.233991
0.233782
0.277534
0.297484
0.228973
0.290157
0.261034
0.267067
0.267159
0.244052
0.257378
0.229944
0.267719
0.250192
0.291438
0.271715
0.287720
0.249965
0.285190
0.251075
0.239592
0.272288
0.250344
0.252649
0.240983
0.239589
0.249657
0.194229
0.244837
0.216379
0.228083
0.188359
0.222013
0.243246
0.223065
0.229007
0.221141
0.218936
0.228841
0.225311
0.226546
0.217476
0.231196
0.277352
0.256449
0.259052
0.266525
0.251658
0.271404
0.282346
0.245572
0.250179
0.277806
0.265081
0.253803
0.274119
0.228074
0.239538
0.329047
0.277355
0.247227
0.158283
0.172183
0.165590
0.257948
0.243231
0.260794
0.203754
0.202334
0.193117
0.210668
0.204715
0.221960
0.187966
0.184075
0.168270
0.275768
0.251088
0.249202
0.268322
0.251838
0.296077
0.209545
0.146476
0.168575
0.219655
0.258630
0.255045
0.221657
0.289586
0.256459
0.246356
0.263619
0.277831
0.283330
0.260378
0.248845
0.295964
0.255927
0.253285
0.285069
0.246529
0.232726
0.284700
0.254671
0.204902
0.183476
0.225102
0.266111
0.207975
0.261428
0.238936
0.236907
0.220718
0.227216
0.227006
0.217779
0.219876
0.224576
0.267286
0.260923
0.236566
0.268592
0.248702
0.191908
0.197410
0.212713
0.160323
0.139659
0.206965
0.236946
0.219481
0.222251
0.195754
0.166558
0.191006
0.179740
0.185498
0.174158
0.182238
0.129351
0.130550
0.139424
0.139300
0.167270
0.157798
0.143348
0.158669
0.119730
0.097387
0.153517
0.132114
0.135410
0.185802
0.186400
0.147423
0.117677
0.096040
0.146593
0.123882
0.123161
0.123161
0.148009
0.224795
0.112953
0.133569
0.178333
0.207340
0.199008
0.117504
0.202630
0.136093
0.234149
0.215576
0.217194
0.214223
0.220938
0.074223
0.168220
0.204245
0.231751
0.219193
0.244290
0.195708
0.260341
0.241071
0.208171
0.201097
0.200837
0.217465
0.179198
0.173525
0.224310
0.188936
0.228218
0.162143
0.157093
0.238961
0.211748
0.199744
0.224564
0.208179
0.235509
0.216985
0.198246
0.214361
0.238699
0.228769
0.220321
0.248822
0.230588
0.233250
0.277099
0.235038
0.221306
0.229870
0.207297
0.216284
0.235713
0.222214
0.214086
0.251338
0.225776
0.229360
0.231090
0.251650
0.221203
0.237742
0.277756
0.231869
0.226423
0.224476
0.210309
0.212797
0.249502
0.218924
0.337662
0.223344
0.357546
0.246407
0.239608
0.274584
0.255131
0.233391
0.228165
0.249729
0.258841
0.274571
0.266880
0.210408
0.229272
0.257923
0.284242
0.232071
0.259405
0.288112
0.245284
0.254780
0.250023
0.239105
0.281476
0.255864
0.237950
0.236822
0.270031
0.278172
0.239115
0.275129
0.269103
0.204996
0.152973
0.208625
0.206863
0.230897
0.231311
0.210467
0.254642
0.276859
0.300403
0.280561
0.242028
0.250520
0.192535
0.238981
0.142197
0.311641
0.229250
0.165472
0.205718
0.204953
0.211347
0.190234
0.180596
0.172226
0.244227
0.346123
0.255267
0.237585
0.271374
0.256158
