59	305	37	23
61	305	39	24
64	304	39	25
63	304	39	25
65	303	38	24
68	304	42	25
69	303	43	26
76	302	42	27
60	254	33	24
38	219	27	16
57	192	34	25
88	177	20	17
88	177	20	17
88	177	20	17
88	177	20	17
88	177	20	17
88	177	20	17
88	177	20	17
88	177	20	17
88	177	20	17
88	177	20	17
88	177	20	17
143	197	33	23
107	195	27	15
105	196	22	16
105	196	22	16
105	196	22	16
105	196	22	16
147	197	38	27
147	197	38	27
218	242	44	31
145	188	59	36
60	297	36	28
50	297	39	24
53	298	37	23
58	296	37	23
61	297	36	23
62	296	37	24
65	296	38	24
66	297	39	25
70	297	37	24
74	296	37	25
75	296	39	24
74	297	44	24
76	296	44	24
75	296	49	25
74	297	54	25
83	297	49	25
92	297	42	25
99	297	38	24
101	296	40	24
102	296	41	25
108	297	39	24
109	297	41	23
116	297	37	23
116	298	42	24
118	296	42	26
120	295	45	28
124	296	44	25
130	295	39	25
133	296	40	24
137	296	41	23
138	297	42	23
142	297	44	23
148	296	39	23
151	296	39	24
154	296	39	25
157	296	41	25
160	295	40	26
161	295	43	26
165	296	43	26
166	294	43	26
168	294	47	26
170	295	48	27
173	294	48	25
181	294	43	26
187	294	40	25
188	294	42	25
192	293	41	26
196	293	41	26
200	293	40	27
205	292	38	26
207	292	40	26
209	293	42	24
211	292	43	26
215	292	42	24
220	292	40	25
222	292	42	24
227	291	41	24
229	291	42	25
232	291	41	26
234	291	43	25
238	290	43	25
242	291	43	25
245	291	42	25
250	289	39	25
253	290	40	24
256	290	41	23
260	289	40	24
264	289	39	24
267	289	39	24
269	289	41	24
272	289	41	24
276	289	39	24
279	289	41	24
282	288	40	25
286	288	41	25
291	289	38	22
294	289	39	24
297	288	39	24
300	289	39	23
303	288	39	24
304	288	41	24
309	289	39	24
312	289	40	24
315	288	39	26
318	287	40	26
319	288	43	26
323	288	43	26
327	288	40	25
331	288	40	25
333	288	41	25
336	289	41	24
339	289	41	23
343	289	41	23
345	289	40	24
349	288	41	25
353	289	40	24
355	289	41	23
358	288	41	25
363	288	39	25
366	290	40	24
369	289	40	25
371	289	41	24
374	289	42	24
378	289	39	25
380	289	41	25
342	290	49	22
279	289	43	24
214	288	43	25
193	288	42	26
195	288	42	25
199	288	41	25
202	288	42	26
204	288	43	25
207	288	43	26
210	288	43	25
213	288	43	26
217	288	43	25
221	288	41	25
224	288	42	25
227	287	43	26
230	288	42	25
234	288	42	25
237	287	41	26
239	287	43	26
243	287	42	26
247	287	40	26
250	287	41	25
253	288	42	25
257	287	42	26
260	287	42	26
262	287	42	27
265	287	42	26
269	287	43	26
271	287	44	26
276	287	42	26
280	287	41	25
283	287	42	26
287	288	41	26
290	288	41	26
293	287	41	26
297	287	40	26
300	288	40	27
303	288	41	27
306	288	41	27
309	288	42	26
312	288	41	27
315	288	42	27
319	288	41	27
322	288	42	27
324	288	43	26
328	288	43	27
331	288	42	27
335	288	42	26
338	289	42	26
342	289	41	26
345	289	41	27
348	289	41	26
351	289	42	26
355	290	41	25
357	289	42	26
360	289	42	27
365	289	41	26
367	290	42	26
371	290	42	27
373	289	42	28
377	290	42	27
381	290	41	26
382	290	43	27
386	290	43	26
390	291	41	25
393	290	42	26
396	290	43	27
399	291	42	26
394	291	44	26
333	291	52	25
261	291	51	26
223	292	43	26
223	291	42	27
226	292	43	26
230	293	42	25
232	292	42	26
234	292	43	26
238	293	42	26
241	293	42	27
245	293	42	26
247	293	42	27
250	294	42	26
253	294	43	26
256	294	42	26
259	295	43	26
263	295	42	26
266	295	43	27
270	295	41	27
271	296	42	27
276	296	41	26
279	296	41	27
281	297	42	26
283	296	45	26
288	297	42	26
290	298	43	26
294	298	43	26
296	298	43	27
299	299	43	26
304	300	41	25
306	299	42	25
309	299	43	26
313	300	42	26
315	300	44	26
317	300	45	26
321	300	44	26
324	301	44	25
328	300	43	27
331	301	43	26
335	302	41	25
338	302	42	27
341	302	42	25
344	302	41	26
347	302	41	26
349	303	42	26
353	303	42	26
356	303	42	26
359	304	42	25
361	304	43	26
364	304	43	25
368	305	42	25
371	304	42	26
374	305	42	26
377	306	41	26
381	305	41	26
383	305	42	26
386	306	42	26
388	306	43	26
392	306	42	26
395	306	43	27
398	307	42	27
401	306	42	26
404	307	42	27
407	307	41	27
411	307	41	26
414	307	41	26
418	307	41	27
420	307	42	27
422	308	43	27
425	307	42	28
429	308	42	27
431	307	43	27
434	308	43	27
439	308	42	27
442	307	42	26
445	308	41	26
448	308	41	27
448	308	42	26
395	309	55	23
326	308	50	24
268	309	43	26
271	308	42	27
271	308	44	26
274	309	44	27
277	308	43	27
280	308	43	27
283	308	43	26
284	308	45	27
289	308	44	27
292	308	43	27
296	308	42	26
298	308	43	26
301	308	43	26
303	308	45	27
307	308	43	26
311	308	42	27
313	308	43	27
316	308	43	26
319	308	44	27
324	308	42	26
327	308	41	26
330	308	43	26
333	308	42	25
336	308	42	25
340	308	41	24
342	308	43	26
346	308	42	25
350	308	41	26
352	307	43	27
354	308	43	26
358	307	42	27
362	307	42	26
365	308	42	25
367	307	43	27
370	307	43	27
374	308	42	26
377	307	43	26
380	307	42	26
383	307	43	27
386	307	42	26
390	307	42	26
394	307	41	26
397	307	41	25
400	307	41	26
403	307	41	26
406	307	41	26
409	306	42	27
412	306	43	27
415	306	42	27
418	306	42	26
417	306	43	26
364	307	56	24
294	306	51	24
254	305	44	27
255	304	43	27
259	305	43	26
262	305	42	27
264	304	42	27
268	304	42	27
270	305	42	27
273	304	42	27
275	304	45	27
279	304	42	27
281	303	44	28
285	303	43	27
288	303	44	28
292	304	43	27
295	303	42	26
299	303	41	26
302	304	42	25
304	303	43	27
308	303	42	26
311	303	43	27
314	303	43	26
317	302	43	26
320	302	44	27
323	303	44	26
327	303	43	26
331	303	43	26
334	303	42	26
338	303	41	26
341	302	42	27
344	303	41	25
347	303	43	25
350	302	42	25
353	303	42	26
356	303	43	26
359	303	41	26
362	303	42	25
365	303	42	25
368	303	42	26
371	303	43	25
373	303	42	25
376	303	42	26
378	303	42	26
381	302	42	27
384	302	42	28
385	302	42	26
388	302	41	26
389	302	42	25
391	302	42	27
392	302	42	26
351	303	56	23
283	302	48	24
214	302	45	24
163	303	43	25
160	302	43	26
159	301	44	26
159	302	44	26
159	302	44	26
159	302	45	26
159	301	45	26
160	302	44	26
161	301	44	25
162	301	43	25
162	301	44	26
163	301	43	25
163	300	44	26
164	301	43	26
163	301	44	26
163	300	45	27
164	300	44	26
164	300	45	26
164	300	45	26
165	300	44	25
165	300	44	25
183	300	51	25
248	299	58	25
325	299	54	25
370	299	44	27
372	299	43	26
372	299	43	25
372	298	43	26
373	299	42	26
374	298	41	28
373	298	43	27
373	298	43	27
373	298	43	27
373	298	43	27
373	298	42	28
373	298	42	27
373	298	42	27
373	298	42	27
374	298	42	27
374	298	42	27
373	298	42	27
372	298	43	27
372	298	43	27
372	298	44	27
372	298	43	26
373	299	42	26
372	299	42	26
372	299	42	26
372	299	43	26
372	300	43	25
372	299	43	26
372	299	42	26
372	299	42	26
372	300	42	26
371	299	42	26
371	300	42	25
371	300	42	26
371	299	42	26
371	300	42	26
371	300	41	26
370	299	42	27
370	301	42	25
370	301	42	26
370	301	42	26
370	301	42	26
370	301	42	26
369	301	42	26
370	301	42	25
369	301	42	25
369	301	42	26
369	301	42	26
369	301	42	26
369	301	42	26
369	302	42	25
369	302	42	26
369	301	42	26
370	301	41	26
370	300	41	26
369	299	41	26
369	298	41	27
369	297	41	26
368	295	42	26
368	293	42	26
368	291	42	27
367	289	42	27
367	287	42	27
367	284	43	27
368	282	42	27
367	279	43	27
367	277	42	28
367	274	42	28
367	272	42	27
368	269	41	26
366	266	43	27
367	264	42	26
367	261	42	27
367	258	42	27
367	256	43	27
367	252	43	27
366	248	43	29
366	246	43	27
366	243	43	28
366	240	43	27
366	238	42	26
366	236	43	26
366	233	43	27
367	230	42	26
366	227	43	26
366	224	43	26
366	221	42	26
366	218	43	26
367	215	42	26
367	212	43	28
366	208	43	28
367	206	43	27
368	228	42	29
368	260	41	29
368	272	42	26
368	267	42	27
368	264	43	28
369	260	42	27
368	256	42	27
368	253	43	27
368	249	43	28
368	245	44	27
368	242	43	27
368	239	43	27
369	234	43	28
368	230	43	29
368	227	44	28
369	223	43	28
369	219	43	28
369	216	43	27
370	212	43	27
370	207	43	28
369	203	43	29
369	201	44	29
370	198	43	29
370	194	43	29
370	192	43	28
371	188	43	29
370	184	43	29
371	181	43	29
371	178	43	29
370	174	44	29
370	170	44	28
371	169	44	28
370	166	44	29
371	192	42	32
371	262	44	29
371	259	44	28
370	255	45	28
371	252	44	28
371	249	44	28
372	245	43	27
372	242	44	27
372	239	43	27
372	235	44	28
372	232	43	28
372	229	43	27
372	225	43	28
372	222	43	27
372	218	43	27
373	225	42	32
373	292	42	26
373	287	43	27
374	285	42	27
374	281	42	28
374	277	42	27
374	274	42	26
374	272	43	26
375	267	41	27
374	263	42	27
374	261	42	27
374	257	42	28
374	254	42	27
375	252	42	27
374	249	42	28
374	245	43	29
374	243	43	28
374	243	42	27
374	240	43	28
374	237	43	28
374	237	43	27
374	235	43	27
374	234	42	27
374	233	43	27
374	233	43	27
374	262	43	32
374	296	42	31
374	330	43	27
374	329	43	27
374	329	42	27
374	327	42	27
374	327	43	27
374	327	43	28
374	326	43	27
374	325	43	27
374	326	42	27
374	326	42	27
374	325	42	26
374	325	42	27
375	326	41	27
375	325	41	26
375	325	41	26
374	326	42	26
374	325	42	26
374	324	42	26
374	325	41	26
374	325	41	26
374	324	41	27
375	324	41	27
374	324	41	28
374	325	41	27
374	323	41	27
374	324	41	28
374	325	41	27
373	323	42	28
373	324	41	27
373	324	41	28
373	324	41	27
373	323	41	27
373	324	41	27
373	324	41	27
373	324	41	27
373	323	40	27
373	325	40	26
373	324	40	27
373	324	41	27
373	324	41	27
372	325	41	26
372	324	41	27
372	324	41	27
372	325	41	26
372	324	41	27
372	324	41	27
372	325	41	26
372	325	41	27
372	324	41	27
372	325	40	27
372	325	41	27
371	325	41	27
371	325	41	27
371	325	41	27
371	325	41	27
371	324	41	27
371	325	41	27
369	325	42	27
370	325	42	27
369	325	42	27
369	326	42	26
369	325	42	27
369	325	42	27
369	325	42	27
369	326	42	27
369	325	42	27
369	325	41	27
369	325	42	27
369	325	42	27
368	325	42	28
369	325	41	27
368	326	42	27
369	324	41	28
368	326	42	27
368	326	42	26
368	325	42	27
368	326	42	26
368	326	41	27
368	326	41	26
368	325	42	27
368	325	42	28
368	326	41	27
368	326	42	27
368	326	42	27
368	326	42	27
368	326	41	27
368	326	41	27
368	326	41	27
368	327	42	27
368	326	42	27
368	326	42	27
368	326	42	27
368	326	41	27
368	326	41	27
369	326	41	27
368	326	42	27
368	326	42	27
368	326	41	28
368	326	41	27
368	326	41	27
368	325	41	27
368	325	41	27
368	326	41	28
368	325	41	28
368	326	42	28
369	325	41	27
369	325	41	28
369	325	41	28
368	325	41	27
369	325	41	28
369	325	41	28
369	325	41	27
369	325	41	28
369	325	41	28
369	325	42	27
369	325	41	27
369	325	41	27
369	325	41	27
370	324	41	27
369	325	41	27
369	325	41	27
370	325	40	27
370	326	40	26
370	325	40	26
370	325	41	27
370	325	41	27
370	325	41	27
370	325	41	26
369	325	42	27
369	325	42	27
369	325	41	27
369	324	42	28
369	325	42	27
369	324	42	27
369	324	42	27
369	324	42	27
369	324	42	27
369	324	42	27
369	324	42	27
369	324	42	27
369	324	42	27
369	325	42	26
369	325	42	26
370	324	41	27
370	325	41	26
370	325	42	26
370	325	41	26
370	324	42	27
370	324	43	27
370	325	42	26
370	325	42	27
370	324	42	28
370	324	42	28
370	325	42	27
371	324	42	27
371	325	41	26
371	325	41	27
370	325	42	27
370	325	42	27
371	325	42	27
371	326	42	27
370	326	42	27
370	325	42	27
371	326	42	26
371	326	42	27
371	326	42	27
372	326	41	27
371	326	42	27
371	327	42	27
371	326	42	28
371	327	42	28
371	327	43	28
371	327	43	28
371	327	42	27
371	328	42	28
372	328	42	27
372	328	43	27
372	328	42	27
372	329	42	26
372	329	42	27
372	298	43	32
372	263	42	32
372	236	43	28
372	235	43	29
371	236	44	28
371	237	43	28
372	237	42	28
372	236	42	28
372	237	43	28
372	237	43	28
372	237	43	28
372	237	43	28
372	237	43	28
372	237	43	28
372	237	43	29
372	238	42	27
373	237	42	29
372	237	43	28
372	237	42	28
372	237	43	28
372	237	42	28
373	237	42	28
372	237	42	28
372	237	42	28
372	237	42	28
372	237	42	28
372	237	42	29
373	237	42	29
372	237	42	28
373	237	42	28
372	238	42	28
372	238	42	27
372	238	42	27
372	238	42	27
372	238	42	27
372	237	42	27
372	238	42	27
372	238	42	27
372	237	42	27
372	238	42	28
373	237	42	27
372	238	42	27
372	237	42	27
372	238	42	27
372	237	42	27
373	237	42	28
373	238	42	28
372	237	42	28
373	237	42	28
373	237	42	28
373	237	42	28
372	237	42	28
372	237	42	28
373	237	42	28
373	238	42	27
373	238	41	27
373	237	41	27
373	238	41	27
374	238	41	27
374	237	41	27
373	238	42	27
374	238	41	27
374	238	41	27
374	238	41	27
374	238	42	27
374	238	42	27
373	238	42	27
373	238	42	27
374	238	42	26
374	238	42	27
374	238	42	27
374	238	42	26
374	237	42	27
374	237	42	27
374	238	42	27
374	237	42	27
374	238	42	27
375	237	42	27
375	238	42	27
374	237	42	28
373	237	43	28
373	237	43	27
373	237	43	28
374	237	43	28
374	237	43	28
374	237	42	28
374	237	43	28
374	236	43	28
374	236	43	28
374	236	43	28
374	236	43	28
375	235	42	28
375	236	42	28
375	235	42	28
375	235	42	28
375	235	42	28
375	235	42	27
375	234	42	28
376	234	42	28
376	234	42	28
375	233	43	28
376	233	42	28
377	233	42	28
377	233	42	28
377	232	42	28
377	232	42	28
377	232	42	28
377	231	42	29
377	231	42	27
377	231	43	28
377	230	43	28
377	230	42	28
378	229	42	28
378	229	42	27
377	229	43	29
377	228	43	28
377	228	43	28
378	228	42	28
378	228	42	27
378	227	42	27
378	226	43	28
378	226	43	28
378	225	42	29
378	225	42	28
378	224	43	29
379	224	42	28
379	224	42	28
379	224	42	28
379	223	43	27
379	223	42	27
379	222	42	28
379	222	42	27
380	221	41	27
379	221	42	28
380	220	42	28
379	220	42	27
379	219	42	27
380	219	42	27
379	218	43	28
379	217	43	28
379	216	43	28
380	216	43	28
380	216	42	27
381	215	42	28
381	215	42	28
381	214	41	27
381	214	41	27
382	223	40	33
382	258	41	31
