52	147	10	9
52	147	10	10
52	147	10	10
52	147	10	10
52	147	10	10
52	147	10	10
52	147	10	10
52	147	10	10
52	147	10	10
52	147	10	10
52	147	10	10
52	147	10	10
52	147	10	10
52	147	10	10
52	147	10	10
52	147	10	10
52	147	10	10
52	147	10	10
52	147	10	10
52	146	10	10
52	147	10	10
52	147	10	10
52	146	10	10
52	146	10	10
52	146	10	10
51	146	10	10
52	146	10	10
52	146	10	10
52	146	10	10
52	146	10	10
52	146	10	10
52	146	10	10
52	145	10	10
51	145	10	10
51	145	10	10
51	145	10	10
51	145	10	10
51	145	10	10
51	145	10	10
51	145	10	10
51	145	10	10
52	145	10	10
51	144	10	10
51	144	10	10
51	144	10	10
51	144	10	10
51	144	10	10
51	144	10	10
51	144	10	10
51	144	10	10
51	144	10	10
51	144	10	10
51	144	10	10
51	144	10	10
51	144	10	10
51	144	10	10
51	144	10	10
51	143	10	10
51	143	10	10
51	143	10	10
51	143	10	10
51	143	10	10
51	143	10	10
51	143	10	10
51	143	10	10
51	143	10	10
51	143	10	10
51	143	10	10
51	143	10	10
51	143	10	10
51	143	10	10
51	143	10	10
51	143	10	10
51	143	10	10
51	143	10	10
51	143	10	10
51	143	10	10
51	143	10	10
51	143	10	10
51	143	10	10
51	143	10	10
51	143	10	10
51	143	10	10
51	143	10	10
50	143	10	10
50	143	10	10
50	143	10	10
50	143	10	10
50	143	10	10
50	143	10	10
50	143	10	10
51	143	10	10
51	143	10	10
51	143	10	10
50	142	10	10
50	142	10	10
50	142	10	10
50	142	10	10
51	142	10	10
51	142	10	10
50	142	10	10
50	142	10	10
50	142	10	10
50	142	10	10
50	142	10	10
50	142	10	10
50	142	10	10
50	142	10	10
50	142	10	10
52	142	10	10
60	142	10	10
65	142	10	10
75	142	10	10
83	142	10	10
92	142	10	10
100	142	10	10
108	142	11	10
117	142	10	10
123	143	10	10
124	142	9	10
125	142	10	10
126	142	10	10
125	142	10	10
127	142	10	10
126	142	10	10
127	142	9	10
126	142	10	10
127	142	10	10
127	142	10	10
127	142	10	10
127	142	10	10
127	142	10	10
127	142	9	10
127	142	9	10
127	142	10	10
127	142	9	10
127	142	10	10
127	142	10	10
127	142	9	10
127	141	10	10
127	142	9	10
127	141	10	10
127	141	9	10
127	141	10	10
127	141	10	10
127	141	9	10
127	141	10	10
127	141	10	10
132	141	10	10
136	141	10	10
136	141	10	10
139	141	10	10
137	141	10	10
140	141	10	10
137	141	10	10
139	141	10	10
138	141	10	10
138	141	10	10
139	141	10	10
138	141	10	10
139	141	10	10
139	141	10	10
139	141	10	10
139	141	10	10
139	141	10	10
138	140	10	10
139	140	10	10
139	140	10	10
139	141	10	10
139	141	10	10
139	140	10	10
139	140	10	10
144	140	10	10
149	140	10	10
159	140	10	10
168	140	10	10
175	140	10	10
185	141	10	10
192	140	10	10
202	141	10	10
210	141	10	10
218	141	10	10
227	140	10	10
235	140	10	10
244	140	10	10
252	141	9	10
257	140	10	10
257	141	10	10
259	140	10	10
259	140	10	10
258	140	10	10
260	140	10	10
259	140	10	10
259	140	10	10
259	140	10	10
259	140	10	10
259	140	10	10
259	140	10	10
259	140	10	10
259	140	10	10
259	140	10	10
259	140	10	10
259	140	10	10
259	140	10	10
259	140	10	10
259	140	10	10
259	140	10	10
259	140	10	10
259	140	10	10
259	140	10	10
259	140	10	10
259	140	10	10
259	140	10	10
259	140	10	10
259	140	10	10
259	140	10	10
259	140	10	10
259	140	10	10
259	140	10	10
259	140	10	10
259	139	10	10
259	139	10	10
259	140	10	10
259	140	10	10
259	140	10	10
259	141	10	10
259	142	10	10
259	144	10	10
259	144	10	10
259	145	10	10
259	145	10	10
259	146	10	10
259	146	10	10
259	146	10	10
259	147	10	10
259	147	10	10
259	147	10	10
259	148	10	10
259	148	10	10
259	148	10	10
259	148	10	10
259	148	10	10
259	148	10	10
259	148	10	10
259	148	10	10
259	148	10	10
259	148	10	10
259	148	10	10
259	147	10	10
259	147	10	10
259	147	10	10
259	147	10	10
259	148	10	10
259	147	10	10
259	147	10	10
259	147	10	10
259	147	10	10
259	147	10	10
260	147	10	10
260	147	10	10
260	147	10	10
260	147	10	10
260	147	10	10
260	147	10	10
260	147	10	10
260	147	10	10
260	147	10	10
260	147	10	10
260	147	10	10
260	147	10	10
260	148	10	10
260	147	10	10
260	147	10	10
260	147	10	10
260	147	10	10
261	147	10	10
260	147	10	10
260	147	10	10
260	147	10	10
260	147	10	10
260	147	10	10
260	147	10	10
260	147	10	10
260	147	10	10
260	147	10	10
260	147	10	10
260	147	10	10
260	147	10	10
260	147	10	10
260	147	10	10
260	147	10	10
260	147	10	10
260	147	10	10
260	147	10	10
260	147	10	10
260	147	10	10
260	147	10	10
260	147	10	10
260	147	10	10
260	147	10	10
259	147	10	10
259	147	10	10
260	147	10	10
260	147	10	10
259	148	10	10
260	147	10	10
259	148	10	10
259	147	10	10
259	147	10	10
259	147	10	10
259	148	10	10
259	148	10	10
259	147	10	10
259	147	10	10
259	147	10	10
259	148	10	10
259	148	10	10
259	148	10	10
259	148	10	10
259	148	10	10
259	149	10	10
259	148	10	10
259	148	10	10
259	148	10	10
259	149	10	10
259	149	10	10
259	149	10	10
259	149	10	10
259	149	10	10
259	149	10	10
258	149	10	10
258	149	10	10
258	149	10	10
258	149	10	10
258	149	10	10
258	149	10	10
258	149	10	10
258	149	10	10
258	149	10	10
258	149	10	10
258	149	10	10
258	149	10	10
258	149	10	10
258	149	10	10
258	149	10	10
258	149	10	10
258	149	10	10
259	150	10	10
259	150	10	10
259	150	10	10
259	150	10	10
259	150	10	10
259	150	10	10
259	150	10	10
259	150	10	10
259	150	10	10
259	150	10	10
259	150	10	10
259	150	10	10
259	150	10	10
259	150	10	10
259	150	10	10
259	150	10	10
259	151	10	10
259	151	10	10
259	151	10	10
259	151	10	10
259	150	10	10
259	150	10	10
259	150	10	10
259	150	10	10
259	151	10	10
259	151	10	10
259	151	10	10
259	151	10	10
259	151	10	10
259	151	10	10
259	151	10	10
259	151	10	10
259	151	10	10
259	151	10	10
259	151	10	10
259	151	10	10
259	151	10	10
259	151	10	10
259	151	10	10
259	151	10	10
259	151	10	10
259	151	10	10
259	151	10	10
259	151	10	10
259	151	10	10
259	151	10	10
259	151	10	10
259	151	10	10
259	151	10	10
259	151	10	10
259	151	10	10
259	151	10	10
259	151	10	10
259	151	10	10
259	151	10	10
259	151	10	10
259	152	10	10
259	153	10	10
259	153	10	10
259	154	10	10
259	156	10	10
259	157	10	10
260	159	10	10
259	160	10	10
260	162	10	10
259	163	10	10
259	165	10	10
259	167	10	10
259	168	10	10
259	169	10	10
259	170	10	10
259	171	10	10
258	172	10	10
258	174	10	10
258	175	10	10
258	176	10	10
258	177	10	10
258	178	10	10
258	180	10	10
258	182	10	10
257	183	10	10
257	184	10	10
258	185	10	10
258	186	10	10
258	186	10	10
258	187	10	10
258	187	10	10
258	187	10	10
258	188	10	10
258	187	10	10
258	188	10	10
258	188	10	10
259	189	10	10
259	189	10	10
259	189	10	10
260	189	10	10
260	189	10	10
260	190	10	10
261	192	10	10
261	191	10	10
262	192	10	10
261	192	10	10
261	192	10	10
261	192	10	10
262	192	10	10
261	193	10	10
261	193	10	10
262	193	10	10
262	193	10	10
262	193	10	10
262	194	10	10
262	194	10	10
261	195	10	10
262	195	10	10
262	195	10	10
262	196	10	10
262	195	10	12
262	196	10	14
262	196	10	14
262	196	10	14
262	196	10	14
263	197	10	14
261	197	10	14
262	197	10	14
262	197	10	14
262	197	10	14
262	197	10	13
262	197	10	13
262	197	10	13
261	197	10	13
261	197	10	13
261	197	10	13
261	197	10	13
261	197	10	12
261	196	10	11
262	196	10	12
261	196	10	13
261	197	10	13
261	197	10	12
261	197	10	12
261	196	10	13
261	196	10	13
261	196	10	13
261	196	10	13
261	196	10	13
261	196	10	13
260	196	10	13
260	196	10	12
259	196	10	13
260	196	10	11
260	196	10	12
260	196	10	11
260	195	10	11
260	195	10	11
260	196	10	10
260	196	10	10
260	196	10	10
259	196	10	11
259	196	10	11
259	196	10	10
258	196	10	12
258	196	11	10
258	196	12	12
258	197	11	10
258	196	11	11
258	196	13	12
257	197	12	11
257	197	11	10
257	197	12	11
257	196	11	11
257	197	10	10
258	197	10	10
257	197	10	10
257	197	10	10
257	197	10	10
257	197	12	11
257	197	13	11
256	197	14	13
257	197	13	12
257	197	13	12
257	197	13	11
257	198	13	12
256	198	13	12
256	198	13	12
256	198	14	12
256	198	13	12
256	198	14	12
256	198	14	12
256	198	14	12
256	198	14	12
256	198	14	12
256	198	13	12
256	198	14	12
255	198	15	13
255	198	14	12
256	198	14	12
255	198	14	13
255	198	14	12
256	198	14	12
256	198	13	12
256	198	14	12
256	198	14	12
256	199	14	12
257	198	13	12
255	199	15	12
256	199	14	12
255	199	15	13
255	199	14	12
256	199	14	12
256	199	14	11
256	199	14	12
256	199	14	12
257	199	13	12
257	199	13	11
256	199	14	12
257	198	13	12
257	199	13	12
257	199	14	11
256	199	14	11
256	199	14	11
256	199	15	12
255	200	15	11
254	200	16	12
253	200	17	12
254	200	16	12
254	199	17	13
254	199	17	12
254	200	17	13
255	200	17	12
257	199	15	12
257	199	15	11
259	199	14	12
260	200	12	10
261	199	12	10
261	199	11	11
262	200	10	10
263	200	10	10
263	199	10	11
262	199	10	11
264	199	11	11
263	199	11	11
262	199	11	11
265	198	13	13
264	197	18	14
268	196	16	13
269	195	18	14
270	194	20	15
271	194	24	15
273	193	23	15
280	193	17	14
284	194	13	12
285	194	12	11
285	193	13	11
284	193	15	15
284	193	16	14
284	193	17	15
284	193	16	14
283	193	13	15
283	193	14	15
283	193	19	14
283	193	19	14
284	193	21	14
283	192	24	15
283	192	26	16
283	193	29	16
283	193	28	16
283	193	28	15
283	193	31	17
283	193	25	15
283	193	26	16
283	193	30	17
284	193	23	15
284	193	23	15
284	193	24	15
284	193	23	15
284	193	24	15
283	193	23	15
283	193	29	17
283	193	27	16
283	193	27	16
283	193	31	16
281	192	32	16
282	193	28	15
282	193	35	17
279	193	38	15
282	193	25	15
282	193	27	17
283	193	25	16
282	193	32	17
282	192	30	16
282	192	31	17
280	192	36	17
281	192	28	16
281	192	35	18
281	192	33	16
282	192	29	17
282	192	34	18
282	193	28	15
282	192	34	17
282	192	28	15
282	192	31	17
283	192	28	16
281	192	34	16
283	193	25	14
283	192	27	16
283	192	32	17
282	193	30	15
283	192	29	16
282	193	28	16
283	193	28	16
281	192	33	16
282	193	27	15
282	192	31	17
283	192	25	15
283	192	26	16
283	193	29	17
282	192	29	16
282	193	31	17
282	192	30	17
283	192	30	17
282	192	28	16
282	193	30	17
283	192	27	17
282	193	30	16
282	192	31	17
281	193	30	15
282	193	26	16
280	193	36	16
281	193	27	14
283	192	22	15
283	192	23	14
283	192	28	15
282	193	30	16
283	192	29	16
282	193	31	15
281	193	29	15
283	193	28	15
283	193	27	15
282	193	33	16
281	193	30	14
283	193	27	15
282	193	34	16
280	193	33	14
283	193	29	15
283	192	28	15
282	192	31	16
282	193	26	15
283	193	26	15
282	192	32	16
284	192	24	15
283	192	22	15
283	192	22	16
283	192	24	16
283	192	23	15
283	192	24	15
283	192	23	15
283	192	24	15
283	192	22	15
282	192	24	15
283	192	23	15
283	192	23	15
283	193	27	16
282	192	33	17
282	193	29	14
281	193	34	16
283	193	27	14
280	193	35	16
282	193	26	14
283	193	24	14
283	193	26	15
283	193	27	15
282	193	35	17
281	193	31	15
281	192	34	16
279	193	35	15
282	193	29	16
282	192	26	16
282	192	28	16
282	193	27	16
281	193	32	16
277	193	38	16
279	193	31	14
279	192	36	16
279	192	35	16
278	192	37	17
279	193	30	14
281	193	27	16
281	193	34	18
276	193	37	15
277	192	40	18
278	193	35	15
279	192	36	17
277	193	35	15
278	192	38	18
277	193	33	15
279	192	36	17
278	193	35	15
280	192	37	17
278	193	43	16
276	193	40	17
277	193	33	14
278	192	34	17
276	192	42	17
279	193	34	15
282	192	28	16
282	192	30	16
282	192	26	15
279	192	31	15
280	192	31	17
274	193	46	16
276	193	35	14
274	192	41	18
271	193	40	14
281	193	29	15
280	193	33	17
276	192	42	17
281	193	29	14
280	193	32	16
281	192	30	16
282	192	26	15
282	192	22	16
280	192	27	17
274	192	40	17
278	193	31	16
274	192	40	17
275	193	38	16
273	192	42	18
274	193	39	16
273	192	40	17
278	193	33	15
280	192	33	18
277	192	44	16
279	193	33	17
280	193	35	16
280	193	30	15
282	193	27	16
282	192	29	17
283	192	25	17
281	193	29	16
282	193	27	16
281	193	30	16
282	193	29	17
281	193	31	17
278	192	39	18
278	193	32	15
275	192	41	18
277	193	33	15
276	192	35	17
274	193	38	16
280	193	30	16
282	193	28	15
279	192	37	17
279	193	33	16
279	192	39	18
277	193	31	16
281	193	27	16
283	193	27	16
281	192	32	17
277	193	39	16
279	193	31	15
280	193	33	17
278	192	38	17
280	193	30	15
282	193	28	16
282	193	31	16
280	193	33	16
276	193	42	16
277	193	34	15
280	193	29	15
282	193	27	17
282	193	31	16
280	193	37	16
281	193	33	15
281	192	33	17
281	193	27	15
281	193	28	17
281	193	30	17
282	193	35	17
282	193	36	16
278	193	37	15
279	192	40	17
277	193	37	15
280	193	38	18
279	193	39	16
278	193	37	15
281	193	34	17
280	193	36	15
282	193	31	15
284	193	30	16
283	193	35	16
282	193	26	14
284	192	23	15
283	192	25	15
280	192	37	18
278	193	41	16
279	193	39	16
281	193	35	16
281	193	36	16
279	193	32	15
282	192	37	17
280	193	39	17
277	193	45	16
280	193	40	16
277	193	44	16
279	193	33	15
282	193	35	18
285	193	29	17
282	193	34	17
283	192	30	16
283	193	33	16
282	193	31	15
283	193	28	16
284	192	32	16
281	193	29	14
283	193	30	17
284	193	27	15
282	193	33	16
282	193	30	15
281	193	33	15
283	193	28	15
282	193	33	16
281	193	34	15
283	193	28	16
282	193	32	16
282	193	28	15
283	193	32	16
281	193	33	15
282	193	31	16
282	193	33	16
278	193	39	16
278	193	34	14
281	193	32	16
282	193	28	15
283	193	32	17
281	193	33	15
283	192	30	16
283	192	29	16
283	193	32	16
283	193	29	15
282	192	32	16
283	193	28	14
283	192	34	17
277	193	37	16
278	192	43	16
283	193	33	16
277	193	36	15
282	193	33	16
282	193	35	16
281	193	35	16
282	193	31	15
283	193	28	15
284	193	31	16
283	193	33	16
283	193	28	14
284	192	29	17
284	192	32	16
283	193	25	13
284	192	26	17
283	193	32	16
284	193	28	16
284	193	29	16
284	193	29	16
285	193	26	15
283	192	25	16
283	193	28	17
283	192	34	18
283	193	25	16
283	192	32	18
284	193	25	14
283	192	29	17
284	192	30	17
283	193	25	14
284	193	26	17
283	193	30	17
284	192	33	17
279	193	33	14
283	193	32	17
282	193	30	14
283	193	30	16
283	193	34	17
275	193	36	13
281	193	31	17
279	193	41	17
271	193	42	15
283	193	27	15
282	193	33	18
275	193	34	14
282	193	26	16
283	193	27	15
283	193	31	18
282	193	31	15
281	193	27	16
283	192	28	17
283	192	31	18
283	193	32	16
284	193	31	16
284	193	30	16
283	192	31	17
284	193	29	15
282	193	25	16
283	192	28	17
283	192	33	18
284	192	29	16
284	192	28	17
283	192	30	17
284	193	29	17
283	192	31	17
284	193	29	16
284	193	32	17
282	193	28	14
283	193	29	17
284	193	29	16
284	193	30	17
284	193	26	16
283	193	31	17
283	193	29	15
284	193	31	16
283	193	32	16
283	193	33	16
283	193	25	12
284	193	23	16
284	193	27	16
284	193	30	15
283	193	28	16
283	193	29	16
282	193	26	14
283	193	26	16
283	193	32	17
283	193	31	15
282	193	28	16
283	193	30	16
283	193	31	16
283	193	29	16
283	192	33	19
262	193	52	19
241	193	74	21
202	192	114	28
217	192	88	24
158	208	38	21
229	192	23	14
221	193	29	15
214	193	32	14
205	193	32	14
198	193	38	16
186	193	40	18
165	193	60	18
153	194	65	19
144	194	65	19
129	193	76	26
59	199	95	32
59	199	95	32
127	194	77	24
132	193	65	25
130	193	71	24
130	193	73	26
121	194	82	26
58	204	73	24
132	190	80	27
147	194	50	20
134	193	73	23
131	193	76	24
130	194	72	24
134	194	63	24
74	204	49	27
83	206	27	22
87	207	22	21
90	206	18	22
89	207	21	22
91	206	29	24
91	206	29	24
157	193	30	12
160	193	23	14
160	192	23	16
159	192	29	17
158	192	37	17
155	193	37	18
158	193	29	15
159	192	35	18
158	193	31	17
157	193	35	17
157	193	27	15
159	193	28	17
159	193	29	17
159	193	29	18
157	193	33	16
153	193	42	17
150	193	36	15
158	193	34	18
153	193	38	16
156	193	31	15
158	193	29	17
158	193	34	18
154	193	36	15
157	193	32	17
153	193	40	17
153	194	34	15
153	193	37	16
158	193	29	14
160	193	27	16
160	193	28	16
160	193	30	17
161	193	23	15
160	193	25	15
160	193	26	15
159	193	28	15
159	193	30	16
159	193	31	16
159	192	30	18
159	192	31	17
158	192	31	17
158	192	31	16
158	192	31	16
158	192	30	16
159	192	30	17
158	192	33	17
157	192	34	16
158	192	30	15
159	192	30	16
159	192	29	15
159	192	30	16
159	192	30	17
159	191	27	17
159	192	27	15
160	192	28	16
160	192	27	16
160	192	30	16
160	192	27	16
159	192	30	16
159	192	29	16
159	192	28	15
159	192	30	16
159	192	29	16
159	192	28	15
159	192	31	17
157	193	32	15
159	192	27	15
159	193	31	17
157	193	33	16
158	193	28	14
159	192	28	15
159	192	30	16
158	193	30	15
158	192	29	16
159	192	31	16
157	192	32	16
159	192	31	15
157	193	29	13
159	192	27	15
159	193	27	15
159	192	31	16
157	192	32	15
159	192	31	15
157	193	28	13
158	192	28	15
160	192	29	15
159	192	32	15
157	192	28	15
159	192	26	15
158	192	30	15
160	193	28	16
160	193	29	16
159	193	33	16
159	193	27	15
159	192	28	16
160	193	30	16
159	192	32	18
158	193	27	15
159	192	28	15
160	192	29	16
158	192	34	15
160	193	25	14
160	192	25	14
160	192	25	15
160	192	25	14
160	192	25	14
160	192	25	14
160	192	25	14
160	192	26	14
159	192	27	14
159	192	29	15
159	193	30	15
160	192	34	16
159	193	28	14
160	192	27	16
160	192	28	16
160	192	29	16
159	192	30	16
160	192	27	16
159	192	31	16
158	192	32	16
158	192	30	16
160	192	27	16
160	192	29	16
160	192	28	16
159	193	30	16
159	192	28	16
159	192	31	17
160	193	26	16
159	192	31	17
159	193	28	16
159	193	29	17
159	192	31	16
160	192	26	17
159	192	29	16
159	193	31	16
160	193	24	14
160	192	24	15
160	192	22	15
160	192	23	15
160	192	24	15
160	192	24	15
160	193	25	15
160	192	24	14
160	192	25	15
160	192	24	14
161	193	25	15
160	193	23	14
160	192	25	16
159	193	30	16
159	193	32	17
160	193	25	15
159	193	27	16
160	193	30	16
155	193	31	16
158	192	28	16
159	193	27	16
159	192	27	16
160	192	28	16
159	192	29	16
160	192	27	16
160	192	30	16
160	193	27	15
160	192	28	16
160	193	28	16
160	192	29	16
160	192	30	16
160	192	27	16
160	192	29	16
160	192	29	16
160	192	29	17
159	192	35	18
158	193	32	15
158	192	32	16
159	193	29	15
160	192	30	16
159	192	27	16
159	192	30	16
159	192	30	16
159	193	29	16
160	193	29	16
159	193	30	16
159	192	29	16
159	193	30	16
159	192	32	16
159	192	27	15
159	192	30	16
159	193	27	15
160	192	31	16
158	193	26	14
160	192	26	14
160	192	25	14
160	192	26	15
160	192	31	16
160	193	25	14
160	192	27	15
159	192	31	16
159	192	30	16
158	192	31	16
159	192	30	16
159	193	29	16
159	193	30	16
159	192	32	16
157	193	28	15
158	193	31	16
159	192	33	16
160	193	27	16
160	192	30	17
159	192	29	16
160	192	29	15
156	192	31	15
158	193	30	15
159	193	27	15
158	192	30	14
159	193	29	15
157	192	35	16
155	193	33	14
158	193	30	15
159	193	30	15
158	192	33	15
159	192	32	16
159	193	29	14
159	192	32	16
159	193	28	14
159	192	26	15
159	192	28	15
160	192	31	16
158	193	26	13
159	192	28	16
159	193	30	16
159	192	31	15
156	193	30	14
158	193	31	16
159	193	32	15
159	193	29	15
159	193	27	14
158	193	31	16
158	193	34	16
158	193	32	15
158	193	30	14
159	192	31	15
158	193	36	16
156	194	36	13
158	192	32	15
158	193	33	15
158	192	31	15
159	192	33	16
153	193	37	14
155	193	34	15
156	193	35	14
158	192	36	16
156	193	29	13
159	192	28	15
159	193	27	15
159	192	28	16
159	192	31	16
159	193	28	15
159	193	31	15
157	193	36	16
154	193	36	13
159	192	28	14
159	192	29	15
158	192	35	15
157	193	33	14
160	192	28	14
159	192	32	16
157	193	31	14
158	192	33	16
159	192	26	15
159	192	31	16
158	193	31	15
159	192	30	16
159	193	31	15
159	193	27	15
159	192	31	17
159	193	29	15
159	192	32	15
158	192	31	15
158	192	35	16
156	192	43	15
157	193	32	13
159	193	29	15
158	193	33	15
159	193	26	14
159	192	29	16
159	193	29	17
159	192	28	14
160	193	27	15
160	192	29	16
160	193	28	16
159	192	30	15
159	193	29	16
159	192	30	15
159	192	26	14
159	192	26	15
159	192	23	14
159	192	25	15
160	193	22	14
159	192	25	14
159	192	26	15
159	192	25	14
159	192	26	15
159	192	26	14
159	192	27	14
159	192	27	15
159	193	28	15
160	192	30	16
159	192	33	16
158	193	29	14
159	192	27	15
160	193	30	15
159	193	32	16
158	193	25	14
158	192	28	16
159	192	30	16
159	193	28	15
157	192	35	17
156	193	31	15
157	192	33	16
156	192	33	15
158	192	31	15
158	193	31	15
159	192	29	15
158	192	32	15
157	192	30	15
158	192	31	15
158	192	30	15
158	192	31	16
158	192	29	16
157	193	33	15
157	192	30	15
159	193	30	15
157	192	39	17
154	193	37	15
154	193	38	14
157	193	29	13
158	193	29	15
159	193	29	15
159	192	30	15
159	193	31	15
158	193	34	16
157	193	33	14
158	193	34	16
159	193	27	14
159	192	28	15
159	192	28	15
159	193	28	15
157	192	33	15
155	193	38	15
155	193	35	14
153	193	36	14
152	193	37	14
155	193	31	13
155	193	30	14
157	193	29	14
157	193	30	15
157	193	33	16
156	193	35	15
158	193	26	15
159	192	24	14
159	192	25	15
160	193	23	14
160	193	23	15
160	193	23	15
160	192	25	15
159	192	29	15
160	192	27	15
160	192	29	16
158	192	34	16
158	193	31	14
159	192	29	15
159	192	33	16
157	193	31	15
158	192	30	16
159	192	31	16
155	192	38	16
152	192	43	15
151	193	39	12
156	193	31	15
157	192	31	15
158	192	30	16
158	192	33	16
154	192	40	15
146	192	55	15
145	193	57	14
149	193	45	12
154	193	34	12
156	192	31	14
159	192	26	16
158	192	30	16
159	192	28	16
159	192	30	16
159	192	29	16
158	192	33	16
157	192	30	15
159	192	27	16
158	192	32	17
156	192	36	17
151	193	44	14
152	193	45	14
156	193	33	12
170	192	22	15
175	192	26	15
182	193	28	16
195	192	22	15
203	192	31	17
212	193	27	16
214	193	39	17
222	193	35	15
226	192	45	16
234	193	42	14
254	193	24	14
262	192	23	15
268	192	28	16
280	193	21	15
280	193	25	15
277	192	34	17
280	193	32	17
279	193	31	15
282	193	30	16
277	193	33	16
280	193	29	16
281	193	30	16
282	192	28	16
280	193	35	16
276	193	33	14
282	193	24	15
281	192	26	15
282	192	23	15
282	192	27	16
282	192	29	16
282	191	34	18
278	192	32	14
281	193	24	14
282	192	27	15
279	192	34	16
281	193	29	14
279	193	35	15
281	193	28	14
281	193	30	15
281	192	33	16
281	193	30	14
282	192	31	16
281	193	37	15
290	193	25	15
299	193	24	13
310	193	21	13
315	193	19	13
327	192	26	15
329	193	39	16
336	193	32	15
350	193	30	14
355	193	33	15
363	193	33	14
376	192	23	15
379	192	31	16
391	192	29	16
398	192	29	16
403	192	32	16
416	192	35	15
423	193	35	14
423	193	37	15
423	192	36	15
427	192	33	14
420	192	42	14
422	193	34	12
429	192	23	14
429	192	26	15
426	192	38	16
417	192	47	15
420	192	45	14
419	192	49	15
421	192	50	16
414	193	52	16
415	193	50	14
423	192	40	15
418	192	53	16
414	192	48	17
413	193	53	15
418	193	48	15
420	192	51	16
420	191	52	17
414	193	55	16
419	193	43	14
