0.071503
0.105458
0.457182
0.363889
0.184458
0.208561
0.190201
0.230274
0.376418
0.306818
0.266849
0.342272
0.201038
0.346019
0.217782
0.416484
0.414695
0.355611
0.274062
0.337533
0.175585
0.310260
0.202171
0.173051
0.149829
0.125841
0.170793
0.362134
0.111869
0.079094
0.238471
0.222928
0.231596
0.280883
0.221309
0.244956
0.240742
0.496220
0.532290
0.385971
0.293941
0.222758
0.328394
0.378462
0.352246
0.464908
0.353388
0.284280
0.356980
0.265753
0.288025
0.257007
0.268349
0.274374
0.283503
0.351743
0.270517
0.150910
0.146799
0.179249
0.243526
0.171963
0.185729
0.187766
0.407518
0.405422
0.392357
0.230903
0.202541
0.348857
0.403485
0.401437
0.243340
0.256028
0.159234
0.161046
0.265787
0.270213
0.255926
0.228526
0.156940
0.246651
0.096741
0.256526
0.201877
0.161305
0.170797
0.216146
0.166781
0.221510
0.321603
0.320758
0.123577
0.208500
0.249498
0.258208
0.279350
0.357539
0.511499
0.416907
0.278172
0.256211
0.268992
0.331670
0.147701
0.119053
0.452468
0.374709
0.400863
0.336277
0.366245
0.453063
0.440475
0.426106
0.447535
0.315410
0.308760
0.365958
0.377944
0.231369
0.124279
0.186196
0.251048
0.264648
0.106534
0.161404
0.054516
0.153348
0.049517
0.054472
0.147117
0.263462
0.271902
0.248792
0.280233
0.179176
0.281065
0.295452
0.417742
0.285416
0.266991
0.387636
0.425173
0.298705
0.389379
0.265688
0.171249
0.220739
0.376962
0.333468
0.321359
0.434532
0.222945
0.200174
0.259073
0.415101
0.264294
0.252487
0.185872
0.090552
0.468571
0.349195
0.149004
0.133750
0.269079
0.500694
0.248970
0.249246
0.309095
0.236992
0.234857
0.307501
0.270089
0.299419
0.361156
0.379900
0.165731
0.310959
0.262544
0.084837
0.135034
0.235947
0.188247
0.232906
0.178752
0.309617
0.347376
0.274274
0.365726
0.207768
0.156135
0.311934
0.271013
0.333708
0.569464
0.521307
0.376456
0.496087
0.385931
0.439736
0.306161
0.328820
0.412961
0.287163
0.373604
0.362241
0.454050
0.347136
0.328304
0.361506
0.305864
0.228073
0.376202
0.270509
0.199007
0.072587
0.113696
0.126873
0.122532
0.211830
0.275581
0.283613
0.243711
0.356091
0.303110
0.243510
0.251688
0.207158
0.261422
0.302918
0.360984
0.318482
0.322422
0.354880
0.272536
0.247406
0.346090
0.315777
0.245709
0.133252
0.312196
0.427869
0.235277
0.201252
0.294629
0.238171
0.219298
0.162111
0.066130
0.253740
0.251753
0.225208
0.314054
0.257257
0.360132
0.221323
0.257175
0.368988
0.426594
0.295057
0.355984
0.284314
0.227441
0.313249
0.419533
0.429282
0.216786
0.243716
0.320583
0.395189
0.552742
0.361909
0.324725
0.221654
0.225793
0.361427
0.292487
0.313658
0.430871
0.406819
0.378963
0.464422
0.274302
0.281045
0.404368
0.514796
0.438619
0.440506
0.533009
0.236866
0.341349
0.350445
0.405445
0.349699
0.355683
0.308808
0.347541
0.393315
0.405965
0.328479
0.282251
0.320016
0.192942
0.176720
0.229057
0.124403
0.098282
0.269783
0.303514
0.221000
0.200836
0.235488
0.101893
0.336439
0.205348
0.309781
0.153294
0.327401
0.273366
0.224953
0.289308
0.226146
0.252922
0.391642
0.415563
0.390461
0.335052
0.388411
0.452898
0.279973
0.433961
0.457886
0.568346
0.371186
0.317793
0.345273
0.402220
0.366975
0.300593
0.355220
0.276047
0.181997
0.280013
0.230633
0.505304
0.351477
0.327842
0.263604
0.291297
0.213335
0.428148
0.536444
0.472422
0.401719
0.296809
0.262287
0.309508
0.459969
0.387495
0.246711
0.342890
0.348216
0.342293
0.370990
0.298007
0.188398
0.439747
0.239235
0.218247
0.297103
0.218709
0.268854
0.267264
0.471945
0.271540
0.513845
0.575556
0.330583
0.444343
0.330706
0.257840
0.296580
0.251013
0.379491
0.273439
0.469070
0.554797
0.302766
0.354318
0.374323
0.328823
0.386686
0.448773
0.342715
0.413479
0.366225
0.364293
0.272793
0.364108
0.076540
0.186330
0.273745
0.308090
0.223044
0.179981
0.250361
0.277878
0.287654
0.272112
0.308228
0.197375
0.271736
0.287565
0.288173
0.389880
0.288112
0.485865
0.183479
0.242518
0.364873
0.421401
0.339078
0.234405
0.277103
0.250041
0.304804
0.261312
0.282346
0.298745
0.311657
0.258361
0.196061
0.229818
0.253944
0.234432
0.403120
0.478145
0.231388
0.179132
0.294857
0.437272
0.268769
0.135155
0.282859
0.294264
0.221023
0.131870
0.245480
0.255626
0.185037
0.329070
0.374002
0.322676
0.278820
0.291452
0.380113
0.294936
0.289176
0.374861
0.365386
0.340218
0.374468
0.432674
0.346143
0.374715
0.403517
0.519024
0.397659
0.254122
0.309280
0.324866
0.379855
0.371797
0.481093
0.177685
0.387992
0.199283
0.344361
0.403424
0.352276
0.256614
0.378946
0.169624
0.303459
0.428567
0.286377
0.245894
0.330943
0.272687
0.334832
0.235110
0.207344
0.218668
0.266301
0.222503
0.215233
0.271621
0.299297
0.290850
0.311404
0.352003
0.347499
0.185872
0.268848
0.219855
0.070968
0.142831
0.275232
0.326671
0.226168
0.378411
0.561538
0.229174
0.096579
0.313950
0.130507
0.145435
0.262623
0.257134
0.294086
0.181779
0.305705
0.186402
0.411729
0.435512
0.383161
0.399896
0.335352
0.400038
0.267248
0.247160
0.355804
0.309876
0.317886
0.294269
0.388780
0.404765
0.476209
0.462045
0.363331
0.265852
0.340228
0.425420
0.112552
0.159043
0.214381
0.229646
0.397883
0.057283
0.185678
0.193245
0.244254
0.253686
0.232580
0.310579
0.439250
0.296373
0.146044
0.341404
0.306244
0.316013
0.399845
0.359982
0.330431
0.392570
0.235795
0.396204
0.229868
0.201399
0.343196
0.249495
0.270708
0.372983
0.197105
0.229582
0.143031
0.163139
0.159458
0.131233
0.184556
0.218684
0.235767
0.246098
0.298642
0.300754
0.156693
0.274825
0.247921
0.248439
0.266434
0.241493
0.198939
0.258637
0.243914
0.320532
0.278689
0.331937
0.285226
0.366548
0.238782
0.228594
0.278619
0.308288
0.294918
0.242581
0.198959
0.216117
0.286082
0.248503
0.280783
0.334921
0.292371
0.212698
0.028124
0.106081
0.181618
0.108516
0.229091
0.169269
0.167077
0.237921
0.415354
0.343629
0.276236
0.289159
0.298715
0.310249
0.288945
0.282801
0.373504
0.257082
0.251369
0.331092
0.290934
0.415143
0.576705
0.196023
0.381960
0.146787
0.382638
0.327152
0.148900
0.350081
0.303549
0.296338
0.255776
0.752720
0.627511
0.375553
0.295402
0.415239
0.408137
0.360385
0.290088
0.370808
0.392764
0.397799
0.478455
0.380858
0.266705
0.415507
0.358927
0.165014
0.372777
0.265178
0.310975
0.221807
0.181368
0.192476
0.255238
0.408808
0.271019
0.454225
0.292491
0.262222
0.202508
0.478169
0.261269
0.235477
0.164194
0.604220
0.168092
0.426480
0.252784
0.116091
0.221720
0.303514
0.389251
0.300454
0.384592
0.341710
0.342501
0.271672
0.246238
0.273336
0.283123
0.244506
0.471122
0.357869
0.203520
0.286361
0.324199
0.246623
0.298553
0.400714
0.331467
0.408555
0.387727
0.465388
0.359260
0.253362
0.254252
0.274796
0.204498
0.254824
0.318393
0.300297
0.276377
0.296996
0.300956
0.285853
0.204728
0.236591
0.304321
0.244675
0.249707
0.355679
0.533108
0.241991
0.181330
0.383583
0.297644
0.185591
0.238084
0.121086
0.197603
0.161713
0.318894
0.245005
0.325187
0.448578
0.234230
0.282919
0.337556
0.281644
0.286596
0.390257
0.284465
0.378082
0.409010
0.246447
0.322134
0.335449
0.337300
0.430126
0.518563
0.221101
0.339810
0.255046
0.128958
0.149670
0.387451
0.351255
0.479118
0.431532
0.413906
0.259519
0.300055
0.333243
0.505737
0.541395
0.610907
0.430819
0.381092
0.328224
0.084591
0.212198
0.169173
0.247671
0.244316
0.387524
0.258683
0.227419
0.244229
0.334012
0.408394
0.179452
0.327960
0.306472
0.226026
0.241235
0.085912
0.202840
0.236113
0.187908
0.317662
0.384138
0.208879
0.308725
0.175885
0.379740
0.424914
0.166208
0.238533
0.360054
0.130104
0.210078
0.265694
0.214020
0.251232
0.247570
0.238329
0.171890
0.287219
0.340219
0.307091
0.401007
0.234237
0.228346
0.303781
0.339583
0.272678
0.304303
0.241676
0.321859
0.105256
0.227473
0.261368
0.218643
0.130088
0.169446
0.197213
0.206003
0.149571
0.214112
0.275622
0.352484
0.498269
0.501127
0.396168
0.353677
0.371175
0.355401
0.458079
0.443005
0.490757
0.415524
0.439726
0.249581
0.286846
0.207476
0.337056
0.323269
0.460936
0.507272
0.319100
0.426295
0.255937
0.351352
0.308295
0.239344
0.424418
0.387903
0.332668
0.437303
0.334864
0.351081
0.349583
0.252752
0.223844
0.268425
0.316682
0.504919
0.393187
0.397186
0.420264
0.214211
0.344850
0.332160
0.413816
0.252483
0.276409
0.415539
0.318836
0.248994
0.272764
0.307554
0.369133
0.439256
0.394149
0.511990
0.376411
0.469858
0.443571
0.389619
0.456771
0.266356
0.389188
0.212045
0.285190
0.138425
0.228600
0.330109
0.421904
0.376557
0.363605
0.348902
0.218616
0.080753
0.090894
0.044693
0.204950
0.245102
0.106266
0.051471
0.050497
0.243365
0.129336
0.233497
0.419619
0.348995
0.336772
0.288057
0.201374
0.381028
0.357383
0.280916
0.364842
0.321294
0.318947
0.464777
0.296990
0.362867
0.333974
0.275997
0.260720
0.365928
0.398684
0.495879
0.487580
0.413817
0.492411
0.383548
0.310925
0.273996
0.474881
0.540676
0.448731
0.427723
0.546878
0.271214
0.414208
0.659001
0.408139
0.445467
0.227345
0.578852
0.340930
0.302064
0.373776
0.316054
0.461397
0.765791
0.596778
0.230078
0.246168
0.305717
0.170125
0.174145
0.306731
0.356211
0.535196
0.469783
0.294198
0.237977
0.324280
0.332227
0.301962
0.301056
0.412323
0.364824
0.443173
0.424432
0.369717
0.289805
0.119872
0.175210
0.378878
0.225851
0.460884
0.339962
0.322477
0.420173
0.494034
0.118698
0.189969
0.175385
0.361823
0.215678
0.322323
