339	314	54	40
328	316	62	35
321	317	63	35
318	316	61	35
311	317	64	35
307	316	62	36
301	316	62	36
295	317	63	35
290	317	63	35
283	317	64	35
280	317	63	35
278	317	62	35
310	318	70	36
355	318	67	34
390	318	69	36
424	318	62	35
423	319	61	35
413	319	62	35
410	318	62	35
405	318	62	36
400	319	63	36
395	319	63	36
390	320	63	35
385	320	62	35
378	320	63	36
374	320	62	36
369	321	63	36
364	321	62	35
358	322	62	35
354	322	61	35
348	323	62	35
342	323	63	35
337	323	62	35
331	324	63	35
328	324	62	35
321	324	62	36
317	325	62	35
312	325	61	35
306	326	62	35
302	326	61	35
300	326	60	35
324	327	66	36
366	327	68	35
404	327	69	36
443	328	68	36
479	328	68	36
494	328	62	35
483	328	61	35
480	329	61	35
476	329	62	36
469	330	64	36
465	330	62	36
461	331	62	36
455	331	63	35
451	331	63	36
445	332	63	35
440	333	62	35
435	333	63	35
431	333	61	35
424	335	63	35
421	335	62	35
414	335	63	35
411	335	62	36
405	336	63	35
399	336	63	35
397	336	62	36
390	336	63	36
386	337	63	36
382	338	63	36
375	338	63	36
371	339	64	36
367	331	62	39
362	311	62	39
357	302	61	35
353	304	61	35
346	305	63	35
343	305	60	35
338	307	62	35
331	308	63	35
328	307	61	35
322	308	62	35
318	309	61	36
311	309	63	36
307	309	63	36
303	310	62	36
297	310	63	36
293	310	63	36
288	311	63	36
283	311	63	35
276	312	65	36
270	312	64	36
266	313	64	36
260	313	64	36
257	314	62	36
251	315	63	36
246	311	61	37
239	292	63	39
233	270	63	39
229	251	61	36
224	251	62	35
228	253	66	36
268	252	66	35
309	254	65	35
337	254	60	32
330	254	61	34
323	254	60	34
319	255	61	34
314	255	60	34
309	255	60	34
304	256	61	34
298	256	61	35
293	257	60	35
288	257	61	35
283	258	61	35
277	257	59	34
273	258	60	35
267	259	61	35
261	259	62	35
256	259	61	35
250	259	62	35
246	260	61	34
240	260	62	35
238	261	59	35
262	260	66	35
306	261	68	35
347	261	65	34
378	260	60	34
376	261	60	34
369	261	62	34
366	260	60	34
360	261	62	35
355	261	61	35
351	261	61	34
345	261	61	34
341	261	61	35
336	261	61	35
330	261	61	34
326	262	60	35
320	261	60	34
314	261	61	34
309	261	62	34
304	261	61	34
300	261	60	34
295	261	60	34
290	261	61	34
285	261	59	34
291	261	64	35
325	260	69	34
369	260	65	34
407	259	66	35
444	259	67	35
483	258	64	35
490	259	62	35
480	258	61	35
477	258	61	35
473	258	60	35
468	258	61	34
463	257	61	34
456	257	62	35
453	256	61	35
449	256	61	35
444	255	60	35
439	255	62	35
434	255	61	35
429	254	61	35
425	254	61	34
419	254	61	34
412	255	63	37
407	274	62	40
402	295	61	38
400	298	60	35
395	298	61	35
389	298	61	35
385	296	61	35
380	295	60	35
375	295	62	35
370	295	61	35
366	295	60	34
362	295	61	34
355	294	61	34
352	295	61	34
346	294	60	34
339	294	63	34
336	294	61	34
331	293	61	35
327	293	61	35
322	292	61	35
317	293	62	35
327	293	65	35
369	293	68	35
410	292	66	35
424	293	61	34
414	292	62	35
411	292	60	35
407	291	61	35
402	292	62	35
397	291	61	34
393	291	63	35
389	291	61	35
384	290	61	35
380	291	61	35
375	291	60	34
369	290	61	35
366	290	60	35
361	290	61	35
356	290	61	35
350	290	62	35
345	290	62	35
341	290	61	34
337	289	61	35
332	290	62	35
326	289	62	34
323	289	61	35
318	290	62	35
312	289	62	34
308	288	63	35
305	288	62	35
299	289	62	35
296	288	61	34
290	288	62	35
286	288	61	34
281	288	61	35
276	288	62	35
271	288	61	34
268	288	61	35
278	287	66	35
319	288	66	35
362	287	67	35
394	287	61	34
393	287	59	34
388	286	60	35
383	286	61	35
377	287	63	34
374	287	61	34
370	285	61	34
364	286	63	35
361	286	61	34
355	286	62	34
351	286	61	35
347	286	62	35
343	286	61	34
337	286	62	35
333	286	62	35
329	285	61	35
325	286	62	34
321	286	62	35
316	286	63	35
311	285	62	35
307	286	62	35
303	286	63	34
298	286	63	33
295	287	63	34
289	287	64	33
285	287	63	33
283	288	61	32
279	288	62	33
283	288	67	33
315	287	70	33
359	287	70	33
403	287	66	33
418	288	61	33
412	288	64	33
409	287	61	33
407	287	64	33
406	288	64	34
407	287	61	34
406	287	61	34
407	287	60	34
406	287	61	33
405	288	61	33
405	287	61	34
405	287	60	34
405	288	61	34
406	288	60	34
405	288	61	34
405	288	61	34
406	288	60	34
407	288	60	34
407	288	60	34
407	288	60	35
407	289	59	35
407	288	59	35
408	288	58	35
408	288	58	35
408	289	57	35
406	288	58	36
406	288	57	36
404	288	58	36
404	288	58	36
401	288	58	37
399	288	58	36
397	288	59	37
394	288	59	36
393	288	59	36
390	288	58	37
387	288	59	37
385	289	58	36
380	288	60	37
377	288	59	37
373	289	60	37
369	289	60	37
365	288	60	37
360	288	61	37
355	289	60	37
351	289	60	37
346	289	60	37
339	289	61	36
342	289	65	37
377	289	69	37
417	289	61	36
417	289	59	37
407	290	60	36
403	289	59	37
395	290	60	36
389	289	61	37
383	290	60	37
375	291	60	36
368	291	60	36
361	291	60	36
352	292	60	36
344	292	61	36
336	293	61	36
327	293	60	37
319	294	60	36
310	294	61	36
302	294	62	36
292	295	62	36
284	295	62	36
279	295	61	36
301	295	69	37
339	297	68	37
373	297	65	35
407	297	67	36
425	297	59	35
411	298	61	36
400	298	60	35
392	298	62	35
381	298	62	36
373	299	61	36
364	298	61	36
353	299	60	36
344	299	61	36
334	299	62	35
323	300	61	36
314	300	62	36
304	300	61	36
293	300	61	36
283	301	63	35
273	301	62	36
264	301	62	35
262	301	61	35
287	302	66	35
324	301	69	35
358	302	65	35
391	302	68	35
423	303	67	35
457	303	66	35
473	302	61	34
458	303	62	35
449	303	62	35
440	303	61	35
431	303	63	35
421	305	62	34
413	306	61	33
404	306	63	33
394	306	62	34
384	305	64	35
377	305	64	35
369	304	63	36
362	305	62	36
355	304	62	36
349	304	62	36
343	304	62	36
337	304	64	36
341	305	63	36
373	306	71	36
417	305	68	35
458	306	68	34
498	306	69	34
539	306	67	33
565	306	63	33
558	304	64	33
557	305	60	33
556	305	64	33
556	305	60	33
554	304	62	33
555	304	59	33
554	304	62	33
552	303	61	34
553	303	62	34
552	304	62	33
552	303	62	34
553	303	60	34
552	303	61	34
553	302	61	33
552	302	60	34
553	301	62	34
552	302	60	34
552	301	62	34
553	301	60	34
538	300	67	36
493	300	71	35
450	300	68	36
408	300	70	36
368	299	69	36
330	299	65	36
321	299	62	35
326	299	63	34
327	299	60	34
326	299	58	34
326	299	63	34
326	299	59	34
326	297	60	34
327	297	58	34
328	297	61	34
328	297	57	34
328	296	60	34
328	297	58	34
328	295	61	34
329	295	60	34
328	294	60	34
329	294	61	34
329	294	60	34
330	293	60	34
329	293	60	34
331	292	60	34
329	292	60	34
331	291	61	34
329	291	61	34
331	290	61	34
331	290	59	33
332	289	60	34
332	289	59	33
332	289	60	34
333	289	59	33
333	287	60	34
334	288	59	34
335	287	61	34
335	286	58	34
334	286	59	34
335	286	61	33
335	286	60	34
336	286	58	34
336	287	60	35
336	288	58	34
337	290	60	34
337	292	59	34
336	294	62	34
337	297	59	35
336	300	63	35
338	303	59	35
338	306	60	35
337	309	60	34
338	313	61	34
337	316	61	33
338	318	63	34
337	319	59	33
337	320	60	33
336	320	60	34
338	303	63	40
339	281	61	41
340	261	60	40
339	249	59	35
340	249	58	34
339	250	59	34
340	251	58	34
340	250	58	34
340	250	59	34
338	250	62	34
338	250	61	34
339	250	59	34
338	250	59	34
339	250	59	34
339	250	59	34
337	251	59	33
340	250	60	34
337	251	60	34
338	251	61	33
337	251	61	34
338	250	60	34
336	251	60	34
339	251	61	34
336	251	59	34
337	252	60	33
338	252	58	34
336	252	60	34
336	253	61	34
337	253	60	34
338	254	59	34
335	254	60	34
338	255	60	35
338	257	60	34
338	259	61	34
337	261	63	34
338	262	61	34
336	264	61	34
337	266	62	34
337	267	59	34
338	270	62	34
337	272	61	34
338	274	62	33
337	276	61	33
338	278	63	34
336	280	61	34
338	281	60	34
338	263	60	38
337	241	61	39
339	227	59	34
339	228	57	34
340	231	61	34
339	233	59	33
339	234	60	34
338	235	61	34
337	236	60	34
338	236	59	34
337	238	61	33
336	238	58	34
337	239	62	34
338	240	58	34
335	241	59	33
337	241	63	34
337	243	59	34
336	243	60	34
336	244	58	34
337	245	61	33
337	245	58	34
336	245	61	34
337	247	60	33
334	246	60	34
335	226	62	40
336	205	62	39
337	184	60	39
339	178	57	33
336	179	58	34
336	179	60	34
336	180	58	33
335	181	59	33
335	182	57	33
335	182	61	33
335	183	58	33
336	183	61	33
335	184	58	33
336	183	60	33
335	184	60	34
334	185	59	33
334	184	63	33
335	185	60	34
334	185	58	34
334	185	62	33
334	185	57	34
334	185	62	33
334	185	57	34
335	185	61	33
336	185	55	33
334	185	61	33
336	185	55	33
335	185	60	33
335	185	57	33
335	185	61	33
335	185	56	33
335	185	60	33
334	185	58	33
334	185	61	33
335	185	57	33
335	185	61	33
334	185	59	34
335	185	58	33
333	185	60	33
334	185	60	33
333	185	59	33
334	184	58	33
335	184	60	33
334	184	57	33
334	184	60	33
333	184	58	33
333	183	62	33
332	183	60	33
333	184	63	33
333	184	59	33
333	184	62	33
333	184	60	33
332	183	59	33
332	183	63	33
334	184	61	33
332	184	60	33
332	183	62	32
331	183	61	33
332	184	62	33
330	184	62	32
334	184	62	32
331	184	61	33
333	184	61	32
332	184	60	33
332	184	59	33
331	184	61	33
333	184	58	32
331	184	60	33
333	185	58	32
331	185	60	33
333	185	59	32
333	185	57	33
333	185	56	33
332	185	62	33
332	185	58	33
332	184	62	33
332	185	58	33
331	185	62	33
331	185	59	33
332	185	62	33
331	185	59	33
332	185	60	33
331	186	58	33
330	186	62	33
330	186	59	33
331	185	62	33
330	186	59	33
331	186	62	33
331	187	58	33
332	187	61	32
331	187	57	33
331	187	62	32
329	187	59	33
330	187	62	32
330	187	58	33
331	188	61	33
331	187	58	33
330	188	60	33
330	188	61	33
329	189	60	33
330	189	60	32
331	189	59	33
331	189	59	33
331	190	58	33
329	189	60	33
329	190	63	33
330	190	59	33
331	191	58	32
332	190	58	33
331	191	58	33
330	191	58	33
330	192	60	33
329	192	59	32
330	192	60	33
330	193	60	33
331	193	58	33
330	193	59	33
331	194	57	33
330	194	59	33
330	194	58	33
328	195	63	33
330	196	58	33
328	196	63	33
329	196	58	33
329	196	62	33
331	197	57	33
329	198	58	33
330	198	58	33
328	198	60	33
328	198	60	33
329	199	61	33
329	200	57	33
330	200	62	33
329	200	57	33
330	201	61	33
329	202	58	33
329	202	60	33
328	203	59	33
328	203	62	33
328	204	59	33
328	205	61	33
328	205	58	33
328	206	61	33
328	206	58	33
328	207	61	33
328	207	59	33
328	208	61	33
327	208	58	33
327	209	60	33
328	209	59	33
327	210	61	34
328	211	58	33
327	212	58	33
328	212	60	33
327	212	58	33
327	213	59	33
327	213	59	33
326	214	59	34
327	215	60	33
327	215	57	33
327	215	59	33
328	216	56	34
327	217	60	34
326	217	58	34
325	218	60	33
325	218	59	33
324	218	61	33
326	219	59	33
325	220	61	33
325	220	59	34
325	221	60	34
326	221	57	33
326	222	59	33
325	223	58	33
325	223	59	33
325	223	58	33
324	224	62	33
325	224	58	33
325	225	61	33
324	225	58	33
326	226	59	33
326	226	57	33
325	227	59	33
325	228	58	33
323	228	61	33
325	228	57	33
324	229	60	33
324	229	58	33
324	230	59	33
324	230	58	33
324	231	60	33
325	231	57	33
324	232	60	33
324	232	58	33
323	233	60	33
322	233	60	33
324	234	59	33
321	235	59	33
322	235	61	33
323	235	59	33
324	236	59	33
323	237	59	33
324	237	57	33
324	236	61	34
324	238	57	33
323	239	61	33
325	239	56	33
324	239	59	33
324	239	57	34
321	240	60	33
322	240	61	33
321	240	59	33
322	241	61	33
322	241	58	33
320	242	61	33
322	242	60	33
322	242	58	33
322	242	61	33
323	242	57	33
321	243	60	33
323	243	57	33
322	244	61	33
322	244	57	33
322	243	57	33
322	245	61	34
322	245	56	33
321	246	59	33
321	246	58	33
321	245	59	34
322	245	58	33
321	245	57	33
322	245	60	33
321	246	57	33
320	246	61	33
321	246	57	33
321	246	60	33
320	245	58	33
321	246	59	33
320	245	58	33
321	245	61	33
320	245	58	33
321	245	62	33
320	245	58	33
321	244	61	33
320	245	58	33
322	245	59	33
320	245	59	33
322	245	58	33
321	244	58	33
322	243	58	33
322	243	60	33
322	243	57	33
322	243	61	33
321	243	58	33
322	243	62	33
321	243	59	33
322	243	60	33
322	243	59	33
321	244	58	33
323	243	61	33
322	243	58	33
321	243	62	33
321	244	59	33
322	243	58	33
322	244	59	33
321	244	60	33
321	244	59	33
322	244	60	32
323	244	59	33
322	244	58	33
322	243	59	33
322	244	60	33
323	244	59	33
323	244	57	33
322	244	60	33
320	245	61	33
323	245	59	33
322	246	58	33
323	246	59	33
322	247	59	34
322	247	60	33
322	248	57	33
321	248	61	33
321	249	60	34
322	250	59	33
321	251	61	33
321	252	59	33
322	252	60	33
322	253	58	33
322	255	61	33
320	255	58	33
320	256	62	33
323	244	58	39
322	223	58	39
321	202	59	38
321	191	59	33
323	193	60	33
322	195	59	33
322	196	58	33
321	197	58	33
321	198	58	33
320	199	60	33
321	199	59	33
320	200	60	33
322	201	58	33
321	202	60	33
321	202	57	33
322	204	60	33
321	204	58	33
322	204	59	33
321	205	58	33
320	207	60	33
321	207	58	32
320	208	61	33
321	208	57	33
321	209	60	33
322	210	58	33
322	212	59	33
321	212	60	33
320	214	61	34
321	215	61	33
321	217	61	33
321	218	60	33
320	219	60	33
321	221	61	33
321	222	59	33
320	223	60	33
321	225	61	33
321	225	58	33
320	227	62	33
321	229	59	33
320	230	60	34
320	231	60	33
320	232	58	34
321	235	61	33
320	236	58	34
321	237	60	34
321	239	58	33
321	240	59	33
321	242	58	33
321	243	61	33
321	245	59	33
320	246	62	33
320	247	61	33
319	248	61	33
319	250	62	33
322	251	59	33
322	240	59	39
321	220	60	39
322	198	59	38
322	196	55	33
323	199	59	33
322	200	58	33
320	202	62	33
322	204	58	33
322	205	61	33
322	206	57	33
323	207	60	33
321	208	60	33
322	209	61	33
321	212	60	33
322	212	59	33
322	213	60	33
323	214	58	33
322	215	61	33
323	216	58	33
323	217	60	33
322	219	59	33
322	219	61	33
322	220	61	33
323	221	60	33
323	222	57	33
322	223	62	33
324	224	58	33
323	224	59	33
323	225	59	33
322	227	61	33
323	227	57	33
323	228	60	33
324	229	59	33
323	230	59	33
324	231	59	33
323	232	59	33
322	233	59	33
323	234	59	33
324	235	61	34
324	237	58	33
324	237	57	33
325	239	59	33
325	240	58	33
323	241	58	33
324	242	59	33
324	244	61	33
323	245	57	33
322	245	60	32
324	247	61	32
323	247	58	33
323	248	60	32
323	249	59	33
322	251	59	33
323	251	60	33
323	253	59	33
324	254	59	33
323	256	60	33
323	258	58	33
324	261	60	33
323	262	58	33
324	265	60	33
324	267	59	33
321	270	63	34
323	272	59	33
323	274	60	33
322	276	63	33
323	279	60	33
324	282	61	33
323	284	59	33
323	286	61	34
323	288	58	34
324	291	61	33
322	293	59	34
323	288	61	37
324	268	58	38
323	248	59	38
325	239	57	33
324	241	61	33
325	245	57	33
324	248	61	33
325	250	57	33
324	252	60	33
324	255	61	32
323	256	60	33
325	258	60	32
324	259	60	33
326	261	59	32
324	262	59	33
325	264	61	33
323	265	60	33
325	267	60	33
324	268	59	33
325	270	60	33
323	271	59	33
324	272	60	33
324	273	58	33
326	263	56	38
325	242	56	37
326	222	57	37
326	220	55	32
325	223	60	32
325	224	58	32
326	226	59	32
325	227	59	33
325	228	58	33
326	230	59	32
326	231	56	32
327	233	58	33
326	235	56	33
327	236	58	33
326	238	57	33
327	239	57	32
326	241	56	32
325	242	59	33
326	243	57	33
326	245	57	33
325	247	58	33
326	248	59	33
327	251	57	33
325	252	57	33
327	255	60	32
327	236	56	38
326	218	56	37
326	198	57	37
