0.169759
0.291344
0.215599
0.281298
0.345994
0.271548
0.412590
0.252698
0.295777
0.282634
0.378104
0.238559
0.270388
0.195168
0.262670
0.284350
0.223722
0.285704
0.293457
0.257970
0.247608
0.404195
0.458811
0.367131
0.344958
0.389655
0.262376
0.396476
0.445001
0.437151
0.377513
0.447858
0.332823
0.302841
0.341708
0.306920
0.390395
0.395959
0.320220
0.364883
0.253808
0.119987
0.077201
0.053115
0.042729
0.090914
0.050427
0.075284
0.431087
0.215011
0.401365
0.243287
0.277635
0.298198
0.288976
0.276216
0.353012
0.509258
0.328601
0.349955
0.321163
0.391058
0.315945
0.267039
0.233347
0.329035
0.263842
0.396245
0.167094
0.126188
0.181202
0.160278
0.113308
0.087524
0.216511
0.190064
0.371378
0.574925
0.311035
0.139111
0.132135
0.075251
0.196694
0.335799
0.217682
0.434969
0.323585
0.322434
0.278407
0.257453
0.247175
0.205244
0.344606
0.333691
0.368008
0.374245
0.332809
0.423525
0.473842
0.361127
0.365113
0.303185
0.264598
0.255377
0.359153
0.542755
0.391009
0.425177
0.274391
0.469692
0.511713
0.295015
0.394914
0.183089
0.640611
0.225086
0.492545
0.257402
0.297185
0.552415
0.371449
0.125739
0.314401
0.345326
0.116265
0.149377
0.206622
0.171392
0.156142
0.404022
0.187107
0.302367
0.224319
0.252884
0.229244
0.306206
0.261712
0.395108
0.292339
0.248582
0.501753
0.395682
0.402906
0.430151
0.467302
0.321882
0.492563
0.421898
0.508637
0.417470
0.303790
0.305286
0.282599
0.344330
0.475237
0.350521
0.344595
0.162062
0.261674
0.461645
0.271454
0.403022
0.365630
0.151462
0.533228
0.538326
0.313820
0.512299
0.609293
0.411427
0.334094
0.346590
0.327792
0.245620
0.229622
0.201109
0.301940
0.267456
0.326351
0.307232
0.404514
0.372036
0.419337
0.327605
0.366835
0.322781
0.280562
0.409742
0.377971
0.654760
0.536646
0.472516
0.251313
0.225545
0.322999
0.388107
0.333915
0.271913
0.123077
0.084253
0.209697
0.222676
0.025714
0.080963
0.044218
0.225846
0.183462
0.213530
0.372724
0.492824
0.318963
0.379909
0.289473
0.254091
0.103383
0.204198
0.248731
0.590381
0.618138
0.295150
0.421036
0.389958
0.226195
0.294584
0.459964
0.259689
0.406999
0.349103
0.278342
0.660096
0.343928
0.565368
0.294025
0.456936
0.391475
0.219750
0.121974
0.147056
0.196924
0.048112
0.012341
0.022267
0.074453
0.328197
0.151854
0.486276
0.478105
0.327491
0.306913
0.282398
0.413038
0.421250
0.449272
0.329384
0.251801
0.669691
0.298957
0.213363
0.319041
0.271186
0.346531
0.225327
0.322584
0.189975
0.465697
0.237729
0.431174
0.373155
0.575352
0.185086
0.276461
0.335474
0.418642
0.322386
0.350597
0.366176
0.235664
0.281231
0.319919
0.687908
0.276213
0.325230
0.408888
0.376066
0.309111
0.314204
0.227902
0.363261
0.461040
0.198537
0.341584
0.356539
0.326252
0.374829
0.385358
0.681769
0.484968
0.390254
0.364046
0.300659
0.521843
0.444999
0.534127
0.579790
0.221609
0.153159
0.224615
0.225727
0.352779
0.249717
0.384237
0.468778
0.544140
0.456535
0.363668
0.432751
0.306415
0.401118
0.405645
0.353585
0.287545
0.395076
0.321492
0.385442
0.312373
0.488357
0.461185
0.291242
0.298779
0.266956
0.253197
0.272236
0.281912
0.206725
0.343193
0.319007
0.318047
0.466017
0.374883
0.312315
0.329530
0.612258
0.326035
0.214553
0.313113
0.138763
0.327710
0.456944
0.650905
0.247356
0.241965
0.252825
0.268838
0.301843
0.346815
0.250791
0.423126
0.285599
0.308750
0.404876
0.311780
0.481789
0.412611
0.168685
0.392863
0.308842
0.376140
0.450859
0.455492
0.467760
0.364604
0.267420
0.269301
0.252365
0.276822
0.245441
0.220585
0.214783
0.325024
0.402729
0.403438
0.377430
0.359644
0.437772
0.297219
0.283361
0.182044
0.237404
0.164453
0.271481
0.123289
0.154175
0.082522
0.225142
0.073701
0.327198
0.171856
0.022134
0.011062
0.039397
0.084332
0.023468
0.028207
0.031215
0.061191
0.013384
0.032458
0.185256
0.203347
0.366497
0.390520
0.264805
0.429491
0.204176
0.343500
0.105487
0.077141
0.033623
0.088655
0.063514
0.183873
0.286609
0.239382
0.210354
0.411420
0.245481
0.186496
0.185302
0.133411
0.169750
0.207502
0.273574
0.226325
0.127463
0.247537
0.222147
0.158702
0.207771
0.180686
0.190124
0.095691
0.113548
0.174279
0.220895
0.222976
0.276875
0.227291
0.199915
0.088753
0.103427
0.115204
0.082173
0.060387
0.032079
0.029894
0.064413
0.057631
0.138525
0.157404
0.193529
0.141429
0.082011
0.058332
0.159977
0.026886
0.027894
0.031371
0.053656
0.080282
0.139442
0.184427
0.104462
0.230160
0.257276
0.248888
0.194971
0.193320
0.324829
0.185356
0.123245
0.199476
0.238995
0.166799
0.094587
0.098207
0.238404
0.432162
0.158015
0.154414
0.069741
0.184247
0.198552
0.185664
0.192463
0.188560
0.187234
0.208038
0.231829
0.189492
0.207060
0.206082
0.220657
0.321334
0.228204
0.193603
0.270606
0.274289
0.297870
0.204833
0.191957
0.311579
0.215266
0.201430
0.216898
0.265075
0.326834
0.220996
0.094724
0.106322
0.272734
0.132208
0.430562
0.339404
0.220955
0.519417
0.539440
0.531425
0.382060
0.330715
0.332160
0.214733
0.341067
0.286333
0.344550
0.356053
0.360279
0.313619
0.263321
0.199703
0.292704
0.237289
0.150866
0.318101
0.299250
0.215950
0.197985
0.203248
0.219827
0.466130
0.363595
0.266016
0.283180
0.214807
0.198494
0.141617
0.227422
0.175289
0.167017
0.296726
0.289587
0.297357
0.363684
0.218555
0.276871
0.222983
0.220567
0.218964
0.241090
0.236133
0.252464
0.294137
0.260761
0.177447
0.148040
0.276045
0.380167
0.276413
0.311089
0.229239
0.145239
0.255936
0.265628
0.331601
0.230945
0.207576
0.057529
0.172059
0.120333
0.334210
0.417639
0.613924
0.415022
0.125902
0.066489
0.308277
0.124435
0.054189
0.079470
0.131092
0.039599
0.277246
0.261238
0.118908
0.216482
0.086158
0.380274
0.299594
0.260450
0.225585
0.085575
0.166577
0.402382
0.233470
0.149028
0.133898
0.215692
0.198698
0.197458
0.349129
0.211774
0.242750
0.334212
0.151507
0.068999
0.027300
0.154389
0.036860
0.067156
0.143874
0.142457
0.246245
0.290504
0.314771
0.273782
0.570289
0.236838
0.218765
0.120414
0.061694
0.231985
0.292116
0.196323
0.260992
0.220517
0.254355
0.257004
0.234454
0.254830
0.330495
0.234435
0.331978
0.455286
0.445310
0.226759
0.236640
0.167304
0.200859
0.259159
0.230890
0.256499
0.180091
0.194089
0.247357
0.221686
0.220299
0.308140
0.210409
0.147099
0.381250
0.310508
0.396364
0.229887
0.557788
0.470568
0.259685
0.236282
0.294000
0.298462
0.283186
0.209590
0.207083
0.217863
0.122678
0.138281
0.126572
0.147746
0.250761
0.303729
0.220187
0.177060
0.153841
0.131464
0.051610
0.248526
0.073262
0.094398
0.429666
0.400441
0.280305
0.210478
0.177321
0.320938
0.167225
0.368855
0.187416
0.164725
0.154299
0.553444
0.591825
0.094146
0.037916
0.045794
0.061000
0.062239
0.116258
0.091530
0.030999
0.110780
0.127338
0.170822
0.086807
0.010500
0.078355
0.193042
0.101136
0.216293
0.197015
0.132152
0.320228
0.166485
0.157962
0.031193
0.066062
0.058185
0.102406
0.054919
0.011273
0.135334
0.187171
0.184657
0.325530
0.183901
0.201798
0.110546
0.077947
0.021812
0.263615
0.110901
0.037135
0.096214
0.127583
0.052532
0.032248
0.058829
0.020696
0.035244
0.065641
0.052323
0.055404
0.096398
0.213992
0.186261
0.488970
0.130529
0.188747
0.126759
0.114434
0.032140
0.046926
0.043998
0.009865
0.029548
0.037257
0.099733
0.045096
0.059900
0.068320
0.056875
0.076796
0.076171
0.064585
0.187754
0.092265
0.243931
0.192044
0.217158
0.286766
0.275302
0.340072
0.343451
0.290445
0.279585
0.270953
0.351950
0.302435
0.268315
0.330525
0.183839
0.115392
0.170971
0.216526
0.163009
0.194831
0.240570
0.191130
0.233485
0.218282
0.280070
0.289232
0.295209
0.248631
0.312565
0.255254
0.297671
0.273377
0.316778
0.348801
0.213944
0.268620
0.229044
0.142210
0.116603
0.030898
0.018608
0.018372
0.018470
0.010223
0.119833
0.199022
0.040071
0.058270
0.096222
0.185818
0.134984
0.556088
0.304691
0.340324
0.289753
0.166730
0.178717
0.327634
0.290767
0.227748
0.269138
0.286836
0.132964
0.234864
0.385871
0.241251
0.466977
0.384799
0.530521
0.225185
0.246266
0.153973
0.161514
0.092305
0.042704
0.046287
0.013333
0.070723
0.432183
0.303694
0.263648
0.280891
0.336880
0.150497
0.097058
0.047653
0.093872
0.182181
0.158099
0.209047
0.233642
0.289597
0.232040
0.088753
0.040138
0.051789
0.048422
0.094248
0.141912
0.173551
0.161892
0.159368
0.159508
0.183623
0.212449
0.057993
0.226773
0.325262
0.262115
0.394353
0.400503
0.416998
0.324169
0.243091
0.178497
0.387223
0.342080
0.261175
0.364376
0.376444
0.362264
0.586551
0.329547
0.192745
0.150475
0.319591
0.085276
0.037970
0.042537
0.138921
0.036239
0.092866
0.063006
0.095849
0.099337
0.119662
0.154457
0.226303
0.288517
0.247998
0.288019
0.233608
0.248677
0.425674
0.335713
0.315505
0.263084
0.407367
0.238631
0.310564
0.329282
0.349001
0.453672
0.385137
0.295116
0.354066
0.258173
0.234922
0.249655
0.250526
0.321623
0.278450
0.282923
0.292155
0.261110
0.336501
0.399737
0.321217
0.311934
0.474424
0.534444
0.425889
0.058210
0.048361
0.228339
0.173747
0.370388
0.274190
0.448301
0.299799
0.375141
0.085486
0.222070
0.082843
0.154500
0.493628
0.297913
0.417333
0.198934
0.389996
0.389980
0.429739
0.281816
0.533591
0.401276
0.397319
0.420917
0.137784
0.061522
0.072275
0.216149
0.363117
0.490381
0.365698
0.353582
0.374130
0.290154
0.260848
0.118035
0.170785
0.343882
0.154437
0.343455
0.142358
0.166915
0.186221
0.288436
