315 261 36 29
318 262 37 27
324 263 37 28
328 263 36 26
332 263 36 27
336 262 37 28
341 262 36 29
345 262 36 28
350 262 36 28
354 263 36 27
358 262 37 28
363 263 35 28
368 263 36 28
372 263 36 28
376 263 36 28
381 263 36 28
386 264 36 27
390 264 36 27
395 264 36 27
398 264 36 27
402 263 38 29
408 263 37 29
412 263 37 29
417 264 36 28
418 263 36 28
418 263 36 28
418 263 36 28
418 263 36 28
418 263 36 28
418 263 36 28
418 263 36 28
418 263 36 28
418 263 36 28
418 263 36 28
418 263 36 28
418 263 36 28
418 263 36 28
418 263 36 28
418 263 36 28
418 263 36 28
418 263 36 28
418 263 36 28
418 263 36 28
418 263 36 28
418 263 36 28
418 263 36 28
418 263 36 28
418 263 36 28
418 263 36 28
418 263 36 28
418 263 36 28
418 263 36 28
418 263 36 28
336 265 29 25
322 263 34 26
327 263 33 26
331 263 34 26
335 262 34 26
339 262 34 27
343 261 33 27
348 261 34 28
352 261 34 27
357 261 34 26
361 261 33 26
366 260 33 26
371 260 33 26
375 260 33 26
379 259 34 26
384 260 33 26
388 259 33 26
392 259 33 26
397 258 33 26
401 258 33 26
406 258 33 25
410 257 33 26
416 257 32 25
420 257 32 25
425 257 32 25
428 256 33 25
433 256 33 26
438 255 32 25
442 255 32 25
446 254 33 25
450 254 33 26
455 254 33 25
460 254 33 25
464 254 32 25
468 254 33 23
473 254 33 23
473 254 33 23
473 254 33 23
473 254 33 23
473 254 33 23
473 254 33 23
473 254 33 23
473 254 33 23
473 254 33 23
473 254 33 23
473 254 33 23
473 254 33 23
473 254 33 23
473 254 33 23
473 254 33 23
473 254 33 23
473 254 33 23
473 254 33 23
473 254 33 23
473 254 33 23
473 254 33 23
473 254 33 23
473 254 33 23
473 254 33 23
473 254 33 23
473 254 33 23
473 254 33 23
473 254 33 23
473 254 33 23
473 254 33 23
473 254 33 23
473 254 33 23
473 254 33 23
473 254 33 23
473 254 33 23
473 254 33 23
473 254 33 23
473 254 33 23
473 254 33 23
473 254 33 23
473 254 33 23
473 254 33 23
473 254 33 23
473 254 33 23
473 254 33 23
473 254 33 23
473 254 33 23
473 254 33 23
473 254 33 23
473 254 33 23
473 254 33 23
473 254 33 23
473 254 33 23
473 254 33 23
473 254 33 23
473 254 33 23
473 254 33 23
473 254 33 23
473 254 33 23
473 254 33 23
473 254 33 23
473 254 33 23
473 254 33 23
473 254 33 23
473 254 33 23
473 254 33 23
473 254 33 23
473 254 33 23
473 254 33 23
473 254 33 23
473 254 33 23
473 254 33 23
473 254 33 23
473 254 33 23
473 254 33 23
473 254 33 23
473 254 33 23
473 254 33 23
473 254 33 23
473 254 33 23
473 254 33 23
473 254 33 23
473 254 33 23
473 254 33 23
473 254 33 23
473 254 33 23
473 254 33 23
473 254 33 23
473 254 33 23
473 254 33 23
473 254 33 23
473 254 33 23
473 254 33 23
473 254 33 23
473 254 33 23
473 254 33 23
473 254 33 23
473 254 33 23
473 254 33 23
473 254 33 23
473 254 33 23
473 254 33 23
473 254 33 23
401 236 28 21
390 233 30 22
396 232 31 23
401 233 30 23
406 233 30 22
411 232 30 23
416 232 31 24
422 232 30 23
427 232 30 24
432 231 30 25
437 231 30 24
442 231 31 24
403 232 39 23
332 232 37 23
295 231 32 25
305 231 33 25
313 231 32 25
315 230 31 26
318 230 31 26
322 231 32 25
327 231 32 25
332 230 33 25
336 230 33 26
341 229 34 27
347 229 33 27
352 228 34 29
357 230 34 27
362 228 34 29
367 228 34 29
373 229 33 28
368 229 36 29
307 231 44 25
237 231 42 25
176 230 39 28
165 231 36 28
177 229 36 29
180 229 36 29
183 230 36 29
188 231 35 27
193 230 35 28
197 231 35 28
202 231 35 27
208 231 35 26
213 231 36 27
218 232 35 26
223 232 36 28
228 231 36 28
234 232 35 27
239 232 36 28
244 231 35 30
250 231 35 31
255 231 35 30
259 233 36 28
265 232 36 29
270 232 35 29
276 233 35 29
282 233 34 28
287 234 34 29
291 233 36 29
297 234 35 27
303 234 34 28
307 234 35 28
312 234 35 28
318 235 34 28
323 235 35 28
328 235 36 28
333 235 36 28
339 235 35 29
343 235 36 29
349 236 36 28
354 236 35 28
359 236 35 28
364 236 35 29
364 236 35 29
364 236 35 29
364 236 35 29
364 236 35 29
364 236 35 29
364 236 35 29
364 236 35 29
364 236 35 29
364 236 35 29
364 236 35 29
364 236 35 29
281 239 32 28
267 237 36 28
272 237 35 28
277 237 35 27
282 237 35 28
288 237 35 28
292 238 36 28
296 237 37 29
301 238 37 28
307 238 37 29
312 238 36 29
312 238 36 29
312 238 36 29
312 238 36 29
312 238 36 29
312 238 36 29
312 238 36 29
312 238 36 29
312 238 36 29
312 238 36 29
312 238 36 29
312 238 36 29
312 238 36 29
312 238 36 29
312 238 36 29
312 238 36 29
312 238 36 29
312 238 36 29
312 238 36 29
312 238 36 29
312 238 36 29
312 238 36 29
312 238 36 29
312 238 36 29
312 238 36 29
229 241 27 28
215 239 36 27
219 239 36 28
224 239 36 27
228 239 37 27
233 238 36 28
239 237 36 28
244 238 36 27
248 237 36 28
253 238 36 27
259 238 35 27
263 238 35 27
268 238 35 27
272 238 35 27
278 237 35 27
283 238 35 27
287 237 35 28
292 237 35 27
296 237 36 27
301 237 36 27
306 236 36 26
311 236 36 27
316 236 35 28
276 236 47 27
202 237 50 26
134 236 48 27
81 236 41 27
79 236 38 28
91 236 37 28
93 237 37 27
96 236 37 27
101 236 37 28
106 237 36 27
110 237 36 28
115 236 37 28
119 237 37 28
125 238 36 27
129 237 36 27
134 236 37 28
138 237 37 28
144 237 37 28
148 237 37 27
153 238 37 26
158 238 37 26
163 238 37 27
168 239 36 26
173 239 36 26
178 239 36 26
183 239 36 26
188 239 36 26
193 240 35 25
198 240 36 26
202 241 36 26
208 241 35 25
212 242 35 25
218 242 35 25
222 242 35 24
226 243 35 25
231 243 35 25
236 244 34 25
241 244 35 25
246 244 34 25
250 244 35 26
255 245 36 25
260 245 35 25
265 245 34 25
271 246 33 25
276 247 33 25
281 247 34 25
285 247 34 25
290 247 34 26
295 247 34 25
299 249 34 24
305 249 34 25
310 249 34 25
314 250 34 24
319 250 34 24
324 251 34 24
329 251 34 25
335 252 33 25
339 253 33 25
344 253 33 25
349 253 33 26
353 253 34 25
358 253 34 27
364 254 34 27
369 255 34 26
373 255 34 26
378 256 34 26
383 256 34 26
388 256 34 26
393 257 34 25
398 258 34 26
403 258 34 26
408 258 34 26
412 258 34 26
418 259 33 25
414 259 37 26
354 260 49 25
295 260 39 26
293 260 36 26
305 260 35 26
307 260 35 26
309 260 34 26
313 260 35 25
318 261 35 25
323 261 34 25
327 261 34 25
332 261 34 24
337 261 34 25
342 261 33 24
346 260 33 25
350 261 33 25
355 260 33 26
360 260 33 25
364 260 33 25
369 261 33 24
373 260 33 25
378 261 33 24
382 261 33 24
387 260 33 25
391 261 33 24
396 261 33 24
401 261 32 23
401 261 32 23
401 261 32 23
401 261 32 23
401 261 32 23
401 261 32 23
401 261 32 23
401 261 32 23
401 261 32 23
401 261 32 23
401 261 32 23
401 261 32 23
401 261 32 23
401 261 32 23
401 261 32 23
401 261 32 23
401 261 32 23
401 261 32 23
401 261 32 23
401 261 32 23
401 261 32 23
401 261 32 23
401 261 32 23
401 261 32 23
401 261 32 23
401 261 32 23
401 261 32 23
401 261 32 23
401 261 32 23
401 261 32 23
401 261 32 23
401 261 32 23
401 261 32 23
401 261 32 23
401 261 32 23
401 261 32 23
401 261 32 23
401 261 32 23
401 261 32 23
401 261 32 23
328 265 22 20
320 264 31 22
324 264 32 23
328 264 32 22
333 265 33 23
337 264 32 23
341 265 32 22
346 265 32 23
350 265 32 23
354 265 32 23
357 265 33 23
362 266 32 23
367 267 32 22
371 266 31 22
375 267 32 22
380 267 31 22
383 267 32 22
388 268 31 21
392 268 31 22
397 267 31 23
401 268 31 22
405 268 31 22
409 268 31 21
412 268 31 23
369 268 48 22
296 269 49 22
230 269 48 22
176 269 38 22
175 269 34 22
186 269 33 23
187 269 32 22
189 269 33 22
193 270 33 22
197 270 32 22
202 270 32 21
205 269 32 22
209 270 33 22
214 270 33 22
218 270 33 22
222 270 32 22
227 270 32 22
231 271 32 22
235 270 33 22
240 271 31 22
244 271 32 22
248 271 31 21
252 271 32 21
257 271 31 22
261 271 32 22
265 271 32 21
270 272 32 22
274 272 32 21
279 272 31 22
283 271 32 22
287 271 32 22
291 272 31 22
295 271 32 22
300 272 32 21
305 271 30 22
308 271 31 22
312 272 32 21
317 271 32 22
321 271 31 22
325 271 32 21
330 272 32 21
335 271 32 21
339 271 31 21
343 271 32 21
348 271 31 21
352 270 31 22
356 270 31 22
360 270 31 21
364 270 31 21
369 270 32 21
374 269 31 22
378 269 31 21
382 269 31 21
386 269 32 22
391 269 31 22
395 269 31 21
399 267 31 23
404 268 31 22
408 268 31 22
413 266 30 23
417 267 30 21
421 267 31 22
425 267 31 21
430 266 31 22
434 266 32 22
439 266 32 22
443 266 31 22
448 266 30 22
452 266 31 22
456 265 31 22
461 265 31 22
465 265 32 22
469 265 33 21
474 264 31 22
478 264 31 22
482 264 31 21
487 264 31 22
491 264 31 22
495 263 31 22
499 263 32 22
504 263 31 22
508 263 31 21
512 263 31 21
517 263 31 21
489 262 45 22
418 262 50 22
349 262 49 22
290 262 43 22
280 262 33 22
292 262 32 22
295 262 31 21
297 262 31 21
301 262 31 21
305 262 31 21
309 262 31 21
313 261 31 22
317 261 31 21
321 261 31 21
326 261 31 21
330 261 31 21
335 260 31 21
338 260 31 22
343 259 31 21
348 259 31 22
351 259 31 21
356 259 31 21
361 259 31 21
365 259 31 22
369 259 32 22
373 258 31 21
378 258 30 22
382 257 31 22
387 258 31 22
391 257 31 22
395 256 31 22
400 257 31 22
404 256 31 22
410 256 31 22
413 256 31 22
419 255 31 22
423 256 31 22
428 256 31 22
432 255 31 22
437 255 31 22
442 255 31 21
447 255 31 22
452 255 31 22
456 255 31 22
462 254 31 22
466 254 31 22
471 254 31 22
476 254 31 22
481 254 31 22
486 254 31 21
491 254 30 20
496 254 31 22
501 254 30 21
505 253 31 22
511 254 30 21
517 254 30 21
521 254 31 22
527 253 31 22
531 253 31 22
536 253 31 22
542 253 30 21
546 253 31 22
546 253 31 22
546 253 31 22
546 253 31 22
546 253 31 22
546 253 31 22
546 253 31 22
546 253 31 22
546 253 31 22
546 253 31 22
546 253 31 22
546 253 31 22
546 253 31 22
546 253 31 22
546 253 31 22
546 253 31 22
546 253 31 22
546 253 31 22
546 253 31 22
546 253 31 22
546 253 31 22
546 253 31 22
546 253 31 22
546 253 31 22
546 253 31 22
546 253 31 22
546 253 31 22
546 253 31 22
546 253 31 22
546 253 31 22
546 253 31 22
546 253 31 22
546 253 31 22
546 253 31 22
546 253 31 22
546 253 31 22
546 253 31 22
546 253 31 22
546 253 31 22
546 253 31 22
546 253 31 22
546 253 31 22
546 253 31 22
546 253 31 22
546 253 31 22
546 253 31 22
546 253 31 22
546 253 31 22
546 253 31 22
546 253 31 22
546 253 31 22
546 253 31 22
546 253 31 22
546 253 31 22
546 253 31 22
546 253 31 22
546 253 31 22
546 253 31 22
546 253 31 22
546 253 31 22
546 253 31 22
546 253 31 22
546 253 31 22
546 253 31 22
546 253 31 22
546 253 31 22
546 253 31 22
546 253 31 22
546 253 31 22
546 253 31 22
546 253 31 22
546 253 31 22
546 253 31 22
546 253 31 22
546 253 31 22
546 253 31 22
546 253 31 22
546 253 31 22
546 253 31 22
546 253 31 22
546 253 31 22
546 253 31 22
546 253 31 22
546 253 31 22
546 253 31 22
546 253 31 22
546 253 31 22
546 253 31 22
546 253 31 22
546 253 31 22
546 253 31 22
546 253 31 22
546 253 31 22
546 253 31 22
546 253 31 22
546 253 31 22
546 253 31 22
546 253 31 22
546 253 31 22
546 253 31 22
546 253 31 22
546 253 31 22
546 253 31 22
546 253 31 22
546 253 31 22
546 253 31 22
546 253 31 22
546 253 31 22
546 253 31 22
546 253 31 22
546 253 31 22
546 253 31 22
546 253 31 22
546 253 31 22
546 253 31 22
546 253 31 22
546 253 31 22
546 253 31 22
546 253 31 22
546 253 31 22
546 253 31 22
546 253 31 22
546 253 31 22
546 253 31 22
546 253 31 22
546 253 31 22
546 253 31 22
546 253 31 22
546 253 31 22
546 253 31 22
546 253 31 22
546 253 31 22
546 253 31 22
546 253 31 22
546 253 31 22
546 253 31 22
546 253 31 22
546 253 31 22
546 253 31 22
546 253 31 22
546 253 31 22
546 253 31 22
546 253 31 22
546 253 31 22
546 253 31 22
546 253 31 22
546 253 31 22
546 253 31 22
546 253 31 22
546 253 31 22
546 253 31 22
546 253 31 22
546 253 31 22
546 253 31 22
546 253 31 22
546 253 31 22
546 253 31 22
546 253 31 22
546 253 31 22
546 253 31 22
546 253 31 22
546 253 31 22
546 253 31 22
546 253 31 22
546 253 31 22
546 253 31 22
546 253 31 22
546 253 31 22
546 253 31 22
546 253 31 22
546 253 31 22
546 253 31 22
546 253 31 22
546 253 31 22
546 253 31 22
546 253 31 22
546 253 31 22
546 253 31 22
546 253 31 22
546 253 31 22
546 253 31 22
546 253 31 22
546 253 31 22
546 253 31 22
546 253 31 22
546 253 31 22
546 253 31 22
546 253 31 22
546 253 31 22
546 253 31 22
546 253 31 22
546 253 31 22
546 253 31 22
546 253 31 22
546 253 31 22
546 253 31 22
546 253 31 22
546 253 31 22
546 253 31 22
546 253 31 22
546 253 31 22
546 253 31 22
546 253 31 22
546 253 31 22
546 253 31 22
546 253 31 22
546 253 31 22
546 253 31 22
546 253 31 22
546 253 31 22
546 253 31 22
546 253 31 22
546 253 31 22
546 253 31 22
546 253 31 22
546 253 31 22
546 253 31 22
546 253 31 22
546 253 31 22
546 253 31 22
546 253 31 22
546 253 31 22
546 253 31 22
546 253 31 22
546 253 31 22
546 253 31 22
546 253 31 22
546 253 31 22
546 253 31 22
546 253 31 22
546 253 31 22
546 253 31 22
546 253 31 22
546 253 31 22
546 253 31 22
546 253 31 22
546 253 31 22
546 253 31 22
546 253 31 22
546 253 31 22
546 253 31 22
546 253 31 22
546 253 31 22
546 253 31 22
546 253 31 22
546 253 31 22
546 253 31 22
546 253 31 22
546 253 31 22
546 253 31 22
546 253 31 22
546 253 31 22
546 253 31 22
546 253 31 22
546 253 31 22
546 253 31 22
546 253 31 22
546 253 31 22
546 253 31 22
546 253 31 22
546 253 31 22
546 253 31 22
546 253 31 22
546 253 31 22
546 253 31 22
546 253 31 22
546 253 31 22
546 253 31 22
546 253 31 22
546 253 31 22
546 253 31 22
546 253 31 22
546 253 31 22
546 253 31 22
546 253 31 22
546 253 31 22
546 253 31 22
546 253 31 22
546 253 31 22
546 253 31 22
546 253 31 22
546 253 31 22
546 253 31 22
546 253 31 22
546 253 31 22
546 253 31 22
546 253 31 22
546 253 31 22
546 253 31 22
546 253 31 22
546 253 31 22
546 253 31 22
546 253 31 22
546 253 31 22
546 253 31 22
546 253 31 22
546 253 31 22
546 253 31 22
546 253 31 22
546 253 31 22
546 253 31 22
546 253 31 22
546 253 31 22
546 253 31 22
546 253 31 22
546 253 31 22
546 253 31 22
546 253 31 22
546 253 31 22
546 253 31 22
546 253 31 22
546 253 31 22
546 253 31 22
546 253 31 22
546 253 31 22
546 253 31 22
546 253 31 22
