318.5,316.5,57,25
330.367911484888,317.45121120225497,57.66768044819278,23.64938595272883
343.32651598687823,318.05277783555204,57.87538561352383,22.70575602089535
361.1151936360903,318.5137446591135,57.43764060562701,22.003666968370275
372.7817734776008,318.02589181560353,55.591779888060174,21.9137516369805
367.5560947710009,319.06010059520196,55.07154058342539,20.610379005380693
360.8156031999142,318.1832318045668,53.844890707105115,19.914722598995304
356.7565509597896,317.6349182140403,52.25133194119961,19.596669418300603
351.0543731876839,317.6563042617231,51.10263172216634,19.440808357518982
345.1987130148036,317.53942815237224,51.15054283483372,18.94570061518793
338.7217561874101,317.29856214281534,50.79592663579987,18.653023399777926
333.36861935048455,316.96903872138773,51.14396113576188,18.527429334391805
328.2012161742933,316.21784242604343,51.16587457432604,18.702288799203064
322.9797666799001,316.24114477299895,51.12789473315635,18.416472754612684
317.2805309396115,315.7138978142866,50.565630892688716,18.54682371530367
311.66244294380374,316.05234027080473,50.118753867641544,18.455020617986964
306.8543926087232,315.7046673035546,50.111749488669346,18.53892881454551
301.3796428328921,316.2006297939567,50.42055537578072,18.419908670872864
295.92893650038957,315.60089513413834,49.69723220857149,18.915357907558956
290.45569618822867,314.8679490666777,49.420134379829264,18.98499431089762
285.14314673621976,315.39921055668844,49.28954652389834,18.98118953537442
280.308406873318,315.9392379315438,49.04919615631804,18.89347964192587
285.58983944645996,315.66732848372936,49.84729959981689,19.14999595409869
296.69109843822804,315.0381673478508,49.32861759955712,19.508206252570126
312.19996041037774,314.65814460937503,49.77985155625872,19.82375673702706
327.3633062077005,314.73977808576484,50.70015207281931,19.87335664189543
342.7824797242678,315.24033502732357,51.45325668458215,19.883122275379485
357.8781228995127,315.17399555345156,52.04278164390681,19.96758233954947
369.62257320075867,315.58608151191623,51.53934132278692,20.09596965533191
378.44610732024296,316.7983794707742,51.94693006624016,19.56744517163703
370.76792509080553,317.1678166847639,52.235967025725415,18.855178625889074
363.84478416517436,317.3148889476747,52.03691024631148,18.61816304357033
358.6599108477759,318.25539312347314,51.875450750126895,18.33783027485927
352.5901110912707,318.7774951051995,51.064569802016635,18.10556787548972
347.1120600303118,318.3589146966851,51.252314647017954,17.586316162573127
342.2198776727928,318.5437016011793,50.731601809260624,17.42656870379679
336.72275898179817,319.3894854622638,49.938397937587695,17.708411588012098
332.0514018712888,319.5401032663941,49.707154715369185,17.865638337272415
327.17734594508335,319.6075987694577,49.70658073098811,17.993650471833185
321.830550434277,320.01822598821815,49.38379907193675,17.96332946450722
315.9443029539134,320.07761515182005,49.067752048105774,18.069035104130705
311.35359080234514,320.179194356171,49.10128244560265,18.0130546747789
305.58898436384084,320.44349308014927,48.64964605655905,18.28696730954419
300.39903071051907,319.8065069168729,48.37296862351754,18.34496435152046
294.65268681932616,320.4867299617913,48.459248095966835,18.11758467747046
290.1411601791524,320.63400320728766,48.71933998868005,17.856658771233864
284.62902560919053,320.1439311455915,48.97737854541285,17.660980755839727
278.7775457896163,320.78181837577154,49.490560810293786,17.357981695164632
274.00627713016263,320.3537222718637,49.35374441521185,17.463756789676196
268.6907321180847,319.62637638051365,49.43037582120356,17.54533291361621
263.0141411125231,320.60025110294634,49.90513128050809,17.263205226258123
258.3817883123031,320.5040954452197,49.598070981289766,17.570773201397962
254.69727089373842,320.63596439948265,49.02704711022824,17.824594940432256
263.5539279973693,319.0974945856779,49.45086364027112,18.392147313326703
274.8318237930835,319.00471472842924,48.64749819630369,19.099076723487556
290.63101921715923,317.9607487782883,48.05397871656048,19.968370918920144
306.1811151007843,318.3737570061873,48.42879877487174,19.878269051096673
321.58174083935137,317.33931171529406,48.539208445808924,20.33717869206439
323.3003873095966,317.8068935305193,49.79460158625113,19.904134543177562
315.474939635779,318.41490176112353,50.877664940783326,18.846185606402145
308.7109403201438,318.95831852995667,50.87688549588191,18.752332906557818
302.37067747919906,318.5104664667208,50.794777854101895,18.568797664590832
296.6818095699166,318.57235912402496,50.62201566393878,18.512665335436186
291.57605447525395,318.5555412634851,50.15487404357165,18.491360709887477
286.07566212960637,318.7785947471996,49.971979154178385,18.250747147919867
280.7019494720413,318.4986669747018,49.81733347016304,18.33992710526128
274.67435528884357,318.11335740015556,49.902035195628244,18.277972244458418
269.1720424395127,318.86972519624015,50.088867048159585,18.027625716124383
264.3477135248236,318.01112035498164,49.8655728206531,18.43933417603092
259.0834117638277,317.96822697322744,49.78682885424158,18.373281832264276
253.8529195260562,317.95461326156175,49.58918772706239,18.326978261239994
248.30347041714518,316.90436853898694,49.7351097180778,18.44100034493943
242.93122756251265,316.929767262395,49.42685151559969,18.72786800894987
236.64417362505984,316.5451016416628,49.719388002260715,18.731311751558618
234.88695270002128,316.6527851124366,50.153706904644935,18.974623562194914
244.7885894623719,315.2049829793606,50.81735995465074,19.87137104543377
260.70786920801567,313.8063154072823,50.97499911753796,20.477604400115915
276.5987492383217,312.8553140384425,51.040609204631,21.242785629387864
288.41801268846183,312.76590723312,50.901285032622255,21.52853866758747
305.01912461858245,312.7905351405265,51.216952102556775,21.314455312257603
320.3953529748598,312.55323696725304,51.931898801867305,21.329174138004824
336.62709038382866,311.9800166549688,52.4147855256777,21.219344592361598
352.71173971464725,311.8788452534609,52.50205958742908,21.09593868355296
364.98942551987415,311.52310916076215,52.06242207731714,21.2527063220221
380.9380326465117,310.48238073428587,51.820647200873026,21.347766027795917
388.20119328517376,310.9245839941607,51.719769572840974,20.552570293971705
378.6870153312214,311.0107544864966,52.630581306551285,19.250225022533833
371.9101366198773,311.01728867659045,51.94543472991092,19.016809446482412
366.5546177242956,309.84749870211607,50.992614107377975,18.95511352224696
361.33851272552283,310.4753009123533,50.18667636932781,18.8902806815149
356.37995334774547,309.50379953062793,49.792468144291725,18.767681857670105
350.53260662816473,309.61246838675265,49.53325266316512,18.882777786377602
344.9202613878752,308.1094411424616,49.79781149854163,18.81610864786922
340.1993588853575,308.32291564040366,50.196423640112556,18.298878448595886
335.08668908486675,307.68086352448915,49.846326648992076,18.56211867056772
329.99807383729285,307.6760988975362,50.018800216649694,18.22780744462294
325.9169455552339,306.3446426616245,49.7794101666929,18.06324246130717
325.8955043123978,305.91021137762345,49.99452031814704,17.814761603558534
336.123562250089,305.19488410840626,50.65018079469333,18.01970002794876
351.07649019006857,303.6310714333052,50.95457195452916,18.66455064365379
366.59572889150365,303.4192586521882,51.29145504055053,18.89277359856597
377.8282728494349,302.0094058508603,50.89399789251037,19.451907959843062
388.69301884827405,301.332238208113,50.050721104792984,19.60462254736253
384.45743295681183,299.98888449139673,50.0056775633155,19.096961856786827
377.8108767132095,299.2463661540033,50.11974151231226,18.776642982715092
372.2281563127192,298.635595736352,49.92141755041442,19.01496669784705
366.8487883189688,298.13725376723295,48.99259059541032,19.403963580020516
361.90190973853964,297.11389738297237,49.129904732587,19.362123635147544
356.4739359583528,296.0391486359568,48.63750844377851,19.13790334429706
351.4577838044388,294.2641076537964,48.100169730976646,19.20823634430822
346.5247856945965,294.1606710074121,48.79550211704303,18.699555518920427
341.90280309091224,293.044768342517,48.195098389780256,18.722709782884138
336.68472206326555,292.586971871155,48.09965090985628,19.19184021359181
332.5799463685604,291.09887182391003,47.87155924811913,19.181972536170164
326.9817099668645,290.4721439496288,47.94924237865934,19.19353260907345
322.03048925138194,289.247575731827,48.14329738842096,19.036446176711326
315.8766539665149,289.10890457965576,48.53725927132648,18.925289072093513
310.3945140643112,288.05959452963356,48.5393894556777,18.836768468936597
305.9154902428107,287.24008330741856,48.913214305099544,18.820870931410184
301.6069571986726,285.86253939547527,48.41010026337091,18.771292951387416
304.62624629769016,285.7318385042248,48.450823422605,19.173183269054142
315.5339064552897,284.87809809987453,47.93590670237667,19.6195928726155
330.2895146171464,283.6040555088737,48.233675135132984,20.010946687505943
345.1755454062225,282.64622976134916,49.10622300827474,20.342635622854992
361.1004319921407,282.1688849346641,49.36150659913353,20.609741889327076
375.8906927310627,281.3109744452803,49.948671583692025,20.731104884124065
391.355890212874,279.9120750848815,50.061092782178775,21.182056785997673
406.7645610919988,278.9241625513437,50.68795916907074,21.279583212822054
418.1429588481186,278.43623810176535,50.38898073446789,20.98898587918311
412.82784230996367,278.34046696096743,51.07651151738169,20.00345909282392
406.5959064276849,278.1046322213551,50.97934907936363,19.432606737675226
400.3226535759205,277.13002614302764,50.224425034357154,19.448231700840978
395.2363114225889,275.47229969084873,49.60706074177722,19.398553703862135
390.326951889893,273.5770015834533,49.0308165427037,19.47460681448122
384.96125842410015,271.08460312279226,48.98272158647206,19.610732299493463
381.3405847035146,271.3092873828009,48.214834599237406,19.618490545919432
375.5394503693384,276.0536801985116,48.65545260993602,19.86912008326033
369.60645095812816,283.6827787873496,49.450223405012736,19.809812637945086
364.087038657526,288.1974311485015,49.725920679251644,20.027281635428977
359.62919740876083,290.89532963277964,49.6689488341307,19.98591248135631
354.85220102410824,285.0091458345511,49.18193074680742,19.872474947808534
350.7994620785323,280.31274016531404,49.1320674895828,20.433648903775307
345.6230678707607,274.3322893313516,49.391227021764266,19.69440485026461
340.69453204908734,270.38780727695047,48.754647275035225,20.247167291281194
334.9234512551494,267.00076579803266,49.32549538634868,20.229462147920607
329.1106570138901,270.8015557534517,50.17105075729496,19.933746094351857
324.0842768870651,275.3446658953243,50.16407762013696,20.141813492186174
318.7396146166476,280.04122159176507,50.64458849367455,20.496935894470706
313.10580291246947,284.7354475150025,50.701794154533175,20.948360222922602
309.77987997973605,283.2509248774898,50.357349336253776,20.423713338295244
305.4875855655408,278.9623822312786,49.169315102510346,21.150170731547767
300.33639628400607,274.3380977333638,48.88647905071174,21.697848232626377
295.88020770541283,269.6652038214637,49.00380367951682,21.72259876394606
291.80253683509346,265.4357991766256,48.21041304405696,21.93946946261888
287.9305335856468,261.6693455503032,48.96531193415507,21.487440477928395
297.50856448744725,258.2817752586287,49.99790789117434,22.04108972445487
309.46255469823217,252.42139907604084,49.884515558593804,22.60108693215997
326.266657838943,247.31537100848573,49.64457633649829,23.152748398691045
342.41792622499327,244.77171513186144,49.9250130446224,24.27333670986201
359.1379925527857,239.30452527499563,50.37799638635196,24.998525101267006
376.3706171441471,234.51464606347764,50.28163605860958,25.49229547956415
393.3690740765766,232.66232269262068,50.66864095595756,25.992447268122593
411.07953352074685,228.07591632920332,51.28271047093749,25.877677597496383
432.49865344759127,225.99120688450458,51.96075174517827,25.815747972336954
449.16908127767005,223.3756881270482,52.94133773541138,25.692740096166943
466.7921220084303,218.59765978691382,53.19088844552175,25.044719055793642
482.504514692334,216.09010077765032,53.43843393403756,24.88387844089776
485.0118864152005,212.39963851795255,52.00963824030352,24.15565016640906
481.5986686581034,209.80321163342012,50.82374751395814,23.475578177112084
482.60253272762566,206.23044396554207,49.75853331763216,22.791844580525677
481.7371517225112,203.43731969194653,49.53586622496332,22.278896693695756
481.58072548488155,200.6679321786125,49.169469950012875,21.53529018578738
480.7202605322995,197.8052732728785,48.96518663744162,21.116967002229728
481.45327416278894,194.56646213960224,48.18248371346845,21.13579801283137
480.366158010692,191.54448368876086,47.6575535344469,20.889307679406684
481.5657705822414,188.11798054615662,47.067199541365014,20.735043151626854
480.22401712101447,185.04753913203746,47.24719360447429,20.454282245886937
480.9458749278356,182.0694217253743,47.18387948295097,20.283058009988366
480.33026288540844,179.64970990059854,47.12847508307928,20.023607567437864
480.99430679190476,183.5616033828499,47.32531405174093,19.65484436849907
480.47009084129627,188.514264417374,46.78047767769706,20.13570317713646
481.23372843320726,197.0519281772302,46.585381444184776,20.091284242018816
480.26484478169783,202.16550978748373,46.74258849215305,20.29248005318899
480.94175274140343,210.82153171734572,47.20122095511938,20.075822698591942
480.6818205942363,218.73621766318286,47.386926143437556,20.003323937715997
480.1662317941106,223.7687632175455,47.43031196703175,20.331295420543427
480.39424641079086,231.81556641989454,47.23166253375254,20.147949216345857
480.214655800391,236.85000234981726,47.26615391924233,19.940089815301672
479.8646215499796,245.5209113818197,47.8503926542685,19.806386375320237
479.36257269856304,250.7152147198498,48.08463157957855,20.165462270671174
480.74697665563673,259.31860065078496,47.779024711421144,20.340514902209073
481.3886401264631,264.3840655807645,47.635600719101575,20.742811055433556
481.8590658335975,272.9300385279652,47.34893924910001,20.181106173605407
481.5614309788723,275.8256549769664,47.148480036660146,19.980122814024675
481.59107064516627,272.4635475873234,47.3180261838181,19.739595409625416
482.2408981756221,268.60375174521454,47.01402570588384,20.003708902467352
483.30010905407653,264.8354727539281,46.73304646625547,20.110048665283074
484.02428893656275,261.8604763282368,46.2323687243314,19.907083123568754
483.21295748150607,258.50870560225246,46.27291026222191,19.93538453571201
483.77332362053835,254.99946577758178,46.1426802224309,19.93676766558322
484.99326092595965,252.03825168227934,46.05533203790367,19.922253278825995
483.56505017038114,248.99761592474562,46.405670537433515,19.84547044208685
484.8895455821364,247.20080986015904,46.115395724970256,19.652682729951376
484.92557862105843,251.97990791784633,46.292291766347944,19.758946796766764
484.0624152415462,255.71829881324587,46.98860949407657,19.301241830155888
485.0287811041526,251.80413295663948,46.72104796158242,19.720224578677545
485.9136763978004,247.76401907771282,46.17366233110445,20.071045979719287
484.70690889708044,244.62284477301458,46.31425192849153,20.041275105168058
485.68705535361084,246.76474494841892,46.37018149238992,19.733385894801266
486.1559397357936,251.82156848853901,46.31771300668808,19.950380561082042
485.4180563820179,260.60558385454846,46.99507156356664,19.677039007529963
485.4725449917697,265.8071158817879,47.444404614372374,20.09446769749684
485.0192498834062,274.4260899201238,48.17206167258257,19.854057233740114
485.28066318765946,279.4122811457846,47.82384429304468,20.147072807931153
484.93019237628,287.55984541720363,48.42912148911917,19.606879529680562
485.0947422900528,284.8065664850222,48.190440089756144,19.751573780914786
487.23544100710205,280.73559676740075,48.09411793870825,20.113225950380105
486.1093600837017,277.1585352022316,47.68463365780818,20.206285314238976
486.9159139769293,273.86349308437525,47.2152352925108,20.18775272103308
486.39013611615644,276.81977107870847,47.192630557399035,19.781723202551042
487.26713564280584,282.05891209236677,46.68944427303644,20.167431005251537
487.66938588058434,290.3499222209343,46.91215927828382,19.744765911690713
487.2988426528002,298.2675869806397,47.30267916786174,19.426136183234494
485.9373588438435,303.26740241450324,47.71824083713611,19.229210126603583
486.69200328152033,301.5747836617964,47.345486414220865,19.325639524641133
487.44604149034757,297.95644295987745,47.73433961826289,19.434644441510038
486.8357962145179,294.77647633444286,47.71127903485895,19.386072252620966
487.8970585894339,291.3252681672703,47.00868319337505,19.540411194387985
487.954606085984,288.1755029618076,47.08678053325798,19.429730042203023
488.2875139267583,285.51472499037965,46.97826726708022,19.27974648768334
488.26597579355825,282.3403193034369,47.078739814991025,19.424588859798824
487.35923058700126,280.4080447236821,47.335191444077836,19.105981528982475
487.7018556576457,278.17008241928255,47.23477856065108,19.07510977776577
488.25865050575453,277.8664777649021,47.13141487570961,19.063451748823002
487.8942655753999,282.81200118217106,47.03217542903445,19.606026320840236
488.26465699326315,291.307536775679,47.631182222290526,19.430016703038227
486.5612694952813,296.34993596465773,48.2574994831925,19.480886125984007
486.8806569492909,297.0052482352649,48.979332199227365,18.850452088366985
487.86359629848704,293.3582774511063,48.32990624245788,19.29641506476522
487.77864856559904,289.5968027979165,47.744540048611746,19.735984148824308
487.4260958609482,287.57181808802096,47.524007139851676,19.55065731922573
487.05979266244293,284.38777313558097,47.68787602999568,19.358067788375678
487.8569318430859,282.78891237541694,47.74809100061891,19.44048626915295
486.6821891244711,281.3384333808674,48.06319981660211,19.20859599546526
486.39352131732255,280.56247665933523,48.25557176946698,18.621736712470536
486.0234797588146,279.73851003977506,47.97151226353529,18.447569669875506
485.43293742167157,279.29922666547395,48.350279199288195,17.94093067278068
485.50801259399236,277.7222303467894,48.21404057594333,18.0860333965909
484.3960788605859,278.66753951530563,48.70345794090386,17.882210532657112
484.35442957958963,277.5345718387372,48.10591249397372,18.030078621237152
483.71466696505917,276.9548622769848,47.87958108984829,17.93056932658252
481.9068477138025,277.48972443933496,47.87431490829489,17.819464119618967
481.5632655621351,275.87006475407765,47.73564744073282,18.02458162970575
480.7540208909941,276.3279720295355,47.8298586191048,17.99764017907084
478.54233826963554,276.1249304689143,47.98807712949167,17.98320487222601
478.11963056621033,274.8027324780232,47.75665535429705,17.9785384589123
476.289512910349,274.80971219446155,48.54485206319076,17.743608454994494
474.8555429048457,273.45391009785243,49.06020032119142,17.671800906956058
472.84678291815874,273.255971286787,49.64875615653433,17.45065231925571
471.2921370010159,273.17423757002643,50.056209497472885,17.323329850566495
470.39023347953804,271.9235581790716,49.86298413648267,17.446747739302907
469.3513374864374,271.30372328298307,49.59257770883504,17.438163828362686
467.0882912065764,271.17894115169474,49.83820609619373,17.405224277434165
464.99670103035686,270.01933025765004,49.45120841671141,17.56063795814748
462.9079186450117,269.9787192715236,49.42150637984555,17.618413357455918
461.24298444438773,268.7607156205727,49.23626142736434,17.793415496164922
459.7891861333053,267.68614097915844,48.77529249014198,18.102866106698812
458.19370740539745,267.62279678779146,48.540093425114165,18.023114249288046
455.4523084936813,266.9181200624763,48.916866029582835,17.976811052236165
453.1988637776894,265.840445751713,49.4798276966741,17.705442154002622
451.180261903748,265.6829650592148,50.17462159538998,17.59654608851384
453.8131636318345,264.9935069828471,50.78930558123354,17.476290149765127
465.69494279166145,263.82151798689404,50.09333416038344,18.75261520092115
482.09059876106306,263.25587414561585,49.70848965932434,19.54505587214981
497.9423334567509,262.0905607994129,49.70749676941351,20.111124606906454
505.7069643916642,262.3771377092265,50.90256580168648,19.73318817316733
501.7109674178204,261.7451096719593,50.16344059349021,19.564662107732868
498.5316527350005,261.35336728100384,49.472502259697805,18.977889035182102
495.7511754641226,263.0392622230559,48.84767675308314,18.84363009780949
492.8573828125422,262.2680041832644,48.39572863186648,18.825257171731536
489.73090532131397,262.1263535129961,48.14827782590139,18.773620045719184
486.85339539584777,261.47757010138304,48.22955061415061,18.544155924121107
483.8872497644554,261.57342776516884,48.25329781336721,18.405256775199206
480.3162187498038,262.30459575484576,48.19011625517658,18.291641584801027
478.09835860080057,262.1749466201494,48.10700530013126,18.26462536673653
474.6608553169714,261.8034030640965,47.547031475333625,18.703389252628718
471.56547194789243,262.1456527546466,47.77091312361719,18.507775274207976
468.0805508430615,262.7917751983759,48.17325283465246,18.2913124473727
464.5234973096142,263.64880343384186,48.10492057430699,18.269458067657737
461.9739638221288,264.0483329633717,48.08771986815594,18.1229539974592
457.9690941182033,264.0461102846794,48.16511531619864,18.089244588880188
454.34264068375154,263.7707870924372,48.42333987309037,18.116301839148313
451.0937992720065,265.2536234604218,48.40846137532198,18.27750402688509
447.29580956966487,264.4404926353563,48.62690448316078,18.37546372274676
443.56142675830966,264.9540981203515,48.78688848203084,18.526513317560422
441.71068881388516,265.7907228819647,48.861968668517775,18.422264992148982
436.73989656634336,264.9814115186119,48.383017122341585,18.379950290380172
433.08713262036554,266.95276684301285,48.54880311671428,18.39513539734603
429.7980124355319,267.07449938285714,48.872565031791666,18.315883021362353
425.71622047742414,267.5852629392591,48.99427692347099,18.356417337582172
422.45298676150855,268.4151616126968,48.48762849150212,18.343447450042046
418.2179261831456,267.6908355739889,48.44951371683162,18.427853635886823
415.2426897222346,268.7898401451665,48.901317491162125,18.34235064473089
410.177662494407,269.20950304194326,48.78551184702484,18.540697490070528
405.78872945170775,269.6926600395275,49.05622823607328,18.51574641232541
402.02436543129187,270.7457006240057,48.71107541371531,18.478570358496505
398.55148172668754,270.4665085292602,48.90137874592811,18.70918508969357
394.44296645657266,270.8877715465481,48.807323585169115,18.80731166398928
392.2197014021943,270.936260921427,49.01273192497448,19.03259937369645
387.30981609800375,271.60126484284785,49.43603913919051,19.16620694833521
382.56501571457346,270.8442257133103,49.904392995955845,19.1189111391501
383.8898964422204,272.1603437635811,50.93143584478488,18.832868590625687
395.60094939334164,271.581594585827,50.01936641104825,19.610917489203814
411.59321296642554,271.2740931016882,49.553144089709626,20.411529291509677
427.51423178134456,271.56770755407285,49.59985653616552,20.241074540449787
443.4427823244387,271.47069920233963,49.90771058913726,19.88741265409535
459.34005561936675,272.1722743036978,50.038432172499,19.86637817308161
465.35049208722506,273.64382508684014,51.007707781093885,19.345957223175724
458.36125544602095,273.7875424398283,50.51471118435172,18.85394469868641
452.51921956761635,274.58712990749893,50.44714357501107,18.698501071328522
448.6513534238351,275.5082127307976,49.857292404626875,18.807098888705234
444.68080821363554,276.32421445457226,49.77843100465233,18.901555063539014
439.89771067983384,277.1252642218108,49.50292647203611,18.83045793136747
436.0311701093869,276.9676493030687,49.384677809463156,18.77423352996012
435.95143887150897,278.29452383429816,49.635904526676015,18.34629284953555
447.1033618208667,278.3877526169233,49.32625075137352,18.769233649305967
462.7887064591919,277.5952379781663,48.702643231314966,19.599189796689167
478.1283516207459,278.01147833299865,49.04228143603908,19.207172391544198
480.01291531136474,279.91951124116474,49.139617477576564,19.132514923295503
474.34949297497855,279.57144489914634,48.82724477364003,19.19678156948667
469.05780565122353,280.4402586489728,48.78520934119395,18.97232919972424
465.1555199473823,280.4171767730551,48.54051202634227,18.718862846064184
459.69931939346156,281.63415461146155,48.85149177798258,18.422883815674652
455.2018626972312,281.96479389515747,49.72847475815085,18.05694286568012
450.950474538389,282.44964040523246,49.878852203459644,17.870205134417173
447.25980420198385,281.73287507893775,49.70260239165093,18.22531598243348
443.40179568882724,282.0339189169141,49.630204462824956,18.177603776165398
438.87790487838595,281.38264546124225,49.624432502469695,18.11732338648364
435.50967403875154,282.28827484997186,49.85411927939478,18.064212683174603
431.22819399986304,282.5115974230034,49.904240039850094,18.082106498760382
428.00175626553687,281.9121221278065,49.599972011035376,18.50481513101287
423.5908849807508,282.73914996187756,49.93970087821489,18.198522047557017
419.30266716987825,282.30408167355836,50.4785092798062,17.91934672405655
414.5353430035637,283.3120389755286,50.47086597119989,17.803025473387596
410.99601853050314,283.55817648020394,51.6668621577691,17.39384575380366
407.8219936087309,282.9640293715564,51.789655558289866,17.2580446027134
403.9632442159974,283.603859416676,51.85880887332841,17.373270410110663
399.2269573278518,283.9544336043089,51.67257966347458,17.373085770425305
395.0104759382372,283.64988818663954,51.882901451492806,17.616288993659673
391.00186390207216,284.1164998772991,51.5730896198922,17.63312139036719
387.77016042092646,283.3276159506101,51.54047960296616,17.781029724740264
383.654942493701,283.73036945903027,50.760047384907196,18.149679612120526
380.3359699589059,283.97796294719103,51.085286460845175,18.022791762424028
376.60810704705113,284.1339759076668,50.66228914002346,18.29858130501549
372.4439782406463,284.3874199197483,50.56245856466177,17.98078806272807
368.64078252847725,284.32925851339047,49.78487686735677,18.086771715925266
365.3500840224439,284.5698412006498,49.041302680387766,18.060622865006213
361.88516925019326,284.2876617260559,48.80625481018569,18.09662919597652
358.00353667373764,285.28032251739705,49.23762699587279,17.955020300786572
353.5713856262991,285.28830553355033,49.669743917715216,17.97436049866751
349.72551913267995,284.9328483610261,49.664008624161255,18.027013663791916
345.7668475447359,286.243043802365,49.34902624615525,18.255823029832435
351.72590617484514,285.6050589171112,50.072140522802144,18.343584458741496
362.4903849718056,285.9515104764713,50.12611635478447,18.640384101194513
377.9840705478988,285.4488316423579,49.695965661582434,19.095464178669673
393.3977781077657,285.604779750559,49.97071004197069,18.954257157662045
408.4008482972097,285.85024755349536,50.474566077267326,18.723426982869164
423.69843996068084,285.9158558396299,50.92876400642858,18.535982510512166
432.39337573051245,286.5756465509436,51.36848421786396,18.460408913736316
425.25026949229914,286.8419363097805,50.994916191971214,18.29219250016744
420.588621302079,286.9743956593206,50.710763040856335,18.34678038668526
416.4971360844514,287.69746273678135,50.151584123084156,18.29190017997538
412.9330022550964,288.04574482550487,50.106510030695574,18.05594081920352
408.19251248829113,288.1266450795779,50.77720018137154,17.80847053277011
403.5051662645095,287.67651836876234,50.36025425460615,17.87162154122375
399.6876151563685,287.7172507859841,49.75381651574902,17.70017884632943
396.5684564921696,288.5663048355406,49.55371450210576,17.427520953019357
392.436285387793,288.7337695941574,49.731717713971726,17.480479211683708
388.5234262885764,288.60793276872846,49.18997470787622,17.602696506373793
384.3407294392818,288.5009060736551,48.949181539705144,17.921042438262937
380.2789209611494,289.0014492160827,48.87571502276428,18.075632399097085
376.2434162271277,288.12039363688615,48.41507680861789,18.321460641421183
373.47052554217686,288.73143652695376,48.45024712123798,18.19327530340938
368.83469678675226,288.7354099085249,48.197324630256134,18.21234291500006
364.9672739000735,288.77834261987067,48.10701419176059,18.335864496683946
360.46212203580205,289.1343923018349,48.12256789741537,18.427069506973492
356.42663888491694,288.07126244000114,48.79360133785752,18.307674409245106
351.2486614390627,288.7820696639041,49.24527747437797,18.195552549482407
347.2189707694323,289.1495048127543,50.24356262223252,17.945156672329517
343.610756898861,288.3229603504354,49.509445529238164,18.465662813268253
339.5045614806179,288.0321759366971,49.87894371893477,18.1937476062066
334.9218281588169,288.96737745633334,49.62698616057146,18.15206072580104
338.97659823849835,288.3359219012687,50.24368997398684,18.270881302673715
349.68520905850903,288.6116705691339,50.19097791648511,18.795307409783923
365.42228535379843,287.76209383508245,50.06402571958297,19.449157771578776
381.6594236009874,287.498218243091,49.608532794541034,20.013686895209187
397.61285956846893,286.96340168300264,49.29832338094023,20.681026661113034
413.4209680560502,287.40345907777566,49.403526693863725,20.654179064407572
428.97171315095096,287.88440940823665,50.113102177890305,20.673144180024433
439.6579239164003,288.4120011163341,50.436693143939834,20.516417814153023
434.4334200985723,288.53257772868443,50.06959112230824,20.1171218290564
428.89183967931365,289.536869283924,49.81080154426063,19.421929808016657
424.4098897967291,289.55292614640496,49.88801498435649,18.9047584310581
419.85782284110434,290.38593902034665,49.644215126379876,18.57832573603877
413.91936477283673,290.06955827432813,49.91094850076912,18.673589946047613
410.2033280289716,290.5438223053498,50.180342793095335,18.17050873287355
405.99037142395673,290.44481168425506,50.45366811250007,18.109760731107432
400.7336530797414,290.7465976409157,50.0422819936188,18.022024043368347
401.0747228305552,290.78686586648683,49.86259444826331,17.795039531355858
411.5263691026284,290.1962720776592,50.02428527203678,18.23317623573156
426.9710659911464,290.10829367087365,50.06727598596752,18.546531292253178
442.7571645775159,289.22823361607675,49.683921586666095,19.248969364493377
458.8099354630518,289.00600933490585,49.50983924247416,19.652106979446778
474.2502105119006,289.0963642955378,49.7262148802501,19.623762534075865
485.3281558792594,289.4803166302688,48.899656497217215,19.718144968743694
481.4299771918172,289.2933943524943,48.77113813586489,19.02117598764864
476.2666311852847,288.42667881862417,48.30858358978689,18.704179141723266
471.715374655213,288.36121806962205,48.27898986892443,18.404281098511518
467.30976781704345,288.40560798479544,47.981140396765,18.20189204360688
462.8450696801605,287.7261259484428,47.81546201690533,18.094962013261934
457.9224324221924,287.7380208128181,47.85825488153548,17.922237979797153
453.5876925762433,286.84788630793355,47.45565396125111,18.361098975268817
448.89392983716635,286.86313830421807,47.846245502332216,18.31318379354598
443.9995178477813,286.1395187053786,48.112449279991395,18.312544034430204
439.3324792346859,285.2402022449994,48.11038205885559,18.364306437457792
435.2248014213491,284.7140113837962,48.13144943174493,18.220674590032303
431.2119909765107,284.6273054099712,48.11284558234708,18.33069964291984
427.20206584566034,283.4927463151569,47.896501233452085,18.75561686380601
422.68760990698786,282.10261583145973,48.0053891926452,18.83491862557294
418.4248874656407,281.00691112886403,48.194688674338536,18.555079642473977
415.2484137594749,280.742668796285,48.43248563501008,18.557050015868754
410.7403679743659,279.7378895172811,48.76521329073831,18.347399379693186
406.712381178456,278.6909128066198,48.104149681630325,18.966447786977753
402.2994069375087,278.4222368812026,48.41743432227739,18.808471879023102
398.5367592947434,277.78431731113176,47.654288903462366,18.879480372649844
394.21990583338425,276.15686081342545,47.32061530249891,18.742606077489263
400.7256274657556,275.89270081632515,48.225664499914345,18.792929007099417
411.5146383809461,274.57374840572817,48.57099205002658,19.30271435960443
427.0281229539602,273.86100031035204,48.27450309809028,19.832366746474094
442.7760236598016,273.07506683351426,48.209230327154486,20.398310071342635
458.32088904553655,272.32824609135304,48.42672192201752,20.600633377488165
473.4926434456892,271.6507766111595,49.53220298987623,20.29979130722044
488.4792648700499,271.43102584664126,49.51994913956801,19.857139504023422
490.17041005937716,271.71457143312745,49.604036257632806,19.04235106709494
485.2084857636429,270.60183654324476,48.91220987656716,19.186073553388034
479.63108598030595,271.2589051095655,48.641827100711744,19.02770791465833
475.7855462933036,270.34833415677684,48.15630220378144,18.77278690252622
470.96879892814644,269.97515428825005,47.84283934589992,18.627089459175146
467.3684078086752,270.3153138114348,47.231078192660966,18.561590893152403
462.5762539867226,269.6784058974294,47.212940234149265,18.360569894838676
458.33111529066525,270.56472379348526,47.041393399884555,18.186957564068816
454.76864907426966,269.8783972617057,47.5806501162756,18.036161087489763
450.5721604727755,270.2104761452727,47.34411930077023,18.219574097295112
445.6857284357979,269.2841284050076,47.38636775888078,18.024849076116325
442.03232027061836,269.33756918667456,46.91082639652137,18.271791442807476
438.0267784496297,269.3110100048123,47.119277706650436,18.098634466809376
433.71926553066714,269.16496481442465,47.138774941975505,18.57430807736486
430.402273218267,269.17505910941605,47.66960633801607,18.28653525290597
426.6869537037289,269.38124744586656,47.28216351131833,18.4353704044221
423.01088464923646,268.4066230984635,48.05311723309617,18.617789727775833
418.77816604543744,268.5452302611543,48.45252203102618,18.372305942491057
414.0676494738549,268.33572231628256,48.1385564711884,18.634728509480595
410.7346163767021,268.5944628465769,47.70593787774368,18.66837255808766
406.4100789150392,269.3516725921753,47.82788267411641,18.584727040355833
402.19558019033343,268.9306374753348,47.99795087090342,18.52125895349551
397.8024199335524,268.27900563701525,47.719182158696455,18.854838982978777
393.68161682893174,269.21664913060874,48.16476309175367,18.57347079614574
389.1712201102066,268.338633738787,48.6886140090624,18.25793619015606
385.81103103977665,270.99629153376264,48.15654502162633,18.689169729690875
382.38550363177325,279.20921656516515,47.879605300279614,19.131743128799958
378.4973097805188,287.9922145913791,48.15319635285577,19.721852117875933
373.70736810691494,297.0618368200287,48.59522226292962,20.284128580376592
370.594597148897,309.8627805403774,48.4115439603071,20.216548619537495
366.64116162967855,318.86159219777795,48.57395966121948,20.600225277270674
362.288617331395,327.9559560773921,50.245976739842284,19.94432298801306
357.21696903752724,330.41920173469146,50.291287106264306,19.47258745649532
352.9697791500151,329.51281882408216,50.94548600741782,19.32607850888466
349.0392883945764,329.44965942122155,51.51396559187315,18.76622512727755
344.6128478858912,329.2680042509947,51.70721201909455,18.332007260429087
341.8116242697719,330.2549780413748,52.03347516930183,18.074450289410155
345.45931309828615,330.9286126228638,53.19089921668008,17.719164599733087
357.17883343716005,330.30193802804195,52.11228448802899,18.541414761981507
373.4533032941352,330.1954181514981,51.55930310232582,18.790042600720643
389.73968920640635,330.2652300259258,50.984992047436734,19.243343029511827
405.7658140219436,330.5108597401264,50.6773694152637,19.48642945443929
417.2835017452069,331.2832399242817,50.18523928428881,19.83850846639303
417.6765472714422,333.3669311763399,50.46398842938139,19.069150044460507
411.4820970599609,334.47055403915573,50.16794088481468,19.46636670400642
406.6816542482328,334.1872415806762,50.28144552682551,19.064298603005895
402.9646172885337,335.946981080318,50.04913284191469,18.461322556297976
399.13792269776104,336.1991728489971,49.25203774764211,18.18486931142691
395.3585672274064,337.4957672957964,49.651115528713916,18.073208223156666
390.0047466713471,339.05783692212515,50.05956230489501,18.12389559250845
386.89472847985405,340.1652221368325,49.59277388929715,18.186325385109168
383.1938573747558,340.6858433823427,49.35611602167386,18.27198380541998
378.4310868155843,342.18272795014525,49.16638614392315,18.26317927896097
373.9543069262143,342.22767462145464,49.09516088085404,18.21615986280291
370.7459182075886,343.1633517748966,49.707135900350266,18.08681996403054
366.7023745842594,344.2102869675871,49.46724446353703,18.147204253561128
362.71869217828976,345.3226020856658,49.5323728138369,18.08159086501421
357.8588392981228,346.8452022446915,50.34542612360927,17.937049392864164
354.15349895397145,347.3473297374223,49.78939862862341,18.287548736130383
350.649031618542,349.28539814155977,49.10434831413074,18.76082913748065
347.1831158378419,349.34770894922235,48.84036574284056,18.903522462846425
355.26101986216787,350.13168435967305,49.59534146188881,19.03627240183276
366.39186186634583,350.7123862946877,49.54490966605732,19.155152102093087
386.18486778363047,351.7682243285232,49.58032727484739,19.32361190440191
401.41258315937233,352.8300127452452,49.654967781908525,19.399775242390447
417.17862945596715,353.1694799262524,49.65351483715639,19.45018292377585
432.26408970610044,354.60079132531416,50.22019466342795,19.63195891028979
447.4527816933945,355.7216234276046,49.80745035253614,19.755653058370072
456.05235602366315,357.7764569017008,50.06617408274587,19.248496562448118
449.94059786935577,358.6417768499966,49.42586173230299,18.850708433396587
445.18669270010946,359.8623213870973,48.98519718676249,18.567502764880437
440.9841807691775,361.31784909917417,48.68935721043053,18.536329676389627
436.452801615141,362.5081987399739,48.47147587006603,18.277304455611688
432.7157483975568,355.2780059414704,47.81859866265631,18.962841114630514
429.20815438713134,347.0412645236938,46.8884489111378,19.703178236377447
425.07573055601205,338.4631635157887,46.74597178242183,20.2380137513331
421.3247971019209,329.79294831818015,46.15350408824821,20.688900613225044
417.1292830409357,319.06771978977764,46.4608835285779,20.085570438584806
414.6271610216593,311.5003291478546,46.00336513884707,19.935988929462212
410.3617784618472,302.91257815058424,45.47210137358354,20.629145342948153
406.81376313748075,298.68796274769943,46.8613892587972,20.36245188571729
401.29084409676676,300.8142269959973,48.41568070936583,19.01331093566093
397.1439407429669,302.43833188085296,49.09540269635396,18.211732835947725
393.08933907057127,303.5674122171086,49.68280027790053,17.737271437499494
390.1432545132821,304.9611917648745,49.63169155663302,17.72342569226378
386.1903151902187,305.9997635068506,49.1455652360239,18.025138867247072
381.741934856487,307.0289486168811,49.365881849837436,17.899837518684183
381.90214901511416,308.5336538134806,50.03876660669501,17.796576989681977
391.5096237881943,308.3535666126396,50.77837257200936,18.282824096155988
407.03499074815176,309.2783899129361,50.403635432489956,18.839602494799983
422.5540468787848,309.4817427659747,49.87915117720534,19.169843371517068
438.11250496388504,309.90713773570354,49.42770703764444,19.372635981154573
453.2078692969495,310.5207934236924,49.322444756403286,19.231538193891424
457.0062951920968,313.0828624479797,49.58149277689973,18.717889990592646
450.86973076371794,314.18838525104945,49.132652029165214,18.31381819941746
446.31468331128883,315.5095477298101,48.4566923228174,18.441769311537293
442.1994490012819,316.0779349980523,48.21703765181564,18.408663464780677
437.91741659907416,317.0246834793574,47.889222420830684,18.404685836009875
435.16453566207474,318.2407109766874,47.469065715727936,18.31079469404149
430.50837885242277,319.3605783801715,47.75440274964378,17.89554983820711
426.7001919841963,319.9655373656511,47.92456037968192,17.744607683020995
422.82336225606394,321.2908021777571,47.985601465890504,17.777345413774153
419.1568015498865,321.66408022298094,48.27128616407295,17.497048266407297
415.3746224816691,322.32822560350183,48.73757463269162,17.434231467195673
411.7740379509552,323.0505455285317,48.316763027005166,17.783965487031843
407.52134695403606,323.31781298296187,48.53985074746697,18.027332525669827
404.6129626370786,324.0645945254977,48.924961113407036,17.820626687950877
400.1669739192559,324.9086615314782,48.83842387772674,18.01133085748557
396.0261156059988,324.55518351485625,48.394482087492904,18.219667185290774
392.3959677650618,325.79950232258767,49.25348496846361,17.89702135297002
388.9210960314747,325.4384314168561,49.846084556701044,17.773421952065224
385.620450061941,326.05141472427454,50.20996404307061,17.780648853959555
381.0263860717105,326.4061352921909,50.20173906485256,18.090721921198302
377.42746015686936,326.91734451487076,50.33468382056016,17.90576619909386
373.91989512866144,326.37141186037064,49.67863887392427,18.009149092417992
370.358164438081,326.6712573531195,49.42941672999965,17.956287211343763
366.2124789097999,326.9984768927626,49.0215175381487,18.080145019932175
362.4989490453713,327.4792692373577,49.38438211090855,17.894668655269644
359.82254072711237,327.9536975713511,50.02959481599946,17.75806117093774
368.71058486306424,328.28215779047207,51.07420623586814,18.01229077093803
384.5937145142173,328.0673372130873,50.71632934933345,18.598555736237415
400.38775104971035,327.5631507488416,49.82876058132589,19.514748315795973
415.55794857067457,327.6701470347915,50.32673681625291,19.29276291842524
430.99968670054716,327.7255207282288,50.22025526170792,19.426972665678363
440.10633188923214,328.7181531520603,50.17659684234583,19.221998064025136
434.3549678679545,329.2630377628872,49.922906656751664,18.613400807970336
430.3479762598651,329.69931300180406,50.04283593692578,18.019589693091767
427.01999761234885,329.97831629024125,49.251337348932246,18.29710982100567
422.3071817427047,330.27677965152293,49.24318841805455,18.046280686981376
417.8235665350358,330.8110920473706,48.82454408516233,18.056374319129375
413.8898087274521,331.07988762127326,48.673398201306355,18.112871844915688
409.8228934293214,331.5963517966535,48.57379125942066,18.22343428547608
405.8203886695636,330.7363039098935,48.706074815343726,18.3022842170161
401.79942640866517,331.7841907125464,48.31473365110544,18.40368754499894
397.48038919933197,331.6039124551256,48.218201326913004,18.22939501217956
393.89486263794646,331.83037399019236,48.4985045183486,17.94743667481223
389.7761022446593,332.3759499254827,49.07972428334694,18.036505169755895
386.9818810185052,325.9696023507356,48.56484279919272,18.6131096591548
384.5068746605084,316.8644526982552,47.271458756153095,19.823115232426193
380.61382471257895,307.3791757421268,46.54632341489053,20.92302362161177
376.81218966564467,295.29885957176856,47.02641884140068,20.786630281786152
373.64225242978097,287.13318564721294,47.083930375200794,20.69370750101463
369.4891630468629,286.75896737756847,47.707712729141065,19.824588898854625
365.707139639264,287.532861359333,47.36111930462333,19.341411297378393
361.7911186204678,288.7928412085677,47.66416582829983,18.681944066789235
358.09573003327654,288.145603587745,48.00606147192063,18.302710511933636
353.4650609239698,288.72306509743925,48.457072160626794,18.274583261282835
349.4897731138785,289.2336756247067,48.78632276478761,18.07807215862557
345.3016666667111,289.62214277266617,49.59870480661389,17.986572859788296
341.229151713514,289.0143160743304,49.497317667414904,17.97045144948354
337.01609036311504,289.87883696432743,50.92945709947509,17.481495390505415
333.2755469218505,288.4359443768487,50.8260274567356,17.688870989046944
329.2718136574157,289.1740491416317,50.15224436707485,17.66014154199274
326.92765159977694,288.13033812373055,50.03961509413824,17.873353220129086
336.63577410898233,287.3282176001022,50.625204945112316,18.290586124914363
351.94474380451214,287.5368508690027,51.11450241623531,18.54596408307752
367.6029096162554,286.48131720875466,50.00656388967269,19.53235934832907
383.71783066358483,285.49941763263826,49.72710974972567,20.2403537234166
399.55271724251503,284.8301016466648,50.027709745551746,20.532476429463866
414.9722647967741,285.02497124034426,50.75943067707277,20.007949459078148
419.1719337409354,285.3257691975779,50.42016187291762,19.55518842877753
412.7567541248552,284.8007638002663,49.531501215246436,19.561093574406364
407.09311313805017,283.8831521634193,48.87865680793605,19.36471732646338
402.2896022936449,284.14703556284474,48.483923736004385,19.118536191169607
398.78562230645883,284.15415028035034,49.286433175556034,18.807436405320686
394.81190692497427,283.2038752880974,49.25066767998023,18.96374777479061
389.9368314679596,283.661609196254,50.04207168391429,18.60525544237168
386.72365916688756,283.6183136124926,50.227485251970315,18.492566929046298
383.65252150348977,283.1518730065733,49.63950878967283,18.859236857678106
378.95168992283476,282.73423218425677,49.60396377532367,18.829119797305435
375.2241310205547,282.0408927050478,50.12715008421727,18.634645720559497
371.4917638520376,282.2863428789176,50.485366629503474,18.52046934776307
367.16511562783,281.763035573404,50.379370475379616,18.467297796413806
363.01401179603084,282.86259141377275,50.05364368310629,18.74519922679091
360.0440425588463,282.44632687529634,49.06108990131085,19.109165194107412
356.9427749438708,281.6638404143769,48.97321556628992,18.93413619906085
353.19041438457396,282.69279435179493,48.894726693428495,18.59762333994136
348.8994111426535,282.72279894340215,49.49726387795305,18.114713599208937
345.0156096298377,282.9221846823597,49.72681434468572,18.04372612312101
341.02864814149194,283.151134644997,50.29218562841456,18.04969886897379
337.1158038880262,283.42050055444884,49.25267504629575,18.574469361776693
333.8741665616109,282.6182638744842,49.25783223315358,18.76848081908746
329.646117493461,283.3106895777694,49.29655480487809,18.995723814830356
324.91156527651844,283.50883601655056,49.29507341570407,18.92924549052881
321.28788625477773,283.94446632272746,49.122382268664246,18.796241213433476
317.1489370743333,283.89305024355565,49.269241010107464,18.66436722327188
314.11826270440423,283.6165724792151,48.916894414577314,18.804671153499456
310.1916089446398,283.25058692000806,48.68358446431857,18.800110477842424
311.36727486498626,283.2677383492185,48.13078594405257,18.592461174457043
321.92340557369636,281.86521314307066,48.328317998922415,19.329660281744886
337.08994388919336,281.5587129809381,48.198103153817115,19.666692233188158
351.1450585025952,281.8829442591362,48.90681122864915,19.636348082134113
366.8544782485473,281.4992842135517,48.43717332060722,20.192583896865386
386.32750646486465,281.0910778497892,49.422456151888596,19.900949019829437
397.62287213358076,280.7465294115594,49.151837042849934,19.861676839110615
398.27497236223957,281.585442644227,49.80288887530434,18.912331487686025
391.19575720838156,281.1377610740694,50.34460184445835,18.32295568204029
386.588728693525,281.2930846422764,50.83054188503564,18.083211630798395
381.96793619533685,281.43166694816665,50.60790874176359,18.100718077672695
377.32382491188224,281.39420649591193,50.700794013140595,18.007992246275492
373.09795010952877,280.91628757579514,50.80837781584558,18.01629624060758
368.7977095194826,281.32196045060726,50.23024342586953,18.139981428178192
364.7390372207145,281.03468569483726,49.98342176364012,18.20843827213853
360.9642921102585,280.8649036634447,49.77989503585212,18.459054532141657
357.65589701524215,280.6333359994255,48.602666480462524,18.914209914900336
354.44899798217546,279.3304295563131,48.80441410866861,18.50119440909636
351.5316030995255,280.1343550325619,49.26567825446173,18.308887728067763
360.20365945328626,278.86644341781414,50.38198997015796,18.632917296445804
375.6864344211204,278.77712687283145,50.21990492401606,19.322363145810655
391.37782366621116,277.8710904480253,50.16111439464997,19.861048801743102
407.3678616032647,277.20627525044443,50.016583106724475,20.205759887288785
422.8115280563883,276.5344242139356,49.78924051114626,20.414188861360753
438.64097013360515,276.5086738927625,50.53827719411491,20.13419284776603
454.40998042450485,275.81095144898967,50.205617024913124,20.367348592703074
470.1468746020782,276.3321747793968,50.511346797207906,20.204694145328777
486.3579757249133,275.7927550582023,50.41398891188935,20.527503624224373
495.5760677783747,275.72183324520086,50.54272904507881,20.040130102400155
492.6057987677231,276.03580744131693,49.96201061954351,19.269225647016526
487.13573494237085,275.34999312088075,49.74030069242821,19.304453421380472
482.13759497139586,275.36964802622373,49.17633893515945,19.09465702638873
479.0978959988649,275.82979978803144,48.38672261706836,19.01011224844369
474.15129833938767,274.62064564863545,48.084762792285055,19.00560425068533
469.6234171678907,274.6022538479332,48.23763016152406,18.540973076241528
465.089820726804,274.64175811367227,47.79383480822374,18.498117026796095
462.11012524028797,275.0164797227926,47.952433087164025,18.221713316421305
457.5072848700206,274.46995763863106,48.06823765277207,18.425974983523663
453.3194715799819,273.69151520450595,47.651292211365075,18.364976050313693
449.1891638924756,273.8678306503986,47.67149582795481,18.099429600905385
444.41125794460964,274.00121678949995,47.83462946288355,18.018314972935013
440.4589100479644,273.5535932180508,47.67687961561006,18.255202588245417
436.35702288415024,273.35770410153845,48.24953421515,17.87681525864047
431.49089310951626,273.6922923279533,48.514321688001985,17.833178287450664
427.1001474073946,273.54015255372946,48.411168583883445,17.527164328322293
423.4170166571519,273.76766810778923,48.25642636122426,17.31686470604641
418.88087571150817,273.29375729240627,48.25136717279986,17.185070028600087
414.7994624479635,273.8368749851855,48.160606930785235,17.356711516058017
410.3071708872027,273.01023216301496,48.266000561034836,17.103147537672577
406.01852888687205,272.4186586243949,48.14210791832459,17.300460850836565
401.6440429034267,272.2960991686577,47.57159898921924,17.340157524795455
398.3364830289302,272.6673249176948,47.291645801200424,17.187309987235306
393.9106842866496,272.08329695740855,47.92161223565175,16.88293448652791
389.2169118053051,272.59674344239534,48.76940423813569,16.81187566686869
384.65362443205964,272.297134277128,48.3495970342482,17.247672739072996
380.0935020732398,272.47478388365454,48.4340875480915,17.17711775891293
375.77869282431215,271.3887586868469,48.48607123454543,17.252700419144972
371.48399213710337,271.3354736320609,47.992935911575245,17.27953351364853
367.1761466872025,271.7353431455496,48.60040137039797,17.213164194732308
363.2404593816719,271.74431910555404,48.72587153581106,17.170214351200237
358.9263524761127,271.7687584120942,49.35880460428419,17.152994585004834
354.70708928021855,272.13206694904386,49.179514071023654,17.297503328404392
350.82366048282006,272.5525229864509,49.467163673266946,17.30979228527517
346.6433807232449,271.6574843734379,49.38288562222686,17.319447419817173
341.619182861957,272.178689535996,49.254365222366076,17.396570275891413
336.6492126701162,273.1864555442477,49.266872592131634,17.72219903361905
333.76211319065567,272.78134116261157,49.67797722121871,17.818370172551234
329.6015520864248,273.2544052993207,48.7785717807546,18.14446799433251
325.2945616559617,273.2255546624188,48.54092052345581,18.321089370851855
329.10963422906684,273.5519943350247,49.62187309453069,18.00041973194655
340.37840040273534,272.8200655644444,48.84481590588504,18.874390250134994
356.2562114324038,272.348922383233,48.311804320181,19.66126720196194
371.86436304176044,272.4992207392204,48.22485557839643,19.908679945191068
386.710683991442,272.6867445478493,48.56057786055175,20.06313561381822
402.5354389039578,272.3984234182153,47.936950756467475,20.86469009928622
411.530878326668,273.4156393819877,48.89303045291713,19.936237852756477
405.8489889903253,274.4092484567116,49.94834221428666,19.04778197709708
400.3498100379678,274.43468149290953,50.48317053220964,18.49109068316269
395.13153595392504,274.72419327357915,50.33029265964578,18.35462690051385
390.1559934288048,275.5746686140883,50.24911872245963,18.347029634031067
386.0638406750715,275.6101154922705,49.43147205860043,18.524007365999452
381.2835322394329,275.1913264600703,50.01497425244854,18.4008548181218
377.0727705834028,275.58645199494975,50.09525095958914,18.0868337140497
372.85153641017087,275.2447318123684,49.81606346041098,18.171374953159606
368.42999419020475,275.99322243258325,49.55676237940813,18.225077449530946
364.40761060013256,274.933991503128,49.13885351127379,18.60176844490846
359.7939172290591,275.96968277781434,49.0552327537258,18.856269284055045
356.1783210972917,276.01877913343077,49.82230272188099,18.814892536060697
351.26741310192745,275.1868607435593,50.226581977074794,18.77805013279734
348.408769476616,275.7118172862255,50.336803550054924,18.6382891847445
342.4624519511124,275.73001763813176,50.261404810473614,18.44247553065463
338.18204948200025,276.60898420256115,50.2957004637249,18.325303300385944
334.4702734004141,276.53882469090615,49.99383882761131,18.488468193579784
330.56310279748357,276.66713472634297,49.995614706781645,18.41702857815249
338.11218770919106,276.09243582194875,50.70745197870356,18.60244422208104
349.6769297091435,275.49510027800073,50.004817344033114,19.479648544334932
365.2747528547702,275.11642991116867,50.05936750968891,19.804188031355977
381.130582653045,274.80182225390473,50.07087723992156,20.363854902924118
396.90282105488717,274.8926211875595,50.26702200300966,20.629782983900625
412.8922640840208,274.62829347809515,50.28850215567992,21.01819107275982
428.5405479220319,273.7572933989778,50.64822834867614,21.354812650901103
440.3559559149554,273.8627094151372,50.11299532486536,21.47733047233639
440.69598565934956,274.52835768794375,50.176157834291764,20.60715608191271
432.7165255803907,274.8260150510306,49.62511400295175,19.942673935470992
428.8404781157177,275.8372977668551,48.73730586375522,19.44832188558928
424.24471278688713,276.03788439979974,48.12246101787626,19.301149223852644
420.1128502043564,276.0872873427765,47.91232067390456,19.25153536043137
415.1572275941699,276.1773529863532,48.621255332143775,18.850577492157573
411.0862540573936,276.6049725172771,48.584915853267105,18.72921877136274
406.572856728842,276.7832069428491,48.50583644878593,18.787907119124622
402.5283584852899,276.38030634217984,48.2615695386732,18.861853822076817
398.7937476315198,276.7314119391312,48.00084320239027,18.694946280460623
393.7770281336409,276.6744578055021,47.95347737331893,18.679371995309644
389.31401305171124,277.0809419090784,48.46532392054008,18.298150896855
384.4387830975793,276.98559032473213,48.21510385901642,18.48059359007582
380.1244492636748,277.21147283759706,47.649490902435616,18.391097280442892
381.81881091632494,277.45449461854435,47.807611364301565,18.36071692274141
392.78913575498893,276.52433508759196,47.199511735801764,19.049167541157097
407.710088204244,276.2451690050707,47.843030879039574,18.969761537960082
422.9699530052727,276.0924602159466,47.90336605054173,19.085733009655208
438.22743192718644,275.893441973061,48.04554893852584,19.191538472114722
453.1367041181579,276.3482549988826,48.81946137420984,18.48590082355337
468.091321544498,276.98934789533416,48.62018936637834,18.39206344316398
466.0032394795295,278.42471636246495,48.46294990897398,18.37349602260481
460.3763662862483,278.0048921298196,47.67807343939627,18.410508400954786
455.4786171429876,278.46792038203347,47.36954874618126,18.406736380436605
450.4110472085089,278.2979322714823,47.14055001192831,18.284607655164088
446.34222975993777,278.98605370663864,47.11451913758617,18.062473189964635
441.5535563403502,278.64878075272196,47.02899461598246,18.08566919564496
437.04440090693396,279.5174569497437,47.26210059542488,17.954673780017934
432.006522394665,280.25978607989293,47.48010481997488,17.503852599721284
427.5826958840731,280.7433113460907,47.267707830477704,17.510697915123156
423.51284866993,281.641853409142,47.192326765904895,17.67360285991289
419.082348353611,281.94887132592464,47.158050375227546,17.967009536475604
414.3829994770125,281.99914435375604,47.34191296149334,18.175923822743222
410.59655572993995,282.1735794603732,47.17501764542731,18.367495659012256
406.69952094972643,282.9662028742441,47.24997147175396,18.522820806978466
402.4669693265145,284.32309120476685,47.2304183842544,18.56985762058811
398.32961940474826,284.0089198170444,47.379340029544764,18.401244154902216
394.10827801910284,285.6435005204345,46.88063943901925,18.462047624296893
400.1526386918063,286.16511396800246,48.48501902287251,18.232406070137703
410.92038490539073,285.55738747371976,48.39576988183653,18.682863543356536
426.36439151042015,285.3511102009896,47.66698976503941,19.615645640277208
441.9933077947306,285.1233890666915,47.34155694617432,20.3222337485645
457.4516718401178,285.9337756022052,47.27520307720174,20.870252210053685
473.26282654019656,286.3469993119554,46.85850204496405,21.376954462107722
488.77806886808935,286.8501433648925,46.41229931056522,21.53369757666964
503.9576945826334,288.0946151008153,46.351187453620675,21.172833519191784
504.99948842650144,290.5996855274619,47.242822591888626,20.488941788518268
497.63374790030895,291.93274439110564,47.541724603746275,19.69651156695278
493.2391537511695,293.7234990162638,47.2351601859607,19.11923043171813
488.08138116970883,294.2314500471873,47.18925992194109,18.81775596024135
483.3241857750198,295.2931123343699,46.76071190669266,18.61185165393499
479.3468552115014,296.59138688474985,46.66198729917139,18.596138610838025
475.3079231067899,298.19771635264544,46.482125792957234,18.747141441099046
470.91116686783596,298.55012189641843,46.160658526907554,18.963714807326554
466.80291393475096,299.06454089510197,46.497467070232105,18.792058061008582
462.03768074453217,300.55676970805575,46.4257377109236,19.11612575896877
458.4586195937787,301.83787120887496,46.5006838764137,18.92387758177796
454.38233479350686,302.20302051823995,46.57097522530946,18.71930206275658
449.75112567447866,303.2225664291412,46.82132471489167,18.749093183153853
445.5693600848471,303.8222784340031,46.94039864928173,18.556689766119458
440.7223998843748,304.398329551117,46.73745415917418,18.531427646485177
436.49182847336255,305.8841396451532,46.90463927093251,18.49016372252719
432.87189495903334,306.2241328322979,47.555440270995945,18.293572149854402
428.438604254528,307.6608186324065,47.62161236299008,18.34871121553075
424.2132841741993,307.66179255216383,47.685033094631336,18.277011263985226
420.74728103063944,308.6107150032319,47.74918335605521,18.0432261200353
415.9859441414049,308.8251709495962,47.51548086804482,18.018137841427226
412.139616672277,310.44353408982965,48.355688296535085,17.996616991944833
407.7235782391507,310.5663528918878,48.495120089850616,17.892071345516875
403.9237833738692,311.09310199908265,48.38949531998642,17.943343433899752
398.841527000998,311.20763557853496,48.613281785516385,17.684782069505374
395.2894213752406,312.41566168240973,48.96629236106685,17.448425229568876
390.8223499237625,312.46918511109027,49.51331883183313,17.312027515888815
387.7264588861408,313.0586720535439,49.519122971285455,17.334469408187942
382.94151365450773,314.02118741905497,48.799567557476365,17.666897125575836
378.93497518097274,314.4286912036222,49.02982523345874,17.583576029334132
374.7977479063373,313.8420744765784,49.34567115541026,17.71127499188274
382.19338937833567,313.8374869391245,49.543584035082944,17.936575227246145
393.3498360553984,314.14752620639877,48.76684828898975,18.750074468652834
408.901339590284,313.66065480928717,48.16066739109351,19.815316189157983
424.58604271840386,312.8360657506606,47.687205730190726,20.830432671870497
440.1256182109445,313.75686153541955,48.02694092980185,20.55486397527749
441.74158167191683,314.8225459065216,48.36576400594987,19.646674692645178
433.97774190257275,314.8741231981617,48.14243932558283,18.99009062499766
429.48045287608,315.9615795194185,48.5000230166909,18.167347376977165
425.4479614528877,315.91377820526293,48.1481576803973,17.927034529204573
420.22475084381415,316.3354841382069,48.55405155479439,17.77689668446532
416.77375137047295,316.5928141846289,48.944168673168676,17.84567540530766
412.37200904109943,316.87135741900784,49.067406025091955,18.347680504542915
409.19559469648567,316.1667524837313,48.93118957119199,19.011971253830673
405.24636533147486,316.5597950881223,48.98891238889068,19.557952223370478
402.11710201908926,316.34915595815295,48.433918105306155,20.17998232437745
400.0231025830591,317.259837116013,47.94664069791699,20.56819041652477
397.12224231572014,317.1620205029632,48.10079539092012,20.0515048645864
394.90349817102936,317.75012331440644,48.41723093829733,19.262783047117846
392.6267342920978,319.12778445225183,48.89925505693914,18.925171552524453
390.4607816850372,318.2500169868231,48.850061523806964,18.713083488005353
388.1964709285776,319.25540471728056,48.644013351362474,18.36791190320436
384.75131963965646,319.92288041669804,48.60469757059268,18.229703635053266
383.917690359665,319.2752782114419,48.637059017729165,17.95389542940807
381.5715180002104,319.36513243922843,47.97579512839256,18.28303242232895
380.49989978603725,319.67277867080224,48.45441974033258,18.054843844593524
387.9780225502039,319.4349632238735,49.48327972652571,18.21204044041251
403.1880508153405,318.9047533125267,49.22074158309324,18.90101097140012
419.01609024557405,318.6324296198177,48.41215875534097,19.602665902050873
434.28468316352576,319.30412505467336,48.44951591870523,19.1457909477333
433.45310404783044,320.4915999426103,48.37636903248871,18.49119394075737
428.6999909355354,319.8205967130984,47.82919235638293,18.528732960129826
426.03670092980997,320.2086506787672,47.775876680730576,18.334391157332263
423.3232473176102,321.0018096549605,48.63282760248729,17.87206385989105
420.14711879328956,321.100895267874,49.289382575170244,17.56887917414304
416.41757777567057,321.1390806845389,49.33840944988588,17.65401627514514
413.3966728708136,320.8248198479222,49.43500689540305,17.60449720550445
410.6187451655169,320.5184444008552,49.827737267849486,17.363884466482702
406.50509907076776,321.45489424489574,50.31270748926903,17.224113206860647
404.61186981546206,321.31297353448963,49.97007282971447,17.31001256446057
402.11541268079793,321.3641442659206,50.00530210529884,17.21859184691923
399.17601976342803,321.2075680175356,50.16440381604573,17.432982300868744
395.9088806505824,321.53011906036033,50.22896692332881,17.257344994119475
392.9588953094857,321.7522230283038,50.166811350486846,17.505591396306272
389.1651450169638,321.6900866706556,49.89838828288165,17.759160235584144
386.35158742072053,321.4987565397759,50.21834548205155,17.516850120851934
383.0869488684222,321.01499494297263,50.033823110024656,17.375372273999794
380.38525193011196,320.8930695258363,49.799570788372364,17.48741838870517
376.9008177211143,320.21622713947625,49.13389197278613,17.813881243319173
374.1152607113784,320.63584376701493,49.254690516794035,17.462096889179826
370.6974099313579,320.1924137395821,49.0401248572916,17.383075298366077
366.68039085706994,320.38929547265343,48.98187784961757,17.239323455129117
363.2097388262031,320.06870022909084,48.8446601828357,17.18329755069094
359.4396158605597,319.05373076232524,48.79917842247204,17.389863166503595
355.5154737774225,319.3158551047225,48.34249661584602,17.3578557152963
352.51158024272206,319.71260031780923,48.199364724675625,17.8083598827432
348.2408656155504,317.7630004136742,47.77630499586473,18.290909395755662
344.5371485985106,318.3281439793291,48.467464291632474,18.16762890964842
341.17522124914694,317.7527624491464,49.20206928409152,17.928000381802764
336.4163136373842,317.0353836238546,48.74735128160387,18.265709630553786
332.9346096073671,317.22465079767545,48.771113097588945,18.378994306998138
328.4915133221635,316.9993441306716,49.41367811977844,18.174402868056635
325.0455069041684,315.686533978323,49.30401964152905,18.102658604043576
321.2799714073278,315.96723238072843,48.641115186601866,18.286755807296878
316.3898115768506,314.62060786357625,48.18793436690444,18.462664658343222
311.74654873231657,314.56724834496333,48.8684810902132,18.252508714642488
307.5684847936198,313.7359788016854,49.327074597184335,18.03068891829434
303.1587186546229,313.8460579664912,49.26951451372807,18.240162894781704
299.05781361681017,313.5889823443828,49.78535523663133,17.887280001749417
293.98318348424584,312.6906417157854,49.265694984792106,18.08093308072928
289.046432653414,312.2285555494948,48.99176718020828,18.174051262252352
284.79393233637023,312.0353917006707,48.54222851528456,18.145822873837076
293.73197631531457,310.3310239685315,49.58517932997893,18.73192554850371
305.3800217463849,310.3559493365788,49.24251292157366,19.339822617527606
321.32593864726294,309.4388650559686,49.349801739446406,20.10959324764902
337.09815959875687,309.03064002820594,49.45219134890974,20.649719865483668
352.89101198410975,308.8254660071336,49.63164618513761,20.701063439902562
360.1436772980179,309.5325898958522,49.99031397040724,20.591466446004215
352.0987709723693,309.46097202626555,50.12880406616239,20.0657545480964
345.00550195516155,309.95364321030354,49.8901063522869,19.700829119278996
339.7904880078673,310.23724157966075,49.373860443164524,19.533621598084334
334.0965532476448,309.7838425561008,48.89002490837265,19.800595910443917
326.3130474199663,309.26774318782003,49.28348500428133,19.506767134455075
320.4967227923639,309.92080961131734,49.55199851729872,19.045012043579224
314.76964714965504,309.83628286316633,50.09341672471348,18.88892625574733
308.13862521634337,310.25274940137865,50.705088086148805,18.671931246758987
302.5749624454072,310.0270428838621,50.231639816680854,18.8676356171363
296.18244423218835,310.491826511945,49.76539927320893,18.5251235672694
290.7984680775616,309.3918028249761,50.33246867078023,18.101843685958205
284.5749651721612,309.51867018028975,50.51671241187884,18.293334333340198
278.3839919714676,309.5298716921623,50.52387052896432,18.10384044660565
272.291107886728,309.20453699114194,49.82150374208372,18.606342909030246
265.55714674497153,308.13422259198785,49.74895685597989,18.856815795892807
260.26722754797436,307.532889827139,49.66579705051138,19.045051517927497
266.53958866453206,306.6719977262713,50.947312495923775,18.751213103848777
277.5898703383796,305.5123385778288,50.304205736973785,19.458352955871348
289.45774061857935,304.85376048188243,49.58032125567598,20.154179899812505
305.2630431346694,303.8427006575829,49.81058612706035,20.329819417262293
316.59273261163554,302.6391591843695,49.90138455655084,20.705863364131737
332.0724316963958,301.8244015371398,50.217253034369136,20.907371771155074
343.6304598213943,300.80250435695103,50.26653148591029,21.255173184907882
353.8222546610769,300.86968247821903,49.68363150381073,21.06864330179294
347.483330069298,299.60129231564827,49.72186086009802,20.219860253368722
339.12574208366914,298.23572733603174,50.43563683745926,19.42746139828602
330.31820164417286,297.4374707457687,50.50928819679851,18.923197906448856
323.042275601809,296.5177418954572,50.537402374116525,18.520388236847758
315.70052106448424,295.09751905318046,50.737012332249975,18.772685089080113
307.6933217679491,293.81414546625643,50.42440363161907,18.954039358646614
300.856625977836,291.8972641888132,50.25083132939896,18.95598619392855
293.43912613646563,291.396006439645,50.40800317705673,18.556277628391676
285.1636807694671,289.6725181711907,50.28310312431067,18.381437291749847
278.33204062562794,288.49404907546943,50.9460429502579,18.06159072939293
272.32945502433535,286.5621350616814,49.83868725922742,18.50029506541025
281.4095238618068,285.704938357968,50.42724114312239,18.7891474295555
292.62080480793577,283.9724820370564,51.127522039560716,19.5910001215037
304.215959815646,282.86541501321955,51.03892329733368,20.175380341128793
320.0696041971462,281.3095085975561,51.171932233307814,20.779186361313744
331.2923079966296,279.2870455700349,50.888916296938795,21.38135910138414
343.0789491585983,278.49919508242033,50.99121685874351,21.37532637299998
354.73844448392606,276.60793738298867,51.00900294148639,22.199150651715644
358.8343742258019,275.42476835256855,51.8846082862259,21.114216940171197
349.7013422409481,274.3268031472098,52.73409968513274,20.26008469448613
341.02819825727596,273.5843928828856,53.15221267994284,19.576056946996225
332.9415175988072,272.2777926428886,52.97303302703176,19.469582839740493
325.1040320323993,270.44039666775785,52.12496529571178,19.531504335213782
316.77516246440666,269.2586664464055,52.23581226555936,19.16821845719396
308.7029616195492,268.18846601693593,51.93941424213949,19.054230983766175
300.8152798123943,266.6734638817614,52.03941622314861,18.87059861738118
293.31688738354893,265.45206884836756,51.64262350515573,18.72990331925493
287.34288389881914,264.1922559014933,50.71958726935408,18.989869684271213
296.42070027434664,262.61712133102367,51.48009221361157,19.24303170088185
307.63773431735274,261.1462092606062,51.4146306949822,19.972536229213667
319.50484489744355,259.6015110496371,50.693764789927535,20.960984555830183
331.1829949455043,258.6773628663638,50.873832110187905,21.199059298002425
343.19000316725555,257.59655092037735,50.65121276141186,21.48440872346074
355.0562611786426,256.1319111347618,50.68369422093754,21.929279677672216
366.9442203549671,255.23068110527686,50.78082083593997,21.918326951112036
379.1568396747921,254.25170865760958,50.76948638635351,22.292261483821466
390.75700193259536,253.04995164910525,50.95689914491681,22.55327223926394
391.705356939826,253.66486770507166,50.78452313199672,21.97884237046849
380.7707444304976,252.02722215014887,51.719496365375264,20.588828342679776
371.32068646448414,251.28075694273195,52.396853050575984,19.571806927603355
361.9842852555684,251.10977586176892,52.98810868496015,18.820545875379906
353.6113734015301,249.88841291926178,52.335653202973255,18.92013449614249
345.2148589528071,249.2135264689833,52.47219558918877,18.749409478570477
337.1217025085763,247.65060660137806,51.898071465931736,18.836672372426634
329.15664390227647,246.72635504889695,51.8216579168126,18.56421977174616
320.71802181068335,246.11587961688056,51.98613163796262,18.437130055029378
312.19055368329225,245.91181531554147,52.077725226118865,18.218947653545758
314.78988678713944,244.2986828159594,52.17868918352467,18.571236183669942
325.753413411786,242.80582111998055,51.638390923855525,19.58908838651026
337.1272659965998,241.384909711219,51.226218896317675,20.195880791359393
348.5343632623903,240.54936943489113,51.28021322276899,20.505314334165593
360.48799759640514,239.59427227748373,50.95033904021298,21.02256526671723
372.3994867448242,238.364178091681,50.45253507503988,21.74897361188681
387.97977646084325,237.10400661224324,51.21478240996956,21.792757408622435
399.9364198078772,235.91839760080526,51.06332699947097,22.299196078356587
411.6966015912796,235.02960954396463,51.362177299853684,22.40148709110099
423.32832298666074,235.34249001434614,51.11556876812462,22.135710637633103
418.63581804984733,235.23276397281606,51.12215304360687,20.967825155271193
408.4591702144232,235.19796241417686,51.55175219651083,20.320980501954075
400.73844130533627,235.37549670720878,51.303366836889275,20.13021271526004
392.4688349000263,234.597493076573,51.025278851000394,19.830517814742677
384.395883530374,234.05847349970213,50.527123362765906,19.624565154824737
376.20313981314115,234.21113741139067,50.75182321483419,19.35804839670427
368.63739439512045,233.8230381257157,50.451599039278946,19.394653760218038
365.27559707262884,233.19796621052498,49.414955990475505,19.719966259823256
374.9254621871246,232.28522552932455,50.43456932837849,19.997694049760128
386.58367345403974,231.61655626243706,50.585788624992624,20.615180016816055
398.8050438996032,231.59168462728243,50.534328861795274,20.801411203237226
411.02661308937,231.4688454639564,50.44369902718361,20.93060727949689
427.5746136575796,231.41627026326563,51.15503660536399,20.706848402962493
440.2654312478836,231.11297267756643,50.921096966137824,20.700093242577555
452.65161982826146,230.9791731953271,50.272253054283496,20.647965859132974
468.52588215349385,230.97425885653558,50.38582519031777,20.55201646841192
480.9618900354833,231.16602791365833,50.24662993720311,20.093222624908396
493.36615837675726,230.8753902896121,49.75444991359072,20.04354831617324
509.1747762632232,231.26136334125067,50.00701280093725,19.453492447247307
521.4507416430778,231.5005155758144,49.58593378683342,19.399087718100553
530.7855196914428,231.4924943393492,48.561425831582966,19.026206009569577
522.7840700456628,230.65148226808213,47.73132684738601,18.64267505643113
516.2036821412423,231.50275573472388,46.86897414670565,18.039239084108047
509.0477968189292,230.79534167664255,46.39097180396605,17.587804764357575
503.3854226358487,230.90521652104997,45.534646027671016,17.309297911958552
497.5061001527369,230.5463525197192,45.20179547997862,17.18090937180394
490.2998385822324,231.11672561991455,45.41494060737686,16.951304566982085
484.1249426569213,238.07151609024552,45.31438741863137,17.421934502784953
477.87865328363586,246.0082197500636,45.555145600932164,18.149797858807965
471.22907382165096,257.1848809871587,45.485410901549976,18.316412899876582
464.7745593800556,265.4819890445257,46.00387391254817,18.89740583055282
457.87299423053474,276.7448722619541,46.15705323044984,19.033859396916718
