341.5,285.5,86,29
344.99947203061174,285.4845216998078,85.21433900075775,29.90068945713499
344.6548061450387,287.73663532939474,86.28489772874813,29.649103398980238
343.56134438146114,289.828453083285,87.22443742297175,29.704098662836707
342.72114412026264,292.4135225199665,88.79451533582494,29.287964744765503
341.6466502471581,295.32729373904243,89.65393906855289,28.909058838443507
341.08037615177403,297.624384247042,90.11312524264314,29.26552279238461
341.65176887894745,299.43350946159705,89.80447192321077,29.56697322425159
341.70639942479613,302.1884314599352,90.22897710119713,28.983431660589183
341.45851644847266,304.7016554857371,90.438172057798,28.703167958045412
342.7245114605001,307.7496266211942,89.92065189572745,29.01451328478754
341.649246818317,311.5083316547853,90.68713188371447,28.638965610030787
342.910140404655,313.60523264046003,90.46474599430272,28.74833908805269
342.4083800829059,316.92332561772565,90.42901984023919,28.24583109296359
344.10358270922325,319.0711115352076,89.72694118481826,28.9834528462566
344.3355369270622,322.3829479755307,90.51429279133094,28.600605141849357
344.27234323274837,325.33321316430875,91.18620710170778,28.507246585887497
344.74601660893336,328.15427812710504,91.32124910799715,28.408464495835688
343.3210566755688,331.0721972047272,92.46817200550316,27.795851934158236
342.9527823109758,334.4285535625603,93.39092120442146,27.332326211137342
342.6718847253052,337.26020681388894,94.0458896263188,26.855161676253484
343.36123925148337,339.99638769173794,93.22855452301326,27.103161630150197
345.54251637216635,343.5149005322225,93.2781044114386,26.92177540688371
343.9197692994428,346.8148501813993,94.21941769636626,26.86391645658308
346.14970164246483,349.9497862680168,92.25271564231065,28.800232485252437
346.8145826958902,353.68476943687654,91.81861709489687,29.68446651069207
347.8202483038959,356.014324771,91.40793511651819,29.98019745621464
348.87537766980176,358.5122687467298,91.04904359604822,30.1589411003667
348.9020280724102,361.9222673616002,91.69603245748405,29.808913143239415
350.7676036207838,364.64086326798406,90.79213875552745,29.810923162289292
350.33623322858324,367.3079236768333,89.84538170667665,29.866168971330346
350.76949762849074,369.95658902543556,89.82881919447463,29.222276842241058
350.415523032848,369.6556738207356,87.7483248203914,28.80978437471073
349.81754209356353,353.2904415844862,89.00920447196867,31.374740576945847
354.1972226308276,336.6189311817136,90.0485971358439,34.15551887455651
352.6408044931344,329.0403093921466,90.1486396318571,34.884280398026476
350.66843779158893,330.4176675821204,90.4976322398126,34.25689336759673
351.3693110527646,330.9452589261747,90.79728575904144,34.25523171658978
351.01626705052666,332.6161428655618,90.67449631448166,33.088285691453244
351.5587631679709,334.0081717880581,91.15550001121859,32.74655844529185
351.3749164279865,334.72054624274693,91.98449630805523,32.64892364113882
350.2270381515889,335.4078255983414,91.72554962522415,32.544002753054805
349.6075262302332,335.67686461779,91.58647438403516,32.876789343903084
349.3629523723208,335.9607610341733,91.6202611508204,33.10734684530393
350.3550288455804,336.74711650907693,92.29073600428895,32.93065273166304
349.24352341291797,334.77683173300244,92.44759405856351,31.190406587095715
349.6983264826323,336.4160208173121,92.77616295365785,30.762123213703475
348.50384211616745,336.16884281499784,92.71134054507755,28.946355536309866
348.53654081860424,335.9646229741649,92.97512910288097,27.66874074982084
348.88832953512286,335.50021168071197,92.83853089929396,27.10433585488464
348.62679516139247,335.5791323025728,91.91048737639943,26.536730947155824
349.0496642572584,335.65164350108535,91.41897976738164,26.169131663715255
348.4085026090509,335.5234811801819,90.8156521906125,25.918192227858796
348.48231353476245,336.00989800918836,90.50784470409948,25.31826027773345
348.0445423876854,334.9798137343548,90.44650927074514,24.964268098945883
349.14379318311035,335.52730475231806,91.60799756141068,24.41416800290749
347.2065097305467,334.95634336877526,90.78629113966417,24.176635084377445
346.72650074304505,335.15119558176485,90.64786918279799,24.169378974018784
349.13242103452757,335.33861569392116,91.68839600095598,24.421427084457306
345.6197960127239,334.91833538288137,89.81522666437533,24.786628087873012
345.86910567332654,335.13888316259425,88.99899669191541,24.96982967047606
345.9862649199064,335.30731240689346,89.9418258256326,24.64609980896928
345.33929402535216,334.92307957558194,89.6805651306101,24.617510346355825
345.4971621651407,335.20828089309407,90.34604003648832,24.231745108859293
345.313226285116,336.09578749181213,92.1423874149002,23.626208778145255
343.81347141539135,336.5575085835513,92.61580343295972,23.482757267732126
344.2754329982799,337.0357858410026,92.52085940174227,23.815175249815837
342.90866263965836,337.3663352085331,92.46368680874363,23.657025752578424
343.8854812508546,337.3767548339166,92.98151684289721,23.838180339763944
343.5178841661941,337.47748068852513,92.7116999305226,23.96117492127832
343.90432048705276,338.17275317306996,93.5787372714866,23.733823893305075
342.89365870895557,338.5319437990348,93.44009078259128,23.816560240385762
340.4465468458919,339.3082994193508,93.76481644658489,23.82062754990185
341.9496287792524,339.5694838980144,94.65904368170101,23.803312410800416
342.13705005857423,339.85023300701346,95.22427240782827,24.19707309868994
340.7933591006608,339.90746747053123,95.25442943008524,24.15346276940989
342.58538464629646,340.02294177433083,96.0021129961014,24.253982833370966
341.82462206079606,340.039637376932,95.99513772936578,24.576367133473042
341.7408430730504,341.4718644375094,95.81887254015555,25.121971749119353
342.2822806792519,340.8455744857534,95.23624951500463,25.387884496411882
342.954394838199,341.64733242648276,95.66387869718676,25.265213112633816
342.8926322123272,342.1276065045728,96.91176176848747,25.065985189798788
342.4325412567748,342.956910428168,97.67307675256455,25.296988825228595
342.0433675235792,343.46027703023583,98.00370306545811,25.597458079474514
343.71830621965455,344.08897780192194,98.5232168762341,25.903798339271614
342.92531359092504,343.9239262268761,98.8646991124528,26.30087425170955
344.62591688435776,344.4751440908131,97.71425904131925,26.747422097749084
343.9791458593658,345.18295131382513,98.28680071793963,26.72788301965258
344.7239267259151,344.582666072837,98.21057526184916,26.811449345516166
343.87807139490764,345.51663048671287,97.64654647340936,27.241504402575906
347.2551720344205,346.1085179120231,96.14464831785767,27.852066228552978
347.2151902716255,345.84273654469115,96.04593866549021,28.171361027940826
346.8115092725431,346.7120637706515,95.8052868573119,28.11085424962704
347.90559759894165,346.50189718487934,95.05018372517515,28.172530537931557
347.94195220283297,346.494970386556,95.2486335702414,28.295480251895874
347.62750997653654,346.8494743325421,95.55332484322687,28.2892245924753
348.710243267413,347.4913480772516,95.83951102674799,28.715684565367212
348.7304246179131,347.59936276956176,95.79234247508916,29.6259495552127
349.5561617555718,348.1388613629434,95.79440785736455,30.63465035123759
350.2189845971129,348.25458445394395,95.53664006296188,31.31249889370084
349.5750048979877,349.003625997822,96.29527075733193,31.851296060690288
348.2219962107725,348.58965036820695,96.80365271954626,32.11898338816912
347.54491160251575,348.9618488694974,98.38003597920016,32.319394391874894
348.4746569627554,349.7067326418,98.93497993012282,32.93645434475199
345.9254030028313,350.00375414302573,100.66706138207556,32.7897360653058
347.9678591861425,350.9552928706831,100.53691099741712,33.24723357069964
345.5969610147202,351.03522814863146,100.13416416933285,33.89944381533616
345.87245694560676,350.82166460283884,102.06600116307429,34.55339674024207
345.49959744731336,350.5427096572686,102.90071197302274,35.328258985098486
345.72719590438885,351.2314511546382,103.33575870835439,35.997550139300344
345.50705748427214,352.24175577317334,102.9153734458886,36.4780519328086
346.7162309118597,352.1821239680008,101.42927744806661,37.43726074025916
347.9557148082479,352.2767628108958,100.82960250101632,37.90578122551254
347.22866064969804,352.0038085963072,99.66787872773818,38.56083417842957
348.66593061044296,352.64593827527665,99.6566155262953,38.868953317614334
350.4357871790434,352.4273031924787,98.96267394022664,39.36121958253332
349.7880911524981,352.2186973601013,98.70699434948794,39.671869243794745
350.6149164702468,352.12846946738244,98.37831240963112,40.4504677127385
351.45729724060163,351.15094511847576,98.27796570866593,41.36541953154641
351.2559701946285,350.53839987678066,97.59965726189306,42.32022318665717
351.7641302712741,351.92512195549415,98.23479656409194,42.32486712203415
352.1076944839335,352.77378801127435,98.54743949535577,42.526356960432466
351.6431387698715,353.0265182154635,99.30990085173968,42.81766009136845
352.15869681362864,353.90053492915956,99.22056580823178,43.20720968132554
353.389864740931,353.9115933753129,99.22666261849824,44.10936562427358
350.8523328450542,355.4561560468927,99.7027993892252,44.214826319703434
352.6330581879201,355.27306288131626,98.85477696238935,44.456315323242514
351.6801156362977,355.4755732204523,98.39007757771907,44.52533759703114
349.9957075018289,357.5085135997643,98.43283235945879,44.29061523798902
347.31243065437445,361.39043167701834,99.23135283598386,42.44029655860912
346.54170472142044,364.567094350154,98.65839811619855,40.58471338839371
342.7773038099514,368.2121191216819,100.38043342912695,37.70118564251814
338.78603567735195,372.0304399946339,101.08947211284381,35.18188016980744
335.1196481840078,375.02736947802447,101.69978444541839,32.76835991953325
329.12382232204055,378.4898964347455,102.34342515250714,30.28757470955188
326.3759981313357,380.2550332378263,102.54875933637663,28.680823098934795
322.45829940179,380.7800549581761,101.214045139279,27.4989855482946
318.04749394586116,381.8598817299138,99.95997341106106,26.553499599728866
311.91833338031165,382.1703428869702,100.48835698875433,25.87885304137906
306.6095554332406,382.9912145243903,100.45232077321623,25.501352177198783
303.04950276317714,384.03186442891035,102.1697638361214,24.945824343675945
298.28124092864425,385.5415942353601,101.88434517578051,24.762179922045313
289.91880943754643,388.2042173054815,100.86411004396241,24.059445168673832
284.08243831849427,389.92111353949883,97.58026830532111,23.965095907426303
282.9862986060003,390.3680907053916,94.80996323476475,23.522975032395532
308.6685857101142,389.81142301194467,86.72724937809937,25.1152253358047
340.1188170085643,389.45354938368195,79.97481992328898,26.439338664507964
370.7218529587748,389.3323432410231,76.31606552775087,26.994247909988786
406.21278887574357,390.4614715777993,74.25884579342265,26.33624732183224
426.4731893157465,392.5027860381513,76.09351366341687,25.173057955342607
419.7518492376885,394.7278408877667,79.56316277552645,22.654543223953954
411.90148623172314,395.58996651758656,82.12828106803579,21.57140578200609
404.35410294102314,397.42604189645766,82.90598431783178,20.78853081352475
397.9947744995516,397.90920660446454,82.29909493612638,20.90278556594513
387.9129421002245,399.0108956871942,81.80397296109899,20.68540185868443
380.50876461753205,400.04967673165555,80.5034812620552,20.6330849594284
375.3894460175562,400.0403312141088,79.7279563984082,20.585531235856333
365.16633944405913,400.28267504512405,79.41420746349316,20.687705661075654
356.58559106667855,401.1376839642462,79.50589335094477,21.127936588776766
346.5550151238818,401.46835779635177,79.60670092196315,21.214260171094196
339.0086515793526,401.76629179134585,79.49496500595559,21.00406320066024
329.6981156286261,402.6724935714114,78.59535171148573,21.137500952937543
320.6346214752341,402.81323514628997,77.3645080633137,21.177214895713565
312.11722505266937,402.96649990443444,78.0647233480183,20.7684299530773
301.8492718543481,402.68255128395595,77.39257424844502,21.480768098294007
290.1729403295105,403.4632313111742,77.76265520583517,21.391339382167743
280.48380731529244,405.07991896825973,76.9668852082703,21.61016066604961
275.7311995566897,406.7563213049857,75.40673684150352,22.85238916139037
300.5684716407849,406.0440844494047,72.45395246945574,24.852213276338162
332.48720186933593,406.8581464560918,70.20773575625017,26.4206992368714
363.13583393986136,407.05355731935634,69.77863567769933,26.640677359375683
384.109110354969,407.11046392537367,71.09215364826522,27.04669502989026
374.23706860470037,406.53108400215973,75.49487896398804,26.058502247228816
360.942197808385,407.33709405038366,78.69149311521258,25.467205493676474
348.8856937419802,407.39776542472913,81.42132635178187,24.90913587683295
336.20934542754514,408.5160690305296,82.73907653900167,25.236922662424433
324.035334020812,408.76320076555487,83.18821171819056,25.764223437597785
309.9669097061221,408.5996980587259,85.26162193204306,25.682290622171777
296.00810502977004,410.2940494394993,87.2824474560118,24.981073555510246
285.8024628607741,409.4351612529734,88.28729868853497,25.645146143619378
271.7434068044736,409.1702236789174,90.61855701085281,26.39318257665488
254.14978616412475,408.56497891971713,90.86455607353287,27.267954923624885
242.96712589223603,408.0051244142065,91.34162435900954,27.838438902316597
233.35616610870488,412.8110554849052,91.86256278593513,28.41711325994262
222.4410277452025,412.23753968262633,92.90553368103072,27.90517009776906
208.60055386387157,412.79853806089346,94.7077697432531,26.97878498204578
194.51824728538884,415.00988696112984,95.7527234763904,26.06844823122519
178.47650202933835,416.028549547346,97.45208160323752,25.620138423439712
163.38462159642336,417.9309969792679,99.07181849750985,25.100967961069998
152.11799238512532,418.0657813705387,98.6890307775278,25.30319479706249
137.55706437894256,418.28267519617066,98.74029200229567,25.410677759468868
125.69994870700704,418.2491885881147,97.55829837058079,26.081591283674825
128.82842020506996,416.7410013837192,99.05667401611754,26.677151893561394
159.40601587977346,415.92814356485167,96.26315411446443,27.400567054268496
195.63124716144884,415.9044515644679,94.49065480794962,27.458793899880018
222.1888735575683,416.7705500161944,94.12555841829862,26.884046480298345
246.93223643469165,418.3076239764224,93.72471294359293,26.259365980420363
271.55877902433815,419.7442300452481,92.64070277650696,25.71754183944254
284.4903160696532,421.0051285154935,92.87530019466595,24.36369159523329
267.59945934379255,421.19256109635546,91.39191507460981,24.44345496067377
252.56113574590637,407.30421014550006,86.53478922961074,25.587948991901115
241.18416172116252,385.3237006485248,84.91762636296076,25.665468840343884
229.34161656732482,367.4063399957195,82.23882697642227,26.592215902790386
215.3073610558004,345.74158666504246,82.36837124837243,26.188274535579982
200.45448400565073,338.60556486992215,83.30500608597654,24.40694860372592
186.9913226349197,339.9507757623683,85.35095391899134,22.654521000943436
173.25621259170475,339.8937886427857,85.07785926237923,22.154247321979742
157.76499052586638,340.611961911649,85.08085889027177,21.581820638417135
143.28419549946983,340.6710615412447,84.81704801838228,21.5995218319589
129.55557256839194,338.7764212588483,84.50184438712986,21.62439500043513
116.2105173675481,336.95971082490644,83.41756361450109,22.430838853777203
118.99813895668483,336.981628164604,81.40488051770959,21.972286351115144
141.23814788307783,336.39437869580615,77.76630858777516,22.784039318223243
166.45201521704638,336.1427838350573,72.76668976456457,25.105688550524185
175.90004250345416,334.3879549889412,70.2283507984385,25.756273557514696
157.4549775881688,333.33521822478974,72.27411646274948,24.922018825777265
146.26363917358265,331.4173810421999,74.34214752470987,24.73122920551385
136.39102829571402,329.75200953640075,75.00177701054963,25.016486005335377
148.84756751633205,329.11471039647085,78.87803763486536,23.974910970147008
170.8972016757898,327.58484133663467,78.35640222000258,26.17299135113377
192.29430069113573,324.7926272794731,76.8584726524455,28.121683715258527
222.4698786852956,322.53632693069835,77.98001487579566,29.081639683193803
221.62720471261716,321.2222245478084,79.98943852000508,27.838187077452663
203.1182962763387,320.69448288714324,81.73780043650734,26.524295169901173
191.4068403073651,319.2479689153152,83.17865480304339,25.65166044342171
179.0561448990552,318.74293744587146,82.99860259598152,24.983596093490895
162.48435496088234,317.709445499875,85.90588677225402,24.449203928812558
144.17952397005035,316.7245620151187,85.81153874415236,24.044165447885845
129.33261578286533,315.4670796318134,84.49077153087589,23.683005832477296
133.10164834250145,313.3388667106505,85.74127776933076,22.76805115493624
154.9931504357935,312.66736393316245,86.122614555647,23.593238437798497
184.36129945131677,310.8537484601289,86.24020598993252,24.961271195083853
208.35082940493837,307.95745618140484,86.64979506950573,25.83842472988797
202.31560257215398,305.78937432790485,85.32441095126104,25.12442898254216
186.64995926964167,305.6039234094912,84.3730208595083,24.678175875426533
175.02762767343415,303.6643345878693,82.33714930766067,24.37747337645845
162.93944820395205,303.01363616345094,82.35447161027227,24.494509125098304
176.7738316997983,300.4474904930283,82.38233509648508,24.067425179841273
195.50209635898236,296.69952161895714,78.64689037284354,26.00134357983908
221.18395847345238,294.9024427620474,73.82836649180386,27.288426508425978
236.86850693829084,288.83580411997366,67.36904815709768,32.00782392120506
264.71294681502695,286.86130970221365,64.90261484527586,33.925147193141704
293.3466061542208,291.5563106723514,64.57809096669286,31.91172978274291
293.9735887364016,290.26790455209397,73.67901948671839,27.82440084512662
282.00174802953086,285.2704537422084,76.90912362995209,26.784282590324953
268.7418893262592,285.9608991080222,82.4086670100062,25.45707081830551
251.4130192731639,286.5409843383167,84.07666102244673,25.0209767479829
234.150323133622,287.50119258919483,83.969175951677,24.843879161593826
222.95965478377306,287.1579382092612,84.30304065125283,24.47820500863451
212.32154321265938,285.0580938870575,85.91325579787477,24.554776682979664
200.34233310050354,284.5841266751943,86.70623069442766,24.425793100762803
189.2056439154195,283.0792635290478,86.17272239162209,24.28436940488126
177.6108817636495,281.3816550169124,85.85337561667083,24.004275102171512
164.53876888530357,280.62677803946457,85.6654041840317,23.878985078376086
154.87147204772583,278.2394517221156,83.50800490874772,24.448835199951525
144.56929718425295,276.9800351362562,81.85684239814466,24.377805548183943
147.39363467686275,277.04847036924116,83.46063266103292,24.802433783786405
172.01272999657,274.73788097412717,85.3313592579466,25.62095687714555
205.20712278992323,272.5135836023279,85.3161088274901,27.429298076890266
237.22842665219156,272.1356646111708,86.29654950383237,27.728443840423978
269.6013148318314,270.78822782201814,85.74581098634948,28.563151107465274
294.74171112093904,269.54649172279335,82.97091593010694,29.528369979498848
324.34707081173724,269.3818424602782,81.01273332219222,29.251297817044414
353.52220665775036,267.4132880908567,79.85772835379873,29.701359837289974
383.3418053094135,266.4952651312556,80.41920320013071,29.694368270415787
406.53328023580195,265.1367616762259,79.43702544208034,29.114807025186547
399.42179603377116,263.61934015854507,81.89811583253105,27.085380994691267
386.9838455541552,262.85834620106414,82.71110861915548,25.847591363724234
377.10323595702647,262.6879309976685,82.55524788787592,25.35877852100375
366.9035025665602,262.03257334755784,82.12853897911128,25.301288989147984
356.96857739206854,261.30471339962025,81.34337338265989,25.07180569040498
346.70586934986585,260.3822392490931,81.00745562001939,24.634256585453386
335.6182589961898,259.58679418888346,81.03650666489595,24.32240122056697
325.7622692932355,258.8698975948229,80.43512204187397,24.213726933750692
316.1499303081621,257.8951724863986,80.421423394589,24.045942205301927
305.8842146034778,257.47248763837587,79.8652560032984,24.086568611399905
295.3612110608372,255.77258196696943,80.20583019673393,24.16869721114029
285.7354831423967,255.15464328838408,80.14038005827324,24.102486426869604
275.6918967667579,254.07334235649185,80.0131038807177,23.90023991533365
264.923679462942,253.46742728480237,80.20796286579088,24.004899238476433
255.5137260112641,252.64910952989354,80.42351681809693,23.821573915698274
245.98784779221177,251.2952344159807,80.52126706113327,23.707460969085474
236.23679038883142,250.7391671518165,80.22389189291833,23.556332152649116
226.72787141790877,249.70874549045766,79.74622736283985,23.539657012232034
217.5210412713757,249.3680235035947,79.49678455226825,23.5437414049643
208.0239714827047,248.03068367361226,79.45072866452237,24.04993065507815
198.59284796221226,246.69838253095082,79.37240868890567,24.400453655733017
206.8091252490654,246.2914883087709,81.29113432760172,23.640825270983644
235.49568969351026,245.66802603745927,82.23224494066517,24.218666277935686
264.7479191243767,245.1330969464854,81.55707456159831,25.232632726266814
299.7742255246724,244.10727653207618,81.4711060481163,25.407182028100138
329.44374341628736,242.853025537618,80.28215189940789,26.180525335146946
353.7383460759806,241.3804541602802,77.77499308881042,27.254905622438244
348.57917827193967,240.43803569466536,80.07465289275405,25.810284078554986
338.0298235062052,240.02326265345792,80.57526557668878,25.091535020703454
330.52950677597846,239.79423146324856,80.45513144375849,25.113512892226304
321.57298901272003,239.4762709155634,80.3942099085078,24.891117506483212
313.77346121408203,239.09721343725167,80.45933472728045,24.746230379805144
304.859126997904,238.2524924102112,80.49059791671652,24.54608526996089
297.3971501256901,236.9381781187933,80.61965458167666,24.702484372053263
289.44669964420115,236.71756339523097,80.20404439047971,24.69312630811534
280.3779145121273,236.5868837905805,79.85229771431983,24.55876980391534
272.11574152736773,235.99605140696502,79.72215607397555,24.44641117656161
264.49756228271707,235.36352403448691,79.99461590452452,24.61154099952837
255.7849596795193,234.77097158659583,80.47162469978726,24.42124988205063
246.89443418967906,234.00655320069225,80.58644452407218,24.52791673007543
238.89558012000313,234.21163293839015,80.78313299484496,24.253549539883597
230.1023719233664,233.799125451679,81.04602872771801,24.218102324585203
221.97491869998322,233.39410384848338,81.44405307914744,24.23055587128556
213.4398809497456,232.74795743782607,81.79236687613152,24.11230691975775
205.4167982150562,231.96706936618259,81.67917908928476,24.288352319636555
198.37049305431526,231.73673415751207,81.44303117102046,24.266754194926236
190.169707404015,231.89811792653,81.2929152310204,24.31134709976722
182.46826779949947,230.80355961294998,81.54685530736103,24.220374348570324
174.4875643398748,231.02212321778975,81.46110493901271,24.264283503922968
167.96041584935048,230.18095182409826,80.87817200062779,24.314271197349985
160.9568969207027,230.17226828184212,81.4130495185679,23.972467517177584
152.8884320008851,229.40009265117504,81.19777789641108,23.750029938217857
145.2524302745375,229.82349959449985,81.47893948356676,23.2541435534851
138.5728748183031,228.92282656011258,80.9275250740751,23.372052751684684
129.68999713183996,228.5058494901661,81.02667545127383,22.90533626779836
122.10270834744655,229.07706711776515,81.21912964512168,22.641208891571353
116.14948981044643,228.16918824595368,80.73524975592613,22.88070022722768
121.3364333973531,228.2696840637342,80.88586438264988,23.391709974971285
120.6024763422523,229.48422405683908,81.68457741682076,23.46479506787831
112.13592477798073,239.35419072324038,82.66591167024181,23.187994593352087
105.35970941136031,250.03390574197542,82.88654098899292,23.34236422324038
98.84026892124419,255.8476231502073,82.06040789299227,23.69080335392016
92.65120818600141,255.81176116594253,81.72421585639775,23.867319246807163
86.65995815445766,254.7500057357157,81.08025107573525,24.198537154723304
79.90370566413176,253.91218830619178,80.55737569292266,24.025650185119652
73.21478810396808,253.85555444629946,81.40638696071099,23.77464483361526
66.74087436995612,253.03896719664507,81.21500563509476,23.98441416248334
61.11152099857445,252.99783131876967,81.36132948906416,24.014037221185724
54.605703668354145,252.58870534404065,81.20615697482215,23.711455416104315
55.22941453208495,253.91524109941236,82.22892572473175,23.831084691951474
72.60758916411487,253.38573989857343,81.0363086078887,24.703334878601495
89.02525049238093,253.2340341919269,79.6996393632218,25.105747133273727
103.61352823972081,253.29130179358032,79.95193785718953,25.086400994708004
118.37403388383925,253.5799615454875,79.54580045506106,24.98955173100979
133.25197661390166,253.5130536885252,80.1227397019675,24.978997336091545
146.8884036305859,252.7685750036306,79.97922870143586,25.17662746779784
162.34764331848933,253.15058889180122,80.22247150885659,25.100136050289887
175.38800490794728,253.9349775235174,80.19498433763113,24.608762451446466
190.87452371783058,254.15011249729292,79.82201385653637,25.05782439066374
204.9136964243733,254.29078988001436,79.75787246871951,25.335555351958895
218.5580833794915,255.33917896365716,79.2704825306511,25.546359086223532
214.20071471049766,254.68462288348783,80.46659460923937,25.557766311488372
205.2239983372762,255.41845650480204,81.61012707186875,24.94161060688869
198.07480580570976,256.8345864648792,82.40100576445722,24.502019649213075
192.2731885583338,257.3026725569455,82.65307162670183,24.39727354912197
185.42778369093992,257.85042537379763,82.41837667704132,24.155290990998317
178.92428876540995,259.6854936887427,83.2533236814216,23.550412387231198
173.31814159033144,259.9903771076707,83.34628285701811,23.282783601361857
167.29227384591007,260.46715049592876,83.57159374716697,23.468856652116266
161.65674766669176,261.1402223974568,84.11519096644344,23.606705425659406
155.86667488941828,263.00805592294205,83.91031378539472,23.56201570966504
150.23358210626998,262.77810678285334,82.83079145831968,24.006860122479985
145.22525718314938,263.7992596077313,82.62215386712197,23.702015682021283
142.1612047916547,264.31124262303183,82.97254535131364,24.02822145584836
158.05265894242228,265.5112104617525,82.99862562094552,24.435900104883956
174.45150650691232,266.1286819657525,83.057642833274,24.807151116201673
189.7629078630519,266.22668908657175,82.96587840529662,25.06636439860528
205.08164805560165,267.13481012300446,83.20932033770202,25.037151711306556
220.03750182600783,267.6544238292208,82.97930110560547,25.016134471527124
235.4624979630987,269.0408149590027,83.47712911340611,24.662288464557275
250.9335305566761,270.25378500189834,83.88584822800921,24.627877223599395
267.5154820326553,270.553698593195,84.25331734636325,24.967306828306157
284.1590369999918,271.46150199682995,84.64810362140702,24.787756205804975
298.2814170667816,272.03699689882785,84.03492002591338,24.58740797428456
293.30629734140433,272.62128005387814,85.21258600559861,23.435129471559193
297.54436436160853,274.16534487337697,85.79965482316138,23.21461338656243
312.43218334442736,274.8113957680944,83.27530050315369,23.548398991078898
307.55183218728973,275.2188645570309,84.68593091038548,23.10925332051642
301.54243741034736,275.7673296524679,85.65453907541519,22.629892993438727
298.3076704276977,276.50023649939845,86.78275872491864,22.271281352647627
296.21017211929734,277.612558738459,86.77843931693906,22.12086468443256
294.7970135734703,278.06845293288717,86.67116098966318,22.19035024472246
293.20089815281096,279.72886123557504,86.55846138244966,21.953297715579616
291.37496656798265,280.739306373009,86.41486623530332,21.73269921736879
290.2486911341915,280.773644133528,86.18961220366984,21.753478540924792
289.0173757755452,281.8460523697754,86.04556324299926,21.739734589639774
287.8446274518855,282.6898297790898,86.34611536555362,21.857493119781083
287.635960847469,283.31236973267795,86.22429279311757,22.06531362230325
287.08102331141407,284.69720839091246,86.34281262488238,22.052709469820403
286.07802963996306,286.24359286922436,87.33000686170533,21.907180150571563
285.9454656332892,287.22096550631176,88.04708521651614,21.920599797203586
284.68990811238706,287.9369976327157,87.52900351912365,22.05101480197942
284.4681897602038,289.3867160464165,88.40652088383337,21.577394272108933
284.24196874674703,289.7289466403866,88.34889032182622,21.761613620915668
284.5387998096059,291.3047531295041,88.21246830078383,21.795853170299118
283.71230462081024,292.469412209429,87.86092801011648,21.75371305000005
284.5688500332554,293.3729505799132,87.42172338899204,22.131804813746562
283.3490838335666,294.23021846943794,87.29742779688394,22.141680999113653
285.2504771487429,295.62586742199505,86.54509077628785,22.29704146687846
283.24287644614856,297.35071095318585,86.61481278847118,22.032398454713494
284.2626262607392,298.3651797274327,85.39311391955914,22.53075506515541
284.0742245072265,299.1460621125042,84.44966846513582,22.960826366026836
287.8038808981069,300.1519248196766,84.13126487832135,23.161783914099594
305.4547628307966,300.79281110988904,83.92486844458253,24.092908872813464
328.4693798054119,302.1216125842237,84.01274570140659,24.884198517527924
343.62234368974055,302.9178587791572,83.15753395142615,26.182220501440312
345.2172258156417,303.45125459691275,82.28011568122164,26.787649096031693
342.2895788764671,304.5461756558801,83.0180289405219,27.141181993355815
342.99602870386775,304.41304142540275,81.46330140438434,29.421819703654307
342.796200294979,304.2235165516143,81.23362025571974,30.27080161995342
341.99330840997516,305.08832257718853,81.62178699081528,31.121966737078928
342.0686888239719,305.4069247585762,81.23025419862941,32.149817053220424
341.7700320980764,306.5275477803824,81.81930867903469,32.901460652323514
341.12764453848763,306.98193829692866,82.65010952143118,33.8977202409885
340.58337068566937,307.74045482361765,83.51952022901031,35.069458912311504
340.23872586741663,307.65720171660865,83.5305541882926,36.39751624422647
339.40715336694893,307.55945686325066,83.56172222713846,37.55885904599708
340.1447743719734,307.3247398725635,83.78296132575498,38.86016715952783
338.22416482283495,306.75680381091513,84.32328616362538,40.2093125249405
338.87286210587376,307.1056658385126,84.89771800784136,41.90709294438548
337.9386556132008,307.3037854363023,85.3940067980884,42.72790644694146
337.6696779532197,306.80597296385935,86.2607251261683,44.04143404623677
336.6090051368841,307.0256394675014,87.69641385366522,45.28781766798104
334.5146543552522,306.78652259830034,89.24658659307653,45.90663347613775
334.92468211990087,309.3524566893102,88.79859189914063,47.31921319298276
334.74719726441805,306.7403624203277,88.93637097192175,49.234775079183805
334.76949837374764,307.55910969147516,88.75212840709315,51.252108608483155
334.94638694679884,303.07928666815474,89.38754303154431,52.49696049618838
334.2866890145606,305.72035536765185,90.23990688069715,53.070766777003755
333.5506964000163,307.4682345465387,91.67029780191604,53.257365968897346
332.2148426112549,309.1948253299525,92.94292915606547,53.97157188757398
332.0611188358253,304.830899653569,93.15571277400508,55.914200233138835
330.04147772885574,307.88206970385,94.31668597648485,56.89127116239254
328.6574438316006,309.5518758276397,95.78420164124972,57.66276769472024
327.52483045688143,305.04375883567474,96.53263692778978,59.383254875366575
325.6737782037201,308.0138382855478,98.05169199372858,60.889566713077684
322.94605766239073,305.7394730921651,99.46673257132134,61.075636691823135
319.9816637693273,304.0053440696422,101.62095513756898,61.917112319571515
324.16849850341464,307.6062076275837,100.50167924697011,63.91098475965788
319.2236558866102,305.6505003377979,102.94821443709142,63.19506236031707
318.62965721682554,303.8185418741457,103.74196421496751,64.94223469781586
317.31474153857323,302.39378154534467,105.41414908232872,66.01455680233252
312.17937650207455,306.69918841771846,108.34220919148942,64.96663835558907
306.1150163053902,305.4941118290646,113.66411396062111,63.73922663535964
297.46279468632326,306.25832376104233,119.92494185756848,61.8760419266966
291.1166865137799,307.2308933489865,124.86628940535292,60.19831442983778
283.0054533931957,309.28183591039766,130.92604831772496,59.336171347649596
275.8707978948412,312.3312296279519,134.78560932969282,59.1996212706343
268.3537756627459,315.72128199892853,137.2893383947135,58.86355348928291
264.0762058689886,319.33654421605587,139.24227699727322,58.40127332153831
260.1088286300481,320.94731287018845,139.99902387246257,57.408488387922105
258.29827752849314,321.334300038694,139.39711458188964,57.10349239630522
257.0615709218482,322.1059528342959,138.60378580413635,57.183296264978374
255.99908828408442,323.7244320457871,137.12718404971093,56.29360308552617
256.4642945918346,324.764863941817,135.0703353198994,55.24724835623348
254.6493565406478,326.7791916655515,133.43395365936402,53.50973680296012
253.96055273725685,328.7734829090744,131.42609159108184,52.94935289188781
253.92392414063056,329.53531730423003,128.59417524421903,51.90954417705033
253.2891706919058,330.90085141116447,124.73789774454332,50.29696189076316
254.1900969955871,331.5642809919532,121.42743763042873,47.94165343223451
253.9151834006244,332.7940099929334,118.56948536516921,46.00517665671826
254.40083089531558,333.5285275742659,115.7215023722468,44.180150488155704
254.67488707812976,333.2961077088528,112.56121454198833,43.06121350656444
252.751247149352,333.70842786408724,107.75047438001259,42.29349176500471
253.9379370258976,334.19785890472343,104.09634470989099,41.93742663645676
253.12385199613783,334.41155149885685,100.1685641277785,41.068550529792034
253.1906544166194,335.8404979698894,96.04514166749166,39.94401108332478
253.71507210988918,335.25577407609336,92.59852848516044,39.542657851248265
264.20066587463987,335.4858688273844,90.14736430160639,39.609887558146355
280.50433936304887,333.0235498120694,86.18438454280593,41.2938210523385
301.9254358815157,333.2876690991328,84.57755069776687,41.22671330587701
312.6453748144967,334.00002003773864,84.94050829628235,39.055398283790794
307.4659117461478,334.93363521612275,85.5770118331876,38.49868094658431
302.1007589311089,335.7520486941097,84.770140377389,36.91409604614563
300.110337977222,336.4796939249879,81.84047412934001,37.277322434860864
298.75795893621694,335.8646165535884,79.66291180729738,37.98414648918319
296.98269629285267,335.13389312812916,78.41397334509406,38.79926542729429
292.39383679955716,333.06253663598994,78.22674882735157,39.581277804272844
289.1311990578302,331.27174535830034,78.51317848561015,39.539525236589924
285.4946856154484,329.24282580603733,79.86385591740134,38.611979400014945
278.7334853506618,328.4803764937117,83.37263034834174,35.517650615303396
272.7853818603788,326.9430253306093,87.15627038097078,32.89477641868093
267.18634462326133,327.5450417468211,89.93547106827947,30.767537256911748
261.9662784326729,326.3963813259977,91.1585404993221,30.40735210948378
257.28364714609813,324.57055207080697,91.6859763436508,30.26970326398453
251.9442680758615,323.2117144697719,92.98347170488822,29.782159197255858
249.8460313756437,321.03435340815264,92.89308130146026,30.34369203330865
247.25430642492242,321.3704902971352,93.56611946355345,30.249090021624717
243.33264735369178,320.56868023436374,94.78263468471954,29.82547463920249
252.08688528061865,319.29019827533983,95.96423565886874,28.91066350231865
267.37472962499777,318.2966641204989,95.89104368947082,29.409158141613215
279.44905553576865,318.3804762823947,97.19649152308043,28.40066212611797
273.9385941755258,318.41791337966475,101.8768571451775,26.679698377744785
265.7704414048126,318.49735350488504,106.66751029707751,25.262037290245217
260.84056055244315,318.5070216545497,109.00917984635984,24.518320020914686
258.1050766282834,318.43735869098475,107.55823168668377,25.12704638373065
256.23387693355045,317.15212053259853,103.87351468210666,25.7645094997432
250.21469360827055,315.5847318095941,97.78383338955126,26.681083639554053
250.70858127685818,314.51457508158734,92.68105589707201,27.48968246544049
248.3266295315497,313.4372112685226,89.49816487780126,27.382387834718735
243.79703429786537,312.1302722581788,88.77810233918851,26.76156851348741
241.65191159274315,311.2665939191102,89.02243977518978,26.606448504193253
234.4859881678909,310.77767042927604,88.82478947828785,26.23710569981166
231.9062549960384,309.3195393490887,88.74569657592964,26.597941739428222
228.6818065428314,308.08074852823256,88.38940196546744,26.6627717064885
224.55704729126506,307.7233902245248,87.63965098312644,27.11289185165424
220.4330653261755,306.28015021671564,86.71694249661857,27.759993653390104
217.77143458518128,305.57484999907854,88.35464160639934,27.4800395890382
229.6604284574169,305.3857170398114,87.75887432091244,27.796909061493317
245.31713058091785,305.8316462584243,87.41100237676704,28.41756306971745
260.6628023594241,306.52352159064213,88.14882561357774,28.17666804950786
274.79741708662283,306.07177009229537,88.03756277294983,28.138593373243037
281.3340144163851,305.1438894486648,88.44100690737065,27.579527313702343
273.17462229112476,305.1445787760996,87.33967664067941,27.067049260696642
268.09536157408724,305.762312096168,89.59471039241187,25.947063028632364
261.8456183106722,305.70350369181443,90.89271510008916,25.214158749692924
254.0868721872502,305.962794192733,87.96087415601514,24.95131228092732
249.18340774074528,305.84262803416345,85.83259949677895,25.066648412763755
244.3902943078964,305.76124729397765,83.98852469621696,25.604031642059592
239.45293946822602,305.31011222871916,83.02348122461773,25.956363928300156
235.1687503304909,305.31180853241665,83.70224634853771,25.312873285569545
230.98571041781292,304.5311243657884,83.53097170459432,25.11449065656872
227.094555717682,303.7376763804251,83.48528294354026,24.732339915373643
220.86262932454386,303.7449230934523,83.99338907912075,24.65996969751413
216.8142934048164,302.88212300890297,83.72269317412983,24.384560879186093
210.6120540946084,302.9122346715918,83.98189095653318,23.53236020786489
205.9600432244563,302.2782790549366,83.70681590270891,23.689971377088426
201.85050776744606,301.9422876325687,82.9472147891415,23.503426025012523
198.03356790744584,300.50678398069084,82.01065040208633,23.655379821917137
192.9994933585611,299.8686202756074,81.37097479282454,23.489658920850488
192.6685358566845,299.3905306058759,81.84784826465727,22.975898193975922
198.11509832230058,298.95489030273103,81.89305493742904,23.012334389846114
202.8589562971223,297.4452005506722,82.32411263890867,23.012060573651247
209.3119137319327,296.3356150163778,81.94154276287921,23.270145369046787
204.73584748538897,294.94510192101865,82.4560199977879,23.102855700924096
196.62028077834952,294.0920895110857,81.83233125305333,23.229866219489985
189.36538833137175,292.1755038831467,82.1696555909786,23.35353001000542
184.58764099157014,291.0878585767142,82.80497853291092,23.319677937933875
178.92304468609825,289.6540542705103,82.07485927709445,23.518562490283145
172.87571259424004,288.534421385662,81.40675948376008,24.003414893662057
167.9537726324828,287.36924669806535,81.80523153984291,24.128990842799315
162.04667530825358,286.2068696723206,81.50201934320859,24.37398672702204
159.1969771492655,284.8119669377283,81.95578301271672,24.75345093338919
163.63897264096488,283.00896799856247,81.59171047109044,25.054495236586625
170.51119205890774,281.5178891182067,80.928158476025,25.368294194502674
175.06706900761822,279.6007107645396,80.96325039617003,25.270684835476438
179.67681823609777,278.03814122823604,81.23195784893987,25.325535726778604
185.70543600981907,276.78279833780954,80.63849888993722,26.026623419367148
190.67440692392103,274.85063343510757,80.90278083950429,25.582612198464936
195.7213224549053,273.39295816200996,80.78302318756994,25.944678576416827
200.3457165689829,271.9190070818988,81.19071860962224,25.94329880571557
206.30029271013657,270.3624444920932,80.67915505717332,26.411737763250436
210.8229641590665,268.45041494634347,80.90854761005814,26.095787928358273
214.97478703078193,266.66735566272854,81.05090768785527,26.052964940564998
221.2108757824493,265.0227164303275,80.62150438495993,26.549653979326372
225.12538052697755,263.16652978128724,81.29570973202408,26.186135305818734
230.0293995879936,261.49980255629225,81.36405825244806,26.442576978480247
234.443045827305,259.1990338076239,81.99000330739457,26.393548851579904
240.38574217856797,258.02346497925953,81.64966027222704,26.693185949455515
243.73371518497942,256.3273150013161,82.58904398276229,26.83781215541866
248.8798482277571,254.86285114197554,82.82730787309804,27.231703071807882
252.56721876992168,253.2199571556074,83.49590270338072,27.474505605243625
258.58040700145506,251.60046000987356,83.53126616188374,27.47969209451099
261.3408476197931,249.5116070582635,84.29276741345839,27.64472318922888
258.2302927440532,247.77328869848006,85.7814619656584,27.312183225369886
250.68527557586282,249.09505438184817,85.54033003464416,26.657364407843236
246.8060974406976,252.01903621754266,85.98121909229755,26.57451313650923
240.54431941762405,254.33426933057393,86.1121502834032,26.949425633591225
233.5482502089678,257.49483979638296,86.30125677932898,26.857599506050345
229.3837801987981,260.7822179189275,87.25608943882855,27.048216014104632
223.2770436959416,264.9282836729865,87.38208476052057,27.006028239201857
217.33951800279397,267.639672306677,87.33634356716496,27.0947880468635
211.51771314638955,271.0139169383687,87.50367306757138,26.695061295687218
205.21294222151798,274.82895528485557,87.42796749604992,26.868048472189766
199.26306625220752,278.10207566244736,87.56697438614786,26.988971089045968
191.74617858214242,281.4780980929183,87.00570845125364,27.110174328384943
186.65445908585644,284.8004574391602,87.81916567807858,26.982413872595416
180.2720670234287,287.7616547023732,88.8649289594282,26.514746519020918
172.92659852057068,286.5667811626518,88.00279398943623,27.07733955812712
166.74453807125025,284.63778069914247,87.9666072327426,27.193340143730484
160.10976280323422,282.91722377202245,88.223065727759,27.45394848382552
153.207154654204,281.61642471510754,88.22712598181312,27.6014610092002
146.2018045355761,279.9496941759778,88.54018866108555,27.789769757061098
140.43182109921,278.540836660151,88.56770340826841,27.865202636538857
133.16238531030857,277.5077943105872,88.56862828502148,27.587667273791993
126.80228933561807,276.85257307666956,87.66024300204163,27.498243279873506
118.26019532690852,275.46560381313657,87.39021730486112,27.780310688393868
112.38778742439256,275.08141741613935,86.87718437026902,27.644512134770224
104.53778015759434,274.2913348670797,87.32475845128977,27.499907998232334
97.91013396599314,273.6269865135364,86.96304357893796,27.68470848320436
91.87137645108709,272.97273599867617,87.47936609623785,27.609579714035615
93.68499581628578,272.2050511720638,89.92117577053408,27.802384307598516
99.72120047350161,271.5209433638862,89.27095521495252,28.49518512330971
101.20082456601082,271.10502092131725,89.95621920644777,28.502574449193943
104.24847665428132,270.139993830837,90.36417611923173,28.538485883229093
108.09414976497014,270.3191401866912,90.00063494012093,28.221572835614037
110.57719752815034,269.4595439912793,91.25765914947831,28.431684816434068
112.88364182898464,268.88527697206104,91.85625641054165,28.49231571289527
116.09923432588451,268.17581126768795,92.30594986522824,28.702535020658715
118.9249031718269,267.5695571345881,92.4144092695959,29.02182542520604
120.92765340531739,266.85331534218966,92.64712615643573,29.17307701060566
124.67748213576547,266.27012379614723,92.45237315644653,29.227865902556285
127.22065720986865,266.02434916085707,92.91133207501265,29.313344285094118
129.7118357952025,265.2179512258181,93.4072549717888,29.381359662389407
133.63506553007463,265.5880456101276,92.88496513781723,29.331120763880044
136.37363838727225,265.008550807766,93.409368667349,29.312400431507456
138.6423915037139,264.54063293768235,94.35822060020665,29.211822978925824
142.78831839817434,263.94751652815887,94.3687187628849,29.640162891307007
146.81426904353276,263.3908907386806,94.59659118432629,29.70201821953873
147.3092911588642,262.8081728860222,96.23337920044375,29.642605892857837
153.40243200629217,261.9046553949871,95.59411555673529,29.918233995502977
154.58971398043977,261.3460799506931,95.923640773174,29.918190827580144
158.77710999849768,260.49014056554216,95.45219432192755,30.067330106419284
160.3091288681993,259.15043651379324,96.19743077914902,30.02621985931595
164.04408282023823,259.4614460119664,96.6981883299357,29.898225914563305
167.5226513886661,259.17883927115696,97.17630385955333,29.613136342326307
169.72296585804688,257.7992695492625,97.22541628431718,29.74253149480974
174.55085037170969,257.4712451209426,96.65871948446959,29.908582100249788
176.87146282087244,257.51479910397006,97.50123205486356,29.555002003180974
179.93502136677805,256.33332974482323,97.18724438810119,29.88864050861457
181.24606973833423,255.71196515371986,96.7534463472288,29.770099024698858
184.71910283249753,255.08880444674273,96.05250402212246,29.925253584748432
188.14379468219417,254.69203237747675,95.80949792435268,29.648374477850396
190.94421001831407,254.50020132480375,94.05514642958785,29.883196319710493
194.42921439936612,254.21760448693743,94.12788516504233,29.85168288980652
195.43667715986123,253.52125686179545,94.79852153942258,29.666421105979467
201.48449518897385,253.70740509175008,94.52351174004745,29.474204702260714
202.32319502569172,252.60815148175857,92.97710653553914,29.79929013402804
207.31936102127193,251.83284850968175,92.06247897400516,30.125309233737404
210.6673686573967,250.84027769105953,92.68087820294579,30.10680783509322
210.4643186061905,250.92859583172128,92.39219426013884,29.591182027736274
204.5248233418877,250.17374357413408,91.0707234011101,29.107861836070185
202.8672243455816,249.72848327840094,90.45809761175515,28.960313179337
194.55626495945762,248.6694300248817,90.04954076754802,28.598841906605543
187.87018528224522,249.127484901086,90.24437487325457,28.21679501659323
180.16109452989687,248.03870469315547,89.74570438057577,28.441062943402457
172.18284176605724,251.42083677267968,90.90043016124575,27.9440178509739
164.59861817738636,255.67942024049816,91.92012798708603,27.88400232830084
158.30621473283105,260.05165636678083,92.71456774973184,27.932302368826285
150.3494430922227,264.52665564873746,92.53553405035767,28.40364665464451
145.72868290000497,268.71616918238954,92.41420424558419,28.27198649255279
141.59372837704439,268.70224128022545,90.9047048366103,28.349498635870642
144.89926788417256,267.7644803950421,89.06147574453414,28.674429771891354
149.58123896959276,267.120135228152,88.24393745858147,28.86346352379296
151.89075505741351,266.34583233003906,88.08957975574879,29.030784248645823
157.5728657492537,266.44413546049066,87.38771093401905,29.18963705198781
162.0059985578073,265.56907639125814,87.42456917250274,29.19755958422113
165.1568811916284,265.1772164724662,87.19209692701628,28.983768690584725
168.59747568401164,265.0988094874218,88.47378597874884,28.819373319385946
175.4489292957179,264.42259718686137,87.80119415450622,28.973896671574966
179.81150591988953,263.6694972763283,87.64990870401454,29.185471687190677
181.88095624527148,263.5626893930402,88.70260074657949,29.180341119452436
187.16018793320063,262.8655749967369,88.30540941967138,29.395095439059602
192.3819550619422,261.8580201810878,87.3682542896907,29.616850797515383
195.4992243361298,261.61140243642217,86.95378171650468,29.623333091322316
201.7179600531349,261.5535529158244,86.85113484456726,29.618931313943428
204.64719566577475,260.70915206385007,86.94106030202678,29.570229608506498
210.438144113772,260.61525176291775,86.97053635372514,29.45156151496891
213.52731402937508,260.2360507022998,88.64512420730298,29.094217018887715
218.97397056261627,260.71595310579767,88.68437301521018,28.88050935935665
224.19805825592022,262.2840822964858,88.11951462231568,28.84167739247013
230.8321935518926,263.6538491757176,87.87277704276107,29.074098694965464
233.90579969614137,265.7642701995238,87.93842057015098,29.07523674226261
238.738936256059,266.7580677658318,88.20313671575762,29.252229822613607
244.88446447674406,267.40339439457415,87.5449566705667,29.212455972057946
249.17281748787605,268.6292124095703,87.91958941630811,28.67998161942613
250.18452737367613,270.3821238652696,87.95499418389252,28.27054227965234
243.85763366958437,271.4290049188298,88.56426026028892,27.071286805813706
235.53424437788243,273.61032512804854,88.5617373147621,26.808849901475185
230.5087780105854,273.7579820976289,87.61055003135087,26.87229381582255
225.45152967114626,274.61927957467344,88.08966787264364,26.658209332123732
220.0732642922076,276.3127660335725,89.03251416702,26.41929602087786
214.66852921730538,276.20135705633385,89.03938440990308,26.265039584705278
209.69542984976363,278.05156629854326,89.69500716384644,26.12080014691734
204.37790213934935,278.3791094010846,90.01512308577361,26.068353080533218
199.60102892259255,279.7102334194223,90.33819000726331,25.909981729954023
194.7244619130294,281.03647987323706,89.86332433919476,26.07673296867157
190.673244749461,280.7331082678371,89.7368844597886,26.673757377645188
185.35348101019775,282.3338013629855,90.02674820387901,26.472713794846555
180.55319808160294,281.00354521777,90.34436747445977,26.803831506343855
175.29389607461917,277.2465852484223,90.44238299508018,27.565122641786047
169.92446763022218,272.4493182790824,90.15451506850545,28.066652353781308
165.82457571139145,269.60623566841593,90.64343340857786,27.816998426096962
161.00519336279643,264.42132016721274,91.18442169280401,28.091667036840654
155.0937347701262,260.0530659358654,90.40909802578852,28.700008347130648
150.08593274696588,259.62217986880586,91.09117927547827,27.93604674807252
146.26436191289918,260.57731237903465,91.8300030877767,27.172984219375202
141.0465350781355,261.2986185236534,92.532188701579,26.36801890327076
140.66391550959403,262.1131725916256,91.3305434640434,26.483388993034346
146.83072586662576,262.18434793102546,91.242338437541,26.616070149075426
152.7922486771243,261.73830161647527,90.3988073200229,26.773923855579795
160.46386839346263,261.4897645113147,89.58009162239262,26.981027638149374
163.2655580900544,261.83031309012546,90.61856651540292,26.96492466073037
169.40383371894796,262.2146473899583,90.87117957188585,27.112562199103323
176.82635990898754,261.8861388476949,89.96959433200443,27.557412393128157
183.5946943137157,261.58231751443446,90.33355075142991,27.768467419601986
187.635380969486,262.0218174933733,91.11920949097575,27.5001321870279
196.3425829302476,261.1563640587308,89.91649456481387,27.66387415839432
201.04669090411863,261.99374999720715,90.08903766553374,27.34715060125815
208.76116526160678,261.0005607247092,89.08309882299395,27.805449755728155
213.94883612461194,261.65255592976257,88.92026053021115,27.953251228136462
221.53441825534267,261.0558084148522,88.09984051618623,28.114072660621304
226.1959917192839,261.30824873341027,88.8901093063824,27.876945058335338
232.86029147270511,260.5653394240327,88.56170244175186,28.30454293295753
239.75901456402562,260.27178606316323,89.00308205714555,27.98417764026921
244.4450686389793,261.2081868050961,90.10347566199891,27.574706902100523
251.3766764881276,261.21430506706577,89.62434752626336,27.65740205514496
259.2422547793009,260.18659520039097,88.74411829682214,28.213406152431986
264.5693267091646,260.4263433977448,89.16625503096668,27.956281246533905
272.4502751139631,260.43375206970285,88.58384163506601,27.996292967374366
278.5124381346252,260.0502236294505,88.58611395189611,28.09905626067131
283.6422206147533,259.5576832770352,89.08859675927911,27.84150409959613
279.42290864700317,260.92862795936753,89.8262662575234,26.67075657395884
272.087497542088,261.3958627207732,90.1846361510696,26.132736289209404
267.96206220508816,261.29292612873974,89.93196011028664,26.111543924975642
264.09301668426315,260.8103885463849,89.47804885548885,26.69727748735992
258.8977998277826,261.05121721339515,89.2145519043875,26.528725557716353
254.7861056813367,260.94350406854625,89.17955740003805,26.818747716001624
250.74379560860353,260.92526460195666,89.39235852618677,26.932232706085657
247.2357428454829,261.4489708139441,89.9517208120716,26.78880721295795
242.46474576825514,261.74823245289485,90.07652822946652,26.7563386964662
238.26116422912924,261.0948520911076,89.89118013065537,27.049440062016068
233.65562588766454,261.77357964485407,89.36660102897781,27.190151992487024
231.37124485976298,261.81755324288696,88.87895181845404,27.617214199649965
227.4147709042839,261.7380407242948,88.64663796488583,27.441111972573083
223.41152742645625,262.43658582190983,88.51300918262612,27.083158187102583
221.26950644286683,262.80123433787327,88.43381329198633,27.295784773492308
216.9895036119068,262.5128268816827,87.95902700749525,27.715021545376203
215.59699546506698,262.92104927814614,88.39158983094478,27.50206519773132
220.38607705783187,262.8114895210449,89.0804001408984,27.355059038878096
227.56743623963376,264.24673450168746,87.58939350825162,27.72783136854762
235.5942708383141,263.51534338704266,86.99903073789295,27.88567468544553
240.224532402523,265.06952816569003,87.63369403373048,27.630044223838695
247.6692521374538,265.4681033430184,87.91167590481125,27.280913433333666
254.58110131911513,266.58752816406457,88.0234700570526,27.18012698360894
260.7659148013676,267.5052030267321,88.42811982594603,27.41581526601012
269.4794083985154,267.3447112014609,88.21703305279314,27.63199505636494
273.1438574780731,268.51493857880723,89.956160482667,27.006524480215404
280.5001384840841,269.1098075599582,89.32929373736854,27.00758670788531
288.387756052272,269.7450839248411,88.69936518821203,27.175216689720813
294.1241637927341,270.406002624365,88.9213424547853,26.810659688088155
302.43279857490995,272.1827892659494,88.06458905712063,26.782585033535707
308.10267056220243,272.7478006505632,88.40821185804838,26.75186324487602
315.0243477858901,273.93170733122594,88.50888340402024,26.465799561208655
311.5000945120372,274.56960117215425,89.62365553476437,25.944191535857566
305.6355046009677,275.75651548791205,90.56868141860997,25.57743606832822
300.655214641889,277.42927218802697,90.87931417032442,25.223212045310877
296.0775922966337,278.1246190769502,90.61843165594001,25.18226354105458
292.28273205391065,279.3640553215472,91.00820335369687,25.246089435191823
289.6111319107538,281.46960096593153,91.59837715456746,25.28101703298931
286.4491695117553,282.8319549276835,91.89158028813574,25.582565432346033
283.0880969464004,284.77878370003367,91.11601519087927,25.7835171482049
280.1011384706902,286.4546388780951,91.16273945431136,25.885910977186327
285.9767037323548,289.0251207554788,90.09337639466628,26.180408266730495
293.2547359970942,290.485383573906,89.08288509974554,26.582937897210115
292.8805877885512,293.7003511102468,89.5782856847697,26.50368317578581
288.81695984255947,296.4751161774054,90.14822336615146,26.35436532937134
282.5314037566769,298.4130273326996,90.37840078449852,26.019966339553363
279.8164478195318,301.65662667999266,90.47460866403787,25.808348527993324
276.3401844436206,303.49036135878043,90.8485207040988,25.51920868587488
273.56331750840866,305.64393455300535,90.03308200143307,26.04411071356279
270.15353000883977,308.2347041755684,90.1419555349641,26.215336074912443
268.04060409928877,310.6741699989039,90.57615133676272,26.555415258167002
270.8270346460709,313.34924545558243,90.26806456570819,27.01942278444622
278.6455821418734,314.51563988695386,89.39600615705004,27.656967974742926
280.9611809833398,317.07304286277014,90.50359993987655,27.47311838678832
274.83786908015543,319.32892282323695,90.68671189779549,27.212607779209208
270.1443005422309,321.83742319549594,91.15778947962593,26.924404470451716
266.2170279614137,323.0499606635374,91.27591973189763,26.903246131735187
262.8837354185423,325.69668040455576,91.58074944654668,27.016273133768223
258.36765132105575,325.6874036834682,90.75497124564569,27.390844165512476
254.45012363642638,323.5697201420267,90.84993767523773,27.949643455502944
250.1662888911133,320.3005037075984,91.9356754794625,27.827811355487484
246.8572873604889,317.2773454689904,91.80274203253259,27.80837341909871
243.56134063149918,314.9438960421968,91.67552786264338,27.776373957256276
242.29807845082786,312.3661946115798,91.31664215356672,27.52492600367094
240.20398015884854,313.8538005902075,91.05598572162566,27.138891893324086
237.44626779575327,317.1827483074839,91.11538675473147,26.9105447223211
234.19148112403678,320.35698311426177,91.64350810994429,26.88335511135942
232.09152495941063,322.2876682317317,91.36885159535501,26.655743659759935
229.5804745260483,325.26808539909996,91.59486138236778,26.089116802593075
227.2213044328945,327.958719867597,91.9118291359666,25.80988672592001
225.4155671743894,330.0879464046674,92.35725822565443,25.489622204635697
222.11818622235205,330.75345277038895,92.79453464465223,25.20951076694714
218.585288562907,328.7267385526555,91.93858227906358,25.370508420095895
216.05277328836857,325.79243268764196,92.47454245079058,25.186778212104144
213.04183147675926,322.8613000838381,92.09462830255536,24.95882344519402
210.0368898535697,320.48015060651716,90.42875747865247,25.07637752678906
207.0888710007209,318.9659162439934,88.95720141909129,25.424790871969144
202.09778441715375,321.59380729997474,90.19924225437744,24.60059836343045
199.73374755352026,324.1360078736286,91.14882448460463,24.025276195614886
198.70319336230483,327.04676515916844,91.1718261871191,23.631481694420465
195.89181426442872,330.23144802855876,90.55571042428372,23.008917331982584
193.33602974733572,332.40721848992257,90.22563574356494,22.51083004542437
191.73820278904816,334.80067158484053,90.71572277705285,22.23295229034192
188.8235829996986,337.21337831042456,90.04435343470092,23.066861100984163
184.85501400011205,338.82809717096836,90.58566461731522,23.859012659071404
182.5968303183335,340.6886873508362,90.74027660977853,24.92382873640851
181.7756821125543,341.8169919278798,91.17786539880885,26.434849920989976
183.90440863097552,340.7017508182847,92.353609860288,29.327544571611043
190.18648605579008,339.65431561636683,91.14063222623503,33.51952310113349
196.64207602521805,337.7630628962153,86.32222095650754,38.68892395960371
208.42422488212526,338.4102262208032,83.12603771412864,42.26672770440979
205.23144522387082,335.9134127450769,82.49929129409578,45.6899290262466
204.65267950744624,337.33324006672564,81.963771746377,47.986028968215194
200.1829176248591,336.6585526940506,82.74964999610938,51.93636802135032
198.86801200991243,335.3103584676096,83.01201694919305,56.251795294499004
197.4534131419759,335.6022884652791,83.50403883896624,58.85943238663873
195.53572948471088,335.5942761291381,83.32396044426775,62.377266179098925
192.51292509324566,336.14236826608794,84.43227379033905,65.25043724997153
190.33273406671816,336.76738406979996,85.04845680584218,68.36820397094723
187.4432061227119,338.3789866564503,86.58171839759008,69.98670125888918
188.49732973031757,340.4877333790562,86.61806322911636,71.01217112773386
195.40771032042994,346.39884545457136,86.36565284082278,70.08648666481383
201.44931460122723,357.24270638215415,86.23637990239718,64.65286751655738
212.2110925589451,355.3289832335907,84.57275211806497,63.94086745977198
215.29921000917085,372.42184174525,84.63562625692012,57.010475753836225
220.99320830624384,381.77630376399145,84.09721519591616,50.13944901707352
227.87604946753223,389.41793777222017,85.54160539073446,43.22409233942219
235.32554865370236,396.02697232739087,87.43687848751037,37.26282912583984
241.9118516866024,400.6183145286343,87.3225419224427,33.662506898340794
247.72168913744738,405.092539667488,86.78693913378987,31.223100314175884
243.22887437766195,408.99607851236146,86.2459649546303,29.431995715554457
239.2164184498705,411.81176364142345,86.34563104834184,28.490039004946343
234.89053936867273,414.81747984165906,86.59799136070075,27.97369422807132
232.77056425742197,417.7284584069862,88.28873580317298,27.64752614847295
227.6343638664808,417.71292218674733,86.00234637814611,27.517109266169115
225.72268189098048,415.5993576620696,82.0842838612513,28.009210287036318
227.94381455060835,413.2612268034028,79.59777878255031,28.142778866247447
224.5831044769318,412.7737975686275,77.67869409286735,28.643605649015175
226.35464275254856,415.75063817460233,79.13384370740528,27.813709932823606
223.39601583781564,419.7022641975544,79.62909903604714,27.387890614733152
221.0461851665898,422.15830167701483,80.08310055031276,26.974387051686364
218.2240012497403,425.0180183099212,80.6517447359405,26.683209343887434
215.2673689385586,426.90514440401466,80.76320672311098,26.70428315019217
212.64972850427114,424.9822663070901,82.14826834196063,26.962681346147026
210.6379789720798,421.73680836218216,83.21986859309561,26.73256509332373
207.7165070563604,419.3090814893723,84.75466404044019,26.98772949415584
205.93206123804836,415.94806908688827,85.65496680033998,26.91779692073642
203.3663019372175,413.00362580258394,85.48803350151957,27.172434755824575
201.47190755403392,409.7697302443037,85.27361887585792,27.064773067819726
198.65533610742108,406.8393109047515,84.97094166639195,27.087001574652263
197.02210661521394,403.97429189465885,85.12026727182364,26.90005551356937
194.100744574656,401.1949829364206,84.89931356515874,26.906629038413705
191.75855206514993,396.7250705120083,84.55748684558449,27.267387610688004
189.82001760915645,394.53551899843137,84.43761109166263,27.045203272882205
186.88227753337122,389.70982295779123,84.36937567087594,27.148366136633214
184.76693428783233,386.4249756931215,84.39450147774959,27.23255317772192
183.00644983350986,383.3406782142367,83.93259217823412,26.73263531429409
180.43877770404487,379.41144729105014,83.86105729821756,26.726501747459118
178.5512940403303,376.29529765080315,84.24830165659154,26.607502695738738
175.17929782736212,372.397348210593,83.80089879978254,26.767267905352178
172.84503129852874,368.99354001799634,83.4228429597442,26.443912858813235
170.22964230227137,365.50403889504673,83.20096516002263,26.120282296027188
168.4262601465207,361.9291230186477,83.28049897034909,26.10308276067821
165.36984829526597,358.90881862187473,83.18669578076866,26.067887797510345
162.79598561583515,356.50486836633496,82.751710873517,25.88396845003888
160.1452000807972,358.3470419569056,82.40205780724041,25.61333782353922
159.52503643317365,359.48669582846037,82.07421407816499,25.468718696228677
166.4285959156262,359.91837727970903,81.45328667209773,25.562813336150818
173.23078246369278,360.55065000116485,81.22518959219995,25.536707930012867
180.7445357303941,361.76615121270623,80.66553946596284,25.45308733714559
186.68523227489436,361.884581506871,80.56918055664983,25.420245326749367
194.70665877458168,362.221702515227,80.53880733937966,25.80891005213337
201.41084967320032,362.52145183094507,80.47548112228158,26.050140597695304
206.9567028336437,362.7196031612291,80.48161987890944,26.213186281930138
214.85623370210948,363.1269853108624,79.88585671070345,26.250090817349836
221.55389088141231,362.79412788747135,80.35827726115542,26.393132057259294
225.51347291964007,362.64744186089615,81.13805918384543,26.076759263588883
233.09809155471288,362.7126111910036,80.75863304803815,26.28445529280041
239.5961058794178,362.6567252269706,80.64979044904337,26.09044871744848
245.30267261329925,361.54010085089,80.76409991340935,26.131831787007705
251.1533569788476,361.7766118749941,81.07933179113837,26.037260072871646
256.5173664404315,361.7586640076112,81.22771667656433,26.11081439473562
261.95466121706954,361.6114919285613,81.21437895434295,26.55141200454036
268.23296679417217,360.62567250395176,81.90650704269143,26.696245619804017
272.45970445651704,360.621952094741,82.80470961259387,26.83438058915023
274.6088455453638,360.0022958109022,84.52708545110525,26.91204977094069
268.8702538041665,358.7038435033638,85.34917955514284,26.929422477982147
262.9810230586206,353.40112460256216,85.51546605844173,27.7000376248614
257.6479441848221,347.6946964519201,85.2857288017662,28.338354932310047
253.29313568807248,342.9865639119826,85.11891146909366,28.21072429074943
247.4540619260459,337.126869775677,85.57933800773418,28.71150847553115
240.73867676813046,334.15557133635195,86.67321619557434,27.47424142443264
235.62234148478154,335.153523646171,87.4216986824382,26.775006645607256
229.98956415063958,335.2197590780664,86.93066155384716,26.700624654398176
224.55873790307055,336.2312343939094,86.73434209463949,26.064778653182472
222.74272032746757,336.56577479191185,86.43707264608352,26.0128126991156
225.88487833077778,335.8323024094985,87.24289650533834,26.272963440428526
231.43892559529894,336.91514898983036,86.26814090451863,26.753378191828347
234.7374529463674,336.5291410895124,86.30378092360363,26.516757756273506
241.03660423866336,336.7105995273765,85.73456063729051,26.708994608076765
245.16026511858968,335.89333514253957,86.80436324419813,26.942572349880376
248.2969309110954,336.60175136522406,86.9939852266916,26.81125163661283
252.14524074098182,335.92593787156864,88.91708697957745,26.870419493636565
257.18531854800335,336.57560405335755,88.61852468828835,27.07340527390332
261.8525300953552,336.14659210483546,88.72927771815739,27.54711713729416
265.9072731143682,336.43848803448344,89.53435009077592,27.574136869146596
269.81960621925805,336.6091171007608,89.51236055870007,27.696249983645053
274.47195863471006,336.90189520985484,89.5153911709113,27.941664589221723
277.19741254065684,336.1653177812395,89.88368864313634,28.444409099467585
272.0690180166688,336.4035893283294,91.35983995002357,28.52540642200524
262.55302528235524,336.1622154752862,91.88540909784987,28.934243072169192
254.43868020125572,336.56749108872214,92.28397345133313,29.05424689090205
247.09484501723438,336.6922303583019,91.84822787241534,29.17629456324267
241.30445730607332,337.14141361798715,91.46850067022575,29.670029331713977
234.3127119652181,337.1244444336949,91.85804012665542,29.78051483869134
226.1817674918707,336.983023013061,92.11965060044986,29.554359524365427
219.5741378794201,337.96153041890807,92.41750851156928,29.42997522776975
214.54965643573092,337.7051297308245,91.6846902023534,29.423220856427918
206.78781024931243,337.7183506693922,91.06380554882324,29.298551992467136
200.23053848259255,337.2376126158153,89.81870228508278,29.087614512050635
194.84399575370696,337.26330921094353,89.90095274376947,28.88121059176604
194.71417616821873,338.20197086596596,90.31608650037921,28.969449863737132
195.19659067770505,337.74696726390044,90.32548604233112,29.109242212197305
200.83783380281494,337.57777865322447,89.71394972802443,29.45108535190766
203.97816046457717,338.0316025460743,89.94684334816455,29.369625653671356
209.18257860627398,337.9072146483595,88.7762120208256,29.564133234249322
211.97936282536185,337.74541378509866,88.87751023990694,29.334569167352154
215.1805109670484,337.5009338098704,88.67994923561709,29.272497051463425
218.58111288195337,337.4273122461878,88.35812458290066,29.301712163930308
222.0088129149026,337.4983163274515,87.4233969336892,29.404715673780544
216.7453188173045,337.1694263385328,87.81431678476918,28.857261124030085
207.6545818480348,336.6848760592166,88.47306466434858,28.51276316905919
199.18913484417794,336.68970025500937,88.53100144244809,28.11696137752935
191.55413571091404,337.49222641243614,88.16051680644902,27.491100902370817
183.51357503586217,337.2815600647001,88.01876637615729,27.4591993127267
177.48568770922734,337.07432492910607,87.81759637305485,27.328074653265922
175.40556658916773,337.25748832718136,86.7648597732998,27.476225169680177
177.17033006242337,338.2809000443637,86.32047019403709,27.605661729822366
182.00263185335922,337.1305984509479,86.47916506645002,28.007081047292118
184.0465727670179,336.5084588572324,86.87949344039615,27.92952435921193
188.44176454570044,337.0745880925538,86.69284962149537,27.830998422023946
190.613237777378,337.00026189281044,87.06190877337465,27.67296957594528
193.39174798704832,336.0063398578771,87.78040343353227,27.524018840285294
196.45775160434775,335.3850751366461,87.7324129988602,27.74378300393107
199.32193923604723,335.02347125091205,88.00595557451149,27.6052606170702
202.5558635873315,335.54485512891324,88.46092934737632,27.66234089306542
204.27582543882926,334.9624863281046,88.45270039039826,27.672063979759624
206.64273860667328,334.1092539259492,87.42215974883251,27.769883821759613
211.22465426774667,333.63989339567456,87.39921282609981,27.71582187230291
213.32070556155116,333.41838031631426,86.91139323752955,27.843424214581045
217.54855961656185,332.6135130133147,86.6840634234066,27.98370334000466
220.00678456103043,331.5280268106481,86.12141335441572,28.101220869391803
222.61006605167844,331.35430984836273,86.27652515873369,28.474780588239092
226.3027967099532,330.4106090602249,86.53561035097326,28.592557454431766
228.3900815048109,330.8036011386322,86.44875543334652,28.702019002077336
231.49911496261515,329.8838540569706,86.73533005063594,28.677956899569473
232.82919968873892,329.2828620951228,87.17570075952122,28.434684113212604
224.10989560368864,328.4676026036355,86.96279296892837,28.28815295866744
215.06616154672736,328.11679948938337,87.57693535348082,27.95188925690433
204.98632177701765,327.2130356429276,87.14609021943835,28.28364290005699
195.8641943279098,326.97382567099913,86.96967365464137,28.17572563516603
187.96772753352988,326.238840579152,87.0038124588553,27.850095046956348
179.9341846220241,326.6783887746922,86.66065047913249,27.464308749755528
174.325682298714,326.2190030461585,86.35821161378973,27.41779585928883
174.48060979254694,325.3915144236965,85.24824217328504,27.629018788836547
179.31242510068313,325.4076161504987,84.8520599823056,27.899726050573726
181.290654945737,324.623879522749,85.39320180129207,27.851722459378202
184.78116959882232,323.84961998683286,85.83015221237613,27.98754791148237
186.33559817193014,323.0106066708001,85.95712704209733,27.880073778701117
189.7977388825006,322.4614573672932,85.38051951393132,28.04519610664696
192.0542617993544,322.27247727958263,85.82788904353544,28.01712711727696
194.57515160834288,321.6918221913719,86.22929666234441,27.861350001027198
196.59643730873302,320.6303168525088,86.17283952509862,28.08901415642206
201.15922090158284,320.28540013812534,86.24360622459189,28.275718937384774
201.42389853981325,319.1635859204819,86.59031679838894,28.299183312078966
205.50456010864036,318.8506229776651,87.26778932266095,28.281061818218884
206.88803779931322,318.4581391744059,87.35765571675167,28.500717217992147
204.657062017654,316.9231918321179,87.94242431955983,28.28905076632249
196.3219511606378,316.29127329169404,88.5623320840073,27.736980964884047
185.91646258051333,316.31825549888913,88.76106940660978,27.129371118498455
176.64890674705083,315.9772856187088,88.64599834953573,26.93087338553499
168.7323311884919,315.39424019402855,88.37541068186353,26.907812351770033
160.07743617926855,314.92157902720646,88.03858853295182,26.802116447346606
152.27044350507535,314.27003818325795,87.90961390514197,26.460900773869795
144.86050597633425,313.65326632926343,87.76726018759973,26.619905654916387
143.68450402209587,313.7326313939384,87.71234032517198,26.829465502878517
146.7325063841813,312.75851368800465,87.29245826640638,27.197986378079122
149.185936999055,312.3244860833171,86.7265174849622,27.38873290882729
151.53483644621068,311.7846549655997,86.85541307917623,27.497015566148395
155.2230492077063,311.17277705427284,86.96218286105555,27.38273342112026
156.99414918969586,310.6642979019931,86.61652563694463,27.344596291490944
160.25111943106586,310.3800485156021,86.54572518411186,27.48816383611216
162.2779347583903,309.7194987811147,87.21761752445806,27.172819690127255
165.34549717142002,309.1063050405243,86.68300186511618,27.514116164552114
167.21181821434496,308.5098353443635,86.36271687117,27.71516345749321
171.66205377913008,308.13365862109197,85.33462552141546,27.910200541178433
172.4745549476841,307.1515536164042,85.69832643519234,28.007982175309856
177.33025733557645,307.00983771180233,86.12312256425388,28.312038795343426
176.5672852948666,305.6136841810052,86.33652981000313,28.14706879738258
182.5470428002767,305.79087122706443,86.03119914061357,28.125150697962752
183.80272863994645,305.2045281267039,87.34267292025848,27.767488240122148
183.52436913519125,304.3000291628537,87.33179132189682,28.290606079016307
174.1506713675329,303.0260573611965,87.70491355704263,28.157599279117285
164.00959067535797,302.2734252939337,88.78733357786709,27.812482396911626
154.22418977018526,301.3415604292436,88.89238564761197,27.792732650316772
145.38705355574123,300.92398585723015,88.65497213289649,27.690360038648304
135.32690308668637,300.7468873169574,88.13654206819858,27.568851823392684
133.69224308423128,300.5790282824522,87.38598797719206,28.08664910328046
134.68911534606994,299.67357857935235,86.38277430201782,28.336876583935513
136.58407897710188,299.09406065723465,85.9135913160007,28.305124516755782
139.83753250605778,298.4140443849301,84.82905326138479,28.637843948152298
143.33979561640004,297.73008361655906,84.61288477538045,28.598685311401987
