311.5,147.5,35,23
316.1929586545312,149.65389794217268,35.401391383869715,22.43190347936316
319.62185188155206,149.5143099546279,34.775512774371485,22.109018719227056
323.24231914149226,149.05605804647453,34.580387046605296,21.806275671214888
328.0600338045673,149.8409841822247,34.638014780697006,21.68046643999012
330.97808495790036,150.95332990780082,34.55149810254032,21.55830928296631
335.3652766622214,150.23930282674564,33.933340852040416,21.184414301666948
338.077216135722,149.8385476845019,34.23779776243058,20.744141920901768
342.3156674453337,150.22243339215302,34.15346563881259,20.568525425700678
346.95421100604295,150.1461193892739,34.28711555505281,20.649097905381154
349.492885999073,150.2746037657426,34.534090653679016,20.62099073770319
352.9574771818995,150.42589345408064,34.135813534760544,20.556220333624278
356.2432865453261,150.9553523519768,34.56379140367153,20.488492613706253
336.2821409023422,150.89137616714112,36.70992149579169,19.569082655801946
341.22595764723735,163.91803723364657,33.1771306688126,22.038297754236325
345.4779409929155,160.82339195311528,32.127948847604046,22.16171946077624
343.4133221932075,164.1785368256117,31.17180970751811,22.128837934167176
339.92374466689427,170.48259356732865,30.07241728242237,22.107633744861673
336.76643271986063,173.31540085570074,28.701703633002076,21.11518305895613
328.5088648241505,171.48602031941516,28.51197301512061,20.043004743252112
318.26343092925083,162.95672082355293,27.594452667102594,20.20649265099224
313.49534178417764,168.7031486203368,26.109975325229883,19.395391169668144
311.24225013604,168.40043129155444,25.548138277724654,19.540604149214275
308.87201511162544,173.50464835385333,25.36071516478013,19.61340476582747
315.8870711702303,160.73492795257678,23.880855961999096,19.545736498556337
323.0911620644817,158.29513117639354,23.963827890537345,18.400810130573703
320.4350526112175,164.66170699733848,23.380361601142894,18.208169619970423
318.8015204703484,158.3401305766939,21.625206224983117,18.237658787858738
319.69653784983234,159.6043911753968,20.257345472715723,18.152408035322868
305.57562835447766,146.898623145444,19.380016209030643,17.205923312757797
303.30422494086986,147.59943755257424,19.25546273046001,16.056123705440825
298.8471990359477,157.24328666527174,18.941592100729174,15.673117176212816
296.83877817053315,159.4669033032242,18.629002774582027,15.406760632180454
294.9782224469375,158.2232286231889,18.72226488133452,14.31294110225165
298.3942299456609,165.28431262300796,18.897585546729367,13.472272965284422
301.27080736017325,163.29949383978342,17.652768215415897,14.313656356547371
299.9607321683248,165.69128345896127,16.722094910605776,14.532499927792493
302.52075480502725,165.77226046849486,16.11175470388175,14.546420439994385
298.85966793939036,162.58643640724347,15.608619158574669,14.268902932156617
293.49672111023125,164.74701948567002,15.675304519163397,14.031205689335476
295.8301403428278,166.430297840086,15.653322506912223,13.9700383848004
272.6432888701169,151.64558076609245,16.534681549746058,14.115537596264051
270.65449105481906,150.00907070286146,18.796436840681213,14.291662266411972
270.76680373569843,149.13546255264566,22.85637502033478,13.972015983683146
273.2360783855179,149.88619749032569,26.590184233574234,14.238590103226695
275.2194449094334,149.9208669450407,28.91966767362787,15.482531537806052
279.17157697340485,149.8085848786193,30.931220806427056,16.569084393926875
282.9945406642966,150.09574627501067,31.500520551718743,17.43281580513129
285.20379732094875,150.99341439078748,32.738046953227695,18.10092547544836
288.95959646613767,151.2441359016666,32.774944432350566,18.75618759475763
293.3193645739829,151.4650723126407,33.443776823227466,19.017103602612934
295.6774267390585,153.65027995527942,33.63409227426532,19.49461874870147
300.65283812348554,153.68482361210297,33.9944496201573,19.551517325681246
304.2486634009643,154.75153125770814,33.664786655989566,20.136979111573588
307.98714150201704,155.02739113042173,34.41015291787336,20.117810893169683
311.4725675644821,156.47407014252352,34.139272468815946,20.591782466439277
315.0712905161425,157.14644894171204,34.1620318725021,20.519409511616907
318.9859301550642,159.15398735065236,33.99466837377246,20.73769107691497
322.96061469908926,159.9301652930742,34.13946318037566,20.69412187038553
326.88340956883866,162.04699020087693,34.07431663240514,21.048123307526602
330.91761452119806,162.18202977513295,34.659975674524695,21.14280801494875
335.04282243915156,163.27302274239725,34.54814492925498,20.845279787825206
337.68534161762665,165.89325088896825,34.23657487598519,20.993421459923695
341.8287717081988,166.13438778598265,34.13288119874711,20.85365297190036
345.66952663977594,167.4207573886916,34.12215485533774,20.643357452014094
348.7212509039123,169.22214319828598,34.48682785569059,20.693555908432636
353.5568112814677,170.3583213329091,33.89789189214466,21.131415446147468
357.20768345155153,171.63699855830083,33.79855252786812,20.772520859026734
361.2845977509999,173.03704159579743,33.542058027787206,20.594638610937785
364.14910263211556,174.59962294327616,33.77020397005427,20.090050390315092
368.57173846415003,175.6200712498067,33.36029893653946,20.292331906450183
372.6019229935856,177.1417026090025,33.38120677128404,20.850823853433333
376.35631059712466,178.43242706700542,33.246872711056525,20.697299808872152
380.3683501932665,180.10449921538378,33.55467790292809,20.182526010772655
384.10497070014446,180.88825364021886,33.51087834119856,20.24747405979179
387.53850977366415,182.42807453301688,33.30679410208773,20.165373940226637
391.6473467268205,183.48659704448391,33.266802118687586,19.78176228311439
394.21256961230864,184.89116902089418,33.562986367852915,19.65033196287751
399.30671142000307,186.17485569884028,33.80185443245668,19.494280962255672
401.87830804329474,188.83605703905127,33.56677275813899,19.73917049527364
406.38643876067505,189.49685203335292,33.83072181837348,19.65072097526776
409.15264453228224,189.8853225413829,33.89216279514818,19.519354707723885
412.76644601937437,192.30242697748457,33.4674901760359,20.07173345530203
416.82321862747295,194.41932072249398,33.24920672436512,20.126176384442125
421.3332791492267,194.78173494292108,33.07317042054267,20.462875195785198
424.9831230715612,195.23500611084353,32.90052153156212,20.35111907476882
427.7682698909796,197.17883824213106,33.60111526760333,20.069966405058715
431.78809095022643,199.06939721929604,33.28254439239569,20.31125026042119
435.67274454371795,199.46367538589746,33.73836537924079,20.201608593394155
434.82190588036894,200.56889668763242,34.12107595960852,20.21389734177668
436.0724758535793,218.40427372962833,33.037331008877274,19.41826151340005
440.72232886408773,221.52815533996866,32.034355983038594,18.060399453913274
436.634180260531,221.2139507662775,30.822572593228223,17.3513901642915
435.0067855911694,222.13410874258318,30.571324935110034,16.247693684183783
435.1538678961851,222.36833094701902,29.96374351623505,15.35414856134386
434.79617054687026,222.26853766808443,29.078022511281954,14.66848919998543
434.9018701747786,222.24005941280055,29.00021310434125,13.948959015740384
434.5974567720092,223.8331349309249,28.66769767526847,13.424795999434956
434.20134195426715,223.82711531873738,28.550154080199945,13.194797733799728
434.9181240483842,223.69851111416133,28.419651258047068,12.99109191856558
434.5386986624146,223.2804227309807,28.169614500613076,12.839274490896141
434.7738234716153,224.74694559580317,27.95194135258685,12.741775970037146
435.75258049603224,223.87247002976827,27.832318047962133,12.462739383524806
434.32758796324356,223.8285714873892,27.850033444960467,12.06315062905906
435.0739576637005,223.6201763819554,27.737704357652802,11.858395167510022
435.1526640209543,224.95584115005227,28.01351715564972,11.689371138976192
434.60676809669377,224.61898464833806,27.956233138425265,11.618666236597132
435.09029841033566,224.40207760999834,27.490009598772716,11.66016620705059
435.19761629793175,225.7121919790066,27.5130913477515,11.775842639474721
434.97008167464196,224.43975318579206,27.6003084727395,11.580173760983794
434.811032723681,225.44759324484897,27.677945621220502,11.520606981340368
434.93530541087637,224.60718289337515,27.428128295817533,11.407800422172546
435.4483646586891,224.38480409729752,27.370159700628385,11.304319200450724
435.1367447737946,223.81720162872685,27.27239558037995,11.314451896762568
435.86016792230197,225.0077132340871,27.306664982179548,11.498294275183937
435.0923163920446,224.9029497553841,27.594432509170737,11.447842044147691
435.11875096946335,224.2394987617812,27.760913364489866,11.458160874767806
435.3289949974871,225.3744967725503,27.507627140379256,11.767720126285688
435.3952154413722,224.6506362536553,27.371455373210885,11.688257512151502
435.546751186977,226.01085639331546,27.299967492178297,11.769585058911488
435.74362726757204,224.89777342471376,27.363066843181983,11.783470961095958
435.6928611959329,224.03368250699597,27.57981573338656,11.642598836685067
435.0809207516501,225.36907220618872,27.89299314170844,11.643781937918085
434.4388793269794,224.6053103500644,28.041087755576232,11.496053927830932
434.72159413559024,224.24328422712534,27.861218144257833,11.399073947623366
434.4377267172052,225.46250995098512,27.88289724687033,11.499476622065703
435.2927047252452,224.9464656840163,27.828246854798476,11.540566887875926
435.33871146331444,224.20845789259192,27.450308765184264,11.365309339354095
434.77134375482046,225.47439633705937,27.264326251378453,11.474794163828635
435.2564536838562,224.64583456611567,27.36567237898663,11.307907452763457
435.43212447715945,225.65500730012167,27.387359040928573,11.435933826182133
434.433306399316,224.77775715964304,27.449868534361165,11.480771073653933
434.56811514209596,224.017849426287,27.2996773886659,11.272795946265072
434.77190659723834,225.4384996718406,27.25957880951212,11.278846767795248
435.19929527963546,224.634700157947,27.17124296874673,11.143615042255966
435.0297898698002,224.25420128644038,27.179540218299277,11.060768788744443
435.29526652111565,225.21541913322974,26.88607092374218,11.253274692150562
435.1074160657153,224.43325081137326,26.77440763180505,11.252424835314239
435.84960716878885,224.12890856871013,26.580057812437794,11.315198723792921
435.7377143251678,223.82098569944012,26.41222763206504,11.315086725363994
436.23120083478466,225.10038907198575,26.347250133423124,11.230801140398428
435.8177960596424,224.6964539741074,26.284390205768062,10.982095680217899
435.6778266497607,224.37404249177962,26.17936405279707,10.876364202467837
435.96023658753836,225.61685332865994,26.217147076316266,10.972803342610987
436.0930304378482,225.05541314674116,26.3452173282436,11.22735847298908
435.6914211574515,224.70391647790058,26.186710773261037,11.2288651039365
435.8255502668735,224.5374986511482,26.52530866212875,11.207618858513573
434.96157564586287,224.35593298059632,26.728870425321606,11.083885543407405
435.37101696133294,225.64668522302802,26.75189601085785,11.33985397419341
435.0541482075087,224.88944954015284,26.87246625642898,11.428392217308875
435.5514393410795,224.00685351275516,27.14366765685176,11.360090562540035
434.73665044035346,225.36293560531377,27.07134426087046,11.518476771481062
434.70710713860035,224.3203915246361,27.08105593009076,11.564658597005675
434.69678512476,223.8999355432186,27.364549825115333,11.506392591338667
434.52196975747955,225.26656606610453,27.652141035359488,11.58293097832129
435.04178545622034,224.91285074710896,27.614727169082162,11.64353856772083
434.39856999037937,224.31852932993786,27.76360512415582,11.585944004869145
434.7989343585266,225.53722415645575,27.814320989873973,11.814558771160138
434.93555609462743,224.94796547602837,27.880394660635716,11.85421924419753
435.46206550203215,225.90910214890778,27.580504970467715,12.254971125031744
434.6297023925931,224.61213359037552,27.77370623550361,12.187971648086812
434.36144923083475,224.31824322333637,27.693459398066814,12.01505918968316
433.5158421985185,223.99479722157108,27.405214176963273,11.982456454634914
432.0116650242308,230.85618384722724,25.907109289393603,12.604322981459775
444.4322899881293,222.61481719622836,25.158573671288963,12.905461434824783
447.311588184463,218.78630671028415,23.430503439815404,13.628067066289578
444.597083785879,217.6698258337831,22.37326088276592,14.316557316987597
443.8125343022394,216.5098036655752,21.402529880638966,14.75753983528058
443.76152887782007,217.74044612205407,20.801051962330586,15.05617265837626
443.0737133615825,216.62580267932125,20.550905750237767,15.210996653216906
442.6683390692821,218.21344922821578,20.48094039517185,15.173085347496343
443.2728748075278,217.09399506089676,20.40965053870613,15.495735108602283
443.15238481231046,218.4086367022474,20.329650725340187,15.563387718006073
442.9573486541989,217.38054644158748,20.335661377220553,15.686058412665766
443.04939924099705,217.00601637018283,20.32381896812957,15.921254872728209
443.29357912737464,216.50526896978292,20.417091094254317,15.902241264981546
442.2930334292006,216.2876229624844,20.327651856676106,15.744576080958803
442.104760078758,216.13001012260372,20.040597039884062,15.883095834063415
441.9437570095077,216.07789344121932,19.85207520997785,15.83194933523897
442.9858319104455,216.44327014290334,19.790488150335626,15.697760284383282
442.25959545882387,216.23452345644182,19.74074280711887,15.248478085006381
441.6926659819155,215.94027953828305,19.484632650446713,15.026122692030054
441.70682924441303,216.00446353034147,19.149763967324866,14.778252737204852
441.35649265258564,215.81415651642362,19.027203308129867,14.498147608775303
441.21402636277725,215.82631898248005,18.84074242175081,14.260904514316575
441.375731618528,216.11578788088832,18.56596634623084,13.982891286868398
442.0017916130688,215.86322395029174,18.36287010459342,13.920662382791303
442.65341319286836,215.63677876371352,18.25496078345708,13.88316734277787
442.34893336256704,215.80257104738737,18.099282020140137,13.82055412919948
442.69030393343434,215.9409357133241,17.825992333283324,13.826741760426422
442.54824356496187,215.7351851028991,17.75521899841094,13.874379423699349
443.37622440476173,215.59714957438268,17.60661837323168,13.748894406112871
443.11147030146793,216.28466085277776,17.631977679310406,13.707342551494023
442.7248961600086,216.33318052994204,17.839193151922444,13.422317046781513
442.25630740247396,216.20198649423037,18.042819522391873,13.31781152870825
442.50509536838945,216.20881627186003,18.095918803897767,13.18320133420103
442.2400006354937,216.1412310497182,18.13713268518235,13.30769233511792
443.3522278617025,216.01335114060763,18.220402470206714,13.362594365014676
443.15839637869107,215.92629773114533,18.332781890973898,13.321600090885433
442.8946104207261,215.85460025054974,18.5146102699547,13.347541797317326
442.253914561954,216.10481783165739,18.652708487552317,13.303298174866452
442.85287932006776,216.2761054586465,18.551168861041944,13.429016170495297
442.6661342719889,216.40687758385323,18.67195856876815,13.461415802070338
442.6714522320994,215.5801077724137,18.840676347635203,13.459344982787876
442.61225911677826,216.1512469301289,18.71252942283619,13.73892235545253
442.50117459990514,216.13610098389793,18.635113322791465,13.786877151208426
442.5388060625801,216.14036140625373,18.54789672132209,13.770915485229194
442.53843744592456,216.14774998986422,18.49379080455392,13.94111173672082
442.53651805710905,216.25346062322396,18.41322294552955,14.195318646928884
442.53789650809296,216.3299966315341,18.398797702327496,14.337162544844169
442.8252307096476,216.28734001237365,18.348769680554383,14.413570107902824
442.9648712107182,216.22783214961177,18.38981855316718,14.628275666590815
442.54537075028543,215.9790811066042,18.49986724500969,14.836693437305943
443.0238778793244,216.07364236383228,18.610280026078165,14.891049444554493
444.1166880869867,217.02059749822376,18.747861743932262,14.913883884786424
443.0274378146583,216.60101366388943,18.947382343406236,15.067694161620784
442.2636966934072,215.93699683655615,18.976201518090797,15.036507788363792
442.6749166229126,215.5629031382497,18.95357826750897,15.027880645544151
441.83175837592955,215.2616695479026,18.925783910187135,14.969452240224545
441.664911944628,215.67270773368716,19.13028631294288,14.695760713912243
441.65861934109364,215.47112350108006,19.07177243241557,14.651649129802406
442.0717208434026,215.80307269404707,18.98929878074871,14.772628103735498
435.29685184920197,222.25631944036664,18.12310316014125,14.923293081250172
428.4394269105336,224.85776768545915,17.6316008035913,14.55708701693793
423.8736079912331,223.56254408521403,17.059722635722522,14.229571189474115
415.76743088526064,234.9644392346562,17.698877575511652,13.265285132533089
415.9643643693213,237.59432793905245,17.762960692791964,12.541490809372911
416.60637866677723,237.91001952403457,17.19313772055312,12.143809002614603
417.16786266768224,238.1605750922663,16.728254826546397,11.806956197211532
417.1467085001854,238.45121096370428,16.077300822901798,11.789966573609698
417.28422571707523,238.5639122206413,15.50025525688179,11.595129295499461
417.5169531418934,238.69332934693,15.119656462922478,11.351548595157764
418.26883120688416,238.0179120565555,14.865496451867896,10.986926451739865
418.78109989393,238.56696468495258,14.478933936060182,10.686217795192112
418.22897858417866,237.96972695566697,14.183643164564092,10.371819195039926
419.5105434893812,238.40100922171223,13.712920580721526,10.248307137448148
418.76806670829063,238.76410203101113,13.656278207081044,10
418.76498340739107,238.70027350308374,13.529161342779467,10
418.93148901019305,238.57822318794206,13.289651362289437,10
419.3932635158336,237.46956153633073,12.991884721575605,10
420.1349983065433,238.62751837493852,12.784929670338123,10
420.1766116993615,238.5888897930272,12.549925095704989,10
420.57613262973206,238.31099636899307,12.422914458737903,10
419.89278421575113,238.40243884222582,12.365299529611953,10
420.39688148919686,238.41415986930951,12.404181327210596,10
419.9938066309771,237.56879917299375,12.430994710375362,10
420.48162396556523,237.56876620728872,12.470385537681874,10
419.90217316338726,236.5338132091274,12.555293816804298,10
420.35899694412984,238.00094470460317,12.362114597623467,10
419.6371322765329,238.10991860259674,12.413201315591678,10
419.9677689811398,238.3087630503287,12.503022009237377,10
420.3321180649067,238.51115775931976,12.557693204057845,10
419.9689276309179,237.3596953235974,12.399365369471145,10
420.5092781187176,237.82434714664123,12.240793428867867,10
419.6332196334172,237.95162353743217,12.307820572884747,10
419.80213280835295,238.05146712888381,12.327792829170559,10
420.17629930910266,238.32506946552894,12.275512617359256,10
420.54138751492223,238.598787256371,12.234618980645305,10
419.9592956227247,237.66801280606887,12.180237062602062,10
419.4500376568851,238.98454792131088,12.333017940265146,10
420.2452697645187,238.13612569202087,12.099188699477576,10
420.4148682987531,238.23715534884832,12.016717597939213,10
420.5778750197815,238.33839878518484,11.947854507883509,10
415.44367294413144,239.41634544808767,11.417916908085035,10
408.2120613280935,238.37106749493978,11.304944423303079,10
406.95216167901896,240.69619247395894,11.309032175507971,10
405.8690043689776,241.56256595332525,11.160097114117892,10
402.26523218435864,245.41588845927618,11.2572832451356,10
401.2240511361926,247.93164602000616,11.35183973653292,10
400.3185669618505,243.85071663410295,10.981062794461025,10.06952020979471
399.2223769440254,246.69105377871892,10.887957800890497,10
403.39913864250695,241.13867655475042,10.917625512630991,10
400.8746049546979,244.99578967769048,11.041899168003821,10
397.93998157013516,246.87459352691076,11.045783292933685,10
397.57737145902206,248.41233053882024,11.122110337650652,10
405.1981581314496,254.43168488223455,11.299626310117302,10
401.11106999644494,249.99113407809637,11.029633535631982,10
399.2664426249851,248.425036460947,11.159047360964498,10
401.0321869299931,247.12367501933477,11.06240086062861,10
403.02196701681817,245.96614602286718,11.171852832974578,10
400.42607587192316,246.91614481885335,11.08510309456636,10
400.5708311675359,246.66503435451887,11.088909642489472,10
400.76202273344103,246.47500556785963,11.092806272470522,10
400.95325385545226,246.28494209129713,11.096694272731671,10
399.7209422496699,247.4404428609123,11.38983372918475,10
403.65018833940695,241.83262711841962,11.591999050931317,10
404.0516461996232,241.48392635662458,11.592893152104557,10
408.22803288988257,239.93003910858533,11.669273213968554,10
405.7863726935616,240.97172969658277,11.5704258858159,10
404.5368799515043,240.6616093822231,11.653399559627665,10
406.0160473177024,240.43003882546327,11.758102699546042,10
404.8118882754338,240.12658669133089,11.730513658610246,10
403.4675956375563,241.17634309906862,11.728901466561199,10
402.0940073455264,242.36829866547487,11.721829431541481,10
403.53431865213685,241.99938334603212,11.710179596640891,10
402.16155581284767,243.19033064026735,11.703786482494571,10
400.8853156905136,241.40386499543092,11.704275026036624,10
399.4689672073263,242.5892923035135,11.69043344871011,10
398.11950300608845,242.20077796358964,11.687697403401277,10
394.02202153826056,240.56870897192857,11.630980918585895,10
390.18906671563303,241.74340506332942,11.562798805112983,10.015817635084657
389.07548934808653,240.03226049322984,11.485677789092044,10
389.28521795675965,241.0574552573671,11.45099129294296,10
390.83026277729067,237.1360761060091,11.346520720026634,10.060275678662022
392.3781710341354,234.10917277712724,10.978245414604386,10
399.2697866848625,232.5746534623613,10.934617155752747,10
392.6838896092356,233.51256389994523,10.884900419860474,10
390.13226733243835,232.0412598409166,10.930656055150662,10
391.8018917126775,233.83263428587816,10.74472546140513,10
391.77690422205217,233.62741804201505,10.745276543154171,10
391.75191615522516,233.42219638903043,10.74582747718034,10
390.94139988672777,233.31816887189052,10.59461544153568,10
391.6160960931233,234.39430733417424,10.345368964756823,10.103160449547545
389.9637905135282,238.6453938417544,10.440969046066265,10
396.8262686603645,234.99905633259914,10.422301090101037,10
393.1424928958295,233.53215431500576,10,10
391.85581076692324,232.20977925587795,10,10
392.8962872083066,231.25069706965587,10,10
393.8024096507187,230.28010200787685,10.035810120249401,10
392.26511866401415,233.00519337152153,10,10.010693737554403
393.5210382749403,230.40079449940822,10.214856315714881,10
393.49153312315093,230.25680352080963,10.221087082599334,10
392.2439603927034,226.35448909629486,10.210237508322873,10
393.6477035227227,224.53748989928863,10.254529040261225,10
397.76657535839894,220.7637186132779,10.271763548840301,10
399.6522841364191,216.96010018218658,10.627875137087111,10
399.6143875772433,216.73323883939884,10.628462579181138,10
398.5924137905566,215.30580975938938,10.449630401730555,10
397.17141757530607,216.77777733732364,10.388874009065706,10
396.0041325236295,214.41994132925174,10.239974864600812,10
392.7811469431968,213.52311822105548,10.221518077468156,10
391.37034117387896,212.55641820360324,10.263540916763077,10
391.13556240462077,212.78444547284744,10.247414865105693,10
392.1897465768983,210.31589359868667,10.117692560513385,10
388.34837471370935,207.51698965657852,10.343097476924287,10
389.6053978656373,210.06195444692275,10.450523770190575,10
388.5015749097412,210.99360985387466,10.495517666296738,10
384.77978700126977,214.42457050908706,10.702463520318465,10
383.5623182361551,217.9873768769612,10.727730220774891,10
384.872854665772,221.8342039071431,10.832936143431857,10
386.2130015665851,224.19283432592056,10.990945907784708,10
385.0624543000637,222.4524660788884,10.897200200349047,10
383.9733222165383,221.1654318809294,10.6214717621905,10.053925363844005
382.9510552391806,219.94786566036467,10.301774607286745,10.171173121364482
376.0180749807936,215.68377942670486,10.409157777259027,10
374.734247132024,214.39530593980453,10.348730722570439,10
375.82092235867856,214.4259303313156,10.400417128773592,10
376.9491914585847,213.334176848497,10.432877771200653,10
378.12687791639644,209.36423523243866,10.16156933921977,10
376.349446499342,206.97177274044952,10.279052336292537,10
377.427261750073,205.89819950875244,10.130007909659666,10
378.5770729546427,207.19988305386505,10.153958613008088,10
377.17040171386435,206.15298194703064,10.239626848730364,10
378.2608224451437,205.0754938822647,10.041207141962456,10
377.1202328837244,203.70342419452834,10,10.048182191634865
378.1200365460245,202.30689115342102,10,10
376.64394241932314,199.61632270630798,10,10
375.52271741989534,198.55329484757385,10,10
376.56471759441774,199.7072864275833,10,10
375.44349259498995,198.64425856884918,10,10
376.42199010017794,199.7705462675949,10,10
375.2672442829935,198.74476940449676,10,10
376.2457417881815,199.8710571032425,10,10
375.090995970997,198.84528024014435,10,10
376.069493476185,199.97156793889008,10,10
375.0841035282938,198.85519976433716,10,10
376.13228279713076,197.99691672142944,10,10
375.1328119671671,199.30323869999847,10,10
377.0525929823317,198.1675728064438,10.11370411346952,10
375.55595678451937,198.07377690341673,10,10
376.348566178116,198.01194516461692,10,10
376.10005592170637,196.92913798135123,10,10
367.60773395362776,192.8090484504064,10,10
366.43263517681044,191.52629116814933,10,10
366.4283012985968,191.17063463371596,10.01268009710706,10
367.56284576102917,189.8176422182878,10.052674395585164,10
366.1282481598386,191.5210032526811,10.133673034245536,10
366.00714315815077,191.1938718323072,10.138824666315825,10
364.63825003568667,189.72840688269935,10.194618618839906,10
358.65647173067254,193.11260578673682,10.201772450242597,10
361.4631809296999,191.72138032954535,10.409564913394002,10
352.260416658232,192.36513731520972,10.52636664968923,10
352.71273704623417,192.202692768391,11.545962052082924,10
354.26054046806803,187.98268582564197,11.479512370127887,10
354.2806345834729,187.7987987313827,11.48853247489659,10
355.8639365077662,192.03075044494472,11.357211714994007,10
357.68638802871163,189.75762765746913,11.339358834464825,10
353.0814990647304,185.49066226821742,10.709359769629485,10
351.8221096086517,183.92018084865413,10.454521175759613,10
351.8065142993934,183.64049731832347,10.458446752209603,10
350.4984158755771,185.84972035032115,10.481163966510982,10
352.37866822894347,181.92624937635264,10.632180694562155,10
351.50409897523156,180.75474607091746,10.777067459623066,10
356.15040506998633,183.49160253148875,11.02526966983266,10
357.8994637453945,184.49174248319468,11.061716575684544,10
356.7967330020567,191.6387776051124,10.981694702069449,10
357.88930728708453,192.77060424428782,10.709205419466599,10
357.9211506865511,192.4147945259174,10.711115782184203,10
357.95299790654656,192.0589522634109,10.713024501561192,10
357.98484894909245,191.70307745676837,10.714931581005391,10
357.9458494910209,191.5622972760757,10.718547163823143,10
357.94532593372054,191.22571610551677,10.724301441623622,10
357.9448091151221,190.8890422497352,10.730043538421295,10
359.4699360464994,193.33602862462314,10.445902718498179,10.020505075388924
358.33563181444225,194.84874017723493,10.121934440440198,10.075381347606776
359.52665625035297,193.71268599291673,10,10.201008679103289
351.6301675329425,198.87222944837413,10.338664156622757,10
351.60053606208226,199.9507254276832,10.39026347072244,10
350.3525534446722,201.22374915223918,10.198001052039068,10
351.67016688000876,202.6034675751289,10,10
351.4781416208716,201.4207942400535,10,10
352.5844810755225,202.32650899034343,10,10
353.531069550706,206.216575137194,10.044945202915162,10
355.1465770436785,207.40701936822734,10.210282269658691,10
357.0940070448356,208.6623247776588,10.61985084476761,10
359.4910914132876,207.53027068715892,10.931816522536444,10
361.6107283528788,208.68950258832774,11.14402303199537,10
358.36554007944636,207.5258158360084,11.176120922854473,10
357.9045958760309,206.43915139776072,11.0769415911524,10
359.0500197911897,208.9454399262031,10.710651208268272,10
363.12722965181354,203.48112342270338,10.620820033773526,10.119658740947221
361.65135728563433,199.44716798406444,10.35408227177766,10
360.33827110136065,198.38284694295726,10.223306884511391,10
361.43922460581115,199.5034737501701,10.217927595108158,10
360.0424190006046,198.17542981248698,10.216325821436165,10
359.85860313902356,198.96777116399608,10.407202339801378,10
359.4901966917244,199.78132890802226,10.650121372629114,10
360.62704322300743,200.72405778508983,10.611210052158988,10
358.91241891567967,199.00285147767863,10.94907139493344,10
359.8684826233512,200.00205915313563,10.948408313124528,10
358.0545069954438,198.41965728145442,11.275663195953642,10
359.00316255465435,199.903255632933,11.270640523958791,10
360.0180519684382,198.76233785491786,11.130234998850806,10
360.89476388112973,200.12419550758204,11.051098731069708,10
362.1850106324991,199.00123851638637,10.874548051740991,10
367.04760717692375,200.197147420462,10.875400571412227,10
367.05701884831643,199.84775697332225,10.876682419202039,10
374.2657126717693,199.8309554446896,10.960507846026712,10
375.9295794852524,200.85520464074216,10.6323109717613,10
375.7778322752601,199.47362904504692,10.37725062318358,10.089482568419891
369.0197898551956,195.4130979961238,10.12033188512652,10.178583225226099
367.4769664158623,196.59011692923946,10.080503118727899,10.00107071338017
367.743903503083,192.59095579278073,10.019753329166535,10
368.4929243737133,195.1042396990119,10,10.147369031409703
368.54456814750966,194.92542748372819,10.003590755398688,10.141975098262948
368.61581132760284,194.74277271104188,10.008203860344079,10.134862425312816
368.68705413011156,194.56013220121847,10.012799600646463,10.127767092411009
368.75829653595605,194.3775059917431,10.017378014465196,10.12068905438964
368.76276819464266,194.1134186698958,10.01983919557222,10.117143596250887
368.746152208119,193.8806408203044,10.02088756989256,10.115650322588639
368.7438343964446,193.65372008449077,10.021874802946348,10.114314874517182
368.7406239625105,193.42885191824357,10.022907855167782,10.112912978833547
368.7388406669313,193.19438458391843,10.023888850153943,10.111547956521976
368.7341354559758,192.87564370771577,10.026001677964853,10.108249081199776
363.25411436561285,195.9715797145327,11.040238309069055,10
358.93084774331453,196.86179248880944,11.666679543167646,10
355.89275918373846,197.1540151674708,12.187849204586684,10
356.05219037383176,197.3482701916655,12.491754213220709,10
354.56331284037134,197.59883884977899,12.98756996434561,10
353.9144598193722,196.77567253899178,13.468906174781875,10
353.1641093777338,197.56263278317056,13.52866179038141,10
353.39180153373707,196.5491982743501,13.536406730570253,10.025670010606628
351.70433155590314,196.09711970281205,13.85902239119411,10
354.06848820486846,197.18510068845353,13.977928560426518,10
353.48947203426235,197.93042833960888,14.079940522572327,10.068968535160304
353.2179545551452,198.8069409270247,14.424520743143336,10
353.63351705408473,197.21580637883744,14.481854295240645,10
352.29577738113403,196.49602843713365,14.579256801694978,10
351.1369525515471,197.92837966870866,14.742410267936776,10
353.08253136310844,198.522418595104,14.907240002907283,10.0380284332582
352.70089387424315,199.39382540918234,15.134017804944444,10.08472505519306
352.1505021696994,200.31426806101962,15.22924498825528,10.03734089020567
351.10916675566153,201.54792471122346,15.734548629784618,10
349.8629604037283,202.6523135694339,15.157085139650752,10.041702697016033
347.75958503832373,200.49903495502076,15.440082608893805,10
349.88706203649855,198.6450910110434,15.876924915339645,10
351.9244020418775,198.452076687332,16.225984337870262,10
350.48523051711896,199.5241620529245,16.372493691021937,10.078475028397541
349.0360522506475,204.63819289460847,16.292697948879383,10.010561965635072
350.74092794282615,211.10357243893446,16.379632069435505,10.052913075957683
352.1709829718867,213.60117238030952,16.17032510045619,10.419568223267408
340.49316190843547,214.78684778968218,14.869074450869498,11.201597798504004
338.86358576253457,216.22663857979032,14.482256159709216,11.103138664347926
339.3935417040721,214.04969193360296,14.308068225112837,11.075957528164302
337.90734556095924,212.4153837016704,14.082133685242933,11.026768224970045
339.17807527299954,218.91421909715697,13.96086197287804,10.655559416723959
340.74905939529384,220.5370275338824,13.420064983401193,10.448619758849283
342.382980672659,222.20886778463077,12.73020103966321,10.384089743344962
343.68178114562704,223.56867781099615,12.050828004722677,10.083796234422227
343.57183014907395,224.68788172196946,11.777392217591647,10
343.70118763043706,225.6648714680632,11.41798440153384,10
343.8967537770762,226.7027681012114,11.050145635098788,10
343.45449929849065,230.22091747712693,10.577066539520226,10
344.3176585807151,231.91964091220675,10.255872520168772,10.11142063205289
342.48297389112736,239.1613520522078,10.464919757696842,10
342.90361114944295,239.72223342847428,10.267278606696792,10
342.0444843118797,240.1017344732245,10.285264490075194,10
342.38895036597626,238.68423397731385,10.394324849762317,10
341.63302774526096,237.98183371018968,10.377696117918715,10
342.11430096334317,238.87225003432832,10.401291899867307,10
343.01701250610347,239.17720658969483,10.36309455668674,10
343.38185374800673,239.68167187165818,10.1776581504177,10
343.67944035783876,238.25549138974748,10,10
343.865079605137,238.89052255343995,10,10
338.97350115432033,239.7718262214621,10.483237773215356,10
337.08842702572764,240.37431050729356,10.978758821691049,10
336.65155858182516,239.87277926396928,11.4606069420151,10
336.19538844099725,240.48308326196275,11.51389623452,10
335.14021354880197,241.50532425832353,11.782851713681355,10
334.660527001417,241.10625316094956,12.085747774359387,10
334.28403946007273,240.6660406429728,12.513406457711966,10
333.2433496494919,240.22272471975884,13.048935921135882,10
331.5634227325093,239.92158435177407,13.269744039769094,10
333.34942823553286,235.26764738478582,12.732264627044774,10.426932542985288
334.5302252630769,238.4492301486854,12.407730355892266,10.303971826282353
332.3983563517014,243.33634529386993,12.417303959740563,10.01987768245867
334.50349593029756,246.18574582243966,11.797911156994711,10.203469985457158
336.3240484676445,243.3891516456259,11.755490631632522,10.30275517898948
336.2341670749952,243.2812213004351,11.755819996630605,10.299647552458417
337.863427431785,246.28603799924318,11.292761414551215,10.255737192562002
335.2440244231213,248.61826994162402,11.227551318597426,10
334.547252242347,253.34412624579272,10.743547820000444,10
338.9621947790149,260.0961604331096,11.20981295418413,10
336.3127528595013,264.6466011620205,10.853004215849271,10.091899990542471
340.8524091737878,261.3591265891155,10.502839498348074,10
342.9067596561858,260.15717913847766,10.398409087140983,10
344.14412773024,261.97952916365466,10.728129649847991,10
345.63671058042496,264.1832592700084,11.172119299209523,10
346.54442290803263,267.632158777531,10.9699497871597,10
345.14724179528173,265.9640534136852,11.205728753079063,10
346.52095826571684,266.9102972362598,11.456090678770734,10
345.1522248580248,264.5976947162708,11.535577052107636,10
347.68817869807157,266.932507118996,11.71065099280265,10
346.1788734603143,267.6966411684116,11.544749329950488,10
344.51389814952154,268.60838284235797,11.42666733396709,10
343.46333855180893,267.65385927897296,11.300557649463732,10
344.62404477886923,268.4137704585155,11.104540731765804,10
343.94404142899725,269.09446629029117,10.716237461607818,10
342.8044479747746,269.28192647438846,10.662983993771412,10
341.74131358319084,269.60441266637645,10.511533994513938,10
340.4148240659079,267.3118301544746,10.41888419530898,10
338.6745401674335,267.7948738251289,10.311930916055415,10
339.46899481825005,268.4355766091903,10.234484660496271,10
339.0044043223384,269.0622802291473,10.182754218622737,10
339.5697108464848,269.83669238429866,10.174975733585393,10
339.944944993336,270.4301543746551,10.19142383411664,10
340.3751997517049,270.9437943015655,10.122313319454028,10
339.9584130689796,268.93784528117976,10.052521251688528,10
340.84895809099544,269.3425362024864,10,10
339.8127609054791,269.8825486813148,10,10
339.1666395749554,270.63161449771724,10.01740898184815,10
338.3277992501328,271.4864779029449,10.05923181098249,10
336.92323887943013,272.2153396521171,10.008459230396797,10
337.1253981246455,271.5991384301742,10.011998575258843,10
337.7850916843163,272.2292734895309,10,10
338.4276122772688,270.18002503257594,10.006134179542977,10
338.65763669960364,270.83156286817393,10.067091859436124,10
338.12929250404704,274.2333420429786,10,10
337.9484504769789,273.89191009741626,10,10
338.87409892783035,273.4749340925773,10,10
338.5304459045874,273.0851609323581,10,10
338.1571088443743,272.62203311067424,10,10
337.7535242448794,272.3418542657455,10,10
338.6676262031542,269.18264453750453,10,10
339.9038164007244,261.77209775787196,10.478566174302404,10
339.89172734453456,260.8474724207481,10.360175415303171,10
339.5915988488556,261.30207594376407,10.391790744063467,10
339.27110369591026,261.77079316120944,10.441227063881602,10
340.42716021194263,260.91293694716296,10.454138875032736,10
339.22262525792917,261.17275618654094,10.503130925088486,10
337.73581489555613,259.94907855134807,10.270889366127909,10
336.44446349993814,258.7709669981559,10,10
337.3887561048614,260.1219813738426,10,10
336.08712656155694,258.880214801844,10,10
337.47223077243154,261.90202914815745,10.32490533252331,10
336.6613396729229,260.9311184201797,10.246851515839273,10
338.1192162979914,262.46774583202205,10.14077062135414,10
339.25783450261224,261.7184199009498,10,10
338.44509013063913,263.2574084911903,10.042535290882219,10
339.90729128684256,262.5466432486137,10.039524465596962,10
341.5225732299678,264.04565214258037,10.138996027420841,10
338.73944172104774,263.0329642210563,10.414860447543713,10
340.1182118431742,262.32129608732066,10.80695218037201,10
341.0427248248227,261.520524850901,11.258068743701592,10
339.64875522275236,260.67493515354,11.552180843273806,10
339.9996623443087,262.4425887380203,11.679926403170118,10
338.80874580031275,261.7338481460174,11.601295490460203,10
337.6983199213113,260.8788303647598,11.492086528019382,10
339.2479937934685,260.19192110639415,11.375951731550458,10
337.8860689651533,259.2329689179023,11.136185732281803,10
336.9368192331298,260.89355181794963,10.98643046801147,10
338.24123362494413,262.6278145227989,11.022624076655768,10
339.6817206121455,264.01375412088237,11.275879762287222,10
340.5012184169977,267.40585660081706,10.85813945501209,10
339.65992096435014,267.98939006667933,10.649251649468841,10
339.8708511375192,268.6434293304046,10.50737300569683,10
339.8681503146123,269.3546669993957,10.437588689489294,10
340.1644965726971,267.3807470117172,10.340543454728095,10
340.5206921596585,263.7993237290939,10.46434351777801,10
340.7168650040198,261.6893986974319,10.719159134006144,10
339.1574243941731,260.74328850847087,10.65946173851092,10
339.04633202254865,259.78597926240764,10.542279747732037,10
338.1317488154803,261.2484449062904,10.373354821803705,10
339.2306088276275,260.2901033673843,10.338029797967065,10
340.2418491209781,260.52284850817523,10.495736675026269,10
338.99095899046796,259.4927602027019,10.359726494533398,10
340.0463098292742,261.43273081522784,10.584436365535485,10
341.2554240853856,260.66780748110614,10.693964305873155,10
339.71700044792107,262.42414273959,11.042009376670103,10
338.31216153087183,261.5816043232044,11.087259072035666,10
339.6719490462205,260.49929030876956,11.015143548326785,10
340.57036280132536,259.493888101395,10.990035374626835,10
339.156985179681,261.26976057034335,10.798730410548671,10
340.278020680541,261.8472097728809,10.922508665344136,10
339.27094754290374,263.7353535507282,11.010636344923086,10
339.2172102970563,264.97470661145053,11.189858333342121,10
338.5901395965177,265.65805586319766,11.154564824598738,10
337.8090120585423,262.3552139614185,11.229012984312693,10
339.82893057142076,263.9940600011905,11.56160437576157,10
338.82326471816185,263.13555606346927,11.707691693699111,10
339.9792300758772,264.0227307890018,12.094943488644425,10
338.8522125746131,261.73725243550143,11.976518364295828,10
340.35688003056384,260.87745430212817,11.992215019014061,10
340.9192143756779,259.7924602244457,11.819703587773514,10
339.336965762876,261.77221407633624,11.829975702369506,10
338.00407694971324,263.3425930951198,11.880664389028333,10
336.82543136355093,267.20938195925555,11.596434345914039,10
335.7079101571893,269.4447113488277,11.437318872132233,10
336.9586937444217,270.192732832249,11.348254463322924,10
335.93994878848486,269.52532466393313,11.279195589033316,10
336.8506169135627,270.3092351768573,11.213455380557003,10
337.7055417643076,271.109864792641,11.145798042806174,10
337.2893229643089,269.140754542168,11.070650796783916,10
338.2100882304019,269.8651772950252,10.936593900271463,10
338.7380124561004,270.59042503577075,10.825524725722167,10
337.99737964264045,271.17750658732257,10.708007455646598,10
338.63205530306954,272.0234658930858,10.720671577636615,10
338.5085123724804,273.2875234101375,10.700269406235439,10
339.1407580993829,271.40879370909533,10.665378381965434,10
339.78381899552454,272.136640391167,10.61493454721686,10
338.17042493295247,272.8822198722919,10.587035363095882,10
338.1816921488238,272.43826766949496,10.551602373533818,10
338.8577660620475,272.96254446249804,10.50905096642074,10
338.9057389161069,271.01166894179187,10.484254331843198,10
339.0327083334949,269.4720524762233,10.455224698331616,10
339.0539258250573,270.3037466619571,10.435755062601098,10
337.6487179127936,270.7408324692806,10.263145336286266,10
338.31514945856634,273.197277209576,10.185600171147627,10
338.9780956898866,271.21145739298663,10.13062238231231,10
339.882669562386,269.28201725226245,10.0971803324658,10
340.81284936831173,269.8824144814571,10.02879991430179,10
338.9426836144412,270.39683338147006,10,10
340.0266037574291,268.47908051949344,10.036543564121859,10
341.90594293367957,266.1642344806751,10.002681295529015,10
343.4493881833041,266.41311872642837,10,10
342.53570059651975,266.55603875857196,10,10
341.22048202867154,266.9268482242187,10,10
341.19940327259246,267.2789494309982,10,10
340.81743298622314,267.68640371304355,10,10
342.31337773306575,265.2153737161716,10.05297516085581,10
343.5463998948993,265.3279436964949,10.123466338668823,10
341.7164846786558,262.25332845639787,10.357716508018045,10
340.3063745718654,261.6295250792464,10.570152688777188,10
339.22099375007167,260.92145450305543,10.719084250424924,10
340.3647954554974,259.888166381832,10.785233929478228,10
339.3302250012787,261.65303774070344,10.900249195139118,10
339.6961941155386,262.0956705052813,11.415285911687684,10
339.8231818175263,261.2380052645167,11.51540405934804,10
338.62202561387386,263.24075184654794,11.679929696785987,10
339.28434012042607,264.692129595991,11.850023050014611,10
337.6865650884177,260.91840146374307,11.902902959459741,10
336.98267970742523,262.4053381521662,11.857411749970968,10
338.5155636628404,266.07146416496835,11.527709226866516,10
339.3992090841669,268.0954745848139,11.190874903340367,10
337.98987936135666,268.4849379200896,10.984641780372558,10
338.53561773627865,268.88454083990655,10.805555083800853,10
339.1193928751723,269.293557687517,10.697648551435972,10
337.543802574329,269.4407226134499,10.633596065582822,10
338.7056480951332,267.7388128329476,10.556678982180685,10
337.14305681483484,268.39549276125035,10.482709311560928,10
337.78361061334266,269.22034421455464,10.450635046416284,10
338.6496375267168,269.5468778301438,10.296157380098961,10
338.1561962576024,270.0201102484425,10.18419312515303,10
337.2413544035426,270.5192266095837,10.112006105733592,10
338.1028508306212,268.72098892819486,10.125066241536045,10
337.7879317477235,269.3124784816464,10.041457730600323,10
336.1670942674446,269.9732734550198,10.01767386890772,10
337.08709298225585,268.44623857628903,10,10
335.6451685294742,269.33451574933133,10,10
336.7330359999082,269.99918758761487,10.059858616489667,10
337.56024506323877,270.7006596912106,10.00357178884747,10
338.2437991366023,268.96882814061246,10,10
339.3215484839288,269.7319951642712,10.019895125156076,10
337.42506055685226,270.21805378686986,10,10
338.0805066690082,270.7247136522492,10,10
337.8901794120902,268.83268794309697,10,10
339.4090491697425,266.70351824056706,10,10
340.1886702940101,266.9606299490121,10,10.019527832423222
338.95446540566627,267.23121428382,10,10
340.24554158898536,267.56840890538297,10,10
340.0999619230861,267.982620148774,10,10
339.73076440545265,268.29366761764396,10,10.02488010269585
340.91643013211433,266.34848132621846,10,10
342.5588247940177,266.90934994709096,10,10
344.07261838170234,267.24247035276494,10,10
343.1515072065783,264.99204358350835,10.138069050916473,10
342.3375740922071,265.382251082774,10.359400727084708,10
340.1168200138209,263.1378779996594,10.622513135718608,10
339.19563917275,262.22077298056684,10.840505911839248,10
339.8387295839826,263.69231116664014,11.109538302340974,10
339.0207479684244,262.75690263402066,11.273415699907897,10
340.2963994974098,266.29123872410855,11.259055123931706,10
341.7797815681054,266.9429599035939,11.175785598095377,10
340.22213484964345,267.81679093730054,11.028804054474199,10
338.8934372859302,268.5478763569554,10.81793116890025,10
339.6572310551385,269.2237147082051,10.696903097799371,10
337.95046115515333,269.7046691168507,10.5746793956487,10
339.15461960567785,267.9638460863789,10.47379919923528,10
338.2895986881501,268.7136394966801,10.342711035130032,10
339.060018510128,269.3828816403111,10.287485571739161,10
338.35585757772384,270.0295284379681,10.293253758988541,10
337.6724838405094,270.7606443752011,10.305623844463202,10
338.332349339137,271.49461156022153,10.261311724809563,10
338.968671643845,272.2794967282971,10.233038529578124,10
338.5731539490469,273.3001208890637,10.186866780636018,10
338.3040682425048,273.0415174354275,10.130911730783799,10
338.6014956420631,269.7915984977444,10.13684552495941,10
338.6956188324443,270.39844989668927,10.187053888416756,10
338.9443079172232,270.9292201985081,10.204852193907087,10
339.4570625636592,271.5300743569096,10.106005405708204,10
338.08638856772785,270.1134974945744,10.10770505543823,10
337.9210851587951,268.3478244532307,10.097881166564271,10
338.75013146378524,268.97788411271176,10.12255058337083,10
339.861724233649,269.7460225809773,10.029973363879494,10
340.82422091963235,270.3158329714497,10,10
339.1823570399363,272.51476848017774,10.029233092338954,10
337.82285430433694,273.48488974463544,10,10
338.7703079819912,274.8176205147465,10,10
338.70276966842357,274.7170053188165,10,10
338.4464829877252,274.4438746337255,10,10
338.2699830994243,274.2477334056457,10,10
338.09470181318466,274.06716950875125,10,10
338.0437964812154,274.1716793019732,10,10
337.88464220019523,274.3151431668957,10,10
338.739516155445,274.1071229119261,10,10
338.423174427473,273.8717024762591,10,10
337.99544038029853,274.9240524013003,10,10
338.0580960303778,274.7198943037947,10,10
337.7750430792803,274.5260779399832,10,10
337.90161308052484,274.2238438267668,10,10
338.68647381069604,270.9250149865111,10,10
337.5288769841427,271.55998833369813,10,10
336.55414427341907,272.226559712406,10.039184597739707,10
336.868923561715,271.5564713020285,10.054892434836416,10
338.1313362834719,271.9360026855429,10.025312448018195,10
337.07543218254966,272.40307141732774,10.01164309744882,10
335.9654129386181,273.20904393386445,10,10
336.4315121710533,272.4408493776282,10,10
336.74243088962976,271.4303159255942,10,10
336.9945017338032,271.74270059060655,10,10
337.2709487915272,272.08701486777863,10,10
336.19681503775064,272.9074356694182,10,10
336.6611538172001,271.9632256765326,10,10
337.1007368505234,272.3317233462294,10,10
337.12839325668756,271.44574518394074,10,10
337.1887600921327,270.3671690959891,10,10
338.35255305992905,268.6711983222922,10,10
337.92320765148105,269.3656860728224,10.068129319684598,10
338.97418954002205,270.1272722024878,10,10
339.39465711500713,271.9747871894797,10.012342950520436,10
340.10708587395493,272.358072652336,10,10
339.3691433571512,270.2055212397536,10,10
339.9356204770738,270.57039974522195,10,10
340.82087533699814,268.4056529838999,10,10
339.7733114265138,264.16080568623147,10,10
341.41742357321823,261.76577494930825,10.54306738215877,10
340.86506129122193,260.9846142370661,10.891884947040225,10
341.56468165340556,260.1907619674166,11.207833560403367,10
342.3531009005384,259.17814044546685,11.42228677985232,10
341.79412665591207,259.6146081824263,11.539672839676857,10
342.2950832661599,258.75362832736573,11.651505666201107,10
342.96544899556517,259.12694664191804,11.898390770233995,10
343.6745526853207,258.1187009353598,12.164656309233367,10
341.70012907518327,259.9332351226767,12.373864724118816,10
342.4578327265863,258.81234033298097,12.425459121714097,10
340.44474274083416,259.3388996858557,12.349392331896333,10
339.21243199267457,261.31812403523816,11.846404661116527,10.005733439678123
338.26116947771766,260.32147963237367,11.562536430074507,10
339.781188771854,262.22162170600495,11.12465209671523,10
338.6708408079281,261.42638350915513,10.93926706333952,10
337.39808744083246,262.78831137609086,11.20097605659455,10
336.31973202737896,261.98738844585023,11.36144173770379,10
338.02914133983404,263.54196829986176,11.36526009857248,10
336.99132804782124,262.4152020950278,11.34750027093119,10
336.23454717882083,263.91062886905274,11.253588635518938,10
337.375997205481,267.63553030681214,10.983016968505307,10
336.71036077087126,268.61676968526444,10.873771577722636,10
335.91382063092914,269.51808626842103,10.804570463602083,10
336.3970918262682,270.2344429035147,10.73250210246502,10
336.8873405802101,269.7234178323706,10.686004967467909,10
336.93985921892323,270.18932418417535,10.576697149956866,10
336.43910433354597,269.86514310431085,10.566724205104762,10
336.09529304862644,269.66132695865235,10.540549324878121,10
336.78905287947094,269.4593535352906,10.52379880629374,10
338.11670587370867,268.78093424331746,10.482314085899985,10
338.8733190429825,268.1037938882073,10.444625285880774,10
338.48075720895565,268.828307836171,10.388159801121423,10
338.00897772579987,269.5270654250344,10.337024117259853,10
338.06742455599624,268.69953635227284,10.29809557485803,10
338.8159645288344,269.1434891213139,10.24239493788233,10
338.3385000171545,269.7735126603802,10.152082366927475,10
338.75337862728685,270.3798685063084,10.130735850798764,10
339.2654297324436,271.06083947312436,10.12089917774727,10
339.6711830841642,271.8322157849034,10.149541996133674,10
338.6551468818546,272.4831047047337,10.14494657696139,10
338.28614028068654,271.71273445975385,10.109867092167534,10
338.6904181348261,272.23877656352124,10.087865482017705,10
339.4226498430097,273.10741042983136,10.049614495650799,10
338.65014423511457,270.9545254696568,10,10
337.10329546115827,271.4271915544232,10,10
337.70721252344083,271.62699459385476,10,10
338.2085859932704,272.127063854452,10,10
337.79224978468847,272.88259290051064,10,10
338.7104979016585,273.7168108661135,10,10
338.64434188685846,274.7859361607989,10,10
337.64765750801456,277.95683507513604,10.17806841226691,10
336.9431812636671,278.2251745898684,10.31854727577877,10
337.23025162804794,277.7151107628306,10.41554584688668,10
337.5680460070833,278.07060979199014,10.470164889681039,10
337.49501540166204,277.33760832142434,10.500436761577276,10
337.52990625476633,277.8799242217501,10.538490757966747,10
337.51281179572106,278.2229133088549,10.586419645638657,10
337.4846836727066,278.55542649221024,10.632790650390133,10
337.04802548411055,278.6933158923348,10.728068525842641,10
336.97830215970845,279.03092676293454,10.786111680765691,10
336.82001981368563,279.1985159952601,10.817473988816197,10
336.5012047810467,279.4065740991791,10.833122552514888,10
336.9043622989442,279.52475216877065,10.882249504234284,10
336.44825018508845,279.7981502999028,10.891173387001817,10
336.3334702171211,280.04670451473794,10.907387780386411,10
336.2660617357217,280.5883762676676,10.920139348068409,10
336.19801268670204,281.0418120462855,10.940856831111718,10
336.05197134758157,281.91981170963845,10.95788928647903,10
335.84301202796235,282.9859598715266,10.96911354328835,10
335.82689465687844,283.77682225298486,10.972573763211205,10
335.24329393893123,285.29743854593835,11.039489788224655,10
335.69658590103677,285.23396824937663,11.050980114234806,10
334.9698358282283,285.15715981912217,11.083105462030675,10
335.4190671643945,285.0633069713076,11.0966638902194,10
335.9202407740455,284.9220185269078,11.10097105266936,10
336.373400472646,285.6493112434109,11.10425292662089,10
