76.5,255.5,43,26
81.20869705669035,256.0436980932956,42.98642115608951,26.177988725899738
85.91541559084087,255.3574253915565,42.7859624508256,26.336791396376164
90.32703274696756,254.50871896612742,42.409419651633726,26.561961415050455
94.81987217567887,255.01671631418117,42.14019243910857,26.55364725425946
98.90765266365841,254.5607831122291,41.86997928724615,26.836752724287535
102.82426663300859,253.34797494202732,41.87585457043912,26.706037191751037
107.36873734463657,252.67258315945378,41.95204948446343,26.650419122681818
111.71998208455385,252.8969596675845,42.409973746694305,26.910665024953705
116.36883010003059,252.0045529822346,42.31185790830673,27.314053253365266
119.54866319248455,251.11659110029495,42.43305195670571,27.142153731188074
123.92011519001423,250.97870743495236,42.44072398093344,27.34477754986269
128.42922270319735,249.83204292673562,42.491760015053046,26.651669484005456
132.30678233671313,249.23272261966065,42.54802447223412,26.278374563678227
135.72018096627855,250.21858009181435,42.77080397244168,26.35722676948679
140.1896101605293,248.7857399973405,42.62729947340553,26.208310973021838
144.56943784872033,247.98487518706972,42.492254044228034,26.747262001453723
149.24609388834284,247.05451125232523,42.43318005549813,26.90609236899721
152.95361834880867,246.94963614519168,42.97789370780869,26.8651773060217
158.25807655070918,247.05519237592773,42.66451143791882,27.34642399400561
161.94777191059995,246.1824420331174,42.27446722234869,27.298617971290362
165.40419082932047,245.8162664878158,42.546891111287025,27.020493307155746
169.86132023322017,245.5767993723151,42.172617960225935,26.602684896231324
174.17248448326768,244.9504406096783,42.185075112291564,26.316287350208196
179.0291300850668,244.64164370194896,42.129759105531654,26.36612504927664
182.38932020652518,244.17657796455615,42.226538515324876,26.27790818784254
185.8580157957052,243.97839601677703,42.27541728783154,26.405136995672237
190.88643441322145,243.42939517829345,42.197459027713606,26.689987015058076
194.79026781959183,242.78428027302795,42.30739046250089,26.485700333699135
198.73725146096865,242.47035662740302,42.26700651562372,26.701748104694857
203.48626753570602,241.87605337575718,42.17377478118804,26.49056944696817
206.89543136055264,241.91353952436342,42.164171058039,26.50856331142399
212.82057455783504,215.85663250969284,40.38358013619146,29.25071138617529
207.3180180515392,219.9829072983856,40.28991251676409,28.679485813916695
211.4189838895133,224.6112302257905,39.69967136205618,27.862032731018544
206.01517767648528,229.09066291361097,39.12448082485534,27.302199948151063
208.88738457089397,225.0348522549422,38.39173142660192,27.060409590989103
212.58959659020817,220.77507596796758,37.683986026431796,26.783769995748862
217.80683675261733,220.81309436027385,36.77235478456027,26.68245117089792
218.0119567277734,223.83297536298755,36.46018874889526,26.18040460049862
214.38999976805826,219.13159777477796,36.09421792940337,25.78786406158575
214.65288864377501,215.3261573464867,35.546125577323366,25.298185683549143
221.56498871908695,210.5373895933201,34.2491137277859,25.40125105133253
228.33668847549936,206.09470419309173,33.21312235705094,25.045776171552486
228.09506329408998,201.8162181928168,32.23109612093934,24.575387255964635
228.70573855847127,197.35150542886007,32.301618093550076,23.434335298221377
225.87551031645273,196.6685752363762,32.28749829508591,22.530242193885485
223.8076496756525,198.25622531967832,32.01829852184633,22.53858012313697
223.1789975343703,193.92658946194834,30.96787761329439,22.261096658238024
225.3294315821511,193.5869915093687,30.021925136629235,21.425430860478347
229.24915278483527,197.10183021006677,29.14725066415275,21.314415053473073
227.02073000781996,197.34940057777425,28.421998306348673,21.05913071020322
227.2884494642153,199.70324522785242,28.163049038800672,20.743985679608695
224.22608057360452,202.16508225576055,26.827052452651643,20.94691665766693
221.70911267555988,204.93561580389402,25.7623611582868,20.60076724023299
224.1167782068673,207.48082467912747,25.46313193283016,20.302082277852016
223.6136562894028,210.33190551558204,25.393355884603345,19.765374038933402
220.07887799975344,207.16231115207322,25.08903350806098,19.646610266561353
222.24356509452576,210.19250458865346,24.731023339817625,19.511722832640398
219.52090605064345,212.7311403639419,24.503534687775105,19.257354438344002
222.18365025964474,215.59554017035842,24.225842519162217,18.67111435386182
225.0513737205461,219.02472289919615,23.942777685066954,18.26870964676616
222.466523545497,219.7737146624928,23.552538173867532,17.943501388727533
224.64608150918392,222.31613147835918,23.52844612649861,17.608406450232106
227.45800090783854,224.4977349112507,22.910772356807797,17.701229953254
224.42817673369683,226.8109930122459,22.856331692945247,17.748540922589306
227.26360050524707,229.45813774136246,22.477620819003697,17.96041553830026
229.8638421859128,232.6742118711919,22.24400538140877,17.872168912857695
232.3415282561019,236.00540887749085,21.87961710867586,17.821201253714353
229.15602979584,239.1129525624123,22.24160991314131,17.26246306600043
231.70907824394538,237.35946324915832,22.09991998409361,17.28039797989238
228.52102004955688,240.22450220558562,22.64801198551099,16.90480128728312
224.61857159724906,243.10870562633153,22.961232559560237,16.337821428670946
221.1881972272899,245.75058070697494,23.06266485508162,15.709041913288655
219.04064012075696,243.67226811950377,22.839427513276856,15.383265240391678
217.3221710738484,243.9464655322976,22.334217875312955,15.300507085393475
215.03789978666532,246.69131056182164,22.10990804794572,15.36347796842302
213.3918409196833,248.7162391744913,22.242748104373796,15.251819309520428
217.02443352322945,246.47797721665674,21.5767807889746,15.084244466492045
217.80101342217037,249.14730180253702,20.962672321182296,15.318945247429287
218.44599517366865,251.57264017938616,20.7095162360553,15.262184719164331
215.51250135568105,249.11249268097066,20.686594127767826,15.179305411033162
215.91024879180355,249.1047919711782,20.275387417515837,15.254047870126655
213.79840242884566,249.22976251483257,20.06086250350852,15.128427304768657
215.14798576146836,247.39914157926972,20.213396144201848,14.507547040732018
211.9525744600719,245.3195550088959,20.09680488285901,14.635815411582206
209.7288351595198,242.7782781911607,20.31367072914143,14.453859846002782
212.5922156616799,244.7643155065783,20.133604480375478,14.185257829455882
215.8230417667935,244.83409056810686,19.39571239816951,13.696599368042754
218.79697231993507,246.76763149797682,18.458917251816782,13.496300602708985
221.53460185411248,246.72188158395917,17.928161013967326,13.187322782962912
219.8429163410195,245.17194450387498,18.058584471259838,12.938783237305469
218.4703549104565,245.41074781800862,18.13380333877929,12.590922599076148
212.0408375077848,247.10551313527085,17.961612939654916,12.640237599012098
209.82881022995178,248.70917657981246,17.71254079778069,13.08223321969449
210.2657506343859,250.4980239102391,17.42491023448357,12.935233615756468
208.22965831320673,247.89304643047086,17.085704095439347,13.09816289475099
205.9899132571603,247.42001453919218,16.928048688275567,12.955264122376732
203.8317334483521,245.43066864107135,16.75047081352134,12.822443734475302
205.71022764898595,243.5720901374909,17.031684698020275,12.51605356908982
203.79634644740133,245.32366677117082,16.61424360616387,12.526169726168488
205.8948011292767,247.3742147057198,16.737282915661442,12.308168167830985
204.02737104950734,247.5716034652064,16.79594530794247,12.245233786598854
206.08191084821277,247.64965927519225,16.87406625679627,12.134981563084889
204.12238901939588,249.7091862140909,16.88734533465706,12.170440090683094
202.09231723493795,251.5295543034887,16.962047934105797,12.291678723441422
203.8652386771183,248.007940507176,17.088984371415624,12.235678410793394
205.76895120785576,248.249289589541,17.274561963062638,12.088568045612451
204.25603147613856,247.8480922621406,16.86616919154219,12.292499045895198
207.27334463050343,245.28824922723837,16.083902273071235,12.839424056892263
205.50768042679798,247.39346056717346,16.0994683513806,12.681956527626339
203.37449165066468,245.68195250604037,16.165781721365704,12.558730889638564
203.3121309624121,241.76874435349148,16.1346964968233,12.465818981998305
205.74222205544243,241.54623247315502,15.972613447115247,12.300429191340713
204.90897919922074,239.50422891691477,15.846281447728451,11.97936838313639
203.2946211986573,241.03083978592704,15.66672756665321,11.913354534668702
202.0039586113032,239.42742678078227,15.612516547513742,11.717257914648211
200.5272354188986,241.14095667637278,15.61332144520133,11.555739438545936
202.7234906029488,242.6345593204032,15.385921665174674,11.507758632067667
205.40199877784505,242.2872117566203,15.354980392439082,11.357161370240648
204.7712950860848,239.98976392118072,15.266337088169692,11.09624401469159
203.28583513461336,239.65297110569549,15.324785696709483,10.815035775212992
205.20823016127636,236.31030354868273,15.382201110607568,10.699399858049567
203.5930969830273,235.07920062226844,15.320953547275382,10.560537691011191
204.3673470546777,233.39117874499294,14.7620348696957,10.453780961858586
205.0634049727375,231.87052300903983,14.335588903952711,10.202176374270774
204.03083294139506,233.22203976526677,13.86475917932983,10.197358584854637
202.75624139888868,231.67000313729784,13.46351020219356,10.197161620989611
201.33499884376374,232.7952507886126,13.108032789936733,10.228229361954442
199.75343145114786,233.04017903842032,12.917479335117195,10
201.57375469369225,233.04736944520846,12.927208693076516,10
200.29995063659425,233.09655747422948,12.828141697409254,10
199.02089289091663,231.77534840116277,12.830443160978213,10
197.61849818135903,234.62988684186712,12.666105163482701,10
197.739610227228,232.9463397919062,12.43102344044881,10.079675972861903
197.742559649834,231.24137990227442,12.220910499167523,10.292814593678202
198.33189776498253,228.09714979076495,11.576702025618644,10.643535444443716
197.944834646706,226.70770680118616,11.76886645158288,10.36154219310202
198.77206463806897,225.36007795637602,11.902685167778138,10.125327581239143
197.85267343719252,225.36759339878336,11.718807552517493,10
198.25211347579685,226.398650160525,11.532781538819751,10
197.3017302161452,225.07698666164652,11.681751454920215,10
198.32413698929673,223.80566882202402,11.672574810472582,10
197.95578651846193,223.82535293372348,11.732894640997216,10
198.48014401812637,222.7369623449631,11.32919577545358,10
200.08291499286392,221.68817332061008,11.222183164815142,10
198.7797583845042,223.35413983138278,11.327270910038,10
197.91936855468032,226.24481385739844,11.06324140945323,10.040323433869574
197.11074987765343,227.72919327161972,10.792074870989916,10.183854987812277
199.16718981934352,229.43993348327018,10.660459578826742,10.059701129300173
198.51543230559145,230.82099488051608,10.650745641525324,10
199.44780207665212,232.14767840178683,10.9573305909048,10
198.22827291482741,233.46504130633548,11.159254457919708,10
198.62014987488968,234.34643444092944,11.072949149054654,10
200.01336538078317,232.62956520589069,10.98364953260764,10
198.73503203068177,233.6467679408379,11.15696013845007,10
197.1379075663432,232.34010144742206,11.475326441547388,10
195.31018256887194,234.04947945149615,11.708924086254909,10
194.23300303126626,232.4567806390114,11.857921366040836,10
193.36801695299528,233.49513753922656,11.899361289344618,10
192.79475687197515,232.18627723725513,11.848758519904425,10
192.21820889502524,231.01823493512347,11.748870665286798,10
193.51431433893754,230.9697813843377,12.289009507000179,10
192.43016201784638,232.11932741152123,12.696577922146972,10
191.22953989806612,233.53782509313896,12.192324133905958,10
189.778591663858,229.5775318001397,12.467542850781074,10
191.26287923284735,228.21909027194425,12.17690498201321,10.204612367380276
192.97098076558675,225.3667622228325,12.106861613113399,10.201014128292979
191.1841722489569,223.7031197802188,12.162585808848636,10.20442287101853
189.9483877277465,218.97850611808045,11.983140761685107,10.272951037580432
188.71309054178772,216.94860145597926,11.88933279176003,10.063457993618748
186.99042659290583,217.8806836460717,12.036486069849078,10
188.68536239419808,217.40473429232273,11.757136499048642,10.089716567147619
187.37695696054197,218.49936054693535,12.098950608853539,10
185.92020970733233,216.5265053366311,12.218664788429578,10
182.80499513179035,217.67947907214597,11.905145289153438,10.100366186730895
181.36107893234907,217.3083289717324,11.871238825044653,10
181.0516011051242,216.0031841848977,11.760491112737949,10
182.2209830736392,217.05634580599144,11.844903464312722,10
182.0980650143142,218.0446702491027,11.748389249033671,10.287887732963917
183.10943381545056,219.302224311414,11.66265466323281,10.130875254245844
183.03025601955042,220.38096656690988,11.624986761027845,10.000354930876123
181.49601729604572,218.61087940679863,11.693222213179457,10
179.5528005958237,219.7940729712136,12.021286692343619,10
180.59336472665683,220.90078733908013,12.172872606855346,10
181.91274681447612,219.06322811590508,12.090967209216611,10
179.93025735635945,220.16267143236473,12.430091871681029,10
178.16539218952016,218.58353661047295,12.53136518364635,10
179.21620385394922,217.0521937416402,12.563576455236833,10.018650779779758
180.59475398983432,216.8100142632611,12.571594067148933,10
180.5546021780463,216.56197485374287,12.561280831229304,10
180.51360084408884,216.31404590653256,12.552706991993077,10
181.02071057073817,217.44251331872817,12.610562667249743,10.028635797099241
181.7352843981362,216.0186180768199,12.638581803415871,10.082727493226587
179.33629572640012,217.17141682414046,12.935883468634854,10.008597722431876
179.98671378785232,218.32721841381863,13.032896428677244,10
180.64358396512017,216.5098907165931,13.050362634276455,10.125085749523048
178.8594007428595,215.06437141960677,12.92378112080526,10.187515592198718
177.15155342597384,213.6474844099505,12.819515351134154,10.244308496170097
178.35654991202247,215.23876394770676,12.805971229668593,10.1380443196444
176.71720209530844,213.81624038152904,12.73024071754308,10.265884258625187
174.18687984661824,216.7905675289239,12.630359892963021,10.08926603942753
173.1488933319569,217.8493463997729,12.627101421660086,10
175.05611517055877,216.3793256287463,12.485384852458107,10
173.6828274648694,217.26974397939532,12.38707944451614,10.05162727842303
174.56615156942837,215.76787281082943,12.39099686440361,10
174.1542051630814,216.97672104882076,12.322590799858343,10
175.0270215678347,215.4530208115466,12.334996868792597,10
175.96131593126566,216.81876075314358,12.272440322716802,10
174.4900707546278,215.62466997192774,12.046046160230237,10.033489103325202
173.15266327811358,214.56026494549587,11.928541815468098,10
172.14265872650753,215.94244456337765,11.918700912576687,10
172.63145846793708,217.13657391117886,11.768456456916377,10
172.98964808135523,215.579045296181,11.698471900089702,10
173.3065356886478,216.63995909737423,11.57637526197394,10
173.4896794702797,215.17805492924526,11.490680438292245,10
171.87971610840933,216.34606933640316,12.133265605483912,10
170.4719391583077,214.93362605618313,12.277132141108957,10
168.9440526974065,216.28650248097256,12.422458180663424,10
167.16868576360739,217.76159441517666,12.293631863782892,10
165.90404786585975,219.1626541619189,12.127195569739548,10
165.99227054509242,220.6748338942416,12.036998355781645,10
164.90134636244844,222.17707252549008,12.025635165588664,10
166.49327958903461,223.3079910282977,12.03953406275811,10
167.6484657826327,224.36347901867703,12.033338482965435,10
166.32871860057097,222.82274484680966,12.043496013135117,10
167.5740556470941,223.96558094071224,12.066335723570878,10
168.7593192647354,223.86335986154154,12.02320798055207,10
167.45728126237427,223.61618555383757,12.124023611205159,10
165.62993405697816,224.84408951597288,12.1508114610995,10
166.84097847712425,224.80228327261284,12.006963063083358,10
165.49416616077576,223.4523401116021,12.011076396647027,10
166.76458646540087,223.66349156247452,11.84551926708738,10
165.3811996372132,224.83225984917954,11.920168795121022,10
166.3752073676902,224.83051129500382,11.81049024060015,10
167.2336451644423,224.8414859229233,11.704259822076075,10
165.43494912733982,224.62423128425144,11.870728911204129,10
166.31551079679903,224.56905807717703,11.898149869504035,10
164.75137773670437,223.07054986222647,11.907523796852784,10
165.78040277843002,221.58143069013022,12.032493351463044,10
166.5740415644789,224.2604842351284,12.16134305578583,10
164.97521645539447,225.5746929810848,12.218736392240826,10
159.30801040309757,231.78621079190634,12.03662704297723,10
157.3212184444358,232.67022307380103,12.222340076359114,10
158.8958014445735,232.2538328336086,11.76604373932222,10
159.12505942374491,232.78018917306326,11.394569501727354,10
159.01511763447357,232.09285874827765,11.133131536814904,10
158.6226501535599,232.67191846831702,10.889712569122578,10
158.15623287572825,233.29805614217184,10.759532259864315,10
159.09175942096175,232.3934191034641,10.765996035127612,10
156.90828389585866,232.73522876366042,11.331795332861857,10
157.39772030235824,233.1143860684242,11.592178067386218,10
158.79781900405845,232.46797441109084,11.353509346694501,10
159.19628522171413,232.36223313375376,10.710563246183906,10
159.6984282626422,232.86490026279353,10.128554555284586,10
159.86690483801067,232.96151109947823,10,10
159.8878338597715,232.61091413511895,10,10
159.99541613087058,232.77034641220234,10,10
160.1035318635404,232.92963285162114,10,10
159.3574890755117,233.1529770733323,10,10
159.33572562597692,232.1664195896592,10,10
159.9542681183666,231.76385637535714,10,10
160.6701705660671,232.83090814366005,10,10
160.27932148240507,232.7481346221175,10,10
159.32290219329298,232.5164998860564,10,10
159.39252417348325,233.0237032265868,10,10
159.41957563348114,232.34502459480427,10,10
159.27195359952748,232.599190214416,10,10
159.1243315655738,232.85335583402775,10,10
158.97671494074166,233.1076760084834,10,10
159.60032513923943,232.09667227580212,10,10
159.42286797054112,231.66590298130177,10,10
159.20745727606118,232.39779711677693,10,10
159.0115658015552,232.17761234357022,10.055072823804055,10
158.84640950849138,231.94871459319256,10.08353088889557,10
159.38521581515695,232.89724723412655,10.408542167394863,10
159.36084342646043,231.92200461938046,10.003219267528413,10
159.26580972410738,232.69905058457516,10,10
159.21574137173593,232.40492404415272,10,10
159.283351322636,233.39048881246708,10,10
159.43913530372083,233.1208961994853,10,10
159.53270397149026,232.2641809375491,10,10
159.72997172735631,231.92919240309857,10,10
159.77455292455852,232.39779118611477,10,10
159.92300638370216,232.04971794201992,10,10
159.9616877157241,231.64918328239582,10,10
160.0878715980798,232.44187904312275,10,10
160.02204404212534,232.42528601153754,10,10
160.4609544567389,232.1621325777378,10.186093469784103,10
159.03341147437203,232.08992041810416,10.101189629296327,10
157.48970881022152,231.02987434132956,10.736877819306931,10
158.1477280055691,232.0364725755062,11.256698488899268,10
156.6675772519057,232.1207369582262,11.592685449640978,10
157.9115676584491,232.26305979653262,11.893898266772677,10
159.89012162242548,230.89953750534914,11.945114485090652,10
161.61065316168552,232.36321419640444,12.047251422592302,10
160.49369944162692,230.88402086659335,12.062375007271296,10
162.18358687401783,232.28485542698763,12.322566630373966,10
159.67279918315197,232.1933156417217,12.739848665700688,10
161.01517723681604,230.89900173409842,12.819687828529347,10
158.376789057521,232.43621923192404,12.397210628006896,10
158.49010041342643,233.29007764323615,11.646827060998156,10
159.2466419796649,233.0323742495384,11.306871818154388,10
159.0360245140012,232.81336057349108,10.865148139423926,10
159.1635559172741,232.8996472300496,10.50853647489123,10
159.68493640241792,232.78644276573323,10.423683777346783,10
159.5712755481655,232.74288764758967,10.045864978630442,10
159.689312716946,233.66586324735545,10,10
159.76198781095445,233.39383056922816,10,10
159.6925807427615,232.71892079873942,10,10
159.03322623483837,233.0061641947832,10,10
158.49608276598155,232.6770276145544,10,10
159.5233597587794,232.86123304232024,10,10
159.63664019666612,233.47807036503218,10,10
159.7713583316654,232.94970236881636,10,10
159.91056834720075,233.55541215999983,10,10
159.81333801709116,232.7977830634918,10,10
159.75565348751843,233.24043484195136,10,10
159.60372716374695,233.1550644726958,10,10
159.45180083997548,233.06969410344027,10,10
159.299874516204,232.98432373418473,10,10
159.2442916724831,234.02116596116684,10,10
158.8338303489006,232.0927029789891,10.151674841092767,10
159.85790137873465,232.38070511235856,10.170811405005583,10
154.91961378052886,231.28445100202225,10.92357964798698,10
152.5070633888303,230.21324598207138,11.194207984942455,10
154.2632546993157,231.90492796315812,12.118323052265115,10
156.30073374543198,232.94304453744553,11.90332289345844,10
156.7303837919165,232.6670500577893,11.698882343336098,10
157.13827740743437,232.3916619361844,11.534264233565729,10
158.37824610791253,233.14970057620667,11.507736742811469,10
158.1084050839096,232.68261360540055,11.581975924730392,10
157.8445740257875,232.213941300055,11.642615413382464,10
157.81889359317043,233.00051608099602,11.735181736959635,10
160.54356214913307,231.65799238695763,11.812281430759494,10
158.82708043456228,233.3111680985894,11.51085555478628,10
158.49828791393503,233.9688499213662,10.81105043071183,10
160.23790414124196,233.888044209918,10.628395429711258,10
159.06524760817445,232.49728271528147,10.171295270672296,10
159.66438294015825,232.58102449192666,10,10
158.40962114339777,232.03862693323754,10.21027465972885,10
158.32096652555992,232.7901408316102,10.338759670783473,10
159.6879734410419,232.59239266230725,10.181511853918687,10
163.79442498024835,231.2920945675578,10.56487170732945,10
160.18266433514975,232.6237596066203,10.880747772001751,10
158.69183294147498,233.77464924170636,11.134078278238608,10
157.28994342854514,233.55522699072026,11.567842875005917,10
158.54853094637494,233.4092122556176,11.590858774481214,10
156.67216136999292,232.3407241345849,11.954627552184178,10
158.86127780433884,232.72326358570717,12.011528140676184,10
159.34040564850054,233.11531888856553,11.988588955400775,10
157.39942972653333,231.7965594471898,12.593778075412454,10
158.48451404603813,230.5286984385457,12.838953436265525,10
156.45031641598214,230.5367383759003,12.98461229005121,10
157.93517708936182,230.72901269304566,12.858003650429902,10
158.07859528252132,232.50594624388032,12.274722430832252,10
159.12178382333747,233.72273477423005,11.559230959780422,10
159.02394564385688,233.8070983241778,10.914481350571405,10
159.45069663356128,233.94314068066888,10.378421788307374,10
159.19480280189998,233.24219679343514,10.254034295990326,10
159.78519238904119,233.0113022129517,10,10
159.6830645315349,232.46411679196171,10,10
159.65565968677402,232.06338838743977,10,10
159.7742146216333,232.44307375955395,10,10
159.87324296310544,232.78097860026173,10,10
159.82402405515313,233.1337344746571,10,10
159.82070016209036,232.27763004112057,10,10
159.98795887175947,232.75036040949635,10,10
160.1540444875136,233.21923131751828,10,10
159.39563790801913,232.7311905126553,10,10
159.55169613007456,231.82622207212262,10,10
159.7056897515431,232.20976374554448,10,10
160.55946279494097,231.63992307591252,10.043232349865011,10
160.21901562158018,232.53903857874684,10,10
159.1811324590817,232.65952459233813,10,10
159.10293386969715,232.71499119210057,10,10
159.09580579213798,232.67443029466085,10,10
159.3209079336375,232.82262046518736,10,10
159.54601007513702,232.97081063571386,10,10
159.48985202424228,233.23173306765966,10,10
159.40701467357576,232.61767040076666,10,10
159.5203298088163,231.87200717511587,10,10
159.62023703567684,232.27779830875807,10,10
159.66965088434517,232.13065101089887,10,10
159.41812220402062,232.65196616831236,10,10
158.5766333258472,231.995507492451,10.682058891142958,10
159.16019580931757,232.58503146353178,11.179866652015944,10
158.45586102346422,231.8238782424014,10.906412681890663,10
159.56974473900388,232.76677842321806,10.600121018900658,10
159.18961239516005,232.21236671390943,10.124191811248378,10
159.04227583296597,233.57298852386884,10,10
158.7601426113397,233.74724945309572,10,10
159.54239253886044,233.16678574564867,10,10
159.49672655574977,232.6271934795659,10,10
159.35675810091197,232.70680155488662,10,10
159.21678964607418,232.78640963020734,10,10
159.10162589742214,233.6956639427226,10.25748273643909,10
157.23368423025406,232.54833580437116,10.822268792180298,10
155.49652610015397,233.65996850910597,11.434726922879129,10
154.00382792852727,232.24827422085218,11.826577829273413,10
152.9012881075194,230.9975109237712,11.932719244589308,10
158.71690845891922,232.60925246658735,11.379967845378548,10
159.65104615727668,232.29585380735807,10.772490068483272,10
159.26366238925064,232.8691157239955,10.063321056302291,10
159.4151407405734,233.2533442217391,10,10
159.53855115175247,232.51607780042104,10,10
159.6437080875039,234.88662747922353,10,10
159.65190172661096,233.75500325742178,10,10
159.60720729175955,232.90947846951894,10,10
160.0286176437512,232.68144006910734,10,10
159.37879028264433,233.1100421983283,10,10
159.56039645615965,232.3644280869048,10,10
159.9370623761788,232.132646023063,10,10
159.68956271652132,232.0942580017727,10,10
159.59377311263233,232.26136202248745,10,10
159.48180663678795,232.4272468450945,10,10
159.41348285321146,232.6383074435871,10,10
159.43619592208415,233.25987224909477,10,10
159.55130531359464,233.63668759795837,10,10
159.34164570300572,232.99684979650192,10.022302040258195,10
158.45273347525313,233.85702343913727,10.35027784387737,10
159.202416469343,231.70231409999542,10,10
159.6440438227728,231.91117042931728,10,10
160.00319470930845,232.4030390146654,10,10
159.03143223095685,232.91395733389072,10,10
159.01709873136133,233.65146610769443,10,10
159.00967554049566,233.22648975881748,10,10
159.00225234963,232.80151340994053,10,10
158.91444357670844,232.42649081978016,10,10
160.04509927810287,232.12739122542553,10.127063879498746,10
159.00129469670355,231.49542499217205,10,10
159.08308916725218,231.91070163878612,10,10
159.00710279680789,232.040537110297,10,10
158.91131048835814,231.63311587902717,10,10
159.68245994485915,232.37894611689262,10,10
160.0468440297991,232.1596469793003,10,10
159.28731884993613,231.91080180439167,10,10
159.63162081874907,232.75646040472202,10,10
159.25342916883528,232.4699755969923,10,10
158.88046907819808,232.1580264631193,10,10
159.30391474999487,231.76573935779743,10,10
159.3925818298012,232.28610298666172,10,10
159.0480120871216,231.64242795738392,10,10
159.20618715323508,232.22709337505512,10,10
159.38493576087058,232.5637270573061,10,10
159.5552375111729,233.16345951589756,10,10
159.71888172067702,232.71403095754795,10,10
159.88918347097933,233.3137634161394,10,10
160.05282768048346,232.8643348577898,10,10
159.29062905348837,233.51232758793049,10,10
159.29352912446484,232.99354360136203,10,10
159.2098999931477,232.69890285166912,10,10
159.12533190986142,232.4035967651289,10,10
159.08366144960746,232.9143301907461,10,10
159.0419909893535,233.42506361636333,10,10
158.934469090309,232.74065888556652,10,10
159.37926791748032,232.34126458200626,10,10
159.1185715063475,232.1560794922989,10,10
158.8578750952147,231.9708944025915,10,10
159.4627591832541,232.80126357707195,10,10
159.3480809717439,232.7240287202876,10,10
158.72525960564877,233.52631737175398,10.165691088246504,10
160.03201374506594,233.25902779283933,10.180635348856114,10
159.01048340155975,233.04170556250028,10.141185087687346,10
158.92451674943152,232.65661559882574,10.312547898833847,10
157.62822411200625,233.5795359450858,10.542231009225116,10
159.1242675592677,233.1479167479556,10.48736897966192,10
158.012108998414,234.12047339859419,10.757013884000298,10
159.29059985497713,233.47327078762464,10.425275977713028,10
159.08211134014752,233.3586850601714,10.197086610277493,10
159.62067600061494,233.1287596959155,10.144696912412442,10
159.59573179515428,232.58274830761366,10,10
159.41620208355016,232.64419361832552,10,10
159.3520821261627,233.13975524785928,10,10
159.01553326518922,232.28248387458734,10.108176521671595,10
160.47340105263314,232.07505969586782,10.334962089743303,10
162.21892778921895,232.92668895306997,10.619315930872247,10
158.75617672593756,233.98828451219015,10.880019320862761,10
157.71566837956652,232.66266827168874,11.024450944902146,10
157.81636136736108,232.57717551919632,11.221678332817422,10
159.3338758766575,231.31880166265182,10.97591828471409,10
159.81769517120895,232.2171990487259,10.604589178662504,10
159.84441500619738,232.95982619258575,10.323617256016274,10
159.57277018095414,232.4909873220604,10.334439779656446,10
159.42200647014855,232.353945172159,10.176533854280873,10
159.12298985184378,232.0991144243162,10.18574144782781,10
159.58035636582775,231.81657693418674,10.520424294341046,10
158.77363890592028,231.49606568249874,10.86912923750198,10
159.24796128142404,232.22180259856395,11.107887450132765,10
157.65635961673482,232.05230780574493,11.267357640473092,10
159.1619119518812,233.08267482253723,11.140763010463548,10
160.09928771191457,232.8898015532177,11.002080573610629,10
159.6868127323347,233.38695766660385,10.80066096108459,10
158.88060966874667,232.88949035736732,10.538916096820799,10
159.4605640011033,232.5590776714962,10.376366290692875,10
159.08857533201882,231.91039573284797,10.054769221284353,10
159.17207806216902,232.63307856651954,10,10
157.32890022306952,231.54834686848335,10.472370473502359,10
156.69876891379468,230.4502988967579,10.768907763606611,10
154.0588688286574,231.87529121967964,11.489943953015672,10
152.1797185873337,231.8618320680689,12.045294196481537,10
150.43388187497075,233.18615298043005,12.279930696845273,10
151.78455771119144,234.33948449860327,12.372502163976058,10
153.2204751240423,234.06046964298002,12.492553238771714,10
151.7644753463767,232.49364975778417,12.50231871664931,10.061882692220944
156.41179630580814,232.14498214493506,12.689151674190295,10
157.83008478023427,236.21167303430386,12.587865491100324,10.056267803171584
158.90449985486552,238.16402559052221,11.902951285937272,10
159.34215318087678,235.35903506050818,10.88400252130202,10
159.4797168344631,232.94042281876318,10.294221787720602,10
158.86677806193484,233.6818690157961,10.118693640676629,10
159.6606466175507,233.24958454142325,10.282120131320205,10
159.19611150394417,234.07546489010565,10.356722310914375,10
157.09814516531486,232.46559707890265,11.34989882171487,10
158.5664422093617,230.97592644463293,11.2668203586212,10
156.49581566578547,232.0886673189234,11.757997771716624,10
155.30587669800875,230.6812320209574,11.628359706522438,10
158.22666164717603,231.84478823910467,11.203735742483524,10
158.98538420237333,232.66748748789541,10.670859704812312,10
159.71494069764537,232.32807265291922,10.234932325039363,10
159.480584960751,233.11367712984793,10,10
159.5797034095449,232.5496618009638,10,10
159.50576541232294,232.5140921517741,10,10
159.43238159673638,232.48112235288136,10,10
158.96805108758105,233.07904867152683,10.333539992271563,10
158.1193030493394,232.58134216885082,10.68442170794548,10
158.3040581236086,231.39565331558697,10.774183377806558,10
159.79971908373045,230.3565671813865,10.645647512174037,10.01881033373905
158.43117207754352,231.54305548290722,10.598500086635887,10
159.332855292455,231.4488331458997,10.09737045223833,10
159.46603276985115,232.12088129739277,10,10
159.59486095266766,231.47911707381718,10,10
159.9573704417271,231.59008361469023,10,10
159.11157524977628,232.9716938890051,10.443734959020675,10
160.44228820162243,233.0681730590295,10,10
160.45600053700036,232.5249003849458,10,10
160.5772209543211,233.0762680254411,10,10
159.80128691377467,232.81987802009098,10,10
160.74999669666443,233.8470083854627,10.32104981555288,10
159.5629797164033,232.63845983962528,10.01884428556611,10
157.56598121711357,232.72983875940554,10.781048118938632,10
160.0817409795793,232.70806161197834,10.484272189130454,10
159.84918350040385,231.94899288448505,10.01816911941287,10
159.77487443419523,232.55202875169925,10,10
159.59709931942052,232.61190613242798,10,10
159.73806214364595,232.91558097931556,10,10
159.87461584838456,233.21785127255134,10,10
159.18707799599034,234.4533665094059,10.440795666908489,10
160.6152578930433,234.4788008357864,10.969643764266806,10
159.07853339827733,234.44605708750896,10.949323680312414,10
157.83228946250952,233.0049434963148,11.37040280322135,10
157.86568943112488,231.90897954138927,11.644727579411484,10
159.06672084138253,231.74521859618835,11.611137811874713,10
158.62121147261388,232.11721860500984,10.925831848102826,10
158.89069680911302,232.2497619006317,10.361171755745518,10
159.51182797769434,232.63191779586487,10,10
159.44419564525015,232.7759887042921,10,10
159.37656331280596,232.92005961271934,10,10
158.8888811490906,233.18628524872474,10,10
159.98077625254518,231.96134494873695,10,10
158.37574154356844,232.21297513577156,10,10
159.12758952597505,231.72547139856033,10,10
159.4489489517582,232.8934223863762,10,10
159.804515393771,234.1230297300499,10,10
160.28206548313028,232.02943780156784,10,10
159.07504055122263,232.91862048837356,10,10
159.75589010337717,232.74594280752353,10,10
160.22478625396616,233.3737398746889,10,10
159.5999180994404,233.13779768976383,10,10
160.22760012964136,232.3367710474413,10,10
160.3539504132641,231.52804169687442,10,10
160.3412841161189,232.75378367933445,10,10
160.09670649972188,232.909887856571,10.146146058923964,10
160.92289370632284,231.4631344738882,10.21262047022311,10
162.51884684465435,229.84901899727993,10.28691855070728,10
160.8783718171783,225.3076638642233,10.35021890740196,10
161.65803664608865,225.97014302643947,10.414096580284976,10
159.8143361111579,225.0147935214918,10,10
159.8241322239337,230.13861811789684,10,10
160.27441202613414,232.97285140189342,10.169035255676045,10
159.36434557003219,233.9687652650755,10.120014310648784,10
159.95880671343184,233.5374695721548,10,10
160.48986502489424,232.57335842284374,10,10
159.89567216238356,233.06185743841343,10,10
160.17351519069052,232.08465889724903,10,10
159.0129861732421,231.60611126455478,10,10
160.1700492624056,234.23988339933567,10.133589580950321,10
159.17195227669927,235.79739765018797,10.210327666475832,10.056932805821008
159.91631190427734,232.96752665075473,10.605853687770834,10
159.61689440546377,231.9393263820093,10.05794455335602,10
159.4859734227357,232.26068431767635,10,10
159.36966615667916,231.46801335248165,10,10
159.21023463955498,231.78844327363186,10,10
159.0508031224308,232.10887319478206,10,10
159.06534688113607,232.21126883360557,10,10
159.06228491067304,231.33071457478218,10,10
159.0232978030981,231.87281267973594,10,10
159.13644427954569,232.28835516306572,10,10
159.26218661069288,231.53182678553276,10,10
159.34892726838007,232.27337901922874,10,10
159.7672435134591,232.00694929691963,10,10
158.44565592604565,232.84427582356147,10.553536226386374,10
157.61186705054246,235.4627591285389,10.83654373641832,10
156.4718672812083,233.86722420784645,11.242363673417355,10
158.20930261410163,232.49207448097877,11.528360126466119,10
159.12340389143387,233.05275886389427,10.74932198620748,10
159.45264264801088,232.10956662031822,10.168987227786994,10
159.64478390439763,232.34477352234535,10,10
159.71476001813426,232.7175478551071,10,10
159.82291599884047,232.13383176061325,10,10
160.07731711640372,231.56446071597748,10,10
159.50545763745322,231.6493338260334,10,10
157.84101151023106,231.39977242681198,10.008789324375329,10
159.97602689042105,231.85072099301033,10,10
160.1181197144033,232.77577488753013,10,10
159.36674630417838,233.32870881888084,10,10
159.47792655750527,232.29229860636406,10,10
159.61067291125073,232.40535902860574,10,10
159.75795147343888,232.52906890842132,10,10
159.9130455009581,232.66686133178882,10,10
160.06338197513833,232.80422437819652,10,10
159.3374086074473,232.56995240482502,10,10
159.53389901443734,232.2502229574602,10,10
159.7303894214274,231.9304935100954,10,10
159.77019173427834,232.727291560499,10,10
159.86488378568902,232.21723965439014,10,10
159.9595758370997,231.70718774828129,10,10
160.11637446805253,231.89379282924347,10,10
159.28865966721787,232.22083838912658,10,10
159.4411418341042,231.24832650157623,10,10
159.60546848698868,231.9754654977005,10,10
159.71350704345926,231.9079106587451,10.126599258394823,10
159.63462974404203,233.30081434431486,10.090379824231208,10
159.86241999044432,232.76965130749159,10,10
159.88011462948634,233.02133332076482,10,10
160.17709226868465,232.49849210563116,10,10
159.41986854336574,233.08694593491964,10,10
159.70349113605334,232.48084942880087,10,10
159.8970972444804,233.05771081033163,10,10
160.15633250735118,232.44221328082494,10,10
159.35658766291454,233.11340509238653,10,10
159.34037850386812,232.6558204430621,10,10
159.43965434617712,233.00226704659872,10,10
159.40593963078572,232.5133694249671,10,10
159.27522631696775,232.45302512007765,10,10
159.1417158167751,232.3875643115025,10,10
159.29688297919347,232.54075054335408,10,10
159.21500620953157,232.40177210676484,10,10
159.14901138415493,233.03226664173417,10.034973785606176,10
159.3352841172309,231.76004579174332,10,10
159.5346726361604,231.6935457016807,10,10
159.73406115508988,231.6270456116181,10,10
159.93344967401936,231.56054552155547,10,10
159.98735014683916,232.04920570808463,10,10
159.61498371846392,231.73634256678633,10,10
159.40003768689348,232.53940226393752,10,10
160.56374104588244,231.57959588128142,10.344846413888552,10
159.62252719375434,232.1543329532724,10.10136502810262,10
159.71569924018695,231.90050520258956,10,10
159.68526306151762,232.74272729712538,10,10
159.7886102735938,231.9397348340135,10,10
159.68387571719012,233.03383685904555,10.446766111308197,10
159.46043392183378,232.5792944903951,10.708748449631909,10
159.24669788887957,232.06077711540274,10.406130791476459,10
159.77747408239736,231.98631319659762,10.179171044840785,10
159.1442962452711,231.9852255223086,10,10
158.53988476246013,232.10392568388488,10,10
158.1206833424346,231.00253937521484,10.28413996354043,10
157.989803203747,231.97920761385467,10.568308195474401,10
159.53332546096416,233.00842283049133,10.273913426981196,10
159.3202945904799,233.81601206341293,10.275511836250367,10
160.04569379790692,235.02447632828262,10.583665442995144,10
159.9218214040427,233.35382930317428,10.389487148848715,10
159.68374978699345,232.7139022735646,10.376786643914519,10
159.80118590276106,232.73912667611148,10,10
160.6966346341309,236.58443116524722,10.290890361891051,10
161.4565053435699,239.25980257370975,10.431090020245476,10
162.81056806168277,235.40108918526676,10.967205821660064,10
163.8125885440674,231.5711200175574,11.526131680468644,10
165.634234300427,226.8411910472205,11.492796432245328,10
164.4052173026458,225.13191127160098,11.782778946560795,10
163.20843919222932,224.9090897081187,12.05731303642757,10
162.33445767415242,223.65047361829784,12.200558937151953,10
160.8562480734754,223.5061559168389,12.381964453279588,10
158.45919683162154,230.61081547418144,11.444902481573463,10
159.3312883927271,232.1224798647454,10.742933514559546,10
159.8665837096874,233.21970505395439,10.01997624245532,10
160.003661212133,232.797955462127,10,10
159.2531315056549,233.06205011287238,10,10
159.36519860159024,232.7170963374665,10,10
159.46588618736132,232.87389541545417,10,10
159.5291541410552,233.19311124959495,10,10
159.64605463724,232.3725883451989,10,10
159.7590995846258,232.16292431333568,10,10
159.80565586368903,232.33056765177753,10,10
159.92360585610732,232.03629320242908,10,10
159.7634704230295,232.49699794629123,10,10
159.7088127179013,232.68237256386783,10,10
159.65415501277312,232.86774718144443,10,10
159.59955678190454,233.05303243675735,10,10
159.55516631956561,232.60485536733177,10,10
159.50056808869704,232.79014062264469,10,10
159.62771676163538,232.85176029929426,10,10
159.73935808669194,232.48808312544134,10,10
159.79630010257824,233.7014294875553,10,10
159.8355240529345,233.711183248437,10,10
159.96076656933292,233.71414549613837,10,10
160.1754916762875,233.69512937928084,10,10
159.37261651511653,232.7454828467453,10,10
159.5053670858906,232.92770943010692,10,10
159.6381176566647,233.10993601346854,10,10
159.7817178821133,232.08258153463248,10,10
160.01294276173576,232.64810939098243,10,10
159.67881476934417,233.10921408201102,10,10
159.84606431479915,233.1928980272496,10,10
160.02149517889484,233.25376317615155,10,10
158.840083641669,235.89818165416364,10.136659925571655,10
160.08191121958583,237.2768784534419,10.192038897927066,10
159.51993425245746,233.65400323981885,10,10
159.42225232030614,233.01417682284955,10,10
159.33889157380327,232.38849423045758,10,10
159.4638992031978,231.80415109510068,10,10
159.59778442289098,231.92637369746808,10,10
159.53336048926576,231.72584091837052,10,10
159.4936343213485,231.54207763785962,10,10
159.45390815343126,231.35831435734872,10,10
159.4826639132516,232.14072319085244,10,10
159.52139780911966,232.41077627951745,10,10
159.8795528212504,232.1377728205407,10,10
160.23461071643396,232.45848809892777,10,10
159.27947507295175,232.6968078535283,10,10
159.34239159766003,232.9631473046029,10,10
159.28113672006293,234.4293441992486,10,10
159.28464083498693,234.19478356058244,10,10
159.27804276006646,232.71949147398118,10,10
159.43415534155793,233.64515405113343,10,10
159.5316387306375,233.49676983768586,10,10
159.62912211971707,233.3483856242383,10,10
159.1570474754445,232.0898371260846,10.253374311337955,10
158.60698963745088,230.93382602150086,10.702914051484608,10
157.8073380474196,229.7926037829602,11.189936385905085,10
156.88567734852646,228.62312870437745,11.650741518775867,10
158.88415606685987,231.68403416092042,10.995267675096091,10
159.3514185807462,232.7545226138318,10.450597942743137,10
159.0692522129131,231.28039520198945,10.802864728373255,10
159.1820602468613,231.13346611673478,11.052833733709537,10
159.31945011561226,230.98479033226613,11.259292838218112,10
159.15463364657458,230.8787204545224,11.364971366932576,10
159.0013193501933,231.96128361637238,11.332509254777202,10
158.0938454408699,231.84790397400502,11.412004659865069,10
152.60782879715555,230.64358342404012,11.704214071866563,10
151.15899695130665,230.68944776023272,11.29700405865406,10
151.26489622275372,230.78125362063292,11.057323148387397,10
152.23411521173662,229.68998245859984,11.04074646135329,10
158.01166436289807,232.04454855585936,11.20413494491909,10
158.77042090779634,232.18378519976977,10.57127113185595,10
159.66683384699914,232.2829862680519,10.04477704532811,10
159.3847411017341,233.53813789749984,10,10
158.67229793769377,232.8396644439781,10.12018654952387,10
158.7444841244703,232.64448210562114,10.154626873500614,10
159.59348155217594,232.32624652946834,10,10
161.08979492460472,232.09236563707236,10.365861099609615,10
160.74856145339436,230.89102150464896,10,10
159.35174662310993,228.072011246928,10.264611496887833,10
159.5208041445432,231.03357793355826,10.366962202331354,10
159.2659075310262,232.21527208352927,10.326113833048122,10
159.45073453364245,232.90460522437934,10.35856584468988,10
159.30514517227448,232.55640707875136,10.356772956402889,10
157.32141158627522,231.44954632187728,10.93803445518365,10
155.102839337552,232.87351702118758,11.535413642342599,10
155.79481738526994,231.8080791082466,12.150467990594143,10
153.6366496111143,233.26589320565108,12.590563047038364,10
151.80757790955934,233.4190904792631,12.854557623549194,10
150.64404786069147,233.54840914870147,12.768726333345459,10
150.87618963627565,233.71794094860428,12.619511235727444,10.025359973211494
151.08259058242393,232.58338125015143,12.742375749585516,10
157.0713021994436,231.18093080783729,12.217221116009995,10
158.65685449279374,231.25478412176017,11.351072250211274,10
159.48449565339808,231.47148084605578,10.663673575490726,10
159.44186279785913,231.90220612252597,10.137196074822423,10
159.53897939654416,232.12035633588675,10,10
159.6244801286084,231.66129101777915,10,10
159.6601862947864,231.8982185717905,10,10
159.6958924609644,232.13514612580184,10,10
159.72383481854922,231.77295924688224,10,10
159.7321792434377,232.62418551708106,10,10
159.7600582226587,232.25819383526687,10,10
159.78793720187969,231.89220215345267,10,10
159.7722460295481,232.8057958629215,10,10
159.77030999559793,233.14280213380698,10,10
159.75530126385274,232.25843198562507,10,10
160.55246448269503,234.82202751899604,10.327778755453553,10
161.46983870290373,238.83637125755195,10.860385900134396,10
162.47680951271875,240.0799078490818,11.346789272188339,10
163.56200282359308,239.99704907799605,11.697433553302215,10
164.89839734455305,238.96673677826766,11.878387826125337,10
163.2421814064968,240.28877077961806,12.15330644616482,10
164.44230007827784,239.03718326950911,12.264990031557828,10
162.80977551551595,240.27961300278548,12.45700463216399,10
164.2745946677165,239.1136129942024,12.497471022129334,10
158.67800134101526,233.86740432644729,11.761763632563103,10
158.94075342733967,232.97529540921096,10.981105565489852,10
158.70573056560545,232.73120573128108,10.770082034083067,10
158.45261246582973,232.48954652214888,10.602030556823284,10
156.25408527335603,233.56406126881484,11.508942357923662,10
158.98682901117945,232.26395831967238,10.631668802870104,10
159.82573742627307,232.5690852847183,10.079229508502848,10
160.00748923115316,232.00408641959075,10,10
159.68945234708372,231.40925691986922,10,10
160.19041853837552,231.5935709323967,10,10
159.68795668773237,232.1158139553154,10,10
159.77538174085203,232.4133492257679,10,10
160.01514854699053,232.24413105810527,10.188105106804855,10
160.71767893782882,232.97437325085048,10.44324468256543,10
161.1498744372354,232.58820620144252,10.862986641210735,10
161.5475447509318,233.09952178562526,11.160111772141674,10
159.524008788041,232.18062654102687,10.619009354814136,10
159.44008817937438,231.9699696447933,10.13056421331401,10
159.693978634401,232.6516943719471,10,10
159.89643408052507,232.18180777097587,10,10
159.9707136137265,231.68954421544913,10.1095745834232,10
159.4552364459847,231.61532538349275,10.046763540908469,10
159.48989672738114,232.50654505903367,10.046647383065727,10
159.5120780080033,233.05820595438126,10,10
159.49869758202112,232.4622195881093,10,10
159.4952642043063,233.01220690424088,10,10
159.48161254366278,232.41641455108766,10,10
159.61725401421427,233.15355240518693,10,10
159.68490346809267,232.2839062731946,10,10
159.84025387009024,232.59731700236443,10,10
159.74835750748753,233.3140400868142,10,10
159.6108085392916,232.70661743695382,10,10
158.38899455358282,233.6703353744233,10.445355552441768,10
159.25704372561665,232.69353558833245,10.151132189300597,10
159.80060075511574,233.1987925391877,10,10
160.26522232880234,232.47864361817483,10,10
159.08561338772415,232.2194265347207,10,10
159.3462093352282,232.69481380993966,10,10
159.63241105069756,233.15463923627976,10,10
159.96022577472394,232.4378888529027,10.035145231131198,10
158.17244377902796,232.19073053414468,10.601878436771788,10
156.79166978126918,230.84520467335824,11.142847046531928,10
155.36739666932502,229.52989955956582,11.19824117653294,10
154.12277674010295,228.11125501210336,11.193859208805168,10
152.96630012616265,226.54640408570413,11.163524015054897,10
158.548946478174,231.11911889130715,10.82234229583445,10
159.83077259785227,231.89334960991982,10.248487887059603,10
159.4345841287577,232.1933338266099,10,10
159.62083943476318,232.2894027751172,10,10
159.83665338446735,231.48646413499955,10,10
159.9958953737223,231.86834596807603,10,10
160.15513736297726,232.2502278011525,10,10
159.2507528095448,231.52499525959138,10,10
160.17097992316113,233.63622086460236,10.437877052521994,10
161.49557453109227,232.00713425094727,10.753119360936392,10
162.98134331998185,231.72977968270425,11.144564533096219,10
161.77070138380626,232.74172802979592,11.479652698126225,10
159.2939021943559,231.97309061104897,10.848990136475194,10
159.86671553254428,232.2033221196616,10.36825392821904,10
159.8815148352587,232.42087180132512,10,10
160.21365873803734,231.85489732737187,10,10
159.3976361035311,231.86638932826463,10,10
159.3694591569656,231.8027112201089,10,10
159.2050882029289,231.81201277358923,10,10
159.3064846592897,232.29184268100653,10,10
159.19808733192622,231.78149459941778,10,10
159.0196870091313,231.8929810790578,10,10
158.84289516237914,232.00288055522833,10,10
159.88265718249022,231.48738293035422,10,10
160.13903923062026,231.5399779943982,10,10
159.4680844071263,231.7055453179637,10,10
159.57907497612177,232.50630838854704,10,10
159.72516406801878,232.66042470617685,10,10
159.8712531599158,232.81454102380667,10,10
160.0173422518128,232.96865734143648,10,10
159.2917243662232,233.29805797024164,10,10
159.2643548148626,231.5043937532464,10,10
159.40460606393754,232.07701557560358,10,10
160.7221985232475,231.46558534784708,10.001622523091509,10
159.8858732181543,231.86662470980082,10,10
161.0922187763208,232.33208897395525,10,10
159.26836313781678,231.6937132148305,10,10
159.08284599063336,232.17963176651392,10,10
158.92828947780072,231.56639438553248,10,10
159.50477314469754,232.0348776547471,10,10
159.3502166318649,231.42164027376566,10,10
159.16469948468148,231.9075588254491,10,10
158.97918233749806,232.3934773771325,10,10
159.62669399855076,231.6979283062974,10,10
