97	199	24	9
97	198	23	10
97	198	23	10
98	198	23	10
97	197	23	10
97	198	23	10
97	197	23	10
98	198	23	10
97	197	23	10
97	198	23	10
97	197	23	10
97	197	23	10
97	198	23	10
96	197	23	10
97	198	23	10
97	197	23	10
96	198	23	10
97	197	23	10
96	197	23	10
96	197	23	10
96	197	23	10
96	197	23	10
97	197	23	10
96	197	23	10
96	197	23	10
96	197	23	10
96	196	23	10
97	197	23	10
97	197	23	10
97	197	23	10
97	197	23	10
96	196	23	10
96	196	23	10
96	196	23	10
96	197	23	10
96	196	23	10
96	197	23	10
96	196	23	10
95	196	23	10
96	197	23	10
96	196	23	10
95	196	23	10
95	196	23	10
95	195	23	10
95	196	23	10
95	196	23	10
95	196	23	10
95	196	23	10
95	195	23	10
95	195	23	10
95	196	23	10
95	196	23	10
95	196	22	10
94	196	22	10
95	196	22	10
95	196	23	10
94	196	23	10
95	196	22	10
94	196	22	10
94	195	22	10
95	195	22	10
94	195	22	10
93	196	22	10
93	195	22	10
94	195	22	10
93	196	23	10
93	196	23	10
92	196	23	10
93	196	23	10
92	195	23	10
92	195	23	10
91	195	23	10
91	195	23	11
91	195	23	11
90	195	23	11
91	195	23	11
90	194	22	10
90	195	22	11
90	195	22	11
89	195	22	11
89	194	22	12
90	194	22	12
88	194	22	12
88	194	22	13
88	193	22	12
88	194	22	12
87	194	22	12
87	193	22	13
87	194	22	13
86	193	22	13
85	194	22	12
85	194	22	12
86	193	22	13
83	194	23	11
83	193	23	12
83	193	23	12
81	195	23	11
80	194	23	11
80	194	23	11
78	194	23	10
78	194	23	10
79	195	23	10
78	195	23	10
76	194	23	10
76	194	24	10
76	194	24	10
75	194	24	10
74	194	23	10
74	195	22	10
73	194	22	10
71	195	23	10
72	194	23	10
72	195	23	10
69	194	23	10
69	194	23	10
69	194	23	10
69	194	23	10
66	194	22	10
66	194	23	10
66	193	22	10
64	193	23	10
64	194	23	10
64	193	23	10
60	193	22	10
61	194	22	10
60	194	22	10
61	193	22	10
58	192	22	11
59	193	22	11
57	193	22	11
55	192	23	11
55	192	23	11
55	192	23	12
56	192	23	12
52	192	23	12
53	192	23	12
50	192	22	12
50	192	22	12
50	192	22	12
47	192	23	12
46	192	24	13
46	192	23	13
46	192	22	13
43	192	25	12
42	192	23	12
42	191	22	12
43	192	22	12
40	191	23	13
39	191	24	13
39	191	23	13
40	191	22	13
40	191	22	13
38	190	22	13
38	191	22	13
38	190	22	13
36	190	23	13
36	191	22	13
36	191	22	13
36	190	22	13
35	190	22	13
34	190	22	13
34	190	22	12
34	190	21	12
34	190	22	12
33	190	22	12
32	190	22	12
33	190	22	12
32	190	22	12
32	190	22	12
32	189	22	12
32	189	22	12
32	189	22	12
31	189	22	12
32	189	22	12
32	189	22	12
31	188	22	12
31	188	22	12
31	189	23	12
31	189	23	12
31	189	23	12
31	189	22	12
32	188	22	12
32	188	22	12
31	188	22	12
32	188	23	12
31	188	23	12
32	188	23	12
32	188	23	12
32	188	22	12
33	187	22	12
32	187	22	12
32	187	23	13
34	187	22	12
34	187	22	12
34	187	22	12
34	187	22	12
35	187	22	12
34	187	21	12
35	187	22	12
35	187	22	12
36	186	22	12
37	186	22	11
36	186	22	11
37	186	22	11
38	185	22	12
38	186	22	12
39	185	23	11
38	185	23	11
39	186	23	11
40	184	22	11
40	185	23	11
42	184	23	11
42	184	22	11
44	184	23	12
43	184	23	12
46	184	22	11
45	184	22	11
46	184	22	11
47	183	23	11
47	184	23	11
49	184	23	10
49	183	23	10
50	184	22	10
50	183	24	10
51	184	24	10
51	183	24	10
50	183	24	10
52	183	24	10
52	183	24	10
52	182	24	10
56	182	23	10
54	183	22	10
55	182	22	10
56	182	23	10
56	181	23	10
58	181	23	11
58	181	22	11
57	181	22	11
60	180	23	11
59	180	22	11
60	179	23	12
60	179	23	12
60	179	23	12
63	179	23	12
62	178	23	12
63	178	24	12
63	178	24	12
63	178	24	12
64	178	24	12
64	178	23	12
65	178	23	12
64	178	23	12
65	179	23	11
65	178	23	11
65	178	23	11
66	179	23	11
65	179	23	11
67	180	23	11
66	180	23	11
66	180	23	11
67	181	23	11
67	181	23	11
68	181	23	11
68	182	23	10
67	182	23	10
68	182	23	10
68	182	23	10
68	185	24	10
68	188	24	10
68	187	24	11
69	190	24	10
70	191	23	10
69	191	23	10
69	190	23	10
70	194	23	11
70	193	23	11
70	193	23	11
70	197	24	11
70	197	24	11
70	201	24	11
70	201	24	11
71	206	23	10
70	206	23	10
70	211	24	11
71	211	23	11
70	211	23	11
70	215	24	11
70	215	24	11
71	215	24	12
71	221	25	11
70	222	24	11
70	222	24	11
70	222	24	11
70	227	24	11
70	228	24	11
70	227	24	11
70	233	24	11
70	234	24	11
70	234	24	11
70	240	24	11
71	240	23	11
70	240	23	11
70	246	23	11
69	246	24	10
70	246	24	10
70	247	24	10
69	253	22	11
70	254	21	11
69	258	23	11
70	258	22	11
68	258	22	11
68	264	24	10
69	264	24	11
68	264	24	10
69	264	24	11
68	270	24	10
68	271	24	10
68	270	24	10
68	275	24	10
68	279	23	10
67	280	23	10
67	279	23	10
67	280	23	10
66	285	23	10
67	285	23	10
66	285	23	10
66	289	23	10
66	289	23	10
66	289	23	10
66	293	25	10
66	294	25	11
66	294	25	10
66	294	25	10
65	297	25	10
66	297	24	10
66	297	25	10
91	316	26	15
96	319	30	23
92	316	35	23
88	308	39	36
33	247	30	24
32	248	29	24
32	248	29	23
54	300	36	16
33	248	29	24
46	296	41	16
32	248	29	24
32	249	29	24
41	286	42	10
32	248	28	23
33	248	28	23
33	248	28	23
33	248	28	23
32	248	28	22
32	248	28	22
33	248	28	23
33	248	28	23
33	248	28	23
32	248	28	23
33	248	28	24
32	248	28	23
32	247	28	23
33	247	28	22
33	247	28	23
32	247	28	23
32	248	28	23
33	248	28	22
33	248	28	23
33	248	28	23
33	248	28	22
33	248	28	23
33	248	31	22
32	249	40	30
31	247	30	24
32	248	32	21
32	248	29	22
32	248	29	22
32	248	30	22
32	248	29	21
32	248	30	22
33	248	34	27
32	248	30	23
32	248	32	23
32	248	29	23
33	248	29	23
33	248	29	21
32	249	28	22
32	248	29	22
32	249	28	22
32	248	28	22
32	248	28	22
32	248	29	22
33	248	29	22
32	248	28	22
33	248	29	22
32	249	28	22
32	248	30	22
32	254	36	18
32	248	29	23
32	248	31	22
32	249	34	24
32	248	29	23
32	250	35	25
32	248	30	23
31	248	29	23
32	248	31	22
31	248	29	23
32	248	30	22
33	248	29	22
32	247	29	23
32	248	29	22
32	248	29	23
32	248	29	22
33	248	29	22
32	248	29	23
32	248	29	23
32	248	29	22
32	248	29	23
32	248	29	23
33	248	29	23
32	248	29	22
32	248	30	22
32	248	30	22
32	248	29	23
32	247	30	23
32	248	30	22
32	248	29	23
31	248	30	21
31	248	29	23
32	248	29	22
32	248	29	23
32	248	29	22
32	248	29	22
32	248	29	23
32	248	29	23
32	248	29	23
32	248	29	23
32	248	29	23
32	248	29	23
33	248	29	23
32	248	28	23
32	248	29	23
32	249	29	23
33	248	29	23
32	248	31	28
35	289	32	25
40	318	29	12
42	321	24	10
45	322	20	10
42	321	22	10
43	323	24	10
43	324	23	10
43	323	24	10
43	325	23	10
43	325	23	11
42	326	24	11
42	329	23	10
42	328	23	10
42	328	24	11
42	331	23	10
42	330	23	10
42	330	24	10
42	330	24	10
42	333	23	10
41	332	24	10
41	334	23	11
41	334	23	11
41	333	23	11
40	335	23	10
40	335	23	10
40	335	23	10
40	336	24	10
39	336	24	10
39	337	23	11
39	337	23	11
39	336	23	11
38	336	23	12
38	337	23	12
37	337	23	12
37	337	23	12
38	338	21	11
36	339	22	11
35	339	22	11
34	339	22	11
34	339	22	11
33	339	22	11
34	339	22	11
33	339	22	11
34	339	22	11
34	339	22	11
33	340	21	10
32	339	21	11
32	340	22	10
30	340	22	10
31	341	21	10
30	341	21	10
30	341	20	10
30	341	21	10
27	340	21	10
28	341	21	10
26	340	22	10
26	341	22	10
26	341	22	10
24	341	22	10
25	340	21	10
25	340	21	11
22	340	22	10
22	340	22	11
20	341	21	10
20	341	21	10
20	340	21	10
18	341	22	10
18	341	21	10
18	341	21	10
18	341	21	10
16	341	22	10
17	341	22	10
17	341	22	10
14	341	22	10
14	342	21	10
15	341	21	10
12	342	21	10
11	342	21	10
12	342	21	10
12	342	21	10
9	342	21	10
9	342	21	10
9	342	21	10
7	342	22	10
7	341	22	10
7	341	22	10
4	342	23	10
5	342	23	10
4	341	24	10
1	341	24	10
1	341	23	10
2	341	23	10
1	341	24	10
0	341	24	10
0	341	23	10
0	341	24	10
0	340	22	11
0	341	21	10
0	341	19	11
0	341	19	10
0	341	19	11
0	341	17	10
0	341	17	10
0	342	14	10
0	342	14	10
0	342	15	10
0	342	13	10
0	342	12	10
0	342	13	10
0	344	13	10
0	343	13	10
0	343	13	10
0	343	12	10
0	342	10	10
0	342	10	10
0	342	10	11
0	343	10	10
0	342	10	10
0	343	10	10
0	342	10	10
0	343	10	10
0	343	10	10
0	346	10	10
0	346	10	10
0	346	10	10
0	344	10	10
0	344	10	10
0	343	10	10
0	343	10	10
0	340	10	13
0	341	10	12
0	339	32	10
47	364	13	25
49	364	16	37
77	334	41	17
50	355	40	31
92	323	39	34
32	249	35	33
32	247	29	24
33	248	29	23
32	248	28	23
33	247	29	23
32	248	28	23
32	248	28	23
32	248	29	22
32	248	29	22
32	248	29	22
32	248	29	23
32	248	29	22
32	248	29	22
32	248	29	23
32	248	29	22
32	248	29	22
32	248	28	23
32	248	28	22
32	248	29	23
33	248	29	23
32	248	29	23
33	248	29	23
32	248	29	23
32	248	29	23
33	248	29	23
32	248	29	23
33	247	29	23
32	248	29	23
32	248	29	23
32	248	29	23
33	248	28	23
32	248	28	23
33	247	28	23
33	248	28	23
33	247	28	23
32	248	28	23
32	248	28	23
32	247	28	23
33	248	28	23
32	248	28	23
32	248	28	23
33	247	28	23
32	248	28	23
33	248	28	23
33	248	28	23
32	248	28	23
32	248	28	24
32	248	28	23
33	248	28	23
32	248	28	23
32	248	28	24
33	248	28	23
33	248	28	23
32	248	28	23
32	248	29	23
33	248	28	23
32	248	28	23
32	248	28	23
32	248	28	23
33	248	29	23
32	248	28	23
32	248	28	23
33	248	29	23
32	248	28	23
32	248	28	23
32	248	28	23
33	248	29	23
32	248	28	23
33	248	28	24
32	248	28	23
33	248	29	23
33	248	28	23
33	248	28	23
32	248	28	23
33	248	28	23
32	248	28	23
33	247	28	23
33	249	28	23
32	248	29	23
32	248	29	22
32	248	29	23
32	249	29	22
32	248	29	23
32	248	29	23
32	248	29	22
32	248	29	23
31	249	30	23
31	248	29	23
31	248	30	23
32	248	29	23
33	248	28	23
32	248	28	23
32	249	29	23
33	248	28	23
32	248	28	23
33	248	28	23
33	248	28	23
32	248	28	23
32	248	28	23
32	248	28	23
32	248	28	23
32	249	29	23
32	248	29	23
33	248	29	23
32	249	29	23
32	248	28	23
32	248	28	23
33	248	29	23
33	248	28	23
33	248	28	23
33	248	28	23
33	248	28	23
32	248	28	23
32	248	29	23
33	248	28	23
33	248	27	23
33	248	27	24
33	249	28	23
33	248	28	24
33	249	28	23
33	248	28	24
33	248	27	24
33	248	28	24
32	249	28	23
33	248	28	24
33	248	28	24
33	248	28	23
33	248	28	23
33	248	28	23
33	248	28	23
33	248	28	23
33	248	28	23
32	248	28	24
32	248	28	23
32	248	28	23
33	248	28	23
32	248	28	23
33	248	28	23
32	248	28	23
33	248	29	23
32	248	28	24
32	248	29	23
32	248	28	23
32	248	28	23
33	248	29	23
32	248	29	23
32	248	29	23
32	248	28	23
32	248	29	23
32	249	28	23
32	249	29	23
32	248	28	23
32	248	29	23
32	248	29	23
32	248	29	23
32	248	29	23
32	248	29	22
32	248	29	23
32	248	29	23
32	248	29	23
32	248	28	23
32	248	29	23
32	248	28	23
33	249	28	23
33	248	28	23
33	248	28	23
33	249	28	23
33	248	28	23
32	248	28	23
33	248	29	23
32	248	28	23
33	248	29	23
33	248	28	23
33	248	28	23
33	248	28	24
32	248	28	24
33	248	29	23
33	248	28	23
33	248	28	23
32	248	28	23
33	248	29	23
33	248	28	23
32	248	28	23
33	248	28	23
33	248	28	23
33	248	28	23
33	248	27	23
33	248	27	23
33	248	28	23
33	248	28	23
33	248	28	23
33	248	29	23
33	248	28	23
33	248	28	24
33	248	28	24
33	248	28	24
32	248	29	24
32	248	29	24
33	248	29	23
32	248	28	23
33	248	28	23
33	248	28	22
32	248	28	23
33	248	28	23
33	248	28	22
33	248	28	23
33	248	28	23
33	249	28	22
33	248	28	23
33	248	28	23
32	248	28	23
32	248	28	23
33	249	28	23
33	248	28	23
33	248	28	23
33	248	28	23
32	248	28	23
32	248	28	23
32	248	28	23
33	248	28	22
33	248	28	23
33	248	28	23
33	248	28	23
33	248	28	24
33	248	28	23
33	248	28	23
33	248	28	24
32	249	28	23
33	249	28	24
33	248	28	24
32	248	28	24
32	248	28	24
33	248	28	24
32	248	28	24
33	248	28	23
34	248	28	23
33	248	28	23
33	248	28	23
33	248	28	23
34	248	28	23
33	248	27	23
33	248	28	23
34	249	28	23
33	249	27	23
33	248	27	23
33	248	28	23
33	248	28	23
33	249	28	23
33	248	28	24
33	248	28	23
33	248	28	23
33	248	28	24
33	248	28	23
33	248	28	23
33	248	28	23
33	248	28	23
33	249	28	23
33	248	28	23
32	248	28	23
33	248	28	23
33	248	28	23
33	248	28	23
33	247	28	23
32	249	28	23
33	247	28	24
33	248	28	23
33	248	28	23
33	248	28	23
33	248	28	23
33	248	28	24
32	248	28	24
33	248	28	23
33	247	28	24
32	248	28	23
33	247	29	23
33	248	28	23
33	247	28	23
32	248	28	23
32	248	28	24
32	248	28	23
32	248	28	24
32	248	28	23
32	248	28	23
32	248	29	22
32	248	28	23
33	248	29	22
33	248	28	23
32	248	28	23
32	248	28	23
32	249	29	22
33	248	29	23
33	248	28	23
32	249	28	23
32	248	28	23
33	248	28	23
32	248	28	23
33	248	28	23
33	248	28	23
32	248	28	23
33	249	28	23
33	248	28	23
33	249	28	23
33	248	28	23
33	248	28	23
33	248	28	23
33	248	28	23
32	248	29	23
32	247	29	24
33	247	29	23
33	248	29	23
32	248	28	23
32	248	28	23
32	248	28	23
32	247	28	23
32	249	28	23
33	248	28	24
32	249	28	23
33	248	28	23
33	248	29	24
33	248	29	24
33	248	29	24
33	248	29	24
33	247	29	24
33	247	29	24
32	248	29	23
33	247	28	24
32	248	29	23
32	247	29	24
32	248	29	23
32	248	28	23
33	248	28	23
32	249	28	23
32	248	28	23
32	248	28	23
32	248	28	23
33	248	29	23
32	248	28	23
32	248	28	23
33	248	29	23
32	248	28	23
32	248	28	23
33	248	29	23
32	249	28	23
33	248	28	23
33	248	28	23
32	248	28	23
32	248	28	23
32	249	29	23
33	248	28	23
33	248	28	23
32	248	28	23
32	248	28	23
33	249	29	23
32	248	28	23
33	248	29	23
32	248	28	23
32	248	28	23
32	248	28	23
32	248	28	23
32	248	28	23
32	248	28	23
32	248	28	23
32	248	28	23
32	248	28	23
33	248	29	23
32	248	28	23
32	248	28	23
33	248	28	23
33	248	28	23
32	248	28	23
32	248	28	22
32	248	28	23
33	248	28	22
33	248	28	23
32	248	28	23
32	249	28	22
32	248	28	23
33	249	28	22
33	248	28	23
33	248	28	23
32	248	28	23
32	248	28	23
32	248	28	23
32	248	29	23
32	248	28	23
32	248	29	23
32	249	29	23
32	248	28	23
32	248	29	23
32	248	28	23
33	248	28	23
33	248	28	22
33	248	28	23
32	248	28	23
33	248	28	23
33	248	28	23
33	248	28	23
33	249	28	23
33	248	28	23
34	248	28	23
33	248	28	23
33	248	28	22
33	248	28	23
33	249	29	22
33	248	28	23
32	248	28	23
32	248	29	23
32	248	28	23
32	249	29	22
33	248	28	23
33	248	28	23
32	248	29	22
33	248	28	23
32	249	28	23
32	248	29	23
32	248	29	22
32	248	29	22
32	249	29	22
32	249	30	23
32	248	29	24
32	248	29	24
32	249	29	23
33	248	28	23
33	248	28	23
33	248	28	23
33	249	28	23
33	248	28	23
33	249	29	22
33	248	28	23
33	248	28	23
33	248	28	23
33	249	29	22
32	248	28	23
33	248	29	23
32	248	29	23
33	248	29	23
33	248	29	23
33	248	28	23
33	248	29	23
33	248	28	23
32	248	28	23
32	248	28	23
32	249	28	23
32	249	28	23
33	249	29	23
33	249	29	23
33	248	29	23
32	248	29	23
33	248	28	23
32	249	29	23
33	248	28	23
33	248	28	23
32	248	28	23
33	248	28	23
33	248	28	23
33	248	28	22
33	248	28	23
32	248	28	23
32	249	29	22
33	248	28	23
33	249	29	22
33	248	28	23
32	247	28	24
33	248	28	23
33	248	28	23
33	248	28	23
33	247	28	23
32	248	28	23
32	248	28	23
33	248	28	23
32	248	28	23
33	247	28	23
32	248	28	23
32	248	28	23
33	248	28	22
33	249	28	23
33	248	27	23
34	248	28	23
33	248	28	23
33	247	28	23
33	248	28	23
33	248	28	23
34	248	28	23
33	249	28	23
34	248	28	23
33	248	28	23
33	248	28	23
32	248	28	23
32	248	28	23
32	248	29	23
32	248	28	23
32	248	28	23
33	247	28	23
32	248	29	23
32	248	28	23
33	248	29	23
32	248	29	23
32	248	28	23
33	248	28	23
32	249	29	23
32	248	28	23
33	248	28	23
32	248	28	23
32	249	29	23
33	248	28	23
32	248	28	23
32	248	28	23
33	249	29	23
32	248	28	23
32	248	28	23
33	248	28	23
33	248	28	23
32	248	28	23
33	248	28	23
33	248	28	23
33	248	28	23
33	248	28	23
33	248	28	23
32	249	28	23
33	248	28	23
33	248	28	23
32	249	28	23
33	247	29	23
32	248	29	23
33	248	28	23
32	248	29	23
32	248	29	23
32	248	28	23
33	248	29	23
32	248	29	23
32	248	28	23
32	248	29	23
33	248	29	23
32	248	29	24
33	248	29	23
33	249	29	23
33	248	28	23
32	248	28	23
32	248	28	23
32	248	28	23
32	248	28	23
33	248	29	23
32	249	29	23
33	248	28	23
32	249	29	23
32	248	28	23
33	248	28	23
33	249	28	23
33	248	28	23
33	249	28	23
33	248	28	23
33	248	28	23
33	248	28	23
33	248	28	23
33	248	28	23
33	248	28	23
33	248	28	23
33	248	28	23
33	248	28	23
33	249	28	23
33	248	28	23
33	248	28	23
33	248	28	23
34	248	28	23
33	248	28	23
33	249	28	22
33	249	28	23
33	249	28	23
33	248	28	23
34	248	28	23
32	248	29	24
31	248	29	23
32	248	29	24
32	248	30	23
32	248	29	23
32	248	30	23
32	248	29	22
32	249	29	22
32	248	29	23
31	248	29	23
32	249	29	23
32	248	29	23
31	248	29	23
31	249	30	22
31	248	30	23
31	248	30	22
31	249	30	22
31	248	30	23
31	248	30	22
31	249	30	22
31	248	30	23
31	249	30	22
31	249	30	22
31	248	30	23
31	249	30	22
32	248	29	23
32	249	29	23
32	249	29	23
32	248	29	23
32	248	29	22
32	248	29	23
32	248	29	23
32	248	29	23
32	248	29	23
32	248	29	23
32	249	29	23
32	248	29	23
32	249	29	23
32	249	29	23
31	249	29	23
32	248	29	23
32	248	29	23
32	248	29	23
32	248	29	23
32	248	30	23
32	248	29	23
32	249	29	23
31	249	29	23
32	249	29	23
31	249	30	22
31	248	30	23
31	249	30	22
31	249	30	22
31	249	30	22
32	249	30	22
31	249	30	22
31	249	30	22
31	248	30	23
31	249	30	22
31	249	30	22
31	249	30	22
31	248	30	23
31	249	30	22
31	249	30	22
31	249	30	23
31	249	30	22
31	248	30	23
31	249	30	22
31	248	30	22
31	249	30	22
31	249	30	23
31	249	30	22
32	249	30	22
32	249	30	23
31	249	29	22
31	249	29	22
32	248	30	23
32	249	29	22
31	249	29	23
31	249	29	22
31	249	29	22
32	249	30	23
31	249	29	22
32	249	30	22
32	249	30	22
32	249	30	22
32	249	30	22
31	248	29	22
32	249	30	22
31	249	30	22
32	248	30	23
31	249	30	22
32	249	30	22
32	249	30	22
32	248	30	22
32	249	30	22
31	249	30	22
31	249	30	22
31	249	30	22
31	248	30	22
31	249	30	22
31	249	30	22
31	249	30	22
31	249	30	22
31	248	30	22
31	249	30	22
31	249	30	22
31	249	30	22
32	249	29	22
31	249	29	22
31	248	29	22
32	249	29	22
32	249	29	22
32	249	29	22
32	249	30	22
32	249	29	22
31	249	30	22
32	249	30	22
32	249	30	22
32	249	30	22
31	248	30	22
30	249	30	22
31	249	30	22
31	248	30	23
31	249	30	22
31	249	30	22
31	249	30	22
31	249	30	22
31	249	30	22
31	249	30	22
31	249	30	22
31	249	30	22
31	249	29	22
32	249	30	22
31	249	29	22
31	249	30	22
31	249	30	22
32	249	30	22
31	249	30	22
31	249	30	23
31	249	30	22
31	249	30	23
31	249	30	22
31	248	30	23
31	249	30	22
31	248	30	23
31	249	30	22
32	248	30	23
32	249	29	22
31	248	29	23
31	249	29	22
31	248	30	23
32	249	30	22
32	248	30	23
31	249	30	22
32	248	30	23
31	249	30	22
32	249	30	23
31	249	30	22
31	249	30	23
31	249	30	22
31	249	30	23
32	249	30	22
31	249	30	22
31	249	30	23
32	249	30	22
31	249	30	22
31	249	30	23
31	249	30	22
31	249	30	22
31	248	30	22
31	249	30	22
31	249	30	22
31	248	30	22
31	249	30	22
31	249	30	22
31	249	30	22
31	249	30	22
32	248	30	23
31	249	30	22
31	248	29	22
32	248	30	22
32	249	30	22
32	249	30	23
32	249	30	23
32	248	30	23
32	249	29	22
31	248	30	23
31	249	29	22
32	248	30	23
31	249	30	22
31	248	30	23
31	249	30	22
31	249	30	22
31	249	30	22
31	248	30	23
31	249	30	22
31	249	30	22
31	249	30	22
31	248	30	23
31	248	30	22
31	249	30	22
31	249	30	22
31	248	30	23
31	248	30	22
31	248	30	22
32	249	30	22
32	249	30	23
31	249	30	22
31	248	30	23
31	248	30	22
31	248	30	22
32	249	30	22
32	249	30	23
31	249	30	22
31	249	30	23
31	249	30	23
31	248	30	23
31	249	30	23
31	248	30	23
32	249	30	23
31	248	30	23
32	248	30	23
31	249	30	23
31	249	30	23
31	249	30	23
31	248	30	23
32	249	30	23
31	249	30	22
31	248	30	22
31	249	30	22
31	248	30	23
31	249	30	22
31	248	30	22
31	249	30	22
31	249	30	22
31	249	30	22
31	249	30	22
31	249	30	22
31	249	29	22
31	249	30	22
31	249	30	22
31	249	30	22
32	249	30	22
32	248	30	22
31	249	30	22
31	248	30	23
31	249	30	22
31	248	30	23
32	249	30	22
32	249	30	22
31	248	30	22
32	249	30	22
31	248	30	23
31	249	30	22
32	248	30	23
32	249	30	22
31	248	30	23
32	249	30	22
32	248	30	23
32	249	30	22
32	248	30	23
31	249	30	22
31	248	30	23
31	249	30	22
31	248	30	23
31	249	30	22
31	249	30	23
31	249	30	23
31	248	30	23
31	249	30	22
31	249	30	23
31	249	30	23
31	248	30	23
31	248	30	23
31	249	30	22
31	249	29	22
31	248	30	23
32	248	30	22
31	249	29	22
32	249	30	22
32	249	30	23
31	248	30	23
31	249	29	22
32	248	30	23
31	248	29	22
31	249	30	22
31	248	30	23
31	249	29	22
31	249	30	22
31	249	30	22
31	248	30	22
31	249	29	22
32	248	30	23
31	249	29	22
32	249	30	22
32	248	30	22
32	249	29	22
32	249	30	22
32	249	30	22
32	249	29	23
32	248	29	23
32	249	29	22
31	248	29	23
31	249	29	22
32	249	30	22
32	249	29	23
32	249	29	23
32	248	29	23
32	249	29	22
31	248	29	23
31	249	29	22
31	248	30	23
31	248	30	22
31	249	30	22
31	249	30	23
31	249	30	22
31	248	30	23
31	249	30	22
31	249	30	23
31	249	30	23
31	248	30	23
31	248	30	23
31	249	30	23
31	249	30	22
31	249	30	22
31	249	30	22
31	249	30	22
31	248	30	22
31	249	30	22
31	249	30	22
31	249	30	22
31	248	30	22
31	249	30	22
31	249	30	22
31	249	30	22
31	249	29	22
32	249	29	22
31	249	30	22
32	249	30	23
32	248	30	23
31	249	30	22
31	248	30	23
31	248	30	23
31	249	30	22
31	248	30	23
31	249	30	22
31	249	30	23
