254	320	69	24
257	328	67	24
259	337	68	24
262	347	67	24
265	356	67	24
268	366	66	24
271	374	67	23
274	376	66	22
264	375	70	22
246	374	71	22
228	374	70	22
225	374	67	20
230	373	68	21
236	372	67	21
239	370	67	21
241	370	67	21
244	369	67	21
247	368	67	22
251	368	66	22
254	366	66	22
257	366	66	22
260	365	67	22
261	364	67	22
263	363	67	23
267	362	67	22
269	361	66	22
272	361	66	22
275	357	66	23
277	346	66	24
279	336	68	24
282	335	68	22
285	337	66	22
288	336	66	22
289	335	67	21
293	335	66	22
294	334	66	22
283	333	71	22
264	332	73	23
246	331	72	23
238	330	70	23
244	330	69	23
248	330	68	24
252	328	67	23
254	328	67	23
257	327	68	23
259	327	68	22
262	327	68	23
265	327	68	23
266	326	69	23
269	327	67	23
272	326	67	23
274	327	68	23
276	326	68	23
278	326	69	23
282	326	68	23
283	334	68	24
285	343	69	24
288	352	68	24
291	363	68	24
293	373	68	24
295	383	67	24
298	394	66	23
301	396	66	21
304	394	65	22
307	394	65	22
309	394	65	22
311	394	66	21
302	395	69	21
282	394	72	21
264	396	71	20
255	395	67	21
261	396	65	20
265	397	65	20
267	396	65	20
271	396	65	21
272	397	66	20
275	397	65	21
277	392	66	23
278	383	67	24
280	374	68	24
282	365	67	24
284	355	67	24
286	346	67	23
288	347	67	23
291	348	66	22
294	350	65	22
295	350	66	22
297	351	66	22
299	352	67	22
301	353	67	22
303	353	67	22
306	354	66	22
307	355	68	22
309	356	68	23
311	356	67	22
312	358	68	23
316	359	67	22
318	360	66	23
320	361	66	22
322	363	66	22
324	364	66	22
325	364	67	22
310	366	73	22
291	368	72	22
273	368	71	22
266	370	67	22
270	371	67	22
274	373	66	22
277	374	65	22
279	371	65	23
281	362	67	23
282	353	67	24
284	344	67	24
286	335	68	24
288	327	68	24
291	328	68	23
293	331	67	22
295	333	67	22
298	335	66	22
300	336	66	22
302	336	66	22
304	337	67	22
305	339	68	22
308	340	67	22
310	340	67	22
313	342	66	23
315	343	66	23
316	344	67	23
318	344	67	23
320	346	67	22
322	347	67	22
324	348	66	22
326	348	66	22
328	349	66	22
330	350	66	22
332	351	67	22
329	351	70	22
312	352	73	22
292	352	72	22
285	352	68	22
289	354	67	22
292	354	67	22
295	354	67	22
297	349	66	23
299	340	67	24
300	330	67	24
302	321	67	24
304	311	68	25
306	307	67	22
307	309	67	23
309	311	67	22
311	312	67	23
313	312	67	23
315	312	68	23
316	313	68	23
318	314	67	23
321	315	66	22
322	315	68	23
324	316	67	23
326	317	68	23
328	318	67	23
329	318	67	22
331	318	67	23
333	319	66	23
335	319	67	22
336	320	67	23
338	320	67	23
340	321	67	23
342	321	67	23
339	321	70	23
322	322	74	22
302	322	73	23
283	322	74	23
265	323	73	23
258	323	68	24
261	324	69	23
265	323	69	23
268	324	67	23
270	324	68	23
272	324	68	23
274	323	68	24
276	325	68	23
278	324	69	23
280	324	68	23
282	324	68	22
284	324	68	22
286	325	68	22
287	325	68	22
289	323	69	22
291	324	68	22
293	323	68	22
294	322	68	22
297	323	67	22
299	322	68	22
300	322	68	23
302	320	68	23
304	320	68	23
316	316	67	22
318	316	68	23
320	315	69	23
322	314	69	23
324	313	69	22
326	312	68	22
328	312	68	22
329	311	69	22
332	310	68	22
334	309	68	22
332	308	71	22
315	307	76	23
295	306	74	23
277	305	73	23
257	304	76	23
243	304	74	23
242	302	72	23
248	301	70	23
251	300	69	23
253	299	69	22
256	297	69	23
259	296	69	23
261	296	69	23
263	294	69	23
265	293	70	23
267	292	70	23
270	291	69	23
272	290	68	23
274	288	69	22
277	293	67	23
279	302	67	23
281	310	68	23
283	316	67	22
285	314	68	22
287	312	68	22
290	310	68	22
292	309	68	22
295	307	69	22
296	305	70	22
299	304	69	22
301	303	69	22
303	300	70	22
306	299	69	22
309	297	68	23
311	296	69	23
313	294	69	22
316	293	68	22
318	291	69	21
320	289	70	21
323	287	70	22
325	286	69	22
327	283	71	22
331	281	69	22
327	279	74	23
308	277	75	23
289	276	74	23
270	274	76	23
253	271	76	23
236	270	74	23
220	268	73	23
220	266	71	24
225	263	72	23
229	262	70	24
231	260	71	24
234	258	70	24
236	256	71	23
239	254	70	23
242	252	69	23
244	251	70	23
247	252	69	24
249	260	69	23
252	267	69	23
254	276	69	23
257	283	69	23
259	291	69	23
262	299	68	23
265	306	69	23
268	314	69	23
271	322	68	23
273	320	69	23
276	316	69	22
278	314	69	22
281	311	68	23
284	308	68	23
287	306	68	23
288	303	70	23
291	301	69	22
294	298	69	22
297	296	70	22
289	294	75	22
270	292	76	23
252	289	74	23
234	288	76	23
224	286	72	23
227	284	72	23
232	282	72	23
236	280	70	23
239	279	70	23
240	276	72	23
235	274	75	24
214	272	77	24
197	270	78	25
183	268	75	24
181	268	76	24
187	265	72	23
191	263	72	23
194	261	72	23
198	261	69	23
200	269	69	24
203	277	70	24
205	285	70	23
208	293	69	24
210	301	70	24
213	310	71	24
216	318	69	22
218	315	69	23
220	312	70	23
223	310	72	23
226	308	71	22
229	306	70	23
231	305	71	23
233	303	72	23
237	303	72	23
239	301	71	23
241	298	72	22
244	298	71	23
247	298	71	23
250	306	71	24
253	315	70	24
255	323	70	24
258	331	70	24
261	333	70	23
264	330	69	23
267	328	71	23
269	327	71	24
272	325	71	23
275	324	71	23
277	321	71	23
280	324	71	25
282	332	70	24
285	341	71	24
287	343	70	23
291	341	70	23
293	338	70	23
296	337	69	22
299	335	69	22
301	334	69	22
298	333	73	23
279	332	78	23
260	330	76	23
242	331	77	23
223	329	79	24
208	329	75	23
206	328	76	23
210	327	73	23
215	327	69	23
217	327	70	23
220	326	70	23
222	326	71	23
226	326	70	23
227	325	71	23
213	325	77	23
194	325	76	24
178	325	76	23
179	326	72	23
182	325	71	22
185	325	69	22
188	326	69	22
190	325	72	22
193	332	69	24
194	342	71	25
197	352	70	24
199	363	70	24
202	366	69	22
204	366	68	21
207	366	68	21
210	365	69	21
210	365	71	21
216	365	66	21
218	366	66	21
223	366	66	22
226	366	66	22
228	366	66	23
231	366	66	23
235	366	66	23
238	366	65	23
241	365	66	24
243	360	67	27
248	350	68	27
252	342	67	26
256	343	67	25
260	343	68	25
264	343	68	25
269	343	69	25
274	343	68	25
280	342	67	26
285	341	67	26
291	341	67	26
296	340	69	26
302	339	67	26
308	338	66	26
315	337	66	26
320	337	68	26
327	336	68	26
333	335	67	26
340	335	68	26
348	334	67	27
354	334	69	27
362	333	67	26
369	333	68	27
378	333	68	27
385	333	69	26
394	333	67	25
401	333	65	25
393	333	69	25
380	332	70	26
367	332	70	26
360	332	69	25
366	332	71	26
379	332	69	26
390	331	68	26
399	331	69	27
409	331	69	26
420	331	68	26
430	330	68	26
440	330	68	26
449	329	65	25
442	329	68	25
431	329	68	25
421	328	68	25
411	328	69	25
403	326	69	26
394	326	70	26
384	325	71	27
375	324	72	27
367	324	71	28
358	324	72	28
352	323	71	28
346	322	71	28
356	321	74	28
372	321	73	28
385	320	73	28
398	319	73	28
412	319	73	28
425	318	72	28
438	317	72	28
440	317	70	28
432	317	71	27
424	316	72	28
417	315	71	27
411	315	71	27
403	314	72	27
397	314	71	27
391	313	71	27
384	313	71	26
379	311	70	26
373	311	70	26
367	310	70	26
360	309	70	26
355	308	69	26
350	307	68	27
344	306	68	27
338	306	69	27
333	304	67	27
327	303	67	26
322	302	67	26
318	301	66	26
324	300	71	27
341	299	71	27
357	297	72	28
373	296	72	27
388	295	72	27
405	294	72	27
410	293	69	27
404	291	70	27
398	291	71	27
393	290	71	28
389	288	71	27
385	286	70	28
381	285	70	27
387	284	75	28
407	282	75	28
424	281	75	28
441	279	75	27
457	278	75	28
467	276	71	27
464	274	70	28
459	272	70	27
454	270	72	27
451	268	72	28
446	266	72	28
444	263	72	29
439	262	74	28
435	260	74	29
431	257	74	29
427	256	76	28
424	254	76	28
420	252	75	28
417	249	76	28
415	247	76	28
410	246	76	28
408	244	75	28
408	242	73	28
403	241	74	27
402	240	71	27
399	239	70	26
397	237	68	26
394	236	68	26
392	235	67	25
390	233	67	25
386	231	67	25
384	230	66	25
