298	169	52	39
297	181	53	37
295	195	53	37
296	208	53	37
296	223	53	37
297	226	52	36
297	225	53	36
296	225	53	36
296	226	53	36
297	225	52	37
296	226	53	37
296	226	53	37
296	227	53	36
295	228	54	36
295	229	53	36
296	229	53	36
294	230	54	36
295	230	53	36
296	231	53	37
296	231	53	37
295	232	53	36
294	234	54	36
294	235	53	36
294	235	54	36
294	237	54	36
294	238	54	36
294	239	54	36
293	240	54	36
294	241	54	37
293	242	54	37
293	234	54	37
294	222	54	38
293	210	54	37
293	202	54	36
293	205	54	36
294	207	54	38
294	209	54	37
293	210	54	37
293	211	53	37
294	212	53	37
294	214	54	37
294	214	54	38
294	215	53	38
294	217	53	38
294	218	53	38
293	219	54	37
293	220	53	37
295	221	52	37
292	210	54	37
293	199	53	37
293	186	53	37
293	174	53	37
294	165	52	37
293	187	53	36
292	177	55	37
292	178	55	37
292	179	55	37
292	181	56	36
291	182	56	36
292	175	56	36
292	162	56	37
292	150	56	38
292	143	55	36
291	147	55	37
292	149	55	37
292	151	55	38
291	152	56	37
292	155	56	37
291	156	56	38
291	158	56	37
291	160	56	37
290	162	57	38
290	164	57	37
291	166	56	37
291	168	57	38
291	169	56	38
291	171	56	38
290	173	56	38
291	175	56	37
291	177	56	37
291	179	55	37
290	181	55	37
291	182	55	37
291	170	56	38
291	159	57	38
290	148	56	39
291	136	55	39
293	124	54	38
291	121	56	38
291	124	56	37
291	127	56	37
290	129	57	37
291	131	56	37
291	134	56	37
292	135	56	37
291	138	56	38
292	139	56	37
291	142	56	38
292	143	56	38
290	146	57	38
292	147	56	39
291	149	57	39
291	151	56	38
291	154	56	38
292	127	56	37
291	115	56	37
291	103	57	38
289	90	60	40
290	91	59	38
290	95	59	38
289	98	60	39
289	99	60	39
289	101	61	39
289	103	60	40
288	104	61	40
288	106	60	39
288	107	60	40
289	110	60	40
289	111	60	40
289	112	59	40
288	114	59	39
288	115	60	40
289	116	60	40
288	118	59	39
288	119	60	39
288	121	60	39
288	122	60	39
288	123	60	40
288	113	59	40
289	100	58	40
290	88	58	39
289	84	57	38
289	87	57	37
289	88	57	37
290	90	57	38
290	91	56	37
290	93	56	37
290	94	56	37
290	96	56	37
289	97	56	37
290	99	57	37
290	100	56	37
289	104	57	38
289	120	57	37
289	134	58	37
287	149	59	39
287	163	60	39
287	162	61	41
286	162	61	40
287	163	61	39
286	164	61	40
287	165	61	40
287	166	61	41
287	168	60	40
287	169	61	40
287	170	61	40
286	171	61	41
286	173	60	40
287	175	60	40
287	176	59	39
288	188	59	40
286	203	62	42
287	219	61	41
287	223	60	39
287	223	60	40
287	224	60	40
287	224	60	40
287	226	60	40
286	227	60	40
286	228	60	40
286	229	60	40
285	231	60	40
286	232	60	40
286	234	60	40
286	235	60	40
285	237	60	40
285	238	60	41
286	239	59	40
286	240	59	40
286	242	60	40
286	243	59	40
286	244	59	40
286	246	59	40
286	247	59	40
286	249	59	40
285	250	60	41
285	251	59	41
284	253	59	41
285	254	60	42
284	256	60	41
284	250	60	41
284	238	59	41
284	225	60	42
283	213	59	41
285	216	57	38
285	219	57	37
285	222	57	37
284	223	58	38
283	225	59	39
283	226	59	39
283	228	59	39
283	229	60	40
282	231	60	40
282	233	60	40
282	234	60	40
282	236	60	40
282	236	60	40
282	238	60	40
282	239	61	40
282	241	61	41
281	242	61	40
282	243	62	40
281	244	61	41
281	246	61	42
282	235	61	41
282	224	59	40
283	212	57	38
284	201	56	37
285	190	55	36
286	193	53	35
285	195	54	35
284	197	54	36
283	199	55	35
283	200	55	36
284	202	55	36
283	203	56	36
283	204	56	37
283	205	56	37
283	206	55	37
283	207	55	37
283	208	55	38
283	209	55	38
283	210	55	38
282	211	56	37
282	213	56	37
282	213	56	37
283	214	55	37
282	214	55	37
282	216	56	37
283	216	56	37
282	217	55	38
283	219	55	37
283	221	55	37
282	222	56	37
282	224	56	38
282	225	57	38
282	227	57	38
282	229	57	38
282	231	58	38
282	233	57	38
282	235	57	38
282	228	57	37
282	216	56	38
282	205	55	38
283	205	55	37
284	209	54	35
283	210	54	36
283	214	54	35
283	216	54	35
283	218	54	35
283	220	54	35
283	222	54	35
283	224	54	36
283	227	53	36
283	228	54	36
282	232	55	36
283	233	55	37
282	232	55	38
282	221	55	36
283	210	54	36
283	201	53	35
284	205	53	33
284	209	51	33
284	211	51	34
285	214	52	34
284	217	53	34
284	219	52	34
284	222	52	34
284	224	52	34
285	226	51	34
285	228	51	33
284	230	51	34
285	234	52	34
285	235	52	34
285	238	51	34
286	240	51	34
285	242	51	34
285	245	52	34
285	247	52	34
285	243	53	34
286	232	51	34
286	221	51	33
287	210	49	32
286	213	49	30
287	216	49	30
286	219	50	30
287	221	49	31
287	224	49	31
286	227	48	30
286	229	49	30
286	231	48	29
287	234	47	30
287	237	47	29
287	238	46	29
287	235	47	31
287	224	45	30
287	213	44	29
288	216	43	28
288	220	42	27
288	224	41	26
288	228	40	24
288	227	41	28
288	231	37	26
288	232	42	28
288	234	41	27
288	236	42	26
287	238	40	26
286	225	44	28
235	255	34	21
262	249	55	27
286	210	46	25
287	215	45	23
287	220	44	20
303	262	72	19
287	225	44	19
295	267	24	18
296	267	21	19
296	268	21	18
296	266	22	19
295	267	22	19
295	267	23	19
296	267	22	20
296	264	22	20
296	266	22	20
296	266	21	20
317	251	39	23
319	264	58	21
287	283	53	29
272	360	36	33
274	364	34	48
274	357	36	52
267	375	43	51
272	358	37	39
273	353	35	47
273	361	37	40
273	362	34	38
274	364	32	35
274	348	29	51
271	375	34	56
273	354	34	44
272	355	35	55
269	314	40	82
179	243	102	41
275	250	44	37
289	262	31	24
292	261	27	21
290	246	27	22
292	235	26	20
293	236	24	18
293	237	25	19
295	237	23	19
296	238	22	19
297	239	21	19
296	239	21	18
296	239	21	19
297	240	21	18
296	239	21	18
296	239	21	18
296	239	21	19
296	239	21	19
296	239	21	19
296	239	21	19
297	240	21	19
297	239	20	19
297	240	21	18
292	223	26	24
289	205	29	30
295	252	39	32
295	242	38	32
294	231	37	31
292	224	38	31
290	227	41	34
286	220	47	43
278	231	56	36
279	235	52	35
279	229	55	39
281	240	49	33
283	241	48	34
280	244	51	37
291	247	42	32
291	251	40	37
289	254	42	29
293	257	39	28
291	259	41	30
294	262	36	29
295	264	36	29
291	266	38	31
286	271	44	35
278	284	53	36
276	296	54	39
276	310	56	41
275	321	57	39
279	321	54	37
280	322	52	35
286	324	47	38
277	317	56	40
287	324	47	39
278	317	56	42
286	331	47	36
279	332	52	34
289	333	46	34
283	333	49	35
289	333	44	35
278	333	53	36
292	335	42	33
290	336	41	34
287	333	44	35
290	335	41	34
286	334	44	34
293	336	40	33
279	335	50	35
290	335	43	34
281	331	49	39
291	336	41	33
284	331	45	37
288	333	44	35
283	333	46	36
292	335	40	33
281	334	48	37
291	334	41	33
285	335	44	35
293	337	39	33
286	334	43	35
292	336	39	33
280	326	48	41
279	323	52	43
287	328	45	39
291	335	41	33
287	328	42	38
288	333	42	33
291	335	37	33
289	331	38	37
288	336	41	32
283	327	45	41
278	322	48	44
276	318	50	46
275	312	51	48
282	319	47	45
284	329	44	39
284	331	43	36
288	334	39	33
276	314	47	49
276	325	52	40
275	309	46	45
286	326	43	41
279	331	48	37
284	332	43	36
287	334	43	35
287	331	42	38
286	334	42	36
290	337	38	32
290	333	35	36
283	325	42	43
280	331	46	39
283	332	44	35
287	335	40	33
276	315	46	50
274	318	52	45
274	324	52	42
274	308	45	41
282	318	43	47
278	321	48	46
274	310	46	46
279	321	47	45
276	316	47	48
275	324	51	43
273	308	46	43
278	320	49	45
276	314	49	50
274	320	51	44
274	311	50	50
274	310	48	51
275	309	50	55
278	322	50	44
277	317	48	47
275	322	50	44
274	310	49	48
275	312	49	54
273	317	53	45
274	321	52	44
274	310	49	50
274	310	49	52
276	310	48	52
275	315	48	50
273	316	49	45
273	316	48	45
274	313	51	49
276	319	48	45
274	316	49	46
274	318	49	42
274	313	48	49
274	321	47	46
275	315	48	48
274	316	47	41
275	320	48	45
274	308	44	47
282	321	45	43
278	319	46	44
276	315	47	44
275	316	47	41
274	315	47	40
278	321	47	41
276	311	47	47
275	315	47	46
274	317	47	40
275	318	50	48
274	312	46	45
275	314	49	48
274	318	51	41
274	317	49	44
274	318	50	43
274	317	49	44
274	316	49	41
274	316	48	46
274	315	49	44
274	316	48	44
275	316	50	45
274	319	50	42
275	315	48	47
275	318	48	42
279	324	45	40
277	316	46	43
276	323	48	43
274	308	45	44
276	319	50	44
273	298	49	61
279	233	54	112
250	223	73	123
269	198	55	105
272	307	52	57
285	247	72	90
271	272	54	87
275	263	50	93
275	305	54	56
278	253	47	99
274	285	49	72
274	288	56	71
266	199	55	117
251	194	60	36
246	202	110	30
282	197	39	39
293	211	41	36
332	199	41	19
309	209	66	20
306	204	68	24
288	209	63	27
306	209	46	21
334	227	31	26
337	228	27	32
310	222	50	10
322	222	32	10
332	245	21	16
301	208	48	49
209	257	66	63
187	310	55	52
186	308	53	50
190	308	52	50
189	308	52	50
190	309	51	48
190	310	52	46
189	308	50	44
190	313	52	46
188	313	51	39
188	296	45	39
188	283	49	45
189	284	49	38
188	283	47	40
190	283	48	43
188	282	47	39
195	290	47	40
189	291	50	37
189	289	50	37
188	287	50	36
188	286	46	35
191	287	48	40
188	284	48	38
189	284	50	43
188	281	45	38
189	288	50	40
187	282	47	39
189	282	49	45
187	280	49	41
189	284	51	43
187	280	46	40
189	287	50	40
188	284	47	38
187	282	50	43
170	278	49	50
145	281	48	45
140	283	47	43
143	285	49	41
149	291	45	38
156	294	37	31
155	297	38	30
156	297	37	30
157	297	37	29
155	297	37	30
154	297	38	29
153	291	43	35
169	279	50	45
195	277	52	47
212	286	51	40
209	283	51	43
212	287	48	42
208	283	51	42
208	282	50	42
209	284	50	40
210	283	48	40
210	283	46	42
208	282	49	40
210	284	48	38
210	282	48	41
213	287	46	36
209	281	49	39
189	283	53	44
160	281	49	40
153	284	50	38
158	284	50	38
157	280	51	43
157	285	51	39
155	279	51	43
157	286	51	38
163	293	47	38
168	294	41	32
167	294	40	30
164	293	44	29
159	290	48	32
157	284	50	39
166	279	52	48
193	276	52	47
221	277	54	45
233	289	52	40
229	283	52	41
228	287	54	41
227	283	53	39
229	286	53	39
227	282	53	41
229	288	52	40
228	283	54	41
230	288	51	40
229	285	53	41
230	286	52	41
229	283	53	40
235	291	48	37
235	290	47	33
229	287	54	39
229	284	52	43
236	291	49	38
237	290	49	36
235	289	51	38
239	291	46	39
243	293	45	37
244	294	46	38
242	294	49	38
242	294	50	38
243	295	52	38
252	295	47	36
258	294	47	38
265	294	46	37
271	295	44	36
278	294	38	35
283	294	37	36
290	295	34	35
297	291	42	33
306	291	39	33
302	273	40	50
274	291	44	38
257	293	42	38
240	295	41	37
226	267	51	64
207	258	54	74
216	234	30	46
162	188	20	47
136	209	25	24
135	217	23	18
133	216	31	20
135	216	24	19
135	214	27	21
123	182	41	35
178	231	35	33
150	233	30	33
123	234	32	32
95	235	29	30
82	238	26	32
81	209	27	54
86	235	25	32
71	213	39	53
73	233	41	34
43	233	38	34
14	234	31	33
0	235	26	38
0	248	25	40
0	247	28	39
0	247	24	34
0	248	23	29
0	249	21	29
45	201	27	24
67	185	43	37
104	247	77	55
42	175	50	50
11	177	48	45
0	177	49	49
36	258	54	61
96	165	77	72
171	66	70	131
98	162	91	80
96	158	89	79
96	116	95	116
95	156	92	85
84	159	89	84
75	58	125	175
98	5	79	162
5	136	115	107
6	83	116	149
70	20	80	146
23	159	74	74
66	26	82	67
39	21	72	50
33	35	92	91
21	23	87	65
18	29	76	70
16	60	73	108
16	83	74	100
28	122	71	63
20	32	69	77
16	48	74	68
27	110	61	64
14	108	64	75
1	118	58	73
0	100	66	123
11	169	176	119
253	168	117	152
302	290	67	53
330	301	51	41
352	304	45	37
369	305	43	35
367	297	43	45
348	300	44	43
331	303	47	38
320	303	43	38
306	303	45	39
289	305	44	37
288	305	49	32
303	307	44	33
328	313	41	29
334	314	44	29
339	313	55	29
345	313	55	30
331	313	57	31
314	314	57	33
299	315	57	32
284	315	58	32
269	315	58	34
252	314	59	35
235	314	61	36
227	315	60	34
240	314	61	35
253	315	61	35
264	314	61	36
275	314	60	35
272	315	62	35
253	315	64	36
236	314	63	38
219	313	66	39
202	313	65	40
186	312	65	39
183	312	63	41
195	312	66	40
208	312	64	40
218	313	64	41
229	312	64	40
239	312	65	40
241	313	65	40
225	313	65	40
211	312	63	40
219	313	63	40
233	314	64	39
243	313	64	40
253	312	64	41
263	312	64	42
273	313	64	42
281	313	64	42
270	313	65	41
249	313	66	41
233	314	65	40
216	314	65	40
204	313	64	41
212	313	63	41
226	314	63	40
235	314	63	40
245	314	64	41
254	315	65	41
265	314	65	42
274	314	64	42
285	315	64	43
294	315	64	42
304	316	64	41
314	315	64	41
324	315	64	41
334	315	64	40
344	312	64	40
353	298	62	42
362	285	62	40
372	277	61	39
382	279	61	38
390	280	61	38
398	280	62	38
406	280	61	39
414	280	61	40
422	279	61	41
430	279	60	41
436	279	60	42
442	279	60	41
448	280	61	42
444	281	62	42
422	282	62	41
398	283	62	41
380	284	60	39
383	283	59	39
390	283	59	39
392	283	60	40
394	283	61	40
396	284	61	40
394	286	61	39
369	287	62	38
341	289	63	38
315	289	63	39
307	290	62	38
313	289	61	37
314	290	61	38
314	290	61	38
316	290	60	38
303	291	63	38
274	291	63	39
246	291	63	39
222	290	62	38
217	290	61	38
223	291	60	38
224	291	60	37
224	292	60	38
223	291	60	37
224	292	61	37
225	291	60	38
224	291	60	38
224	292	60	38
226	292	61	38
232	291	62	39
259	293	62	39
288	293	63	38
302	293	61	38
299	293	61	37
298	293	61	37
300	293	60	37
300	292	60	38
300	292	60	38
300	292	59	38
301	292	59	39
301	293	59	38
300	293	60	38
300	293	60	38
299	293	61	39
300	293	60	39
300	293	61	39
300	293	61	38
298	293	62	38
299	293	62	38
299	293	61	38
307	294	61	38
333	293	64	39
362	293	64	39
376	294	61	38
373	293	60	39
372	292	59	39
373	293	59	40
373	292	58	40
373	293	58	39
372	293	59	39
371	294	60	39
369	293	62	39
369	293	62	39
368	293	63	39
367	293	64	39
367	294	63	39
366	294	63	38
366	294	64	38
364	295	64	37
364	295	63	38
363	295	64	38
363	295	64	38
363	296	63	38
363	296	63	38
362	296	63	37
363	296	63	37
361	297	63	37
362	296	63	37
361	296	63	37
361	297	62	38
361	296	62	38
361	296	60	38
362	296	60	37
363	295	58	37
362	295	58	38
361	296	58	38
360	296	59	37
360	296	58	38
359	296	59	38
359	296	60	38
359	296	60	39
358	296	59	38
359	296	59	38
358	296	59	38
358	295	59	38
360	296	58	38
380	296	61	38
409	295	62	39
432	295	60	38
433	295	59	38
431	295	58	38
431	295	59	38
431	295	59	37
431	295	59	38
431	295	59	39
432	295	58	38
432	295	58	38
432	295	58	38
431	295	58	38
431	295	58	39
432	295	58	39
432	295	58	39
432	294	58	39
432	295	57	39
433	295	57	39
433	294	58	39
432	294	58	38
432	294	58	38
432	294	58	38
432	295	58	38
432	296	58	37
432	296	58	38
431	296	58	37
431	296	58	38
430	297	59	37
430	296	58	39
430	296	57	38
430	297	56	38
430	297	56	39
430	296	56	38
430	297	57	37
429	297	57	36
429	297	57	37
429	297	57	38
429	296	56	39
430	297	56	37
429	297	57	37
429	298	57	37
429	299	58	36
428	299	58	36
429	298	58	36
429	298	58	36
429	298	58	37
429	298	58	37
429	299	57	36
429	299	57	37
430	300	57	36
430	299	56	37
431	299	56	36
431	299	57	36
431	298	57	37
431	298	57	37
431	298	57	37
431	299	57	37
431	298	56	37
432	298	57	38
432	298	56	36
432	299	56	36
434	299	56	35
434	299	55	36
434	299	55	36
435	299	54	36
434	299	54	35
434	299	54	36
434	299	54	36
435	299	54	35
434	299	54	35
435	299	54	35
435	299	54	35
434	298	54	36
434	299	54	36
435	298	54	35
434	298	54	37
