291	290	35	14
299	288	31	15
307	288	30	15
314	289	30	15
321	290	31	15
329	289	30	15
318	289	39	16
275	289	23	15
250	263	62	49
142	288	65	17
138	289	34	16
150	290	31	15
153	289	30	16
156	290	30	15
164	290	31	15
169	290	32	16
177	289	31	16
185	289	31	17
191	289	32	17
197	288	32	18
205	289	32	18
211	289	32	18
217	289	32	18
225	288	33	18
231	288	32	18
238	289	32	18
245	289	33	17
251	288	33	18
259	289	33	18
265	289	33	17
271	289	32	17
231	289	53	18
178	288	29	18
141	280	83	61
39	290	32	16
48	291	31	14
59	292	29	13
62	291	29	14
67	291	29	14
73	291	30	14
78	292	30	14
84	291	30	14
90	291	30	15
96	291	31	15
103	291	31	15
109	291	31	15
116	291	31	15
122	290	32	16
128	290	31	17
134	289	32	16
141	290	32	16
148	289	31	17
154	289	32	17
160	289	32	17
167	289	32	17
173	289	32	17
179	289	32	17
186	288	32	18
191	287	33	18
198	287	32	18
204	287	32	18
210	286	33	18
216	286	33	18
222	286	32	18
228	286	33	17
234	286	33	17
241	285	32	18
247	286	32	18
253	285	32	18
258	285	32	17
247	285	42	18
198	282	32	21
184	320	51	27
136	318	87	61
97	284	34	20
103	285	31	15
105	284	31	15
110	283	31	15
115	284	31	15
120	284	31	16
125	284	31	15
131	284	31	15
136	283	32	16
142	283	31	15
149	283	31	15
154	283	31	16
160	284	31	16
166	283	32	15
172	283	32	15
177	284	31	15
183	285	31	16
189	284	32	15
195	285	31	15
202	285	31	15
208	286	31	14
244	287	31	15
250	287	31	14
256	287	31	14
262	287	30	13
269	287	30	14
267	288	34	12
231	287	24	14
245	292	43	35
168	211	72	57
121	284	35	19
127	287	31	14
127	286	32	15
132	286	33	14
139	287	32	14
145	287	31	14
150	287	31	13
156	287	31	13
160	287	33	15
168	287	32	16
173	286	32	16
178	286	33	16
184	286	33	17
190	286	33	17
196	286	33	16
202	286	33	16
208	287	33	17
215	286	33	16
220	285	33	16
227	286	33	16
233	286	33	16
239	286	33	16
245	286	33	17
251	287	33	16
258	287	33	16
264	286	32	16
270	287	32	16
276	288	33	16
283	288	33	15
289	287	32	15
297	288	31	15
303	288	31	14
310	288	31	13
315	287	32	15
322	289	31	15
327	288	31	15
334	288	32	15
339	289	32	14
339	289	35	14
300	288	30	16
264	250	68	82
163	288	39	23
180	290	34	14
189	290	31	14
191	290	31	13
196	290	31	14
203	290	29	13
209	291	31	13
215	289	31	14
222	289	32	15
228	289	31	15
237	289	30	15
242	289	31	14
250	289	31	14
257	289	31	16
265	289	31	16
270	289	32	16
276	288	33	16
284	289	33	16
291	288	33	16
298	287	33	17
305	287	33	17
313	286	33	17
312	287	37	17
266	287	36	18
270	295	78	36
186	288	236	64
1	137	111	93
118	280	172	61
122	284	43	30
126	287	35	17
134	288	34	18
139	288	35	18
147	288	34	17
155	288	33	17
162	289	33	16
169	289	33	15
178	288	31	15
185	288	31	15
192	290	31	15
200	289	31	16
207	289	31	15
215	290	32	15
222	291	32	15
230	291	31	15
236	290	32	15
244	291	32	15
252	291	32	15
259	291	31	14
267	291	31	14
275	291	32	14
283	292	32	15
290	291	32	15
298	292	31	15
305	292	32	16
310	292	33	15
269	290	46	23
210	288	40	31
141	286	51	37
79	291	33	19
96	292	32	16
104	291	32	18
108	290	33	19
113	290	33	19
121	291	33	19
127	292	33	18
135	292	33	17
142	292	33	18
151	292	33	17
158	292	33	17
166	291	33	17
173	292	33	17
181	292	33	17
188	291	33	17
196	291	34	17
204	291	33	17
211	291	34	17
219	290	34	17
226	291	34	18
233	290	34	18
241	289	34	18
248	290	34	18
255	291	33	18
263	291	33	17
270	290	34	17
278	290	33	17
286	291	33	17
294	291	34	17
301	291	33	17
309	291	34	17
316	291	34	17
319	291	35	17
277	295	97	30
193	278	93	31
125	293	41	17
131	292	34	14
147	294	30	13
150	293	29	13
155	292	29	13
161	293	30	13
168	292	31	12
176	292	31	13
183	291	31	14
190	291	31	14
197	291	31	13
205	290	31	14
212	289	31	14
220	289	31	15
227	289	30	15
235	288	31	14
242	288	31	15
250	289	30	14
257	288	31	14
265	287	31	13
272	288	31	13
279	286	31	14
287	286	32	15
295	285	32	16
301	285	33	16
307	285	33	16
316	285	32	15
323	285	32	15
331	285	32	14
338	283	32	14
347	282	31	16
354	282	30	16
362	282	31	15
368	281	32	16
329	283	51	16
281	281	55	28
236	279	37	19
254	279	35	16
261	280	33	16
265	280	32	15
270	278	32	14
278	278	32	15
285	279	33	15
293	278	31	14
300	277	30	13
307	278	31	13
315	278	31	13
322	276	32	14
331	277	31	15
336	278	33	15
345	277	32	14
352	277	32	14
359	277	33	14
351	277	40	14
311	272	27	20
265	223	40	49
173	207	70	68
132	274	41	20
153	274	33	15
157	274	33	16
161	274	33	16
169	273	32	15
176	272	32	15
182	273	33	16
189	273	33	16
197	272	33	15
205	272	32	16
213	272	32	15
220	272	33	15
227	272	33	14
236	272	33	14
244	271	31	14
251	270	32	14
259	270	33	15
266	269	32	15
273	269	32	15
282	269	32	15
269	268	42	16
224	269	28	16
254	277	37	53
202	257	93	66
168	179	90	109
37	263	39	24
50	268	30	15
54	269	30	14
61	270	31	15
69	269	31	15
76	269	32	16
84	269	32	17
92	269	33	17
101	269	33	17
110	269	33	17
119	270	33	18
128	270	33	17
137	270	33	17
146	271	33	17
155	271	32	16
165	271	31	15
175	271	32	16
184	271	32	15
194	271	32	15
204	274	30	13
213	272	31	14
222	273	32	16
231	272	32	16
240	274	32	15
250	274	33	14
260	274	31	14
271	274	30	13
280	276	31	13
290	275	31	14
292	273	36	18
246	269	37	25
188	279	63	56
82	270	90	66
59	272	74	68
71	275	70	63
76	274	64	29
91	276	34	14
104	278	30	12
113	278	30	12
123	280	30	11
132	278	30	12
141	278	32	16
151	279	32	17
160	280	34	17
170	279	35	16
180	279	35	16
189	280	34	15
199	279	32	15
210	279	33	15
221	281	32	13
232	282	31	11
241	281	32	11
254	281	30	13
264	283	31	14
276	264	30	11
281	283	33	15
279	246	46	38
222	238	28	63
140	191	97	69
88	277	41	23
110	283	37	17
121	282	32	16
126	281	34	17
135	281	36	16
145	282	36	16
154	282	36	16
164	282	35	16
174	282	35	17
185	283	35	16
195	283	35	16
205	282	35	16
215	282	35	16
225	282	36	16
235	282	36	16
246	283	34	15
255	283	34	15
266	282	34	15
277	281	34	17
288	282	33	17
287	281	38	18
238	277	45	27
172	279	34	28
110	281	26	24
59	281	46	18
10	281	31	16
23	282	37	16
34	281	34	16
39	281	35	16
47	280	36	16
57	281	36	17
66	280	35	16
76	280	36	17
86	280	35	16
96	279	35	17
107	280	35	16
116	279	36	17
127	280	34	16
136	279	35	16
146	279	35	16
156	279	34	16
166	279	34	16
176	279	34	16
186	278	35	16
196	279	34	16
206	278	34	17
216	278	34	16
226	278	34	16
236	278	35	16
245	278	35	17
256	277	35	16
266	278	35	17
275	278	35	16
278	277	36	17
233	276	40	18
183	279	31	13
156	249	72	64
31	277	37	18
45	277	36	16
59	277	33	16
65	277	34	16
73	277	34	16
83	278	34	16
92	277	35	16
102	277	35	16
111	278	35	16
121	278	35	16
131	277	35	16
142	277	34	16
151	278	35	16
161	278	35	17
171	278	35	16
180	278	35	16
190	279	34	15
199	279	35	15
211	280	34	14
221	280	33	13
231	280	33	13
239	279	36	13
250	281	34	14
260	280	33	13
269	280	34	14
279	281	34	13
289	280	35	14
299	280	34	14
310	280	33	12
318	281	34	12
328	280	33	13
293	281	50	17
245	278	37	26
184	214	66	47
118	280	38	19
137	280	37	15
150	280	33	14
155	280	33	16
163	280	35	16
173	279	34	17
181	279	36	17
190	278	36	17
200	279	36	17
209	279	36	17
220	279	37	18
229	279	37	18
239	280	37	18
249	279	37	17
259	279	36	17
268	278	36	18
279	279	36	17
288	280	36	16
297	281	38	15
308	280	37	15
320	281	36	15
329	280	36	14
335	281	35	13
338	259	67	32
256	159	86	85
95	263	102	41
106	278	51	22
138	279	36	16
150	279	33	16
152	278	35	16
161	277	37	16
170	278	36	17
180	278	36	16
190	278	36	16
198	278	36	16
208	278	36	15
218	278	36	15
228	278	36	16
237	278	36	16
247	277	36	15
256	277	36	15
266	277	36	16
275	276	36	16
286	277	35	15
295	276	35	16
306	275	36	17
285	275	48	17
236	274	34	19
197	219	85	64
98	272	44	22
110	273	39	19
126	274	34	16
132	275	33	14
141	277	33	12
150	276	33	13
160	277	32	12
169	276	34	14
179	276	33	13
189	276	32	14
197	276	34	14
208	276	33	12
218	275	33	14
227	275	33	14
237	275	33	14
247	275	33	13
227	276	44	13
188	275	21	15
153	241	48	44
60	149	78	122
149	397	96	46
48	273	38	18
55	273	35	15
62	273	35	16
72	273	34	16
82	273	34	17
89	272	36	16
99	272	36	17
109	272	35	17
118	272	36	17
127	272	36	16
136	273	36	15
146	274	36	14
156	274	35	13
165	274	35	14
176	274	34	15
184	273	35	16
193	271	36	16
202	272	36	17
211	271	36	17
220	271	36	17
230	271	36	17
238	271	36	18
248	271	36	18
257	271	36	18
265	271	37	18
275	271	36	18
285	271	36	18
293	270	36	18
302	271	36	18
311	271	37	18
289	271	49	18
237	270	35	21
186	271	30	17
148	271	40	18
166	271	37	18
172	271	35	18
177	271	37	18
185	272	37	18
194	271	37	18
203	271	37	19
211	272	37	18
220	272	36	18
229	272	37	18
238	271	37	18
246	272	37	17
255	272	37	18
264	272	37	18
273	272	37	17
282	271	37	17
260	273	49	16
213	271	31	18
197	281	84	58
64	271	42	19
65	270	41	19
83	270	38	18
88	269	37	18
94	269	37	18
102	269	37	19
110	269	37	19
119	268	38	19
127	268	37	18
135	269	37	18
145	268	37	17
153	268	37	18
162	268	37	17
171	268	37	16
179	267	36	16
188	267	36	15
198	266	36	15
208	267	35	15
215	266	35	15
224	266	36	16
233	267	36	16
241	265	36	16
249	266	36	16
258	265	36	17
266	264	36	17
274	265	37	17
283	264	37	17
291	263	37	17
300	263	37	17
309	263	36	17
316	262	36	17
271	262	50	16
223	261	21	17
185	295	75	23
117	296	79	72
68	258	42	20
85	258	38	17
90	257	36	17
95	256	37	18
104	255	37	18
112	255	37	18
120	255	37	18
127	254	37	17
136	254	37	17
144	253	37	17
154	253	36	16
162	252	36	16
171	252	35	16
179	251	35	16
188	249	35	16
196	249	35	17
205	248	35	17
213	247	35	17
222	247	35	17
230	247	35	17
239	246	34	16
247	245	34	16
255	244	34	16
263	244	35	17
271	243	34	17
278	242	34	16
287	241	34	16
295	240	34	17
302	240	34	16
309	239	34	16
317	239	34	16
324	238	34	16
332	238	33	15
340	237	33	15
346	236	33	15
353	236	34	16
360	233	33	15
367	232	33	17
365	234	37	16
393	263	31	27
433	269	48	35
360	311	88	54
379	373	192	69
388	352	226	72
180	200	258	118
153	198	280	117
152	202	280	122
156	197	276	123
161	202	271	133
156	197	277	123
171	198	260	126
175	198	257	120
172	198	261	117
153	199	280	118
184	201	249	119
163	198	270	117
155	199	278	119
167	203	266	122
176	198	256	122
155	198	279	118
145	204	288	117
152	197	279	123
153	209	280	136
150	197	282	119
48	224	375	171
147	193	287	131
148	199	286	132
148	198	284	133
148	198	283	129
148	198	285	133
149	197	283	131
148	197	284	130
148	198	285	133
121	198	292	121
38	199	296	119
18	339	386	100
232	333	170	106
89	299	298	117
67	344	323	92
201	371	207	68
187	357	191	72
56	260	313	148
6	196	208	200
24	220	203	144
173	375	235	65
31	203	256	107
204	372	195	70
106	214	263	129
179	352	218	90
139	364	259	72
75	285	285	118
214	379	183	75
28	239	174	184
35	277	166	157
31	286	172	124
42	284	164	124
52	285	154	123
61	285	143	123
57	285	146	123
58	283	144	125
60	283	142	125
58	284	144	124
58	283	144	125
59	283	145	125
53	282	151	126
52	281	155	127
39	282	168	127
20	279	190	128
7	282	204	127
21	282	193	127
7	280	209	128
16	280	203	128
10	279	210	128
14	279	210	129
6	280	219	127
7	279	219	129
8	279	220	129
9	278	221	129
5	280	213	126
2	278	151	44
18	279	41	17
19	280	34	14
29	280	31	15
27	280	31	14
25	280	31	15
27	279	31	14
30	280	31	15
30	279	31	14
32	279	31	14
34	279	31	15
52	279	48	16
122	278	22	19
108	282	76	36
181	321	94	89
360	277	49	32
373	277	37	19
368	277	35	19
374	277	35	18
379	278	35	18
380	278	35	18
382	278	35	18
384	278	35	18
385	278	35	18
387	278	35	18
389	278	35	18
390	277	35	19
391	278	35	18
361	278	51	19
307	278	33	19
260	278	44	26
220	279	37	18
229	278	35	19
225	279	35	18
223	278	35	18
224	278	35	19
224	279	35	19
225	279	34	18
226	278	34	18
227	279	34	18
227	278	35	19
228	279	35	18
229	279	34	18
230	279	34	18
230	279	35	18
232	279	35	18
232	280	34	18
232	280	35	18
232	279	35	18
234	279	35	18
235	279	35	18
234	279	35	18
236	279	35	18
237	279	34	18
238	280	34	19
237	279	35	19
239	279	34	19
239	279	35	18
238	279	35	19
238	279	35	18
238	279	35	18
237	280	35	18
237	279	36	19
238	279	36	19
237	279	37	19
236	279	37	19
236	279	38	19
235	279	39	19
235	278	39	19
235	279	39	19
234	279	39	18
234	279	39	18
233	279	40	19
232	278	40	19
232	278	40	19
233	279	40	19
231	279	41	19
231	279	41	19
232	279	41	19
230	279	41	19
232	279	41	19
230	279	42	19
230	279	42	19
231	279	42	19
230	279	42	19
230	279	42	19
230	279	42	19
229	279	43	20
230	279	42	19
230	281	42	19
230	281	42	19
230	282	42	19
229	282	42	19
228	282	43	19
229	282	43	19
228	283	43	18
228	284	43	18
228	284	43	18
228	284	43	19
228	284	43	19
228	284	43	19
229	285	43	19
228	285	43	19
227	286	43	19
227	286	43	19
228	287	43	19
228	287	42	19
229	286	42	19
229	288	42	18
229	287	43	19
228	289	43	19
229	289	42	19
228	289	43	19
245	290	59	19
316	289	43	22
345	291	43	20
336	292	43	19
338	293	42	19
343	294	40	18
345	295	40	18
346	295	39	18
346	294	38	18
348	296	37	18
350	295	35	18
350	297	34	18
350	297	35	18
350	298	36	18
349	298	37	18
349	298	37	19
349	299	37	19
350	299	37	19
349	300	38	19
349	301	38	19
349	301	38	18
349	301	38	19
351	301	38	19
350	302	38	19
350	302	38	19
350	303	38	18
350	303	38	18
349	304	37	18
349	304	37	18
348	305	38	18
348	306	38	18
348	307	38	19
347	307	38	18
347	307	38	19
347	308	38	19
346	308	38	19
347	308	38	19
346	309	38	19
347	310	37	19
347	285	38	29
347	245	38	28
347	217	37	20
347	219	36	17
348	221	36	17
348	221	35	17
348	222	36	17
348	222	36	17
348	223	35	17
348	223	35	18
349	255	34	24
348	293	36	26
346	308	39	20
346	309	38	19
345	309	38	19
346	311	39	19
345	310	38	20
345	311	38	19
345	312	38	19
346	313	38	19
345	313	38	19
345	312	38	19
345	314	38	19
345	314	38	19
346	315	38	18
345	315	38	19
347	316	37	19
346	315	37	20
346	315	38	19
346	316	38	19
346	316	39	19
346	316	39	19
345	316	39	19
346	318	40	20
345	317	41	19
345	318	41	19
345	318	42	19
344	318	41	19
344	318	42	19
344	318	43	20
345	319	42	20
345	318	42	21
345	319	42	21
345	320	42	20
345	320	42	19
345	320	42	19
345	320	41	19
346	322	40	18
347	322	39	19
346	322	38	19
348	322	37	18
349	323	36	18
348	323	36	19
348	323	36	19
349	324	36	19
350	325	36	18
349	325	35	19
350	326	35	18
349	326	35	18
349	327	35	18
349	327	36	18
349	327	35	18
350	328	35	18
349	328	35	18
348	328	36	18
348	328	36	19
348	329	36	19
350	329	36	18
348	330	36	18
350	330	36	18
348	330	36	18
349	330	35	18
349	331	35	18
349	331	35	18
349	331	34	18
349	331	35	18
348	332	35	18
348	330	34	18
349	331	34	18
348	331	35	18
349	331	34	17
347	331	35	17
348	331	34	17
347	331	35	17
347	331	35	17
346	330	35	17
346	330	35	18
346	330	35	17
347	330	35	18
346	329	35	18
346	331	35	17
345	330	35	18
345	330	35	18
345	329	35	18
345	330	35	18
345	329	34	18
345	328	35	18
345	328	35	18
345	328	34	18
345	328	34	18
344	327	35	18
344	328	35	18
