318	206	7	5
319	204	10	10
318	204	10	10
317	203	10	10
317	204	10	10
317	204	10	10
314	201	10	10
319	205	10	10
318	204	10	10
318	204	10	10
316	204	10	10
318	205	10	10
318	204	10	10
317	204	10	10
316	203	10	10
319	204	10	10
319	204	10	10
318	204	10	10
318	204	10	10
318	204	10	10
319	205	10	10
318	205	10	10
318	205	10	10
318	204	10	10
318	205	10	10
318	205	10	10
317	204	10	10
317	205	10	10
315	204	10	10
317	205	10	10
315	205	10	10
318	205	10	10
317	204	10	10
316	204	10	10
318	205	10	10
317	205	10	10
316	204	10	10
318	204	10	10
318	205	10	10
317	204	10	10
316	204	10	10
315	204	10	10
318	205	10	10
315	205	10	10
315	203	10	10
317	204	10	10
317	204	10	10
317	204	10	10
317	204	10	10
317	205	10	10
316	204	10	10
317	204	10	10
317	205	10	10
317	204	10	10
317	203	10	10
319	204	10	10
318	204	10	10
317	204	10	10
317	204	10	10
317	204	10	10
317	204	10	10
319	205	10	10
318	204	10	10
318	205	10	10
318	205	10	10
316	204	10	10
315	202	10	10
317	204	10	10
316	204	10	10
318	205	10	10
318	205	10	10
317	204	10	10
316	204	10	10
318	205	10	10
314	199	10	10
313	200	10	10
316	204	10	10
317	205	10	10
314	199	10	11
314	201	10	10
317	205	10	10
314	198	10	11
314	200	10	10
317	204	10	10
318	204	10	10
316	204	10	10
319	204	10	10
318	204	10	10
315	203	10	10
317	204	10	10
314	202	10	10
315	202	10	10
317	206	10	10
312	212	10	10
310	222	10	10
311	229	10	10
324	239	10	10
314	245	14	10
310	252	10	11
309	260	14	10
304	266	20	16
270	269	38	24
267	311	54	45
227	361	31	38
226	318	24	55
218	352	32	39
226	343	34	55
226	351	45	50
222	338	75	57
221	346	63	52
230	360	47	43
218	291	69	100
227	287	55	111
227	362	45	43
207	279	94	73
296	107	50	60
282	50	69	112
275	45	77	117
270	29	81	134
270	19	83	143
269	27	83	136
269	16	83	147
268	22	84	141
267	18	86	145
269	29	83	135
269	20	83	144
268	24	85	139
267	19	85	144
267	22	84	142
268	22	85	142
267	21	84	142
267	23	85	141
267	15	84	149
268	17	84	147
267	17	84	148
266	17	84	147
266	16	85	148
265	13	85	151
267	17	83	148
265	17	84	148
266	17	83	148
266	15	83	151
267	16	83	149
266	17	83	148
265	15	84	150
266	15	83	150
266	15	82	150
266	18	82	148
265	15	83	152
266	16	82	151
266	15	82	151
267	18	81	149
266	16	82	150
265	15	82	151
267	19	80	147
267	24	81	142
267	25	81	142
265	20	82	147
265	14	82	153
267	30	80	137
269	24	79	143
266	23	81	144
266	19	82	148
265	16	82	151
266	26	81	141
267	24	79	144
267	27	80	139
269	27	77	139
269	28	77	140
273	33	73	134
265	26	80	143
264	16	81	152
263	14	83	154
266	25	79	143
265	22	81	145
264	17	81	151
262	11	83	156
263	14	83	154
263	20	82	149
263	16	82	154
262	14	83	155
263	18	81	149
261	13	83	155
265	23	79	145
263	14	81	154
262	16	81	152
261	11	83	161
261	13	83	156
263	16	80	153
260	11	83	158
262	18	81	151
259	11	84	164
259	15	84	155
262	14	81	155
261	16	82	154
260	10	83	159
262	24	79	146
261	13	80	157
260	15	81	155
258	9	83	160
261	21	80	148
261	19	81	153
266	27	76	141
264	25	76	143
264	29	77	140
266	26	73	143
262	22	78	148
259	13	81	156
262	22	79	147
260	16	81	155
258	16	83	153
261	21	79	148
260	22	80	150
264	27	75	143
262	31	76	139
260	23	77	145
247	51	100	131
255	25	83	146
255	15	84	155
259	11	81	157
251	23	91	149
257	11	84	159
258	19	81	151
263	19	77	153
261	24	78	146
259	25	79	147
265	20	73	149
262	21	76	147
255	51	87	126
247	31	120	148
258	11	82	161
258	19	79	151
271	36	70	138
257	21	79	149
266	46	73	129
267	42	69	128
263	40	72	129
258	31	76	138
265	34	71	137
257	24	78	145
267	31	69	141
261	36	74	135
259	32	75	137
264	34	71	136
257	36	77	135
259	39	76	132
260	34	77	137
262	33	74	138
260	25	75	145
270	42	66	130
266	41	68	130
264	43	71	127
258	31	74	139
267	41	65	130
263	41	70	130
263	52	72	119
266	39	67	132
259	38	76	134
264	37	71	133
255	21	78	149
266	27	70	143
255	19	79	153
266	32	68	139
256	22	76	150
268	26	67	146
250	16	82	155
261	37	73	134
255	20	77	150
267	33	69	137
250	21	84	150
262	33	72	136
256	31	78	140
269	40	65	131
266	47	70	124
262	50	78	123
262	29	72	141
253	26	78	146
268	45	65	128
266	58	67	114
253	24	78	147
269	42	64	129
269	58	68	114
258	31	73	140
255	30	77	141
262	31	71	139
249	16	84	155
246	16	96	154
238	5	111	164
236	4	94	168
234	8	107	162
234	5	99	165
234	8	113	161
234	4	100	167
234	6	114	163
235	4	101	165
235	5	113	165
235	5	100	166
234	3	114	167
236	4	97	167
235	4	115	166
234	5	99	168
237	5	107	164
234	2	96	166
243	10	110	159
239	3	93	168
237	3	113	164
237	3	95	166
234	1	109	166
238	9	98	164
233	2	113	166
232	5	108	172
230	2	117	169
231	4	108	170
231	2	106	168
233	6	118	164
232	2	102	172
231	3	105	167
235	9	115	163
235	2	98	169
235	4	110	164
236	16	119	167
229	34	108	184
233	3	115	169
230	4	107	170
230	2	107	168
230	3	106	165
232	4	109	163
231	3	105	166
232	3	104	165
231	3	106	164
234	5	109	163
232	3	99	169
234	4	105	165
231	2	101	167
233	4	103	166
230	3	100	166
240	10	108	161
234	5	100	188
229	1	99	176
235	4	95	167
232	2	106	169
231	3	99	170
238	5	95	168
234	3	96	169
233	3	106	165
232	4	102	169
231	2	111	168
230	3	102	171
229	1	106	170
229	3	107	170
228	1	101	173
228	4	107	172
225	0	103	170
235	15	154	175
220	2	112	221
230	3	101	205
230	4	97	198
223	20	160	196
225	0	106	183
222	3	114	172
224	1	107	169
227	3	114	168
229	2	112	169
231	6	110	167
227	2	101	169
228	2	108	186
226	0	97	181
231	1	94	166
231	2	106	184
228	0	96	179
228	0	108	175
227	0	96	167
229	2	130	174
216	41	158	179
223	1	101	227
233	1	89	200
226	2	96	183
227	0	96	168
228	4	117	182
223	7	107	199
220	4	103	202
234	20	160	199
207	0	117	232
215	0	109	184
231	0	94	174
227	1	105	168
227	1	95	166
227	0	105	168
227	2	96	165
226	1	111	184
220	3	112	208
227	2	92	186
227	1	96	173
227	0	96	179
226	0	94	169
225	2	99	189
226	1	97	185
226	1	94	175
227	0	101	179
222	0	92	166
225	15	127	225
211	4	113	221
218	0	103	210
230	5	112	217
221	2	101	200
223	3	107	205
226	3	91	193
227	9	114	181
223	15	109	200
222	1	94	178
229	5	104	191
223	2	104	196
225	1	95	176
223	0	106	178
221	0	99	171
224	1	108	169
223	1	100	165
221	4	117	189
226	13	103	194
224	2	91	186
222	1	96	187
227	3	105	179
217	18	119	193
219	2	102	197
229	5	110	198
225	0	91	186
222	3	105	181
222	1	94	176
230	2	94	189
224	0	89	151
233	12	102	181
225	0	87	138
227	5	95	153
226	1	92	160
221	7	117	185
224	17	112	179
222	1	94	182
225	3	114	179
222	2	103	191
219	5	111	192
233	14	94	197
226	11	95	154
224	1	95	158
222	6	135	187
224	23	112	180
220	4	153	182
219	14	120	179
219	28	123	180
206	18	150	187
190	11	146	206
210	1	140	210
212	17	185	191
214	0	129	223
223	14	122	192
186	21	218	202
132	20	228	240
169	10	244	210
135	31	285	237
200	0	151	219
213	11	146	204
206	6	130	193
217	14	134	180
194	20	201	255
198	0	173	232
183	11	191	204
215	8	143	206
183	29	158	190
211	2	163	208
170	38	227	254
187	0	165	194
156	6	246	180
214	0	159	225
169	5	173	204
195	3	142	182
222	8	142	156
218	11	115	148
222	0	116	145
219	13	124	146
219	10	142	176
213	10	136	165
160	45	196	178
155	8	178	195
187	8	182	197
206	17	198	203
140	14	196	222
112	54	282	232
163	1	285	194
179	2	213	207
149	1	222	188
169	17	308	241
144	2	372	205
169	0	262	172
192	1	234	149
198	4	185	177
206	4	208	147
197	13	218	223
137	66	298	258
145	0	283	210
120	3	297	217
161	0	207	163
164	6	168	189
206	7	184	140
223	4	200	178
177	8	232	208
125	55	328	244
137	9	286	211
93	1	243	209
172	2	298	160
202	0	209	157
187	5	224	192
175	11	277	216
134	14	286	248
96	8	283	218
147	24	336	247
90	19	348	235
178	7	216	202
133	6	247	185
161	7	277	229
114	16	329	245
168	8	210	164
185	0	180	154
144	14	210	208
135	60	283	257
136	21	265	216
101	10	253	205
108	144	383	196
93	4	332	206
158	0	222	150
142	6	216	209
174	34	237	234
121	13	300	216
122	0	212	186
198	2	248	148
165	0	171	184
215	2	224	146
194	0	155	141
141	28	293	188
115	117	323	228
69	1	326	200
106	12	361	209
43	15	416	232
121	2	273	174
140	5	233	191
174	5	259	183
171	5	238	172
172	5	274	171
166	3	196	174
152	1	193	161
214	0	236	141
120	14	264	208
187	15	281	220
175	24	311	270
140	0	246	226
162	1	276	152
183	3	189	154
188	6	255	175
168	4	256	171
188	11	290	206
141	18	332	234
136	3	299	185
109	30	344	249
44	22	427	269
99	16	362	227
107	10	417	216
41	20	483	251
101	51	407	304
102	33	392	260
17	249	609	243
23	46	587	428
3	245	633	262
6	170	629	319
5	248	634	254
18	6	589	424
5	252	629	255
112	0	368	151
114	35	355	236
85	42	396	288
100	0	382	256
139	0	433	210
86	14	440	241
58	91	516	265
54	21	400	304
144	0	292	225
89	1	355	193
107	14	315	204
125	13	305	215
91	6	282	225
75	9	417	221
104	13	374	225
72	42	446	282
78	0	335	237
101	3	302	207
106	1	290	203
117	0	347	191
74	20	392	253
73	2	331	220
107	5	254	224
86	106	369	232
94	8	387	265
65	19	466	261
12	0	337	245
116	2	320	214
101	23	339	254
37	11	380	251
59	4	431	239
123	20	349	233
54	9	385	247
80	0	327	209
125	1	246	186
86	3	290	216
71	10	419	246
141	0	375	200
111	4	237	180
99	56	332	247
93	24	309	259
71	15	368	234
98	1	404	216
31	11	440	238
112	2	354	220
53	8	372	231
99	8	424	239
42	34	455	266
121	0	328	203
84	0	333	186
60	2	283	191
85	11	299	213
135	13	409	206
73	8	391	237
78	6	448	245
58	21	390	259
65	0	399	208
116	14	381	224
52	5	338	245
52	1	277	228
106	14	274	213
137	25	348	260
57	3	383	213
109	8	297	213
98	29	366	258
41	6	327	231
56	5	438	236
75	15	402	235
28	3	396	255
33	2	454	247
97	0	346	202
87	14	390	224
36	22	480	291
117	0	342	169
94	10	416	212
42	55	443	296
83	0	386	235
52	47	494	276
98	0	359	221
53	10	391	243
67	0	465	198
82	8	395	233
52	4	421	256
78	0	344	202
70	5	265	203
67	0	233	189
80	3	332	201
82	4	257	215
65	14	373	228
47	1	508	220
16	7	392	239
62	0	327	213
31	1	295	208
83	4	310	225
101	6	309	224
140	2	264	219
57	6	351	207
72	8	283	240
30	4	374	220
39	39	497	356
23	10	468	352
121	7	442	227
61	3	424	220
34	17	484	267
30	4	400	255
14	0	493	242
21	132	606	327
0	248	639	260
3	66	627	397
0	230	627	268
18	15	507	385
5	250	634	255
5	45	621	404
4	246	630	257
5	0	551	237
57	87	515	302
30	9	470	376
101	0	359	260
19	3	329	238
187	2	346	200
13	0	284	204
20	0	323	210
68	17	275	240
7	3	299	225
62	15	310	224
13	0	489	191
39	6	392	234
45	28	543	240
8	0	322	218
74	3	311	231
53	4	454	212
18	2	341	225
68	1	475	200
4	2	359	248
78	66	391	271
25	0	495	205
27	16	452	238
11	0	365	213
89	11	400	213
4	2	293	205
23	0	363	205
6	2	390	218
11	5	409	239
10	1	514	223
6	7	438	251
8	1	410	225
11	0	362	213
58	11	421	200
27	17	457	235
11	0	352	200
70	13	329	210
22	0	429	198
11	0	515	200
9	1	485	197
29	18	440	248
17	0	372	198
3	1	293	197
12	0	300	205
28	0	353	199
5	0	286	179
52	5	311	237
2	0	309	201
18	1	310	191
43	0	266	195
14	0	296	203
15	0	314	193
24	0	280	203
6	0	292	204
14	1	316	202
26	1	262	205
24	2	342	181
70	60	376	264
20	22	491	318
17	164	584	299
0	225	635	281
4	224	635	283
1	223	637	285
4	220	633	288
4	222	635	286
0	222	639	285
3	221	634	287
4	220	633	288
4	221	634	286
5	222	634	285
0	219	638	288
1	220	637	287
3	221	635	286
5	222	633	285
0	217	636	289
1	219	637	286
3	220	634	284
6	220	630	284
1	220	635	283
5	220	629	284
1	214	633	290
1	205	637	297
3	196	635	312
0	190	638	312
3	187	632	317
1	183	635	322
0	181	640	325
6	180	628	325
0	181	632	322
4	181	631	326
0	180	633	325
4	179	633	324
0	182	632	321
0	180	636	323
6	179	633	324
5	181	628	322
1	181	636	318
1	179	637	323
0	178	633	324
5	182	631	325
0	180	634	324
5	179	633	324
2	180	631	323
0	180	637	326
5	180	628	325
0	179	640	323
0	181	633	322
7	180	628	324
2	181	636	321
4	181	629	317
4	179	631	323
0	179	639	325
7	181	627	323
20	188	612	296
12	187	617	311
5	185	633	317
0	182	640	321
0	179	638	324
7	181	629	321
9	182	630	286
22	222	603	252
0	0	392	331
14	190	584	278
86	192	434	256
47	146	525	281
3	180	632	328
7	180	625	325
2	179	637	321
2	180	630	324
8	180	629	324
18	185	607	264
18	205	611	297
44	163	531	261
34	127	441	340
25	60	420	386
14	191	600	293
8	184	623	313
0	181	640	321
0	179	635	324
6	181	632	320
7	182	629	298
19	208	571	274
40	206	579	250
51	147	449	276
43	206	471	218
34	100	433	269
69	80	424	329
54	34	402	341
36	96	489	326
6	178	628	321
3	179	634	320
2	180	637	324
0	181	633	321
8	179	627	326
3	182	628	313
3	180	636	322
3	181	628	323
2	180	634	323
0	180	640	324
5	182	628	321
2	179	634	326
2	180	630	324
3	180	633	324
0	180	640	323
7	183	626	320
9	183	625	312
10	184	617	300
3	182	633	321
3	180	636	318
2	180	637	323
1	180	631	320
0	179	634	323
8	182	628	319
10	192	620	266
1	183	635	320
1	180	637	321
1	181	638	324
0	179	633	325
5	180	632	324
3	182	627	317
3	179	636	324
1	180	632	321
0	179	635	326
5	180	634	320
13	189	611	292
7	182	631	323
3	181	629	319
1	178	634	327
6	182	626	320
7	180	626	322
15	186	616	302
31	228	564	238
51	115	430	306
49	115	459	278
47	144	557	272
0	18	460	342
37	148	474	300
9	197	615	306
2	180	637	324
3	181	628	315
4	181	634	321
4	180	635	322
4	182	627	317
2	179	632	324
2	180	637	318
2	180	637	321
1	180	632	325
6	180	632	324
5	181	626	313
3	181	636	320
4	182	632	316
15	188	616	283
10	203	621	273
2	183	630	314
9	182	628	318
14	213	609	248
49	192	529	213
55	130	438	276
23	136	538	277
0	181	639	323
7	179	627	324
3	180	636	321
4	182	627	309
1	180	637	324
0	179	632	323
6	179	629	326
2	182	628	309
4	180	634	324
0	180	632	319
0	180	636	324
7	180	632	321
17	212	601	271
44	96	547	279
25	83	462	294
14	4	327	293
10	45	441	273
34	61	464	318
17	66	512	359
34	52	421	363
59	125	461	305
23	188	602	310
11	183	620	309
6	179	631	324
6	182	624	306
3	180	625	314
2	179	637	321
1	180	631	324
6	179	629	324
5	181	632	318
17	189	616	263
35	151	501	296
30	81	427	392
41	150	437	315
16	196	605	296
6	183	633	322
3	182	630	321
3	180	633	317
6	182	624	305
8	187	614	299
34	226	564	255
0	20	454	287
51	144	443	253
28	60	494	314
24	8	543	443
2	181	631	322
1	180	635	316
4	182	630	319
2	180	634	327
9	180	622	317
14	206	604	286
42	130	517	280
9	182	626	319
4	191	626	288
18	214	609	275
38	123	521	285
0	181	638	323
0	180	632	323
6	180	628	324
3	181	636	318
13	188	622	292
74	196	473	251
30	172	532	286
40	204	502	283
65	78	446	298
24	61	443	311
43	85	418	320
64	121	465	263
5	47	451	336
38	226	532	261
5	158	627	327
0	180	636	324
7	180	632	318
4	200	617	299
2	182	636	319
5	181	632	317
23	214	592	260
19	15	480	312
9	175	596	301
61	234	524	223
12	12	283	247
63	135	427	246
43	33	455	340
2	180	636	327
1	180	633	326
7	180	632	324
4	180	630	324
1	180	638	320
6	182	632	310
5	184	624	289
44	226	569	246
47	18	461	347
14	206	601	289
25	205	608	284
15	148	586	286
10	182	621	322
43	227	570	226
43	20	376	300
42	124	502	284
0	183	639	319
2	180	637	321
3	181	629	319
1	179	633	325
8	179	631	310
10	196	610	291
26	219	591	246
52	91	504	289
17	41	464	356
32	218	499	234
0	0	365	252
46	174	455	219
28	86	476	286
30	164	559	294
111	254	379	208
22	168	556	199
64	114	443	292
40	94	470	293
36	55	496	329
6	201	619	288
4	184	635	323
0	181	634	324
7	180	630	319
10	183	627	305
46	192	558	202
52	158	468	283
9	187	617	315
12	201	610	268
26	81	490	315
31	215	569	258
46	64	467	292
58	255	469	220
85	170	513	247
114	185	459	239
79	145	485	268
33	125	392	280
62	148	467	288
3	186	627	316
3	183	636	319
11	182	627	308
8	187	621	293
5	181	629	325
0	180	639	322
0	180	633	321
5	179	629	326
1	180	634	318
3	180	630	320
0	178	635	326
7	181	632	302
17	212	606	249
33	182	563	258
55	222	451	243
33	92	528	269
13	0	393	310
46	108	431	269
108	106	423	281
46	73	430	272
92	117	432	277
63	155	499	263
51	143	459	289
7	174	632	330
0	179	638	328
6	180	627	324
5	181	632	317
31	223	589	255
14	181	610	297
11	185	621	314
18	219	603	257
22	33	479	306
74	230	460	259
52	98	397	280
98	148	411	262
66	152	460	278
14	95	459	321
51	82	456	304
61	116	468	328
37	201	538	285
55	106	434	299
58	93	439	272
46	126	506	269
23	195	589	277
32	189	589	238
91	202	498	232
129	166	372	281
70	172	498	272
49	215	485	261
20	57	484	312
61	132	444	283
11	193	618	297
15	195	594	267
62	200	517	260
27	114	426	286
89	186	406	248
80	126	475	266
36	195	566	264
14	151	598	306
9	185	627	319
2	186	632	313
7	183	623	311
0	183	637	314
6	179	626	318
9	183	620	309
6	182	625	313
0	181	638	318
2	180	633	322
0	178	638	325
9	185	621	309
8	183	627	317
35	250	558	217
68	184	461	228
117	193	383	233
104	157	395	263
56	113	505	320
18	186	612	318
48	237	518	213
42	37	368	322
145	250	380	215
79	121	416	237
129	183	392	239
62	108	450	295
57	52	461	338
33	165	574	309
7	195	621	297
3	182	630	312
6	182	625	316
5	182	627	319
3	178	631	327
0	180	633	321
8	180	626	325
3	180	636	319
5	182	628	316
9	183	622	312
1	181	637	319
3	179	636	322
1	180	631	325
8	180	628	316
0	182	637	319
0	179	636	322
12	200	616	280
60	243	511	220
70	139	480	261
9	62	399	322
28	172	546	290
33	237	520	250
53	145	484	251
0	41	427	343
29	0	419	371
39	208	525	255
22	167	575	319
0	180	635	325
7	180	632	321
28	216	586	240
52	178	476	226
72	149	443	270
19	80	454	362
32	188	532	264
46	189	453	246
79	58	460	325
64	178	459	273
45	164	437	272
92	112	476	285
32	176	563	289
57	216	474	243
13	173	615	319
13	198	609	277
25	203	577	262
33	215	562	248
16	117	459	300
68	184	471	228
100	146	396	272
66	190	447	241
64	107	446	306
55	100	460	306
41	146	539	280
107	204	382	261
112	172	396	263
120	136	435	289
93	183	402	250
73	90	439	302
37	175	550	261
59	206	440	260
6	60	465	324
15	233	587	241
13	173	610	311
81	223	436	225
98	130	421	290
81	215	511	249
97	169	427	234
77	176	444	236
54	199	565	275
33	165	466	280
91	155	453	296
38	186	465	253
82	109	464	308
12	75	448	335
44	70	475	325
35	205	577	262
14	139	477	268
70	227	505	226
97	177	422	255
82	149	461	277
63	184	499	245
90	177	417	267
91	209	488	231
96	106	417	316
23	109	528	318
93	204	445	264
86	100	423	270
60	182	455	263
26	150	473	283
113	249	409	212
90	176	470	194
79	107	491	308
0	85	504	320
78	117	440	304
15	188	616	306
15	214	609	277
17	186	620	306
53	249	535	228
88	192	446	260
81	148	417	269
63	137	481	299
61	229	551	263
14	183	619	312
44	229	531	239
36	77	540	294
51	207	543	248
67	191	421	231
80	135	417	266
60	163	458	261
33	126	527	300
11	186	615	312
0	182	637	321
6	183	630	306
17	226	609	264
17	181	614	315
14	191	609	298
6	182	625	317
11	182	619	309
19	215	601	278
14	185	622	313
63	212	519	229
91	217	443	236
85	194	439	233
95	129	398	274
58	127	457	286
75	180	502	277
74	166	482	250
103	240	423	193
99	160	436	241
74	156	435	250
78	190	450	248
127	244	363	191
80	187	438	192
81	216	446	205
123	176	398	245
83	127	468	276
59	174	481	258
50	171	469	270
94	182	429	228
105	177	431	248
54	178	495	254
70	239	488	242
95	234	465	199
93	96	445	285
81	147	423	285
16	130	434	280
97	216	424	225
94	188	490	227
85	169	436	250
102	206	415	221
110	145	414	264
116	202	417	221
68	175	447	228
85	142	434	261
81	193	444	244
137	245	379	201
81	198	436	200
109	224	416	193
50	160	464	257
78	176	478	230
111	193	392	231
118	159	404	256
116	173	422	258
81	219	446	216
80	193	513	235
110	245	407	213
99	236	466	183
81	132	438	281
54	162	446	268
90	172	477	247
103	182	425	250
61	166	454	238
73	139	472	252
82	180	441	250
107	208	407	229
96	113	451	279
83	187	421	239
103	140	415	272
95	225	421	210
127	208	388	227
101	126	439	292
95	236	407	228
131	204	389	242
95	225	433	234
79	220	483	219
74	276	473	191
124	246	444	213
62	171	431	280
87	190	440	275
53	179	521	278
36	199	531	269
12	196	603	298
40	236	562	252
109	158	470	276
72	199	511	273
56	108	497	311
46	245	503	218
70	141	474	278
34	113	491	309
26	239	580	256
46	225	551	249
45	82	469	294
50	220	503	210
33	43	453	316
8	216	612	279
3	184	632	319
34	260	552	238
12	191	614	303
51	261	527	228
94	167	450	300
28	175	526	239
39	191	523	263
9	196	600	293
167	319	336	151
52	160	407	185
22	35	412	298
34	182	503	263
35	235	523	231
9	186	607	279
46	248	577	232
93	177	453	271
90	185	427	263
86	174	449	265
40	130	463	300
82	242	469	204
93	177	447	267
69	131	451	317
66	185	514	287
21	229	603	249
29	62	517	355
0	185	636	319
6	192	621	310
25	237	553	255
10	181	619	311
25	252	558	244
42	211	545	273
91	132	501	259
72	156	504	280
46	140	479	332
7	183	626	320
97	256	436	230
71	212	515	230
63	183	523	201
95	159	461	260
92	146	443	269
52	80	449	340
51	192	508	248
31	198	547	236
42	129	470	307
86	257	453	230
44	184	549	246
27	119	390	299
69	177	453	256
82	152	462	291
38	159	511	325
71	267	519	230
127	162	472	262
15	189	619	306
16	211	604	289
0	181	637	322
11	192	611	310
7	197	613	307
0	185	629	318
21	229	598	267
11	190	625	306
15	206	583	294
18	183	610	295
10	219	618	280
54	221	512	238
35	73	428	290
76	213	494	245
98	121	405	266
66	135	503	318
63	252	539	241
44	196	567	297
41	225	581	263
32	155	499	285
105	238	439	241
132	232	398	217
78	194	474	231
65	211	480	224
82	161	450	272
72	144	476	289
43	97	473	341
90	294	451	176
24	102	452	238
117	208	422	231
121	187	439	242
111	218	430	225
89	200	449	239
88	136	436	265
65	208	497	249
79	176	476	275
85	215	443	234
75	96	454	323
8	208	621	288
6	185	625	316
28	222	578	277
17	216	604	274
7	185	629	317
74	239	490	251
88	189	440	236
101	235	448	220
95	197	455	253
32	181	546	287
65	250	485	232
61	140	489	309
18	190	525	294
4	183	631	319
34	244	554	257
8	193	620	310
19	223	580	261
91	197	471	240
71	277	446	209
85	180	444	224
101	187	473	253
20	220	583	282
51	233	541	245
36	69	454	321
5	196	631	299
13	187	614	313
19	244	595	256
87	227	488	232
116	161	418	251
73	221	470	215
83	121	459	301
34	148	497	284
117	202	435	262
75	129	436	247
61	148	530	313
41	217	568	278
103	237	453	228
97	232	437	227
111	233	433	216
125	185	432	262
60	228	505	235
94	163	407	270
79	170	490	275
81	215	472	266
103	198	409	227
59	198	554	236
35	250	547	234
34	199	564	274
97	210	503	246
12	184	616	306
1	179	634	323
112	287	428	207
77	198	471	203
104	165	459	265
100	197	426	251
68	133	449	299
55	254	504	200
173	267	345	186
140	229	408	189
148	186	405	239
40	154	486	252
32	222	571	259
64	133	520	294
33	140	563	323
2	177	634	325
131	295	377	201
118	190	423	184
133	220	419	218
68	183	469	231
141	243	410	202
108	228	448	204
80	178	480	258
94	179	444	283
55	220	486	248
57	159	504	245
63	145	466	294
88	240	436	226
81	161	513	293
