418 425 31 29
413 427 30 21
409 429 29 21
404 428 29 21
398 427 30 22
394 428 30 23
390 428 32 22
385 430 30 20
380 429 29 21
376 430 30 20
370 430 30 21
373 430 29 21
377 430 31 20
381 430 31 21
386 430 30 21
390 430 30 21
393 430 31 21
396 429 31 21
400 429 32 21
402 429 31 22
401 430 33 21
397 430 29 21
392 430 29 21
388 430 29 21
384 430 29 21
378 430 30 21
374 430 30 21
369 430 31 21
373 430 30 21
377 430 31 21
381 430 31 21
386 430 30 21
390 430 30 21
394 427 29 21
398 423 29 22
402 418 29 22
405 414 29 22
409 414 30 22
413 415 30 22
416 415 30 22
419 414 30 22
423 414 31 23
428 415 30 22
427 415 31 22
422 414 30 21
417 414 31 22
413 414 29 22
409 415 29 22
401 415 33 22
399 414 29 22
394 414 29 22
389 414 29 22
389 415 29 22
393 414 29 22
398 414 29 22
400 414 30 22
405 414 30 22
409 414 30 22
413 414 29 22
417 414 30 21
422 414 28 22
424 413 29 21
422 413 29 21
416 413 30 20
411 412 29 20
407 411 29 22
401 412 29 21
397 412 30 21
392 411 29 21
387 410 30 22
384 409 30 23
386 411 30 21
391 410 29 21
395 409 30 23
399 409 29 23
403 409 30 22
407 408 29 22
410 409 31 22
414 408 31 22
417 407 31 23
423 409 30 23
426 408 30 23
430 407 30 23
434 408 30 22
434 408 30 22
428 407 30 23
424 407 31 23
419 407 30 22
415 407 29 21
410 407 30 22
405 406 30 22
402 407 29 22
396 407 30 21
392 407 31 21
386 406 31 22
383 406 30 22
383 406 30 23
389 406 28 21
392 405 31 22
397 406 30 22
400 406 31 22
404 406 30 21
408 406 30 21
412 406 30 22
416 405 30 22
418 405 30 22
414 405 29 22
407 405 29 22
402 405 30 22
398 405 29 22
393 405 30 22
389 405 29 22
383 404 30 22
378 404 30 23
374 404 31 22
369 404 30 23
364 404 30 22
360 404 30 23
355 405 30 22
351 404 30 23
356 404 30 22
361 404 29 23
365 404 29 22
369 405 29 22
373 404 29 23
376 404 29 22
380 404 29 22
383 404 30 22
388 404 29 22
390 404 31 22
395 405 30 22
399 405 29 21
401 404 31 22
404 404 29 22
403 405 29 21
396 404 30 22
392 404 30 22
387 404 30 23
383 404 30 22
383 406 29 21
386 405 30 23
390 406 32 22
393 405 31 23
399 406 30 22
401 405 31 22
407 406 29 22
410 406 30 22
415 406 30 22
419 407 30 22
422 406 30 21
426 407 30 21
430 406 29 21
434 407 30 22
437 407 30 21
437 406 30 22
432 406 32 23
428 407 29 22
423 407 31 23
417 407 31 22
414 407 30 21
409 407 30 22
404 407 30 22
400 406 30 23
401 408 31 22
407 407 30 22
411 407 30 21
415 407 30 22
418 406 30 23
423 407 30 22
426 407 30 22
430 407 31 22
434 406 31 22
438 406 31 22
442 406 30 22
446 407 31 22
451 406 30 22
453 406 29 22
449 406 31 22
444 406 29 21
441 405 30 22
436 407 29 21
430 405 30 23
426 406 30 22
421 406 30 22
417 406 31 22
413 406 29 21
411 407 29 21
415 407 30 21
419 406 30 21
424 405 29 22
428 406 29 22
432 406 30 22
436 406 30 21
441 407 29 22
445 407 29 21
448 406 30 22
451 406 30 22
456 406 30 22
459 406 30 22
464 407 30 22
466 406 31 23
472 406 29 21
476 407 29 21
478 405 30 22
479 406 30 22
476 407 30 23
470 406 31 22
465 406 30 23
461 407 31 22
457 406 29 21
453 406 29 22
449 406 30 22
452 406 31 22
457 406 31 22
462 407 30 22
465 406 30 23
471 407 29 22
474 407 29 22
478 406 29 22
482 407 29 22
486 407 29 22
488 406 29 22
482 406 30 23
479 407 29 22
474 407 30 22
469 407 29 21
464 407 31 22
461 407 30 22
464 408 31 22
471 408 29 23
474 407 30 22
479 406 30 22
483 407 30 22
487 406 29 23
489 406 31 22
495 406 29 21
492 407 30 23
487 407 30 22
482 406 30 23
477 406 30 22
472 407 31 22
468 407 30 22
464 407 30 23
460 407 29 22
456 406 30 23
461 407 29 22
465 406 30 22
470 407 30 22
473 407 31 22
478 407 29 22
481 406 30 23
486 406 29 22
489 407 30 21
492 406 31 23
497 407 29 23
497 406 30 23
492 407 29 21
487 406 30 22
483 407 30 22
479 408 30 22
472 407 32 22
469 407 29 22
464 407 30 22
459 407 30 21
455 406 31 23
450 408 31 21
446 407 31 22
440 407 30 21
441 407 31 21
446 407 30 22
451 407 30 23
456 408 29 22
459 408 29 21
463 407 29 22
467 407 29 22
471 408 30 21
473 407 31 23
478 407 30 23
481 407 30 23
486 407 29 22
489 407 31 23
492 407 30 23
497 408 30 22
501 408 29 22
503 407 31 23
508 408 29 22
511 408 31 22
510 408 30 22
504 408 30 22
498 408 30 22
495 408 29 22
489 408 31 22
485 409 31 22
480 408 30 23
474 408 31 23
471 408 30 22
467 408 30 22
462 408 29 22
462 408 30 23
468 409 29 22
472 408 30 22
475 408 29 23
479 408 30 22
482 407 30 23
487 408 30 23
491 408 29 22
493 408 30 22
498 408 30 23
502 408 29 22
505 409 29 21
509 408 29 23
513 408 29 22
515 408 31 23
515 408 31 23
511 408 29 22
505 409 30 22
501 408 30 23
496 408 30 23
490 409 30 23
486 409 30 22
480 409 30 21
479 410 28 21
481 409 30 22
487 410 29 21
489 409 30 22
493 409 31 22
496 409 30 22
501 408 29 23
504 409 29 22
509 408 29 22
507 409 30 22
501 408 30 22
497 409 30 22
491 408 31 22
487 408 30 23
482 408 30 23
477 408 30 22
473 409 29 22
467 408 30 23
468 408 30 23
473 409 30 22
477 409 30 21
480 408 30 23
483 408 30 22
488 408 30 23
492 408 30 22
496 408 29 22
499 408 30 22
503 408 30 22
507 408 30 22
510 408 30 23
513 408 31 23
518 407 29 24
520 408 30 23
525 408 30 23
528 407 30 23
525 408 30 23
520 407 29 23
515 408 30 23
511 408 29 22
506 408 30 22
501 408 30 22
499 408 30 22
503 408 30 22
508 408 30 22
512 408 30 22
515 408 30 22
519 407 30 23
523 407 29 23
526 407 29 23
526 408 29 23
520 408 29 23
512 407 32 23
511 409 30 22
504 408 30 22
500 409 29 22
496 409 30 21
490 409 30 22
485 409 29 22
483 408 30 23
488 409 30 22
492 409 29 22
495 409 30 22
497 409 31 22
503 408 29 24
507 406 29 22
509 402 30 22
513 397 30 22
517 396 28 21
520 397 30 22
525 397 28 23
522 397 30 23
516 397 30 23
512 398 30 21
506 397 30 22
502 398 29 21
497 398 29 21
492 398 28 21
487 399 30 22
484 398 30 22
488 399 30 21
493 398 30 22
496 398 30 22
500 398 29 22
503 399 29 21
504 398 29 22
500 399 29 22
494 398 29 23
489 399 29 22
485 399 28 23
479 399 29 23
472 399 31 23
468 400 30 23
464 399 30 23
458 400 29 23
453 400 30 23
448 400 30 24
444 401 30 22
438 401 30 22
434 402 30 22
427 401 31 23
424 402 28 21
419 402 29 22
414 402 29 22
409 402 29 22
409 402 30 22
414 403 28 22
417 403 29 22
422 404 28 21
424 403 30 22
428 404 29 21
431 404 29 21
434 403 30 22
439 403 29 22
441 403 30 21
444 404 30 21
448 404 30 21
448 404 30 21
443 405 29 21
437 404 30 22
433 404 29 22
427 404 29 21
422 405 30 21
416 404 31 21
417 405 30 22
420 405 29 21
426 406 28 20
429 406 28 21
432 406 29 21
434 406 30 20
439 405 29 22
442 406 30 21
446 405 30 22
449 406 30 21
454 406 29 21
457 405 30 22
458 405 30 22
462 405 30 21
467 405 29 22
470 406 29 22
473 405 29 22
471 406 30 22
464 406 31 22
461 406 28 21
456 407 29 21
450 406 30 22
446 407 29 22
440 407 31 22
435 407 30 22
438 406 30 23
443 407 30 21
446 407 30 22
451 407 29 21
455 407 28 22
457 407 30 22
462 407 28 21
465 407 30 21
467 407 30 22
473 407 29 21
472 407 29 22
467 407 30 22
462 407 29 21
457 408 30 22
451 408 31 22
448 408 29 22
442 408 29 22
439 408 30 22
442 409 30 21
447 407 30 23
451 408 29 23
455 408 30 22
457 407 31 22
463 408 28 22
466 408 30 22
469 408 30 22
473 408 30 22
477 407 29 22
480 408 30 22
484 407 29 22
487 408 28 22
483 407 29 23
478 409 28 20
473 408 29 22
468 408 29 21
463 408 30 22
458 409 30 21
454 409 30 22
449 408 30 21
449 408 30 22
455 409 30 21
460 409 28 21
463 409 28 22
467 408 29 22
470 408 30 23
474 408 30 23
479 410 29 21
482 408 29 22
486 408 29 22
490 409 29 21
494 409 28 22
496 408 29 22
500 408 29 23
497 409 29 22
491 409 30 21
485 409 30 22
481 409 30 22
477 409 29 23
472 409 29 22
467 408 29 23
462 408 30 23
456 409 30 23
451 407 30 24
448 410 30 22
443 409 29 22
437 409 30 22
433 409 29 22
428 409 29 23
424 410 30 22
423 410 30 21
428 410 30 21
433 409 29 22
436 409 29 22
440 410 29 22
443 410 30 22
446 410 31 22
450 409 30 23
454 410 30 22
458 410 29 22
461 410 29 21
464 411 29 21
468 411 28 21
472 412 29 20
474 412 29 21
477 411 30 23
480 413 31 22
482 412 31 23
482 413 30 22
478 413 29 23
472 413 29 22
467 414 29 22
462 414 28 22
456 414 30 22
451 414 30 22
447 415 30 21
450 414 30 22
454 414 30 22
458 415 30 22
462 415 29 21
465 415 30 22
469 415 29 21
472 416 29 21
475 415 29 23
480 415 29 21
483 416 29 21
485 415 29 22
487 415 29 22
481 415 30 22
477 415 29 22
472 416 29 21
467 416 29 22
461 416 29 22
455 416 31 22
451 415 30 24
446 416 29 23
441 416 30 23
436 416 29 22
430 416 29 22
428 417 29 23
431 415 31 25
435 416 29 23
439 417 29 22
443 417 29 23
447 418 28 22
451 418 28 22
453 419 29 21
456 418 30 22
462 419 27 21
464 420 29 21
466 419 30 22
470 418 30 22
473 419 30 22
476 419 30 22
480 420 30 22
484 420 28 21
488 419 29 21
491 420 28 21
494 419 29 21
496 418 28 23
492 419 29 22
487 419 28 21
481 419 29 21
475 418 30 22
472 419 28 22
465 418 29 21
461 418 28 21
455 418 30 22
453 416 30 23
458 417 30 22
463 418 29 22
467 417 29 22
470 417 29 21
473 416 30 22
477 415 29 23
480 416 29 23
483 416 30 22
487 417 29 22
488 415 31 23
487 416 29 22
481 416 30 22
477 416 28 21
472 416 28 22
467 416 29 21
462 416 28 22
457 417 29 22
449 415 31 24
446 416 30 23
440 415 30 24
435 417 29 22
430 416 29 23
425 417 29 22
419 418 30 22
416 418 28 21
410 418 30 22
405 419 29 21
400 419 29 20
400 418 30 21
407 419 28 21
410 419 29 21
414 419 28 21
418 420 29 20
421 419 28 22
424 419 29 21
427 420 28 20
430 419 29 21
434 420 28 20
437 419 29 21
440 420 30 21
446 421 27 20
449 421 28 19
452 420 27 21
455 419 28 21
460 421 27 20
462 420 29 21
466 420 29 20
470 422 28 19
473 421 28 20
477 422 28 19
480 421 28 20
479 421 27 19
473 421 28 20
469 421 27 20
464 421 28 20
458 421 29 20
454 421 29 20
447 421 30 20
444 421 28 21
440 421 27 20
436 422 28 20
430 423 27 19
426 422 27 20
426 422 26 20
430 423 28 20
434 422 28 21
439 422 26 20
442 423 25 20
447 423 26 19
450 422 26 20
454 423 26 19
458 423 25 19
462 423 24 19
466 423 24 19
469 423 25 19
473 422 24 19
476 422 26 21
481 423 24 20
486 423 24 18
487 423 25 19
492 422 24 19
496 422 25 21
500 423 23 19
504 423 24 20
508 422 23 20
511 423 24 20
509 422 23 20
503 422 25 20
498 422 24 20
493 422 25 19
489 422 24 19
484 422 25 19
479 422 24 19
473 422 25 19
470 422 25 20
465 422 25 19
460 422 27 20
455 422 25 19
450 422 26 20
446 422 25 19
441 422 25 19
437 421 24 20
431 422 25 19
427 421 25 19
422 420 25 20
424 420 24 19
429 421 25 19
433 417 25 22
436 419 24 21
441 420 24 20
444 418 25 20
448 416 25 23
452 418 25 21
455 417 25 22
459 418 25 20
462 416 25 22
467 417 25 21
470 417 26 21
475 417 25 21
478 416 24 21
482 415 24 21
486 415 24 20
488 416 24 20
493 415 23 20
496 415 25 21
495 415 25 19
490 414 26 21
486 415 25 21
481 415 26 19
477 415 25 19
472 415 24 18
471 414 25 18
476 414 24 18
479 414 25 19
485 414 24 19
488 414 24 18
492 413 24 19
496 414 25 18
499 414 25 19
503 412 24 20
501 408 26 24
497 412 25 19
493 413 24 19
488 413 24 19
482 411 25 21
478 410 24 21
479 412 24 20
484 412 24 20
489 410 24 21
492 411 24 20
496 409 24 22
499 411 25 21
503 410 25 21
507 410 25 20
511 408 25 22
514 410 26 21
517 410 26 21
515 410 25 21
510 409 25 22
505 410 25 21
500 410 25 21
494 409 26 22
490 409 25 20
487 410 25 20
488 409 26 20
494 410 24 20
496 408 28 22
500 408 26 22
504 408 25 22
508 409 26 21
512 409 27 20
516 409 26 21
514 409 27 21
508 408 27 21
503 409 27 20
498 408 28 21
494 409 27 21
491 408 26 21
495 407 28 22
497 409 27 20
492 408 27 21
487 409 27 20
482 409 27 20
478 408 26 20
477 408 26 20
481 409 27 21
486 409 27 21
488 408 28 21
492 408 28 22
495 409 28 21
497 409 28 20
492 408 28 21
487 409 27 21
482 408 28 22
478 408 27 21
472 408 28 22
471 409 28 21
476 408 26 21
480 409 28 21
483 409 27 21
488 409 27 21
489 408 27 22
486 409 26 21
480 409 28 21
475 408 28 22
471 409 27 21
466 409 27 21
468 408 27 21
473 408 28 21
478 409 27 22
480 409 27 21
478 408 26 21
472 409 28 21
467 409 27 22
463 410 27 22
462 410 26 21
466 409 28 22
470 409 27 22
474 410 28 21
477 409 27 21
481 409 28 22
484 409 27 22
488 410 27 21
490 409 28 22
493 410 28 23
488 410 26 23
483 410 27 22
478 409 25 22
472 409 26 23
468 410 26 21
467 410 25 23
471 409 25 23
476 411 25 21
474 411 25 21
468 411 25 21
463 411 25 21
458 411 25 21
453 411 26 21
448 411 26 21
444 411 25 21
440 411 26 22
443 411 25 21
448 411 25 22
451 411 25 21
455 411 25 21
459 411 25 21
463 411 25 22
466 412 25 21
464 412 25 21
459 411 25 21
454 411 25 21
449 413 25 20
450 413 26 21
454 411 25 22
459 414 24 20
463 413 24 20
466 414 25 20
468 413 26 21
464 414 26 21
459 414 26 22
456 414 25 21
458 414 24 21
463 414 24 21
467 414 25 21
471 414 25 21
474 414 25 21
478 415 25 21
482 415 25 21
486 414 25 21
488 415 26 21
492 415 26 21
496 415 26 21
500 415 26 21
503 415 27 22
508 415 26 21
511 415 25 21
515 415 26 21
519 415 25 20
522 414 25 20
526 415 25 20
530 414 24 20
531 414 25 21
527 415 26 22
522 414 26 22
517 414 26 23
511 413 27 22
507 414 26 20
503 414 26 21
499 414 25 21
499 414 25 20
504 415 26 21
509 415 25 20
513 414 26 22
516 414 25 21
514 414 25 21
509 414 25 21
504 414 24 21
500 414 24 21
495 414 25 21
490 415 25 21
486 415 24 21
481 415 25 20
476 415 24 21
471 415 25 21
468 415 25 21
463 415 24 21
457 414 26 22
455 414 24 21
459 415 25 22
464 415 25 22
467 415 25 21
471 415 25 20
492 415 24 20
487 416 25 20
482 416 25 19
478 415 25 22
473 416 26 20
468 416 25 20
463 415 25 21
465 415 25 20
470 415 25 20
474 415 25 20
478 415 26 20
483 415 24 21
487 415 24 19
490 415 25 20
494 415 26 19
498 415 26 20
502 415 26 20
505 414 26 20
511 415 25 20
514 415 25 19
518 414 25 20
521 414 24 19
519 414 24 19
514 414 25 19
510 415 24 18
506 414 23 19
500 415 24 18
496 414 24 18
495 414 23 18
499 414 24 18
504 414 24 18
508 414 24 18
512 414 24 19
516 414 25 18
517 414 25 18
512 414 25 19
508 414 25 19
504 414 25 19
500 414 25 19
495 414 24 18
489 412 26 20
485 413 25 19
481 414 25 19
476 413 25 19
471 414 26 18
467 414 25 18
463 414 24 18
457 414 26 19
454 414 25 19
449 414 26 18
451 414 25 18
456 414 25 19
461 414 25 18
464 414 25 18
469 414 25 18
473 414 24 18
478 414 24 18
482 414 24 18
485 414 25 18
489 414 24 19
486 414 25 18
481 414 25 19
478 414 23 19
473 414 24 18
468 414 26 18
465 414 25 18
468 414 25 18
473 414 25 18
478 414 25 18
482 414 25 18
487 414 25 19
