313 228 37 25
317 228 38 24
321 228 37 24
326 228 38 24
330 228 37 24
335 228 36 25
339 228 37 24
344 228 37 25
348 228 37 25
353 228 37 25
357 228 37 25
362 228 37 26
360 228 39 25
328 229 45 23
292 229 44 22
261 229 43 23
248 228 36 23
255 228 36 24
262 228 35 24
264 227 35 24
269 228 33 24
274 228 31 24
278 229 30 22
283 230 29 20
283 230 29 20
283 230 29 20
283 230 29 20
283 230 29 20
283 230 29 20
283 230 29 20
283 230 29 20
283 230 29 20
283 230 29 20
283 230 29 20
283 230 29 20
283 230 29 20
283 230 29 20
268 135 29 23
268 135 29 23
268 135 29 23
268 135 29 23
268 135 29 23
268 135 29 23
268 135 29 23
268 135 29 23
268 135 29 23
268 135 29 23
268 135 29 23
268 135 29 23
268 135 29 23
268 135 29 23
268 135 29 23
268 135 29 23
270 217 32 27
270 217 32 27
270 217 32 27
270 217 32 27
270 217 32 27
270 217 32 27
270 217 32 27
270 217 32 27
270 217 32 27
270 217 32 27
270 217 32 27
270 217 32 27
270 217 32 27
270 217 32 27
270 217 32 27
270 217 32 27
270 217 32 27
270 217 32 27
270 217 32 27
270 217 32 27
270 217 32 27
270 217 32 27
270 217 32 27
270 217 32 27
270 217 32 27
270 217 32 27
270 217 32 27
270 217 32 27
270 217 32 27
270 217 32 27
270 217 32 27
270 217 32 27
271 231 30 21
283 231 23 21
281 231 24 16
281 231 24 16
281 231 24 16
281 231 24 16
281 231 24 16
281 231 24 16
281 231 24 16
281 231 24 16
281 231 24 16
281 231 24 16
334 233 22 23
334 233 22 23
334 233 22 23
334 233 22 23
334 233 22 23
334 233 22 23
334 233 22 23
334 233 22 23
334 233 22 23
334 233 22 23
334 233 22 23
334 233 22 23
334 233 22 23
334 233 22 23
334 233 22 23
334 233 22 23
334 233 22 23
334 233 22 23
334 233 22 23
334 233 22 23
334 233 22 23
334 233 22 23
334 233 22 23
334 233 22 23
334 233 22 23
334 233 22 23
334 233 22 23
363 233 22 21
369 233 26 23
373 233 26 22
373 233 26 22
373 233 26 22
373 233 26 22
373 233 26 22
373 233 26 22
373 233 26 22
373 233 26 22
373 233 26 22
373 233 26 22
373 233 26 22
373 233 26 22
373 233 26 22
373 233 26 22
373 233 26 22
373 233 26 22
373 233 26 22
373 233 26 22
373 233 26 22
373 233 26 22
373 233 26 22
373 233 26 22
302 234 28 21
307 234 27 23
311 234 27 24
309 234 33 25
313 233 37 25
320 233 38 25
325 233 37 25
329 234 38 24
335 233 38 25
339 233 38 26
345 234 37 24
343 233 40 25
313 234 46 24
278 234 44 25
247 234 46 24
218 234 44 25
204 233 39 25
211 234 41 26
218 234 40 25
222 233 39 25
227 233 40 25
232 234 40 25
238 233 39 25
243 234 39 25
247 233 40 25
252 233 42 25
258 234 40 25
263 233 40 25
269 233 39 25
272 233 40 25
279 233 40 25
284 233 40 26
289 233 39 25
294 233 41 26
298 233 39 26
303 233 41 25
309 233 40 25
314 233 41 26
320 233 39 26
325 232 39 27
330 233 38 28
336 233 39 27
340 232 41 27
345 233 39 26
351 232 40 28
333 233 44 24
297 234 46 24
265 234 45 25
236 234 46 26
230 234 41 26
238 234 42 26
245 234 41 27
248 233 42 27
253 235 41 26
259 234 40 26
264 234 40 26
269 234 41 28
274 235 40 27
280 235 40 26
284 235 41 25
289 235 41 26
294 235 41 26
299 235 42 26
304 235 42 26
310 235 41 27
313 236 44 26
318 236 43 25
308 236 46 26
274 236 49 26
242 236 47 25
212 236 46 26
205 236 43 25
213 236 44 26
219 236 44 26
223 237 44 26
229 236 42 26
234 236 44 26
239 236 43 26
243 237 45 26
247 237 46 26
251 237 46 27
257 237 45 26
262 237 44 26
269 237 44 27
274 237 43 26
279 237 41 26
284 237 46 26
288 237 47 26
293 237 46 26
299 237 46 26
303 237 46 26
307 237 47 27
314 236 45 27
318 236 45 27
325 237 44 26
312 237 48 27
278 237 49 26
245 238 49 26
215 237 49 26
182 237 49 26
169 237 43 25
177 237 44 25
185 237 44 25
189 236 43 25
192 236 45 26
198 236 45 26
203 236 44 26
209 236 44 26
213 235 45 26
218 235 44 26
222 235 45 27
228 234 44 27
233 234 43 27
238 235 42 27
243 235 43 25
248 235 41 26
252 234 45 26
257 234 46 27
263 234 45 26
268 234 46 26
273 234 44 26
278 234 46 27
283 233 46 26
289 233 44 25
293 234 43 26
298 233 44 27
303 233 45 27
308 233 44 27
313 233 45 27
318 233 45 28
321 233 45 28
302 233 49 27
267 233 49 27
233 233 50 26
203 233 52 26
185 233 46 26
190 233 46 26
199 233 45 27
202 232 46 27
207 232 45 27
211 232 45 26
216 232 45 27
221 232 46 26
226 232 45 26
230 232 45 27
236 232 45 27
240 232 46 26
245 231 47 26
250 232 45 27
255 231 47 27
259 231 47 27
266 231 45 26
269 231 47 28
274 231 45 27
280 231 46 27
284 231 46 27
289 231 46 27
295 231 47 27
299 231 48 27
303 231 47 27
309 231 47 27
313 231 47 28
319 231 46 26
323 230 47 27
328 230 47 27
306 231 50 26
269 231 51 26
239 231 50 26
212 231 48 27
208 230 47 27
217 230 46 27
221 230 46 27
225 230 45 27
230 230 46 26
235 230 45 26
239 229 46 26
244 229 46 26
249 229 47 27
254 229 46 27
259 229 44 27
264 228 45 26
269 229 45 26
274 229 45 27
277 228 45 27
284 228 45 27
288 228 47 28
292 227 46 28
298 228 45 28
302 228 47 27
308 228 48 27
312 227 47 28
317 227 46 27
323 227 46 26
327 228 46 26
332 227 47 27
320 228 49 26
285 228 51 25
252 228 50 25
221 228 49 25
207 228 47 24
214 228 47 24
221 227 46 25
224 227 46 24
230 227 45 26
234 228 46 26
238 227 47 26
243 227 46 27
248 227 47 27
254 227 46 27
258 227 45 27
263 227 45 27
268 227 46 26
271 227 48 26
277 227 45 26
283 227 46 26
288 227 46 26
293 227 44 27
298 226 44 27
303 227 45 27
307 226 45 27
312 227 45 26
317 227 45 27
323 227 43 26
325 227 46 26
331 226 46 27
336 226 44 28
317 227 49 26
282 227 51 25
249 226 50 26
218 226 51 26
192 225 46 27
188 225 47 27
197 226 46 27
202 226 46 27
207 225 46 27
212 226 44 26
216 225 47 27
222 225 45 26
226 225 45 27
231 224 46 27
236 225 46 26
242 224 45 26
247 224 45 26
251 225 46 25
256 224 45 26
260 224 45 26
266 224 46 26
271 224 46 26
277 224 46 26
281 224 46 27
286 223 46 27
292 223 45 27
296 223 45 26
303 223 45 27
305 222 45 27
312 223 46 26
317 222 45 27
320 222 45 27
327 222 46 27
332 221 46 27
317 222 49 26
282 222 49 25
249 222 49 25
218 222 49 25
194 221 47 26
196 221 46 25
206 221 45 25
210 221 44 25
215 221 46 25
220 221 46 25
225 220 45 26
230 220 44 26
236 220 44 27
241 219 45 27
246 219 45 27
251 219 45 28
256 218 47 28
261 219 46 27
267 218 47 27
271 217 47 27
276 217 45 27
284 217 44 27
289 217 45 27
293 217 47 27
299 217 46 27
305 216 46 26
310 216 45 27
315 216 45 26
321 216 45 26
326 216 44 26
331 215 45 26
336 216 46 26
331 216 48 25
299 216 50 23
264 215 50 24
235 215 50 25
204 215 49 26
185 215 45 25
189 215 47 27
198 215 46 26
201 214 46 27
208 214 46 27
212 214 47 26
217 214 47 26
224 214 47 26
230 214 45 26
235 213 46 26
240 213 46 26
245 214 48 25
251 213 46 26
256 212 47 27
262 213 46 27
267 212 46 26
274 212 46 26
278 212 47 27
284 211 47 27
290 211 45 27
296 212 46 26
301 211 47 28
306 211 47 28
312 211 46 27
317 211 47 26
323 211 46 27
328 211 48 27
335 210 47 27
340 211 45 27
345 211 47 27
346 210 47 27
317 211 51 26
284 211 49 25
252 211 50 26
223 210 48 26
214 210 47 26
225 210 47 26
230 211 47 26
234 211 46 26
239 211 47 26
245 211 47 25
250 211 47 25
255 211 48 27
261 211 48 27
267 210 47 27
273 211 47 27
278 211 47 27
283 210 48 27
288 211 47 27
294 211 46 27
299 211 47 28
305 211 47 28
310 211 48 27
315 211 48 28
322 211 45 28
327 211 47 28
332 211 48 28
338 210 46 27
343 211 47 28
349 211 47 28
354 211 47 27
358 211 46 28
333 211 52 26
295 211 52 27
267 211 51 27
237 212 50 26
217 211 46 28
223 211 47 28
230 212 47 27
234 211 47 26
239 211 46 26
245 211 46 27
249 210 46 27
253 209 48 28
258 209 48 29
263 208 47 29
269 209 45 29
273 208 45 29
278 208 47 29
281 207 47 29
288 207 46 29
290 207 47 29
294 208 46 29
297 207 46 30
301 207 45 29
304 207 45 29
307 208 47 28
310 208 46 29
312 208 45 28
291 208 51 27
254 209 51 28
218 208 52 28
184 208 52 28
148 209 53 27
125 209 48 28
125 209 47 28
130 210 45 27
131 209 43 28
133 210 41 27
135 210 41 27
136 211 42 27
136 211 42 26
137 210 45 26
137 210 46 26
139 211 44 25
140 211 42 26
141 211 43 25
142 212 42 25
144 212 41 25
145 212 41 26
146 212 40 26
146 211 42 26
145 211 45 26
145 211 47 26
145 211 46 26
147 210 44 27
148 210 44 26
148 210 45 26
148 210 45 26
149 210 45 25
149 210 44 25
148 210 46 26
150 210 44 26
151 209 45 25
153 210 42 25
153 210 43 25
152 208 45 25
154 209 43 26
169 208 52 26
206 208 52 26
244 208 51 26
281 207 49 27
297 207 46 26
294 207 46 27
293 206 47 27
296 206 46 27
297 206 45 27
298 206 45 27
299 206 45 27
300 206 46 27
301 205 45 27
301 205 45 27
302 205 46 26
304 204 46 26
305 204 46 27
306 204 45 27
308 204 45 27
309 204 46 27
310 203 46 27
312 203 46 27
313 203 46 27
315 202 45 26
317 202 44 27
318 203 45 30
321 220 44 28
322 220 44 27
323 219 45 28
324 218 45 27
327 218 44 27
329 217 46 26
331 217 45 27
333 217 45 26
336 215 45 26
337 215 45 27
339 215 45 27
342 215 44 26
344 214 45 27
335 214 50 26
298 213 53 27
267 213 50 27
264 212 48 27
271 212 46 26
273 211 45 27
274 211 44 26
277 211 45 26
279 211 45 26
281 210 45 27
284 210 45 27
286 210 46 27
289 209 45 28
293 209 43 28
295 209 44 27
297 209 43 28
300 208 43 27
304 209 41 26
306 208 41 26
311 208 41 27
312 208 46 27
315 208 44 26
318 208 45 27
316 208 47 27
285 206 50 29
249 208 50 29
217 208 51 29
198 208 45 28
199 209 44 29
205 207 48 28
210 208 44 26
213 208 42 25
217 208 40 26
220 207 41 27
224 209 40 26
226 208 43 24
229 209 42 25
233 209 40 27
236 208 43 24
239 208 41 26
244 209 39 25
247 208 41 25
251 208 43 26
254 207 44 26
257 207 45 25
261 207 45 25
264 207 45 26
268 206 47 25
272 206 45 25
275 206 45 25
279 205 45 25
282 205 46 25
260 205 52 25
225 205 52 25
190 205 50 24
162 205 46 23
159 204 45 25
167 204 44 27
169 204 45 26
172 204 45 25
176 204 45 26
179 204 45 25
182 203 46 26
184 203 48 27
190 203 47 28
192 202 47 27
196 203 47 26
200 202 47 27
203 202 47 27
207 202 47 26
210 202 47 27
214 202 47 27
218 202 46 27
222 202 46 27
226 202 45 26
228 202 45 27
233 201 46 27
235 202 46 27
238 201 46 27
242 201 46 28
244 201 47 27
250 200 45 28
252 201 46 26
255 200 47 26
259 200 47 28
257 200 49 28
224 200 53 28
191 200 51 27
181 199 46 26
190 200 46 26
194 199 45 26
196 199 47 26
199 199 46 27
202 199 46 26
205 199 46 26
208 199 46 26
211 199 46 26
215 199 45 26
219 199 45 26
221 199 45 26
225 199 45 26
228 199 46 26
231 199 46 26
235 199 46 27
237 199 47 26
241 199 45 27
245 199 46 26
248 199 46 26
251 199 46 27
255 199 46 26
258 198 45 26
261 198 45 25
264 199 44 27
267 198 45 26
270 198 45 26
273 198 45 26
275 198 45 27
279 198 45 27
280 197 46 27
283 197 46 27
286 198 45 27
288 198 46 26
290 198 46 27
292 198 46 27
294 198 46 27
297 198 45 26
298 207 44 32
300 226 44 31
302 244 42 30
303 256 44 28
304 255 45 28
305 255 46 28
307 255 45 29
308 255 44 28
308 255 46 29
309 255 46 28
311 255 44 29
311 255 45 29
312 256 45 29
312 257 45 28
288 257 49 27
246 258 50 27
210 258 51 27
185 258 46 27
184 258 45 27
188 258 44 27
187 258 44 27
186 258 44 27
187 258 45 27
188 258 44 27
188 259 44 27
187 259 45 27
188 259 44 28
188 259 43 27
187 259 44 27
188 259 43 27
188 260 44 26
187 260 45 26
186 260 45 25
186 260 45 26
186 260 45 27
185 259 46 27
185 259 46 27
186 258 47 27
186 258 46 27
185 258 45 28
186 258 46 27
198 258 51 27
233 258 52 28
271 258 50 28
286 257 47 29
283 257 48 29
282 256 47 28
283 257 46 28
283 256 46 28
282 256 47 28
282 256 47 28
282 255 48 28
282 255 48 28
281 255 48 27
281 255 47 29
281 254 47 27
280 254 48 26
281 253 46 27
280 252 46 27
280 253 46 28
280 252 46 27
279 251 47 27
278 251 47 26
278 251 48 26
278 251 46 27
277 250 47 27
277 250 48 27
276 249 48 27
276 249 48 27
276 248 48 28
276 248 47 27
277 248 47 26
276 247 47 26
275 247 47 26
275 247 46 26
275 246 46 26
275 246 46 26
275 245 47 26
275 245 48 26
275 244 47 28
275 243 49 27
276 244 46 27
277 243 46 27
277 243 46 28
278 242 46 27
278 241 46 27
278 241 47 28
278 240 47 27
280 240 46 27
281 239 46 27
282 239 47 27
281 238 48 28
283 238 47 28
284 238 47 27
284 238 48 27
286 238 47 28
287 237 46 27
288 237 48 27
290 236 46 27
291 236 47 27
292 236 47 28
293 235 47 28
293 234 49 28
296 234 48 27
298 234 48 28
299 233 49 28
301 233 48 29
302 233 49 28
304 233 48 28
305 233 47 28
301 233 49 28
268 233 55 27
228 233 54 27
217 232 47 27
223 233 47 28
225 232 48 29
226 233 47 28
228 232 47 27
229 232 48 28
232 232 47 27
234 233 48 27
233 232 48 28
239 232 46 28
241 232 46 28
244 232 47 27
247 232 47 28
263 233 47 27
266 232 48 28
269 233 48 27
272 233 47 28
270 233 48 27
239 234 51 25
203 233 52 26
174 233 49 27
170 233 48 27
178 233 47 27
180 233 49 27
183 234 48 26
186 234 49 27
190 234 47 27
193 234 45 27
197 234 47 27
200 234 47 28
204 235 47 28
208 234 46 27
211 234 47 27
215 235 48 27
218 235 48 27
222 235 47 27
227 235 47 26
231 235 47 27
234 235 47 28
238 235 48 27
242 235 48 28
246 235 47 28
252 235 47 28
254 235 48 28
259 235 47 28
262 234 48 27
267 235 48 27
272 235 47 27
275 235 48 27
280 235 48 27
283 235 48 28
288 235 48 28
293 235 48 28
297 234 47 29
302 234 48 28
306 234 48 29
310 234 48 29
315 234 47 28
309 234 50 27
277 234 52 27
241 234 51 28
214 234 49 29
211 234 48 29
219 233 48 28
223 233 48 28
227 233 47 28
231 234 47 27
237 233 48 28
241 233 47 27
247 233 46 27
252 233 47 27
257 232 46 28
260 231 47 28
263 230 49 28
268 230 48 28
272 230 46 28
266 229 48 29
233 230 51 28
199 229 50 29
169 228 47 29
164 227 46 30
171 227 46 30
173 228 47 29
176 229 46 29
178 228 47 29
179 228 48 29
183 229 47 28
185 230 47 28
186 230 48 28
188 230 49 28
191 230 47 29
193 231 48 29
195 230 46 29
196 231 48 29
198 231 46 29
200 232 47 28
201 232 47 28
203 232 48 28
204 233 47 28
206 233 48 28
207 233 48 28
209 233 47 27
211 233 47 27
211 233 49 28
212 233 49 28
214 234 49 27
215 233 49 27
217 234 48 27
218 234 49 27
220 234 49 27
222 233 48 29
223 234 48 28
224 234 49 27
226 234 47 28
227 234 47 28
229 233 47 28
229 233 48 27
232 233 47 28
233 233 48 27
234 233 47 27
235 233 47 28
236 233 47 27
236 233 49 27
238 233 48 26
239 233 48 27
239 233 48 28
240 233 48 28
240 233 48 29
242 233 46 28
243 234 46 28
243 234 46 28
243 235 47 28
243 235 46 27
244 235 46 28
245 236 45 27
245 236 46 27
245 236 47 28
245 236 46 28
245 237 47 28
246 237 46 28
245 238 48 27
246 238 47 28
247 239 46 27
246 239 47 29
247 239 46 29
246 240 46 28
246 240 47 28
246 241 46 28
247 241 45 28
