296 315 16 10
296 315 15 11
296 316 15 10
296 316 15 10
296 316 15 10
295 317 15 11
295 317 15 10
295 317 15 10
294 318 16 9
295 319 15 9
295 319 15 10
295 319 15 10
295 319 15 10
295 320 14 9
294 320 15 10
295 320 15 10
295 321 15 10
294 321 15 10
294 321 16 10
294 321 15 10
293 322 14 9
293 322 15 10
293 322 14 10
292 322 15 10
292 323 15 10
293 323 15 10
293 323 15 10
293 324 15 10
291 324 17 10
292 324 15 10
291 325 15 10
291 325 16 10
291 326 15 10
291 326 15 10
291 326 15 9
290 327 16 9
290 327 15 9
289 327 15 9
290 327 14 9
289 328 15 9
289 328 15 10
288 328 16 9
288 328 16 9
289 329 15 10
289 329 14 10
289 329 15 10
288 329 15 9
289 329 15 10
289 330 14 10
288 330 15 10
288 330 14 10
287 330 15 10
289 331 15 9
288 331 15 10
288 331 15 10
288 328 15 9
287 325 14 9
287 321 14 10
286 319 15 10
288 315 15 10
288 310 15 10
288 303 15 10
287 296 15 10
288 290 15 10
288 283 14 11
287 276 15 10
287 265 16 10
287 259 16 11
286 250 15 9
286 240 16 9
287 232 15 9
287 224 16 10
286 218 15 11
286 211 15 12
286 207 15 10
287 201 15 10
287 196 14 11
287 192 15 10
287 189 14 10
287 186 14 10
287 184 15 10
288 182 13 10
287 181 15 10
287 180 15 10
287 180 14 10
287 180 14 10
286 180 14 10
287 180 14 10
287 180 14 10
286 180 15 10
286 180 14 10
285 180 16 10
285 180 16 10
284 180 16 11
285 180 15 11
285 181 15 10
284 181 15 9
285 181 16 10
285 181 15 10
285 181 15 10
284 181 15 10
284 181 15 10
285 181 15 10
285 181 15 10
285 181 15 10
285 182 15 10
285 181 15 10
284 181 15 10
284 182 14 10
284 182 14 10
284 182 14 9
283 182 15 10
282 182 16 10
282 182 15 10
282 182 15 10
282 182 15 10
283 182 14 10
283 182 15 10
282 182 15 10
281 182 15 10
283 182 14 10
281 182 15 9
281 182 14 9
281 182 14 9
282 182 15 10
282 182 15 10
281 182 16 10
280 182 15 10
281 182 15 10
279 182 16 10
279 182 16 10
279 182 15 10
279 182 15 10
280 182 15 10
279 182 15 10
279 182 15 10
280 182 15 10
279 182 15 10
279 182 15 10
281 182 15 10
280 182 15 10
279 181 15 10
278 181 15 10
278 181 16 10
279 181 15 10
280 181 15 10
280 181 16 10
280 181 15 10
280 181 14 11
280 181 14 10
278 181 15 9
278 181 15 10
278 181 14 10
279 181 15 10
277 180 15 10
279 181 14 10
279 180 14 10
278 180 14 10
278 180 15 10
277 180 14 10
278 180 14 10
278 180 14 10
277 180 15 10
279 180 14 10
278 180 14 10
278 180 14 10
277 180 15 10
277 180 15 10
278 180 14 9
278 179 14 10
277 179 14 10
277 179 15 10
276 179 16 10
277 179 16 10
277 179 15 10
276 179 16 9
277 179 15 10
277 179 15 9
276 179 15 9
276 178 16 9
276 178 15 9
276 178 15 9
276 178 16 9
276 178 15 9
275 177 15 9
273 177 15 10
273 177 15 10
273 177 15 10
272 177 16 9
273 176 15 10
272 176 15 9
272 176 16 10
273 176 15 9
272 176 15 9
272 175 15 9
272 175 15 9
272 175 15 10
272 175 15 9
271 174 15 9
271 174 16 9
272 174 15 9
273 174 15 10
274 173 15 10
273 173 15 10
274 172 15 11
274 172 15 11
274 172 15 11
274 172 15 11
274 171 15 11
274 171 15 11
273 172 15 10
274 172 15 10
273 171 15 11
273 171 15 11
273 171 15 11
273 171 15 11
272 171 16 11
272 171 16 11
273 170 15 11
273 170 16 11
273 170 16 10
272 170 15 10
273 170 16 10
273 170 15 10
273 170 15 10
273 170 15 10
273 170 15 10
272 170 15 10
273 169 15 10
274 169 15 10
273 169 15 10
273 170 15 10
273 169 15 10
273 170 15 10
273 170 15 10
273 169 15 10
274 170 15 11
274 174 15 10
274 178 15 11
274 182 15 11
274 184 15 11
274 189 14 11
274 195 14 12
274 202 15 11
275 206 14 10
274 208 14 9
273 210 14 10
274 214 14 10
274 217 14 10
274 219 14 10
273 218 15 10
273 218 14 9
273 218 14 10
273 220 15 10
274 220 15 10
274 220 15 10
274 220 14 10
275 220 14 10
275 221 14 10
276 221 14 10
276 222 14 10
275 222 14 10
275 223 15 9
275 223 14 10
274 224 15 9
274 224 15 10
274 224 15 10
275 225 14 10
275 225 14 10
273 225 15 10
275 225 14 10
274 226 14 10
274 227 14 10
274 227 14 10
274 227 14 10
273 227 14 11
274 227 15 10
274 228 14 10
275 228 15 11
275 228 14 11
275 228 14 11
274 229 14 10
274 229 15 10
275 230 14 10
274 230 14 11
275 230 13 10
275 230 14 11
277 231 14 10
277 231 14 10
279 231 14 11
281 231 14 11
281 231 14 11
285 232 14 11
286 232 14 11
289 232 15 11
292 232 16 11
296 232 16 10
297 232 15 10
302 233 14 10
306 233 15 10
308 233 16 10
313 233 15 10
315 233 14 9
319 234 14 9
324 234 12 9
329 234 14 9
335 234 12 9
339 235 14 9
344 236 14 9
350 235 13 9
355 235 14 9
360 235 14 10
365 235 14 9
370 235 14 10
377 235 14 10
383 236 14 10
388 236 14 9
395 236 13 10
402 236 15 9
405 235 17 11
415 235 14 9
420 235 14 10
423 235 18 11
432 235 15 11
438 235 14 11
443 235 14 10
448 235 14 11
453 234 15 12
456 235 16 11
461 234 16 11
464 234 15 12
468 234 14 12
472 234 14 10
476 234 13 10
477 233 15 11
481 234 12 11
485 233 12 11
487 233 12 11
490 233 11 10
490 232 13 11
492 233 12 10
496 232 10 11
495 232 13 11
495 232 14 11
496 232 13 10
497 232 12 9
496 232 14 10
496 232 14 10
497 232 14 10
497 231 14 10
497 232 13 9
496 231 13 10
496 232 14 10
495 232 14 10
495 232 11 10
493 232 11 10
494 231 9 9
489 231 12 9
488 231 12 9
486 231 13 9
483 231 13 9
481 231 13 10
480 231 11 9
475 230 14 11
472 230 14 10
470 230 12 10
466 230 16 11
462 228 19 12
458 228 18 12
456 227 23 13
452 227 28 13
446 228 19 12
443 228 13 11
439 228 13 12
433 227 14 13
429 225 15 14
424 226 14 13
418 226 20 13
415 226 14 11
408 225 14 10
404 224 14 10
400 224 14 9
394 223 15 9
392 222 13 10
386 221 13 9
382 219 14 10
380 220 14 9
377 219 15 10
374 218 14 10
371 217 14 9
368 216 14 11
366 215 12 10
364 214 13 10
362 213 14 10
360 212 13 11
360 212 12 10
359 210 13 11
359 210 13 11
359 209 13 11
359 209 14 11
359 208 14 12
359 207 14 11
359 207 14 12
359 206 14 12
362 206 14 12
362 205 14 12
365 204 16 12
367 204 14 13
367 203 15 12
371 202 15 12
374 202 16 11
376 201 15 11
379 200 14 11
381 199 14 10
384 198 14 10
389 197 14 12
393 196 15 11
396 196 15 11
401 195 15 11
404 194 15 11
409 193 15 11
413 192 16 10
417 192 14 10
423 191 15 10
427 191 16 10
430 190 16 10
436 189 17 11
442 189 14 11
447 188 15 12
450 188 14 12
455 187 14 12
459 186 14 12
463 186 14 13
466 186 14 13
470 185 14 13
472 185 16 12
475 184 15 13
478 184 14 12
479 184 15 12
481 183 15 12
483 183 14 11
485 183 16 11
487 183 14 11
487 183 15 10
488 182 17 11
488 182 19 12
488 182 19 11
494 181 15 11
495 181 15 11
495 180 15 11
495 181 15 11
496 180 15 11
497 180 15 11
497 180 15 11
496 180 15 11
497 180 14 10
497 179 14 11
499 179 14 11
498 179 14 10
498 179 14 10
498 179 14 10
498 179 14 10
499 179 13 10
500 178 13 11
500 178 14 11
500 178 14 11
501 178 13 10
501 178 14 11
500 178 14 10
500 178 14 11
500 178 14 11
500 178 15 11
499 178 15 10
499 178 15 10
499 178 15 11
499 178 16 10
499 178 16 10
499 178 16 10
500 179 16 10
500 179 16 11
500 179 16 11
498 179 16 10
498 179 16 11
499 179 15 11
500 180 15 10
499 180 15 10
498 180 15 10
497 180 16 10
499 181 16 10
497 181 16 10
497 181 17 10
497 181 17 10
497 180 17 10
497 180 17 10
497 180 17 11
497 180 17 11
498 180 16 10
498 180 15 10
496 180 15 11
496 179 16 11
496 179 15 11
497 179 15 11
496 179 15 10
496 178 14 11
496 178 13 11
497 178 14 11
497 178 14 10
496 178 13 10
496 177 13 10
496 177 14 10
494 176 13 10
493 176 14 10
493 175 14 10
492 175 15 10
492 175 14 10
491 174 15 10
491 173 15 10
491 173 16 11
490 172 16 10
490 172 16 11
490 171 17 10
490 171 17 11
490 171 16 10
489 170 16 11
490 170 16 11
490 170 15 11
491 170 15 11
490 169 15 11
491 169 15 11
493 169 15 12
493 169 15 12
495 169 15 12
496 169 16 11
496 168 16 12
500 169 16 11
501 169 16 11
505 169 16 11
507 168 16 11
511 168 16 11
512 168 15 11
516 168 16 12
520 168 15 11
523 168 16 12
527 168 16 11
530 168 15 12
533 168 15 12
537 168 14 12
542 169 13 11
546 169 12 11
551 169 12 12
554 169 12 11
558 169 11 12
561 169 13 13
564 169 13 12
567 169 13 12
570 169 14 12
570 170 14 13
570 174 14 12
566 178 14 12
558 182 14 11
546 185 17 12
531 189 18 11
518 195 16 12
504 202 18 13
487 210 17 13
479 216 16 12
472 221 15 11
468 226 14 11
466 231 14 11
468 236 12 11
467 239 13 10
466 241 13 11
468 242 13 12
468 244 13 11
466 245 14 11
467 245 13 11
467 245 13 11
466 245 14 10
464 246 15 10
464 247 15 10
464 247 15 10
461 247 13 10
460 247 15 10
457 248 15 10
457 247 15 10
453 247 14 10
451 247 14 10
448 247 14 10
447 247 13 10
444 246 12 10
441 246 13 10
438 245 13 11
436 244 12 11
433 244 12 11
431 243 12 11
427 243 12 11
423 242 12 10
422 243 11 10
418 242 13 10
416 241 13 10
412 240 14 11
410 240 14 10
407 240 14 10
406 240 14 10
403 240 14 10
401 240 15 10
401 239 15 10
398 239 15 10
398 239 14 10
397 239 15 10
395 239 14 10
394 239 14 10
395 238 14 10
393 238 14 10
393 238 14 10
394 238 14 10
395 237 15 11
395 237 14 11
395 237 15 11
396 236 14 11
399 236 15 11
400 235 15 11
401 235 15 12
403 234 16 12
406 234 15 12
407 234 15 12
410 234 15 11
414 234 15 11
415 234 15 12
419 234 14 11
422 234 14 11
424 234 14 11
428 234 13 11
431 233 13 11
434 233 12 11
439 233 12 11
442 233 13 12
445 233 12 11
448 233 13 11
451 233 13 11
453 233 12 12
456 233 13 11
458 233 13 11
460 233 13 11
460 233 14 11
463 233 13 11
463 233 13 11
466 233 14 11
465 234 14 10
467 234 14 10
468 234 14 11
469 234 14 11
469 234 14 11
471 234 14 10
470 234 14 10
472 234 14 10
472 234 15 10
471 234 15 10
473 234 14 10
473 234 14 11
473 234 14 10
473 234 15 10
474 234 14 9
475 234 14 9
475 233 15 11
475 232 15 12
475 232 15 12
475 232 15 12
475 232 14 12
475 232 14 12
475 232 14 12
474 232 14 11
474 232 13 12
474 233 14 11
474 232 13 12
473 233 13 12
472 233 13 12
471 233 14 11
468 233 14 12
468 234 14 11
466 234 13 10
464 234 14 10
463 234 14 10
463 234 14 10
462 234 13 10
462 235 13 9
462 235 13 9
460 234 14 10
460 234 14 10
459 234 14 10
459 235 14 10
458 235 14 10
457 235 14 10
457 235 14 9
458 235 14 11
458 235 14 10
457 235 15 10
456 235 15 10
455 235 15 10
455 235 15 11
455 235 14 10
455 235 15 10
455 235 14 9
454 235 14 9
453 235 14 9
454 235 14 9
453 235 14 9
453 235 13 9
453 235 13 10
452 235 14 10
452 235 14 9
452 234 14 9
452 234 13 10
452 234 13 9
452 234 13 9
452 234 13 10
451 234 14 10
451 234 14 10
451 234 13 11
450 234 14 10
451 234 13 10
451 234 13 10
451 234 14 10
451 234 13 10
450 235 14 9
449 235 14 10
449 235 15 10
448 235 15 10
449 235 15 10
449 236 15 10
450 236 15 10
450 236 15 10
450 236 15 10
450 236 15 10
450 237 15 10
450 237 15 11
451 237 14 10
450 238 14 10
451 238 13 10
451 238 13 10
452 239 14 9
452 239 13 10
454 240 11 9
454 240 12 9
455 241 11 9
454 241 12 10
454 241 13 10
456 242 13 10
455 243 14 10
456 243 13 9
456 244 14 10
456 244 14 10
455 244 14 10
455 245 15 10
455 246 15 10
455 247 15 10
456 247 15 9
457 248 15 9
457 248 15 10
456 249 15 10
457 249 14 10
457 250 15 11
457 251 14 10
457 251 14 10
457 252 15 10
456 252 15 11
456 253 15 10
455 254 15 10
455 254 16 10
456 254 15 10
456 255 15 10
454 255 15 10
456 256 15 10
455 256 16 10
455 256 14 10
456 257 14 10
455 257 14 10
455 257 13 10
455 257 14 10
455 257 14 10
455 258 13 10
454 258 13 10
453 258 12 10
453 258 12 10
453 259 13 9
452 259 13 10
453 259 14 10
453 259 14 10
453 259 15 10
453 259 15 10
452 259 14 10
452 259 14 11
452 260 15 10
452 260 14 11
452 260 15 10
452 261 15 10
453 261 14 10
452 261 14 10
453 261 15 11
453 262 14 11
453 263 14 10
453 263 15 10
453 263 15 10
453 263 14 10
453 264 15 10
453 264 14 10
453 265 14 10
453 266 14 9
453 266 14 10
453 266 13 10
453 267 14 10
453 267 14 10
453 267 15 11
453 269 15 10
453 269 14 10
452 270 15 10
452 271 14 9
452 271 14 9
452 272 13 9
453 272 14 10
451 273 14 9
450 273 14 10
450 274 13 9
451 275 13 10
451 275 14 10
451 276 13 10
450 276 15 9
450 277 14 9
450 277 13 9
450 278 14 9
450 278 14 9
450 279 14 9
450 279 13 9
451 279 13 9
450 279 13 9
450 280 13 8
451 280 13 9
451 280 12 9
450 280 13 9
451 280 12 9
453 280 12 9
453 280 12 9
451 280 12 9
450 279 12 9
451 280 12 9
450 280 13 9
449 279 14 9
449 279 14 9
449 279 14 10
450 279 14 10
449 278 14 10
449 279 15 9
449 278 15 9
448 278 15 9
448 278 15 9
448 277 14 10
448 277 14 9
447 277 15 9
450 276 14 9
448 276 14 9
449 275 14 10
449 275 14 10
449 275 14 10
450 275 14 9
449 275 15 10
449 274 14 10
449 274 14 10
449 274 14 10
449 274 14 10
449 274 14 9
448 274 13 10
448 274 13 10
447 274 14 10
447 274 14 10
447 274 14 10
449 274 15 10
449 274 14 10
449 274 14 10
449 275 14 9
449 275 14 10
449 276 14 9
449 276 14 9
450 276 14 10
449 277 14 10
449 278 15 10
449 278 15 9
448 279 14 9
447 280 15 9
450 281 14 9
449 281 14 10
449 282 13 10
448 282 14 11
449 283 13 10
448 284 14 10
448 285 14 10
448 287 14 9
448 287 14 10
446 287 14 10
446 288 14 11
445 288 13 10
445 289 14 10
445 290 13 11
444 291 13 10
443 291 13 11
443 292 13 10
442 292 12 10
442 293 12 9
440 293 13 10
439 294 12 10
439 294 12 10
436 295 13 11
434 295 14 11
433 296 15 11
431 296 13 10
429 296 14 10
430 296 12 9
428 296 14 10
427 297 12 10
426 297 11 10
425 298 10 9
423 298 10 9
423 298 10 9
421 298 11 10
419 298 11 10
418 297 11 10
418 297 10 10
416 298 11 9
415 298 11 9
414 297 12 10
414 297 13 9
413 297 12 10
411 296 13 10
410 296 14 10
409 296 15 10
408 296 15 10
407 296 12 9
407 296 12 10
406 295 12 10
406 295 12 10
405 295 13 10
403 296 13 9
403 295 13 10
401 295 12 9
401 295 12 9
400 295 12 8
399 295 11 8
401 294 10 9
398 293 10 8
398 293 11 9
397 293 11 9
398 292 12 9
397 292 13 9
392 291 15 9
394 291 12 9
394 291 12 8
394 291 12 9
393 291 11 9
394 290 9 9
394 290 10 8
392 289 10 8
393 289 10 8
392 289 11 8
392 288 10 9
391 288 11 9
390 288 11 8
391 288 11 8
390 288 11 8
390 287 12 8
390 287 13 9
388 287 13 9
388 287 11 9
388 287 11 8
388 286 11 9
387 286 12 9
387 286 11 8
387 286 11 8
387 286 11 8
387 286 11 9
386 286 12 9
386 286 11 9
386 286 11 8
385 286 11 8
386 286 11 9
385 286 10 8
385 286 10 8
385 286 10 8
384 286 10 8
384 286 10 8
384 286 10 8
384 285 11 9
384 286 10 9
384 285 10 9
383 286 11 8
383 286 11 8
383 286 11 8
383 286 10 8
383 286 10 9
383 286 10 8
383 286 10 8
382 286 10 8
382 287 10 8
382 287 9 8
381 287 10 9
381 289 9 9
380 290 10 9
380 291 11 9
380 292 12 9
381 295 12 8
380 297 9 7
381 300 7 7
380 302 7 7
380 304 7 8
379 307 6 7
379 309 7 8
379 311 7 9
378 314 7 7
378 317 6 8
378 319 6 9
376 322 8 8
377 325 6 8
375 328 8 8
375 328 8 10
375 332 8 10
374 335 8 9
374 337 8 9
372 341 9 9
372 343 9 9
374 347 8 7
374 348 8 9
373 350 9 10
373 349 10 12
372 355 7 10
371 358 8 8
370 360 9 9
371 363 7 9
370 366 7 7
369 368 8 10
370 368 8 12
369 368 7 14
368 370 7 15
368 370 7 15
369 377 6 11
369 378 7 11
367 382 7 9
367 386 6 7
366 388 7 7
366 389 7 8
366 391 7 9
364 393 8 8
365 394 8 9
363 397 8 8
364 400 7 8
363 401 8 8
362 402 8 10
362 402 8 10
362 405 7 11
362 407 6 9
362 410 6 8
361 412 7 8
360 413 7 9
359 416 7 9
359 416 7 9
359 416 7 9
359 416 7 9
359 416 7 9
359 416 7 9
359 416 7 9
359 416 7 9
389 430 6 8
389 430 6 7
389 431 6 7
389 430 6 7
389 430 7 7
389 431 6 7
389 431 6 8
389 431 6 8
389 431 6 7
389 430 6 7
389 430 6 7
389 430 6 7
389 430 6 7
389 430 6 7
390 430 6 8
389 430 6 8
389 430 6 7
389 430 6 7
389 430 6 7
389 430 6 8
389 430 6 8
389 430 6 8
389 430 6 7
389 430 7 8
389 430 6 8
389 430 6 7
389 430 6 7
389 430 6 7
389 430 7 7
389 430 6 7
389 431 7 7
389 431 6 7
389 430 6 7
389 431 6 7
389 430 6 8
389 430 7 7
389 430 6 8
390 430 5 8
389 430 6 7
389 431 6 7
389 431 6 7
389 430 6 7
389 430 6 7
389 431 6 7
389 431 6 7
389 430 6 7
390 431 5 7
389 431 5 7
389 431 6 7
389 431 6 7
389 431 6 7
389 431 6 7
389 431 6 7
389 431 5 7
389 431 6 7
389 430 6 7
389 430 6 8
389 431 6 7
389 431 6 7
389 430 6 7
388 430 7 7
388 430 6 8
388 430 7 8
389 430 7 8
389 430 7 8
389 430 7 8
388 430 7 7
389 430 7 8
389 430 7 8
389 430 7 8
389 430 6 9
389 430 5 8
389 431 5 8
389 431 6 7
389 430 6 7
389 431 6 7
389 430 5 7
389 431 5 7
389 431 5 7
389 431 6 7
389 430 6 7
389 430 6 7
389 430 6 7
388 430 7 7
389 430 6 7
389 431 6 7
389 430 6 8
389 431 6 8
389 431 6 8
390 430 5 8
390 431 5 7
389 431 5 7
389 431 5 7
389 430 5 8
389 430 6 7
389 431 6 7
389 430 6 7
389 430 7 8
389 430 7 8
389 430 7 8
389 430 7 8
389 430 7 8
389 430 7 8
389 430 6 8
389 430 6 8
389 430 6 7
389 430 6 7
389 430 6 7
389 431 6 7
389 430 6 8
389 430 6 8
389 430 7 8
389 430 6 8
389 430 6 8
389 430 6 8
389 430 6 8
389 430 6 7
389 430 6 7
389 430 6 7
389 430 6 7
389 430 6 7
389 430 6 7
389 431 6 7
389 430 6 7
389 431 6 7
389 430 6 7
389 430 6 7
389 430 6 8
389 430 7 7
389 430 6 8
389 430 6 8
389 430 6 8
390 430 5 7
390 430 5 7
390 430 5 7
389 430 5 7
390 430 5 7
390 430 5 7
390 430 5 7
390 430 5 7
390 430 5 7
390 430 5 8
390 430 5 7
389 430 6 8
389 431 6 7
389 431 6 7
389 431 6 7
389 431 6 6
389 430 6 7
389 430 6 8
389 430 6 7
389 430 6 8
389 430 7 8
389 430 7 8
389 430 7 8
390 430 6 8
389 430 5 8
389 430 6 8
389 430 6 7
389 430 6 7
389 430 6 7
389 430 6 7
389 430 6 8
389 430 6 8
389 430 6 8
389 430 6 8
389 430 6 7
389 430 7 7
389 430 5 8
389 430 5 7
390 430 5 7
389 430 5 8
389 430 5 7
389 430 5 7
389 430 6 7
389 430 6 7
389 430 6 7
389 430 6 8
389 430 6 8
389 430 6 8
389 430 5 8
389 430 6 7
389 430 6 7
389 430 6 8
389 428 5 8
389 424 5 8
389 420 5 7
390 418 5 7
389 414 6 8
389 409 6 8
390 402 5 7
389 395 6 8
389 395 6 8
390 382 5 9
389 374 5 9
389 366 5 8
389 355 6 8
389 343 6 10
389 333 7 12
389 323 6 11
389 314 5 11
389 303 7 10
389 303 7 10
389 303 7 10
389 303 7 10
389 303 7 10
389 303 7 10
356 325 10 11
320 346 16 13
345 296 13 15
345 286 12 15
321 316 17 14
319 301 20 19
318 286 24 23
319 276 23 25
318 269 22 25
318 262 22 25
317 255 24 27
318 249 23 27
318 244 23 27
318 241 22 25
318 237 22 26
318 234 22 24
319 229 22 27
318 226 24 27
318 224 24 27
318 223 24 27
318 222 25 27
317 222 26 27
318 221 23 28
318 221 24 28
318 223 24 26
318 221 25 27
318 221 25 28
318 223 24 26
317 221 25 27
317 221 26 28
317 221 24 27
317 221 25 28
317 221 25 28
317 222 24 27
317 222 25 27
317 221 26 27
318 221 25 28
317 222 25 28
317 221 25 28
317 221 26 28
317 221 25 28
318 221 25 27
318 221 25 27
317 221 26 28
317 221 25 27
317 222 25 27
317 222 25 27
317 221 24 27
317 221 24 27
318 221 24 27
318 221 25 27
317 221 24 28
317 221 25 27
317 222 25 27
317 222 25 26
317 222 25 27
317 221 25 26
318 222 25 27
318 221 24 27
318 221 24 27
318 222 24 26
317 222 25 27
318 222 25 27
317 221 25 27
318 222 24 27
318 222 24 26
318 222 24 26
317 222 25 26
318 223 24 26
317 223 25 26
317 223 25 25
318 223 25 25
318 221 24 27
318 221 24 27
317 222 24 27
318 220 25 28
317 221 25 27
317 221 25 27
318 220 25 28
318 222 24 27
318 220 25 28
318 222 24 26
318 221 24 27
318 221 24 26
316 225 26 26
316 228 25 26
317 231 25 26
317 234 26 27
317 236 26 28
318 242 25 27
317 249 25 27
318 256 24 27
317 262 24 27
319 266 23 29
318 277 23 27
317 286 24 27
318 298 24 27
318 305 24 28
317 315 24 27
318 324 24 28
317 334 25 28
317 346 24 28
318 354 25 29
318 363 24 29
319 372 23 28
317 383 25 29
318 395 24 27
318 401 25 30
317 413 25 29
318 424 25 27
319 435 23 26
317 446 24 25
318 452 24 29
318 461 24 27
319 466 23 28
318 472 24 29
319 479 24 27
319 479 24 27
319 479 24 27
411 424 30 28
411 424 30 28
411 424 30 28
438 375 20 15
439 379 17 12
438 380 16 12
437 380 17 13
437 381 17 12
437 381 16 13
437 381 16 12
438 382 17 11
438 382 17 11
438 382 17 11
438 382 17 11
438 382 17 11
439 382 16 11
438 382 16 11
438 382 17 11
438 382 17 11
438 382 17 11
438 381 17 11
438 382 17 11
439 382 17 11
440 383 17 10
438 382 16 11
439 382 16 11
439 382 16 11
440 383 16 10
439 383 17 10
438 383 16 10
438 382 16 11
439 383 16 10
438 383 16 10
438 383 16 10
439 383 16 10
438 383 16 10
439 383 16 10
438 382 16 11
438 382 16 11
439 383 16 11
438 382 16 11
438 383 16 11
438 382 16 11
438 383 16 10
438 383 16 10
438 383 16 10
438 383 16 10
438 383 16 11
438 383 16 10
438 383 16 10
438 382 16 11
438 383 16 11
438 383 16 11
438 383 16 10
438 383 16 10
438 383 16 11
438 383 16 10
438 383 16 10
438 382 16 11
438 382 17 11
438 382 16 11
438 383 16 10
438 383 16 10
438 383 16 10
438 383 16 10
438 383 16 10
438 383 16 10
439 383 16 10
439 383 16 10
439 383 16 10
440 383 16 10
440 383 16 10
439 383 16 10
439 383 16 10
438 382 16 10
438 382 16 11
438 383 16 10
438 383 16 10
438 383 16 10
438 383 16 10
438 382 16 11
438 383 16 10
438 383 16 10
437 383 16 10
438 383 16 10
438 383 16 10
438 383 16 10
438 383 16 10
438 383 16 10
438 383 16 10
438 383 16 10
438 383 16 10
438 383 16 10
438 383 16 11
438 383 16 10
438 382 16 10
438 383 16 10
438 382 16 12
433 381 18 13
430 382 17 11
418 382 19 12
407 382 19 11
391 383 19 10
373 383 19 11
357 383 19 11
340 382 19 12
