282 276 8 8
283 273 6 7
279 270 7 5
282 267 8 5
282 264 8 7
281 261 8 7
282 259 7 6
282 255 8 5
282 253 9 7
282 250 7 5
283 247 8 5
282 243 7 6
284 241 6 5
282 240 7 6
285 246 7 7
281 257 7 6
282 265 8 7
284 272 9 6
285 270 7 5
283 267 7 5
286 264 5 5
284 261 6 5
283 257 7 6
285 255 6 5
283 252 8 6
285 252 8 7
287 260 6 6
287 271 6 6
287 279 6 6
287 279 7 6
287 276 7 6
284 273 8 6
282 271 9 5
286 269 7 5
285 266 6 5
286 264 6 6
287 261 7 5
285 259 6 5
286 256 6 5
286 253 7 6
286 251 7 6
287 254 6 7
288 266 7 8
286 274 7 6
287 281 8 7
287 281 8 7
286 289 7 7
285 286 8 6
286 283 7 6
287 281 7 6
287 279 7 5
286 276 7 5
286 273 7 5
286 271 8 7
288 269 9 5
288 266 8 6
289 264 8 5
289 262 7 6
289 260 7 5
288 258 7 5
289 255 8 5
285 253 8 6
289 251 7 5
289 247 7 7
289 246 7 6
289 244 7 5
288 241 7 5
289 240 7 5
287 238 7 5
290 235 7 5
286 232 8 7
290 230 8 7
287 227 7 6
287 224 7 6
289 222 7 6
289 221 7 8
287 230 9 9
289 240 7 7
288 247 7 7
289 255 6 6
289 257 6 7
288 253 7 7
289 251 7 6
289 248 7 6
289 246 7 5
288 243 7 5
289 241 7 5
289 239 7 6
289 237 6 5
289 235 5 4
290 232 5 5
290 231 5 4
290 228 5 6
291 226 5 4
290 227 5 6
291 236 6 6
291 245 6 6
290 252 7 7
288 259 8 6
288 257 10 6
289 255 8 7
289 252 8 7
292 250 7 6
292 248 7 6
292 246 7 6
291 243 7 6
290 240 7 6
292 239 6 6
293 235 6 5
292 232 7 5
292 230 7 5
292 227 7 5
292 224 7 5
291 222 7 5
292 219 7 7
292 217 7 5
292 224 6 6
292 233 6 7
292 240 7 7
293 249 6 7
292 258 6 6
293 266 6 6
290 274 6 7
291 283 6 7
290 291 7 8
292 298 7 6
293 296 7 7
292 293 8 6
290 290 8 7
290 288 8 6
292 285 9 6
290 282 8 6
290 280 8 6
293 277 8 5
293 274 8 5
293 278 8 6
292 287 8 6
292 295 7 6
294 300 8 6
291 296 7 6
294 294 8 6
292 291 7 6
291 289 8 6
294 286 7 5
291 282 8 5
290 280 9 5
291 278 8 6
291 274 7 6
293 272 8 7
291 278 8 6
293 288 7 7
292 296 8 7
294 303 8 7
294 311 8 7
294 319 7 7
293 328 7 7
293 336 8 7
294 337 8 7
295 333 7 5
295 331 6 5
294 328 7 5
294 325 7 6
294 323 6 5
296 320 6 5
294 317 7 6
294 315 6 5
295 312 6 5
294 309 7 5
294 306 7 5
293 304 8 6
292 300 8 6
292 299 7 5
294 296 7 5
293 293 8 6
294 291 7 5
294 288 8 7
294 286 7 5
295 286 7 5
293 295 8 6
293 303 7 7
293 311 6 7
293 319 7 5
294 321 8 6
295 317 7 5
295 315 6 5
294 311 7 6
295 310 6 5
295 307 6 4
295 304 6 6
295 302 6 6
295 298 6 5
295 295 6 6
295 291 6 6
294 289 7 7
295 286 6 6
294 284 6 5
294 281 6 6
295 277 6 5
296 274 5 5
295 271 6 6
295 269 5 5
294 274 6 6
293 284 7 7
295 292 6 6
293 299 6 7
293 308 6 7
294 310 6 6
294 305 7 5
293 303 7 6
294 300 7 5
293 298 6 5
294 295 6 5
293 291 6 5
293 288 7 6
295 285 6 5
293 282 6 5
294 279 7 5
292 276 8 6
294 273 7 6
294 269 7 6
292 266 7 5
293 264 6 5
294 261 6 5
293 257 6 6
293 255 7 6
293 256 8 7
294 265 6 6
294 273 6 6
293 281 7 6
294 288 7 5
293 285 6 5
294 282 6 5
295 279 6 6
295 276 5 4
295 273 6 5
294 271 6 5
294 267 6 5
294 263 7 6
294 260 6 6
295 257 6 6
295 260 6 6
294 269 6 7
296 277 7 6
296 279 7 6
294 275 6 6
294 272 7 5
294 269 7 5
294 265 7 6
295 263 7 5
296 260 7 5
294 256 7 6
297 253 7 5
295 250 7 8
294 247 7 6
295 253 6 6
295 263 6 6
294 271 6 6
295 279 6 5
296 275 7 6
295 272 7 6
297 270 7 5
294 266 6 6
295 263 8 6
294 260 7 6
294 256 7 7
294 254 8 5
294 251 7 5
294 247 8 6
294 244 8 6
294 241 8 6
294 238 8 6
294 237 8 7
295 245 7 6
295 253 7 6
294 259 7 6
294 262 7 6
295 256 7 7
296 252 8 6
296 248 8 7
297 244 7 5
296 240 7 5
294 237 7 6
297 234 8 5
296 235 7 5
296 241 7 6
294 250 7 6
294 258 8 6
297 265 7 6
295 268 7 6
294 263 7 6
294 260 7 6
295 257 7 5
297 254 7 6
294 250 7 5
294 247 8 5
294 244 8 6
295 240 8 7
294 245 7 6
297 256 7 6
295 262 8 7
295 268 8 7
294 266 8 8
297 263 8 7
293 261 9 6
294 257 8 6
294 254 8 6
295 250 8 6
295 248 8 6
296 253 7 7
295 263 8 9
294 269 8 6
294 279 8 5
297 287 6 5
296 294 7 6
294 300 8 7
295 298 8 6
298 295 7 6
296 292 7 6
295 289 8 7
295 287 8 7
294 283 8 5
295 280 8 6
294 276 8 6
295 273 8 6
294 271 8 6
295 268 8 6
296 265 8 5
294 270 7 6
294 280 8 7
295 286 8 7
294 293 8 6
294 299 8 5
294 295 8 5
294 291 7 5
294 288 7 5
295 286 7 5
295 283 7 5
294 279 7 5
295 276 7 5
295 279 6 6
297 289 7 7
294 296 7 7
294 305 7 6
294 312 8 6
293 310 8 6
296 307 7 6
294 303 8 7
294 301 8 6
294 298 7 5
294 295 7 6
294 292 7 6
295 289 8 6
296 287 7 5
295 283 7 5
296 285 7 6
296 295 7 6
297 303 6 6
297 310 6 6
297 311 7 6
297 307 6 6
297 303 6 6
297 301 6 5
297 297 6 5
296 293 6 6
297 291 6 5
296 288 6 5
296 285 7 5
294 281 8 6
294 278 8 6
296 275 7 5
296 272 7 5
296 270 7 6
294 277 8 7
293 286 9 7
293 293 9 7
295 301 8 8
294 309 8 7
295 316 8 7
297 324 9 9
297 333 8 8
297 333 8 8
295 328 8 6
296 326 8 6
296 322 7 5
297 320 7 6
297 316 6 6
298 313 6 6
297 311 6 5
298 308 6 5
297 304 7 6
297 302 6 5
298 299 6 5
297 295 6 5
297 293 6 5
297 290 6 5
297 297 6 6
297 307 6 5
297 307 6 5
296 303 6 5
297 301 6 4
298 297 5 5
298 295 6 5
297 292 7 6
297 289 6 6
296 287 6 5
297 284 6 4
297 281 6 6
295 277 7 6
295 274 8 5
295 271 8 6
295 268 9 6
295 272 8 6
299 282 5 6
298 289 5 7
297 296 6 6
296 305 7 7
296 308 7 5
296 304 7 5
294 301 8 5
294 298 8 6
295 295 8 5
296 292 7 5
299 290 7 5
296 286 7 5
296 284 7 6
295 280 8 7
295 277 8 6
296 274 7 6
296 272 7 6
297 269 7 6
294 265 7 6
294 265 8 6
295 274 6 7
294 283 7 6
294 290 7 6
294 298 8 7
294 305 7 6
294 301 8 6
294 298 7 6
295 295 8 8
294 293 8 7
295 291 7 5
296 287 6 5
296 285 6 5
296 282 6 5
295 279 7 5
295 275 7 5
294 272 8 6
296 271 8 5
294 267 8 5
294 265 8 6
293 268 8 7
293 279 8 7
294 288 8 7
294 297 7 6
294 296 8 6
294 294 8 7
293 293 8 6
294 293 7 6
295 292 7 6
294 291 7 7
295 291 6 5
294 291 6 5
295 290 6 5
295 290 7 5
294 289 7 5
294 289 7 5
294 288 7 7
294 288 8 7
294 288 7 5
294 288 6 5
293 287 6 5
294 286 7 5
293 286 7 5
292 285 8 6
292 286 8 6
294 295 7 8
293 307 8 7
294 317 7 6
294 320 7 5
294 318 7 5
293 318 7 5
292 316 7 5
292 315 7 6
292 314 7 5
292 313 8 6
292 313 8 6
293 312 8 6
292 312 7 5
292 311 8 5
292 311 8 5
291 309 8 5
291 309 7 5
292 307 8 6
291 306 8 5
292 306 8 5
292 305 8 5
293 304 7 5
293 303 8 5
293 301 8 5
292 300 8 4
292 299 8 4
293 298 7 5
291 296 8 5
291 295 8 5
294 293 7 5
294 292 7 4
294 290 7 5
294 289 7 5
292 286 8 6
293 286 8 6
291 284 7 6
292 284 8 5
291 281 8 5
293 279 7 6
291 277 7 6
291 277 8 6
290 275 8 6
291 274 8 6
292 274 8 6
291 272 9 6
293 272 8 5
292 271 8 5
293 270 7 5
294 270 6 5
293 269 7 5
294 268 6 4
293 267 6 4
294 266 7 4
293 264 6 4
293 263 7 5
294 263 6 4
294 262 7 4
294 261 7 5
294 260 6 4
293 258 7 5
294 257 6 5
294 255 6 5
293 254 6 5
293 253 6 5
292 251 8 6
293 250 7 5
293 249 7 6
293 247 7 5
294 246 6 5
293 245 8 5
293 244 7 5
294 244 6 4
294 244 6 4
292 243 7 5
291 242 8 5
291 242 8 5
292 241 8 5
292 241 8 5
292 241 8 5
291 240 8 5
291 240 8 5
291 240 8 5
292 239 7 5
293 239 7 5
292 239 7 5
292 239 7 5
292 239 7 5
292 238 7 5
292 238 7 6
292 237 8 7
293 236 8 7
293 236 8 8
293 235 8 7
293 235 7 6
294 235 7 6
293 235 7 6
294 235 6 5
294 235 6 4
294 235 6 5
294 236 6 4
294 236 7 5
294 236 7 5
293 236 7 5
293 236 7 5
294 237 7 5
293 236 7 6
293 237 7 5
293 237 8 5
293 237 8 6
293 238 7 5
293 239 7 5
294 239 6 4
294 238 7 5
294 238 7 5
294 238 7 5
294 239 6 4
294 239 6 4
294 238 6 4
294 237 6 5
294 237 6 5
294 236 6 5
294 235 7 5
294 235 6 5
294 235 7 4
295 234 7 6
294 234 7 5
294 234 7 5
295 233 7 5
294 233 7 5
295 233 7 5
295 233 6 6
294 233 7 6
294 234 5 5
295 235 6 5
295 236 5 4
294 235 6 4
294 236 6 5
295 237 6 5
295 238 6 5
295 238 6 5
294 238 7 5
294 238 7 6
295 238 7 5
294 237 7 5
294 238 6 5
294 237 7 6
295 238 6 5
295 237 6 5
295 237 6 5
295 236 6 5
295 236 7 5
295 235 7 6
294 235 7 5
295 235 7 5
294 235 7 5
295 235 6 5
294 234 6 5
295 234 6 5
294 235 6 4
294 234 6 5
295 235 6 5
294 235 7 5
294 235 6 5
294 235 7 5
295 236 7 6
294 237 7 6
294 237 7 5
295 237 7 5
295 237 8 6
294 237 8 6
295 238 7 6
295 239 6 5
296 239 6 5
295 239 7 5
295 239 7 5
295 239 7 4
295 239 6 4
295 238 7 6
294 237 8 6
294 236 9 6
293 237 8 6
294 236 8 6
293 236 8 6
294 235 9 7
295 235 7 5
295 235 7 5
294 234 8 5
294 234 7 5
295 235 7 5
295 235 8 5
295 235 7 5
294 234 8 5
295 235 7 4
295 236 7 5
294 236 8 5
295 237 7 5
295 237 7 5
294 244 7 8
296 256 7 9
297 268 7 7
296 278 7 8
297 289 7 7
295 293 8 5
298 292 6 5
297 292 7 5
296 292 7 5
296 292 8 5
298 292 7 5
298 292 6 4
297 291 7 5
298 292 5 4
297 291 5 5
297 291 6 5
298 291 6 5
297 290 7 6
297 290 7 5
297 290 8 5
297 290 7 5
297 290 7 5
298 291 6 5
298 291 6 5
297 291 7 5
297 291 6 5
297 292 7 5
298 293 7 5
297 293 7 5
297 293 8 6
297 294 8 6
297 295 7 5
298 295 7 5
298 295 6 5
297 295 7 5
297 295 7 5
297 295 7 4
298 295 6 5
298 294 6 4
298 293 7 5
298 293 6 5
298 292 7 5
300 292 6 5
301 291 6 5
299 291 7 5
299 291 6 5
299 290 7 5
299 291 7 5
299 291 7 5
299 291 8 6
300 291 7 6
299 291 8 6
299 291 7 6
300 292 7 6
301 293 6 5
299 293 7 5
300 293 8 6
299 295 7 5
301 296 7 5
299 295 7 5
299 294 7 5
299 295 7 6
299 295 7 6
302 295 7 6
299 295 7 5
299 294 7 5
300 293 6 5
300 293 6 5
299 292 7 4
300 291 7 5
301 291 6 5
302 291 6 5
302 290 6 6
302 290 6 4
302 289 6 5
302 289 6 6
302 289 7 5
301 289 6 4
302 289 6 4
302 289 5 5
301 289 6 5
302 289 5 5
302 290 5 5
302 290 5 5
303 291 6 5
302 292 6 4
301 292 6 5
301 292 6 5
300 292 7 5
303 293 7 5
303 294 7 5
301 293 6 5
300 293 7 5
302 293 7 5
302 293 6 5
302 292 6 5
302 293 6 5
302 292 6 5
303 291 6 5
302 290 6 5
302 290 6 5
302 290 7 5
303 290 5 5
303 289 6 5
304 289 6 5
304 289 6 5
303 289 7 5
303 289 7 6
302 290 7 6
302 290 7 5
303 291 6 5
303 291 7 5
303 292 7 6
302 292 7 6
303 292 6 5
302 292 7 6
302 293 6 5
302 293 7 5
302 293 6 5
302 293 6 5
302 293 6 5
302 293 7 5
301 293 7 5
302 293 6 5
302 293 7 5
302 293 7 5
302 292 7 5
302 292 7 5
303 291 7 5
303 291 7 5
303 291 7 4
303 291 8 5
303 291 7 4
303 291 8 4
303 291 7 4
303 291 8 4
303 291 7 4
303 291 8 5
303 292 8 4
302 291 7 5
302 292 7 6
303 294 7 5
305 294 7 5
302 294 8 5
302 294 6 5
302 294 6 5
302 295 6 5
302 295 6 5
302 294 6 5
304 294 7 6
303 293 7 6
302 293 7 6
303 293 7 5
303 292 7 5
304 291 6 5
304 292 7 4
304 292 6 4
305 292 5 4
305 291 6 4
305 290 6 5
305 290 6 5
304 290 7 5
305 290 7 4
305 290 7 5
304 290 7 5
304 290 7 5
304 287 7 5
305 279 6 5
304 269 6 5
304 263 6 5
303 263 7 6
304 264 8 6
305 264 6 5
304 264 7 5
304 264 7 6
306 265 6 5
306 265 7 5
305 265 7 6
306 265 7 5
305 264 7 6
305 264 7 5
305 264 7 6
305 263 7 6
306 263 7 5
305 262 7 6
305 261 7 6
306 260 7 6
305 259 7 6
305 259 7 6
305 259 7 6
306 260 7 5
306 260 8 4
305 260 8 4
306 260 8 4
306 260 8 4
306 260 8 5
306 260 7 6
305 261 7 5
305 262 7 5
305 262 8 5
305 262 6 5
305 263 6 5
306 264 7 5
306 264 7 6
305 264 7 5
308 264 7 5
305 264 7 5
305 264 7 5
305 264 8 4
306 264 7 5
306 264 7 5
306 263 7 5
306 262 8 5
306 262 8 5
306 260 7 5
307 261 7 5
307 260 8 5
307 260 7 5
308 260 7 4
308 260 7 5
307 260 6 5
308 260 6 5
308 260 6 5
307 261 7 5
306 261 7 5
307 262 7 6
306 263 7 5
306 264 7 5
306 264 6 5
306 264 6 5
307 265 7 5
307 264 7 5
307 264 6 6
306 264 8 5
307 265 7 6
307 265 7 5
307 264 7 6
306 264 7 5
307 263 7 5
307 264 7 5
308 264 6 4
310 264 6 5
309 263 6 4
310 263 5 4
308 263 7 5
309 262 6 5
310 261 6 5
309 261 6 5
310 261 6 5
310 261 6 5
309 261 7 5
309 262 6 5
310 261 6 7
310 262 7 7
309 264 7 6
309 265 6 6
310 266 5 5
310 266 6 6
310 268 7 6
310 268 7 6
309 268 7 6
309 268 7 5
308 267 8 6
309 267 7 6
309 267 7 6
309 267 7 6
308 267 7 5
308 266 7 6
308 267 7 5
309 267 7 5
309 267 7 5
311 266 7 5
308 265 7 6
307 265 7 6
307 265 7 6
309 265 7 5
309 265 7 5
309 266 6 5
309 266 6 5
310 266 6 5
309 266 7 5
307 267 8 5
307 267 7 5
309 268 7 5
309 268 7 6
309 269 7 6
309 270 8 5
310 271 5 5
312 271 5 5
310 271 5 5
310 271 5 5
311 271 5 5
312 271 5 5
310 270 6 4
310 270 7 4
310 269 6 5
311 269 6 5
310 267 7 6
311 267 7 5
310 266 7 5
311 267 7 5
310 266 7 5
311 266 6 5
310 266 7 5
311 266 7 5
311 266 7 5
310 266 7 5
310 267 7 5
310 267 7 5
311 268 6 4
310 268 7 5
310 269 7 5
310 269 6 5
310 271 6 5
310 271 7 6
310 270 6 6
310 271 6 5
309 271 6 6
311 271 6 5
310 271 6 5
310 271 6 5
310 270 5 4
310 270 6 5
310 269 7 5
310 269 7 6
309 268 7 5
310 268 8 6
310 267 7 5
311 267 7 5
311 268 6 4
312 268 5 4
311 268 6 4
312 267 7 5
311 267 7 5
311 268 7 4
310 268 7 5
311 269 7 4
311 269 7 5
312 269 6 4
313 269 6 4
311 269 7 5
311 270 7 5
311 271 7 5
312 271 7 5
311 270 8 6
311 270 7 6
311 271 7 6
310 270 8 7
310 269 7 7
310 270 8 7
311 269 7 6
310 269 7 6
311 269 7 6
310 269 8 6
311 269 7 6
311 269 7 6
310 268 8 5
313 269 8 5
313 269 7 4
312 269 7 5
312 269 8 5
312 268 8 6
313 268 8 6
313 269 8 6
313 269 8 6
315 270 7 5
313 271 7 5
313 272 6 5
312 272 7 5
313 272 6 5
313 272 6 5
313 273 6 5
313 274 6 4
313 274 6 5
312 274 6 4
313 275 6 4
313 274 7 4
313 274 7 5
313 274 8 5
313 274 7 5
313 273 7 5
314 274 7 6
314 274 6 6
313 273 7 5
313 273 7 6
314 273 7 5
314 272 7 6
313 273 7 5
312 272 9 6
313 273 8 5
314 274 6 5
314 274 7 5
314 275 7 5
314 275 7 5
314 276 7 6
312 277 7 5
313 277 7 5
313 278 7 5
313 279 6 4
313 279 7 5
316 279 6 5
315 279 7 6
312 279 8 6
312 280 8 5
313 280 8 5
313 280 7 5
313 279 8 5
313 279 8 4
313 278 8 5
312 278 8 5
312 278 8 5
313 278 8 5
312 278 9 5
313 277 8 5
313 277 8 5
313 277 8 5
316 278 7 5
313 278 9 6
313 278 9 6
312 278 10 5
316 278 8 6
315 279 8 5
316 279 6 5
315 279 6 5
314 279 6 5
316 284 6 6
316 295 6 5
316 295 7 5
315 295 7 5
313 295 7 5
314 295 8 5
313 296 8 5
313 296 8 5
313 295 8 5
314 296 8 6
314 295 8 5
315 294 8 5
316 294 7 5
315 295 8 5
315 295 8 5
316 294 8 6
315 294 8 6
315 293 8 6
318 294 7 5
315 294 9 6
314 294 9 5
317 295 7 5
317 295 8 5
317 295 8 5
316 290 6 5
314 279 7 6
314 274 8 5
315 275 8 5
316 276 8 4
317 276 7 4
314 276 8 5
313 276 9 7
313 276 9 6
315 276 9 5
315 276 8 5
316 276 7 5
316 277 7 5
316 277 6 5
317 276 6 5
317 276 6 4
318 276 6 5
317 276 6 5
316 276 7 5
315 275 8 6
315 276 7 5
316 275 7 6
316 276 7 5
315 275 8 5
316 275 7 6
316 275 7 7
316 276 7 6
318 276 6 5
316 276 7 6
317 277 8 6
319 278 7 6
317 278 6 6
317 278 7 5
317 279 7 5
316 279 7 5
317 280 8 5
315 280 7 6
315 280 8 6
315 281 7 5
315 280 8 6
315 281 8 5
315 280 8 6
314 281 8 5
314 280 8 6
315 280 7 5
317 279 8 5
314 279 8 5
317 279 8 5
314 278 8 6
318 278 7 5
318 277 6 5
315 277 8 6
317 277 8 5
315 277 9 7
315 277 8 5
315 277 8 5
315 278 8 5
315 277 8 5
316 278 7 5
315 278 7 5
315 279 7 5
315 280 7 5
315 280 8 5
314 280 9 5
315 280 8 5
315 280 7 6
315 280 7 5
315 280 7 6
318 280 7 5
315 280 7 5
315 280 8 5
316 279 7 5
318 279 7 5
318 278 6 5
316 277 7 6
316 277 7 6
317 276 7 6
317 275 7 5
319 276 5 4
317 275 7 5
316 275 7 5
316 274 7 5
316 275 7 5
316 275 7 5
318 276 6 4
318 276 6 5
317 277 7 5
316 277 7 5
315 277 8 6
315 278 8 6
315 279 8 5
315 279 7 5
315 279 7 5
315 279 7 5
315 278 7 5
315 278 7 5
315 277 8 6
315 277 8 6
315 277 7 6
316 276 7 6
316 276 7 6
317 275 7 6
317 275 6 5
317 275 6 5
317 274 6 5
318 273 6 5
318 274 7 5
318 273 7 5
319 273 7 5
318 273 7 5
318 273 7 5
318 274 6 5
318 274 6 5
318 275 6 5
317 276 7 5
318 276 6 5
318 276 6 5
317 276 7 5
317 276 6 6
317 277 7 5
318 278 7 5
318 278 7 6
317 278 7 5
317 278 7 5
318 277 7 5
318 277 6 5
317 277 7 5
318 276 6 5
317 275 7 6
318 275 7 5
318 275 7 5
319 274 7 5
318 273 7 5
318 273 7 5
318 273 6 5
318 273 7 5
318 273 7 5
318 273 7 4
318 273 7 5
318 274 7 5
317 274 7 5
317 274 6 5
318 275 6 4
318 276 7 4
318 277 5 4
318 277 6 5
317 278 7 5
317 277 7 6
317 278 7 5
318 278 7 5
318 278 6 5
318 278 5 5
317 277 6 5
318 277 6 5
318 276 6 5
316 275 7 5
317 275 7 5
316 275 8 5
318 274 7 5
318 274 6 5
319 273 7 4
320 273 7 5
318 272 7 4
318 272 7 4
318 272 7 4
318 272 7 4
318 272 7 4
319 272 6 5
318 271 6 6
318 272 7 5
318 273 7 5
318 274 7 5
318 274 7 5
319 275 7 4
318 275 6 5
318 275 7 5
318 275 7 5
318 275 7 5
318 275 6 5
318 275 6 4
318 275 6 4
318 275 6 5
320 274 6 5
319 274 6 5
318 272 7 6
318 272 7 5
317 271 8 5
318 271 6 4
318 270 6 4
319 269 6 5
319 269 6 5
318 268 6 5
318 269 7 5
318 268 6 5
318 269 6 5
318 269 7 6
318 269 6 6
318 269 7 7
318 270 7 5
318 270 7 7
318 271 7 5
318 272 6 5
316 272 8 6
318 273 6 6
318 273 6 6
318 274 6 5
318 274 6 5
318 274 6 5
318 274 6 5
318 274 6 5
318 274 6 5
318 272 7 5
318 272 7 5
318 271 6 4
319 271 6 4
318 271 6 4
318 269 6 5
318 267 7 4
319 267 7 4
319 266 7 4
319 266 7 4
318 266 8 5
318 267 8 4
318 266 7 5
318 267 7 5
318 267 7 5
318 267 6 5
318 268 7 4
310 269 8 5
310 269 8 5
310 269 8 5
310 269 8 5
310 269 8 5
288 271 7 5
284 272 8 4
276 272 7 5
271 272 8 5
274 272 7 5
277 272 8 5
277 271 7 4
276 271 8 5
276 270 8 5
276 269 8 5
275 268 8 6
276 267 7 5
277 267 6 5
277 266 7 5
276 265 7 5
275 265 7 5
278 265 7 5
289 265 9 4
289 265 9 4
306 264 6 4
306 264 6 4
322 264 9 5
314 264 8 5
313 265 8 5
318 265 8 4
326 266 7 4
330 267 6 5
326 267 7 5
324 268 7 5
323 268 7 5
323 268 7 5
322 268 8 5
323 268 8 6
324 268 7 5
323 267 7 5
325 267 6 4
325 266 7 5
325 265 7 5
326 265 6 5
326 264 7 5
325 264 6 5
326 263 7 5
326 262 6 5
325 261 7 6
326 261 7 5
326 261 7 5
326 261 7 5
326 261 7 5
326 261 7 5
325 261 6 5
325 261 7 5
325 262 7 6
326 262 7 6
325 263 7 5
325 264 7 5
326 265 6 5
325 266 6 5
326 266 5 5
326 266 5 5
326 266 5 5
326 267 5 5
325 266 6 5
326 266 7 5
326 266 7 5
326 265 7 5
326 265 7 6
326 264 7 5
326 263 7 5
326 262 7 5
326 262 7 5
325 261 7 5
325 262 7 5
325 261 7 5
326 261 7 5
326 261 7 5
326 261 8 5
326 261 7 5
326 261 8 5
326 261 7 5
326 261 7 5
326 262 7 5
325 263 7 5
326 264 7 4
326 264 7 5
326 265 7 5
325 265 7 5
326 266 6 5
326 266 7 5
326 266 7 5
326 266 7 5
325 265 8 6
325 265 8 6
325 265 8 6
326 264 7 6
326 264 7 5
326 263 7 5
326 263 7 6
326 263 7 5
326 262 7 6
326 261 7 6
327 261 7 6
327 261 7 6
326 261 7 5
326 261 8 5
327 262 7 5
328 263 6 5
326 264 7 4
328 264 6 5
327 264 7 5
327 265 6 5
327 265 7 5
327 267 6 5
327 267 6 4
326 267 7 4
326 267 7 6
326 267 7 6
326 267 7 5
326 268 6 5
326 268 7 4
326 267 7 5
327 266 7 5
326 265 7 6
326 264 8 6
327 264 7 5
327 264 7 5
327 263 7 6
327 267 8 7
328 278 7 6
328 277 7 5
328 277 6 5
326 277 7 5
327 277 7 5
327 277 8 6
326 278 8 6
327 278 7 7
327 279 8 6
