330.5,473.5,17,9
330.38735891866895,472.48499460475,16.07730475839265,10
331.17090463009805,472.8769592995804,15.702113305995972,10
330.2242919121524,472.8085275412742,15.564182786344295,10
330.73047889840456,472.1297404662429,15.382743866742219,10
331.32687766595245,472.55299495379967,15.295145890130836,10
330.67167860136516,471.84443659418815,15.423806421366855,10
331.3044416569415,472.19561289816113,15.272491911000913,10
330.69606045366754,472.61169474580055,15.47030092074701,10
331.10171205183053,471.86927153382817,15.689630725284346,10
331.1825239246968,472.76155564665595,15.873148813533154,10
330.2632070352088,472.5682331294181,15.94141228409821,10
330.2478952038443,472.10083339247365,15.679277385059937,10
330.2273782600019,471.663965111222,15.481277695215805,10
330.6998718372417,471.82189002885406,15.501553229268332,10
331.46188569200115,471.97377529440416,15.29332025452629,10
331.06177211004706,472.2271583491423,15.522775181988587,10
330.6836966687963,472.4790009533544,15.679979544960403,10
330.77776453274623,472.1383647320846,15.679994796748684,10
330.8718345435498,471.79772831732544,15.680005861704032,10
330.88723305959473,472.5959283721447,15.819132873647067,10
331.5207966709636,472.9040141482594,15.305342650354703,10.137609306448098
331.3685100917965,472.8854071198899,15.097508658595771,10.000966687849209
331.8477323530223,473.2218624195971,14.957254721107665,10
331.08617239300395,472.8228038535591,14.886936885566797,10
331.29158705697625,473.4743355068711,15.253444100895354,10
331.009158167496,473.97317915950305,15.204840643607948,10
330.6768265410256,473.1341516731302,15.162044693454373,10
331.62322272265124,473.4103660744174,15.15326141927282,10
331.55850153642785,473.9121104579831,14.838724952139527,10
332.0745579496323,473.82045665624855,14.590769890761557,10.032728622647605
331.9484031935851,473.2799491572988,14.312198996597154,10.093180051935898
331.5287585868113,474.39313744983616,14.243178429876389,10.046693918239958
331.20403829143277,474.45741249027503,14.27796039395967,10
332.08163601954584,474.3567238224179,14.081952684394112,10.077981421664088
331.20932021780044,474.0360730252716,14.158112120202372,10
331.62564478111057,473.82864500444373,14.296859228203306,10
331.35096140541316,473.9848903558539,14.550141714735352,10
331.12575033413333,474.1950640869268,14.733607747743026,10
331.72618597511934,473.8738670035583,14.36023166883641,10
331.5848393715785,474.28450368213964,14.32246059080688,10
331.43809215200616,474.69452715487,14.295969295795047,10
331.2126130951168,474.131827778246,14.35367964366732,10
332.2362229617768,474.7276014315973,14.296654456494267,10
332.01083911360547,474.1648867685329,14.354163703857235,10
331.5279307203307,474.84351221105567,14.688969590175944,10
331.7665158579449,474.96329425759933,14.774545454583993,10
331.0953778390595,475.16471003812273,14.776652899990449,10
331.30170320741763,474.67619000080214,14.51020850327027,10
330.8892111570976,474.7805607666805,14.50690126194051,10
331.5833737869269,474.7952631782286,14.521965090943437,10
331.0947350381712,474.8998144931685,14.531166273701421,10
331.80793394427695,474.91557752318175,14.50552657756932,10
331.3995463257177,475.02017794501114,14.468341421653982,10
330.9865875417997,475.124625628718,14.441545554211412,10
331.54060471184295,475.3017280398439,14.605186897332345,10
331.0309808233971,475.5674022197095,14.672878770696679,10
331.0235515018502,475.10392310399754,14.591902754340943,10
332.1258336277468,475.61273638272775,14.293855732099637,10
331.965217941047,474.9953912813753,14.128997866520528,10
331.0945818350058,475.8589612675464,14.335330530298041,10
331.8725563975526,475.15228638733987,14.088156710853884,10
332.0359181150106,474.899817788379,14.158898450290128,10
331.2439905433942,475.80982951002414,14.288910970772536,10
332.0952097435171,475.1240599105411,14.040994451358895,10
331.2976809261947,474.9035201369273,14.137201281018399,10
331.27051681011926,475.3614043786634,14.705280357954406,10
331.31914947280984,474.76172123585997,14.738587608538612,10
331.39787541090595,475.19657215373996,14.994239999236964,10
331.4963227960266,474.11362340468787,14.912130037353736,10
331.56660261915357,474.19172979366743,14.995054676157253,10
330.6878022982804,474.34040557841627,14.952891375516714,10
330.63913313224015,473.4300382291542,14.71662470537591,10
331.6616750721496,473.4667053632478,14.889165075236884,10
330.64586761277644,473.67325897772116,14.979658266271803,10
330.7034961655476,473.22025871385074,15.104875164438052,10
330.65639925610793,472.59026976934507,15.091274452499523,10
330.6317746862565,473.0952088869206,15.287108081137731,10
331.1419436878056,471.9769185312036,14.848180558826975,10
331.30360689388993,472.3524365729239,14.87088508505341,10
331.00508978825394,470.56074641774137,14.762885013228832,10
330.6288566098122,470.94591677913786,15.028740545867883,10
330.28703903446547,471.3350566026746,15.220749992052315,10
330.60893287455434,469.36510391862726,14.971468384319458,10
329.9198401268547,468.61464221561636,15.142148965178297,10
330.84672464857437,468.4074714233944,15.271360192104858,10
330.72467314523504,467.0071851720698,15.131437926521013,10
330.12266051818926,466.0530995726164,15.143364316590844,10.017352965812997
329.99285891416343,464.3392496191447,14.947522726380694,10
330.5416269999441,464.0119758970392,14.715777411819612,10
331.05249934843744,463.68762262117286,14.55209763638091,10
330.2909644776986,461.6090388518862,15.135234097053441,10
329.8939104259943,461.2736260182541,15.144678822127819,10
330.57617885109113,462.0726505020633,15.056759675402109,10
329.83089060368474,458.2583078603562,15.004414127295785,10
330.3072967586329,458.56115047859123,14.945745888235297,10
330.2510304971814,455.75033013183264,15.22326723643042,10
329.72885803427386,455.28475341311866,15.335927842617668,10
330.40540919991656,452.868766639613,15.172338238461437,10
329.9816921037486,452.3145379912425,14.94620882246938,10
330.0944978214323,452.34986982907384,15.06900363635533,10
330.2140525244351,448.5650230797745,15.090263512779192,10
330.29304451865283,448.8058449114133,15.22142152004168,10
329.90676880173686,448.43521227294997,15.246622362639549,10
329.3280235965311,449.1994688152768,15.530017314280542,10
329.4353575358192,445.84781077274596,15.604432604324314,10
329.1537498602142,446.1496544494053,15.689656208955624,10
329.86656957110574,441.29429041198193,15.09532217310897,10
329.35652950515356,440.9005502310255,15.23102146107497,10
329.5497421043611,441.2436158842054,15.14449401557674,10
329.70335810518594,438.256208733591,15.06870826321229,10
329.1308122144122,437.5220723385798,15.167837655060406,10
329.19361212478424,437.44367670195885,15.104701079689898,10
329.91567138073236,437.9225720286828,15.082746157025259,10
329.2491102400814,434.33258720559775,15.164877617938581,10
329.3878507345833,434.3779996447889,15.148663644316215,10
329.47272964094464,434.40366859484953,15.065537270023729,10
328.5875120254933,430.5994844291315,15.128685518724472,10
328.8579360935065,430.9424402177805,15.179632972098865,10
329.54540381960607,430.7275197877936,15.210713666920734,10
329.05988611112883,426.4718162362672,15.2706919687754,10
328.5701205194458,427.3638922070411,15.363686004980583,10
329.22212725216286,426.9484565163115,15.203197112671225,10
329.27542262936055,423.94055547090585,15.006990711959256,10
329.69707550318867,424.3698729343267,15.005200090825262,10
329.3127298165471,420.5508763954776,14.710229829458019,10
329.8707610577293,420.802364922859,14.680591697323216,10
329.2283406315874,417.7494236239408,15.086355541606586,10
329.776653371848,417.4320384175747,15.172322053120375,10
329.20438578932635,415.2018224267815,15.769834778950804,10
328.5372642475179,414.2527514841202,15.671395576544601,10
328.77108356009995,414.5002273748285,15.810314808286494,10
329.0571804387728,411.1850469010965,15.735236717058743,10
329.41593079262975,410.65308467992304,15.518662189302594,10
329.0804202757578,410.87404877167813,15.72584345577013,10
329.2290731665886,408.4245464231058,15.796362406013428,10
328.4054058581252,407.79383020737663,15.717544603188745,10
328.6764337827962,408.3567589261073,15.749220407529684,10
328.808092152531,404.9170559956,15.554194797076486,10
328.38166916795984,405.1366339740643,15.555576648194439,10
329.0356524061783,405.2743316217826,15.523260085904251,10
328.85952917359157,402.1857909449181,15.178529433276875,10
329.62603002706004,402.06598924229746,15.027785044591443,10
328.84434682830823,401.297425085227,14.797352206784964,10
328.7606457317755,398.8980628527978,15.11472846276012,10
328.7041272597614,399.51948916052606,15.412303967174056,10
329.3884733512957,395.41829329635334,15.413144985362344,10
328.84870294189574,396.49269648352305,15.741890938689819,10
329.13370209797375,395.93253402935164,15.537431807224735,10
328.4399261857286,392.95475554924616,15.737546338498982,10
328.4093694280481,393.3863976100912,16.02844671673581,10
328.3590080543808,392.60092420532845,15.905147030923139,10
328.4179810210802,390.8935706115868,15.956546759383933,10
328.36328320248214,391.3820623568922,15.935826739810974,10
328.42352235324194,388.080670445579,15.923415053540493,10
328.5046693594716,387.545128111185,15.792156379063151,10
328.5246577380791,388.04488828427236,15.539624033626035,10
328.9992489423439,385.64373241888677,15.438627092414958,10
328.37889744421074,385.09529803109444,15.260315475379695,10
328.7514152971538,385.7136465485894,15.298503994505971,10
329.2212144576046,383.1733800439746,15.674226770935281,10
328.32816041089325,383.1730857258542,15.6401259816932,10
328.3509457110482,383.18557720600074,15.694136632862458,10
328.40679035111583,381.2739188101217,16.007853024436056,10
328.42063938850674,381.4665473636295,16.184782704093184,10
327.93284156772984,382.11341592878784,16.289141460071676,10
328.42924734292325,379.66048998231287,16.143514505292615,10
327.92032466136317,379.01443745408017,15.83677437384338,10
328.8241264700101,379.2929239430358,15.876975919202113,10
328.7178675020913,377.4987240621451,15.840809056410851,10
328.5476995757987,377.88489374991343,15.842391356167855,10
328.3777464617423,378.271086036193,15.843524207716158,10
328.24570214923466,377.4010940722685,15.654392839814493,10
328.0615924220219,375.9552658084047,15.463305624252008,10
328.2805069605708,376.23219815465677,15.72863133232007,10
328.05009239815564,375.74463342441936,15.606537346423185,10
328.8271433638937,375.78931658012243,15.749555888331997,10
328.5391554385113,375.8960575777264,15.801343986914627,10
328.25783433291934,376.00300379647433,15.83879063811466,10
327.8555042312028,374.2134555509694,15.947173632779073,10
328.71020866942393,374.6921937032592,15.90038635011026,10
328.4152603706538,375.2273354179356,15.796213937982746,10
328.05923890281207,373.78054631701923,15.728105498166393,10
328.6629166623239,374.52913608196417,15.977900254240499,10
328.2811500350645,374.1903500381816,15.87617954307328,10
327.96062253352983,373.32685638767475,15.702946691173928,10
328.54117072719373,373.6221285051489,15.82505825726706,10
328.0916256757975,373.9605652470177,15.841527972885714,10
327.6119088105965,373.6048576567927,15.547542314530615,10
328.81225586190106,372.6986802197622,15.409477420652046,10
328.01091912373556,373.08825833414096,15.431083187225624,10
328.13116745866034,373.56936839154713,15.31090893750508,10
328.2482246679373,372.41408147649804,15.346559511456748,10
328.32373677642175,373.46616878580573,15.541303430967746,10
328.30390795727874,373.58353438732064,15.820419980386255,10
327.9670490784208,372.98725391998244,15.778160995918704,10
328.73159453628085,373.54084546970205,15.83243645872895,10
328.3831676714604,372.61018307161396,15.391704682096503,10
328.2954082783486,372.1868089901212,15.28888377981315,10
328.17602962975144,372.9414936108773,15.394769456546793,10
328.070831139625,372.4879351720759,15.32666184205543,10
327.930705905317,373.22908776177917,15.465091548022183,10
327.7879573587741,372.6496022521671,15.311204124370663,10
328.7358240227159,372.07051702400804,15.176989345933368,10
328.6108251705029,372.4954747476261,15.088284924510326,10
328.02852451544703,372.11436481948584,15.125115927778655,10
328.46527274786536,371.71056376509546,15.029138377968044,10
328.7556035585959,372.5217667390297,15.200331095918937,10
328.6757190390896,371.6396242296009,14.960711228364955,10
327.9622495008528,372.450024962761,15.165758275988651,10
327.85165677772886,372.73173620068286,15.127495837871624,10
328.2887918146895,372.32789846658466,15.030815305752423,10
328.70965368681163,371.9179434707403,14.95316790381839,10
328.00634691141045,372.71825427876246,15.146337462300407,10
327.6460464705909,371.87657966298633,15.143332830151994,10
328.38639408078626,372.15087294375917,15.278960311982127,10
328.1393179312933,372.6006792881312,15.275811651104462,10
327.94659269541773,371.84883055232314,15.088170642369521,10
328.11517841848723,372.7975399599148,15.279400629478138,10
327.9229597868029,372.04557835261267,15.09066994585984,10
327.9140723268918,372.2117570590476,15.224117856325872,10
326.76226260769994,373.2433770329453,15.753220690286353,10
327.3213746439309,372.55249657816603,15.879294029048738,10
326.7838947214527,373.1505354307779,16.129299515451564,10
327.25817098076476,373.8029298434808,15.846592394758503,10
327.1932124214606,373.99157894161834,15.558852352474599,10
327.6051022292816,373.3983887956286,15.336294739527766,10
327.9168307253667,374.0840372119499,15.434522814685863,10
327.13347994715446,374.7731166402582,15.601850531234973,10
328.03201638371286,374.9184093075766,15.577369984417187,10
327.3648744716822,374.40270400367115,15.522464954322121,10
327.7088153976916,375.7487305026268,15.51126328352294,10
328.0412366219855,375.03979304763857,15.310211105971028,10
327.2017496008581,375.5467306798903,15.347228439106026,10
327.5128244240175,376.103733251086,15.492256949868986,10
327.84680956129404,376.6637872497728,15.595667664915965,10
327.23212411837477,376.02042420404626,15.408237066573115,10
327.68066551625583,378.58640516440096,15.12619653361488,10
327.46917188864063,378.8880749903061,15.178364660073433,10
327.9343239347654,378.4205838861193,14.92019075436031,10
327.66234170938185,380.52274896797843,15.068399210882752,10
327.3298727621446,380.8368497288693,15.293633346373637,10
327.729351091782,380.43993759770467,15.192451708213028,10
328.1306240093502,383.22728240021183,14.977509735227336,10
327.7766817408076,382.60062010315517,15.081980522595021,10
327.38547123247236,383.1819090257488,15.381203752159601,10
327.6575345935838,383.20390734490405,15.405123913915048,10
328.06322670189,385.3261389946368,15.175040429505136,10
327.4193248947623,385.6184382176467,15.1449709756666,10
327.79307360242177,384.7240117204198,14.974981749452564,10
327.5822979833913,388.40655265205345,15.219266200378208,10
328.1055014875766,388.4554839594137,15.266124897291423,10
327.7161286148427,388.78877327195573,15.29997241066873,10
328.10224460605286,390.9096409688016,15.396365692980691,10
327.4187302508054,391.1800378979017,15.53533482559277,10
327.86212433957235,391.4229049415687,15.741207398981441,10
327.78618128314406,390.9312995203043,15.582325787917334,10
327.2985375164211,394.67005230860855,15.885863413160063,10
327.5341693757334,394.6473364052677,15.882774725036965,10
327.76936322898604,394.62462309180205,15.880508671675893,10
328.04191880471257,398.7467805269616,15.683446106592235,10
328.23681954927605,398.8685600514241,15.454429702110604,10
327.824891444534,398.25394945656194,15.254235125277841,10
328.40169070906006,402.57820494128106,15.455317493664705,10
327.88694744028714,401.43043752803084,15.626679552351561,10
327.9562505379049,402.01372388440956,15.803695206927241,10
328.0214197783396,401.2733935659801,15.70184837146937,10
328.2715765663669,406.0773009502742,15.749374758781077,10
327.4766082988337,405.9387472227164,15.844839773919245,10
327.71197079731576,410.68820440335,16.19345024934928,10
327.551638188333,409.75786424873314,16.153107126175268,10
327.46885059140396,410.169677230284,16.228219647227967,10
327.39598910683964,410.5826187506906,16.28323203820141,10
327.59684268687,414.56643951909047,16.35250950870438,10
327.8539751792843,414.4957052319431,16.503810649471326,10
328.08921793237363,415.4582631235555,16.499863969584585,10
328.1257393273341,419.3101818936349,16.37327402612413,10.04226253455721
328.2083026470832,418.84437773929244,16.25155105720355,10
328.31157874138677,418.3492887386247,16.168594964497853,10
328.0554246923651,423.4030985814953,16.024911794804712,10
327.3115263177776,422.89792297550207,15.947487227439375,10
327.1790021555503,427.33654474210215,15.830469242643996,10
327.11463289258194,426.6544681200801,15.660103040350325,10
328.0430805337193,427.0949212972786,15.63996468576185,10
328.14163821736383,430.7178400205411,15.462476099342767,10.064296404970003
327.64762128568907,434.77809700873263,15.69062874949286,10
327.6373806007302,435.66405802598655,15.852780502440972,10
327.62760408221635,435.35109021421067,15.692152231960828,10.093697422622242
327.83843570983504,435.3018192796788,15.580502427719864,10
327.6229412595309,439.96976485772876,15.793379644214017,10
328.0401797206575,440.0643172010108,16.039286911419147,10
327.53039132868093,439.0232458743388,15.859699014485791,10
327.8253344368543,443.1467530447848,15.881213130670098,10
328.0689673295524,443.30487749820617,15.970737711205555,10.01246189834742
327.15864939196786,443.40546375455796,15.953332825716323,10.041638658980176
327.1071395341443,447.17323630186723,15.85839912788305,10
326.8320610021751,446.58963007534146,15.67341392062923,10
327.61271722071376,447.20199173388943,15.816194719296682,10
328.4044499240418,449.69304521916,16.147152554400044,10
328.9122638449125,449.7559322921781,16.52149039525409,10
328.2260758704045,449.4459955623201,16.225950605822906,10.029958312275102
328.57132134019724,450.2842279570609,16.38285708879627,10
327.8889680138722,453.98996719192354,16.197173781661334,10
328.1159016641058,453.4950811896627,16.095054662820687,10
327.72995464097113,456.2436116430993,15.943246972870565,10
327.77839692670665,455.5118031992086,15.865152812560213,10
328.1098816833474,456.0688505720589,15.829663599428422,10
327.26978592853294,457.83991832558587,15.534525188239176,10.028377988470183
327.99412979450534,458.1891547693249,15.583787144781152,10.046427704563714
328.2671427211527,457.9971521428335,15.7176242616416,10.02363977992249
327.4774727320511,460.24707538736675,15.410432819852186,10
328.11962664044177,461.12381556085836,15.489180678267202,10
327.5518683228782,461.28681144760037,15.22074410439539,10
328.0729261346037,463.0780259361947,15.112139585238282,10
327.9739533184137,462.27647210001106,15.026104139653153,10
327.7973772483388,462.71006309412263,15.166471632663905,10
328.46532699987836,462.39263456675866,14.996713602703426,10
328.6515683819573,463.98009004860563,14.827775042194258,10
327.73968692703124,464.69642884209975,14.876014068562363,10
327.89761980207146,464.3435359014003,14.821913044705155,10
327.81475227076737,465.1186959570132,14.973883819099814,10
327.8376584289375,464.6977651863212,14.806882630392382,10
327.85920425407386,465.50980152247354,14.88758046409027,10
327.57840428666185,466.32299161419525,14.964096645712043,10
327.27103356541505,465.93785288150264,15.118326900170151,10
328.07537054301366,466.6988604315256,15.336175541967437,10
327.4233070528395,466.1276078950731,14.693994609509499,10.013596747182355
328.1117076187836,466.16418898302885,14.473958477269214,10
328.1031070061063,466.88450615266885,14.441521076274878,10
328.1308406316594,466.3031648033013,14.3167289648039,10
327.9062549726964,467.2537024636455,14.38284658744885,10
328.0710131574802,467.04359245908097,14.392590810255083,10
328.33614732664086,466.9121611082534,14.41483676546821,10
327.56008553995594,466.84675838526806,14.40592546918165,10
327.81758994909796,466.7053724712715,14.43188992667519,10
328.0788058331384,466.5638417649389,14.45098544136007,10
328.2734796716996,466.20890571982875,14.66813766668939,10
327.3920431405916,467.0035016443239,15.093479832774282,10
328.0508313881491,466.179830746759,15.0341134529336,10
327.7277482879174,465.84125173126927,14.89800175844762,10
327.2700897370298,466.6451487829762,14.989438743139555,10
327.9467122584455,466.2959199870392,14.791960480680803,10
327.8510372692094,465.0119079996581,14.63487481592183,10
328.41444191222735,465.2414886618727,14.574962472222929,10
327.83138322377056,465.58289898635127,14.692542140112815,10
327.86461571178944,463.90318572050836,14.74221558101103,10
327.9500163812973,464.19290316105537,14.829456222701193,10
328.0081340301518,463.3968133627173,14.755501180666034,10
328.19948542050366,462.4144407538751,14.709865333025112,10
328.35453388962,462.38404633197945,14.907465363293602,10
328.535194071694,462.3503980123143,15.055865056942324,10
327.85878268525994,462.3863535849496,15.094824632693669,10
328.33348179632264,460.1243373761611,15.37804333303922,10
328.22016430787113,460.2619350683394,15.716014724958637,10
327.7799307087154,459.7893066818159,15.821385494065613,10
328.3589052331644,458.01107604939546,15.268816903648045,10
328.2652189671792,457.3869177722524,15.069423303287065,10
328.643530900442,457.4218094854741,15.153044331718293,10
329.10392579481936,456.3867908966363,15.109698240282423,10
328.9243594003734,455.6990082065593,15.242974831065697,10
328.2437989498478,455.2990586206665,15.084843773191361,10
328.73302198843936,453.5086501902421,15.326720314515274,10
328.76177762169493,453.1029837733593,15.306667393686276,10
329.57699933844225,450.6454454533545,15.693181214110515,10
329.1802498558489,450.8086293065209,15.928779813691234,10
328.29416933039477,448.4224239464146,16.318115938941332,10
329.16118930798245,448.4259488815353,16.609995068215788,10
328.87688587378767,445.9484121764079,16.679462695285437,10
328.77410310560043,446.3490961935184,16.669889427566385,10
328.3878118235024,442.0388929658308,16.32840088132466,10
328.66901939332155,442.0795180376746,16.387062464968626,10
329.3399433253381,439.719568340345,16.127172507140042,10
329.64428206453454,438.8723101823817,16.034265062747274,10
329.36932274835556,436.51343643961775,15.790398894725817,10
329.1588091047499,436.12820813846673,15.56157932694934,10
329.53101869529536,436.3755042184888,15.69855723220385,10
329.18519569210713,433.4067761890976,15.717548628352365,10
328.8859391611396,433.41420819797514,15.6479539553487,10
329.6643591658929,433.2584986179878,15.744841493124564,10
329.27886326951966,430.62756555193926,15.791554141017464,10
328.98053429968735,431.0384513033451,15.721419457937724,10
329.6892728998299,430.15076908757624,15.564984260821644,10
329.9453070984002,430.909114323332,15.638714582926188,10
329.42671611562594,428.6230775895907,15.611372458302828,10
329.0261872468239,428.6673742535432,15.39484567168703,10
329.40916806708805,426.56692825470395,14.77735895762762,10.317675300053896
329.52413567891165,425.2158557661459,15.360893435936216,10
329.57217952196214,425.40005165291427,15.565527946512363,10
329.32336895671256,425.57063376770316,15.6579162217338,10
328.6399663202388,422.99856269590674,15.889986532558197,10
329.2318702036864,423.24665384790126,16.078007531922452,10
329.3617044254882,422.76292185474637,15.985519693221718,10
329.76821242549306,420.1983447249845,15.789845449754843,10
330.04739509374843,419.31078211573976,15.449294156045372,10.06337029787243
329.5968160446822,420.19212794153293,15.637341981621226,10
329.48444058360707,416.818635103069,15.907280599123013,10
329.40354891371277,417.3695056237211,16.38370749329646,10
328.8315901800577,417.44598375519615,16.488549601496036,10
329.17625178344326,415.5250802314203,16.862219414857442,10
328.9208834130432,414.980551161367,16.79846788458138,10
328.5807753250238,415.7138954542125,17.03824752315407,10
329.29650462508755,412.4859659939295,16.571214278095983,10
329.37219901708266,412.8674580495786,16.617703626455242,10
329.4541432559617,413.24958593997377,16.6520230855346,10
329.31435414182533,410.33019230974134,16.515434740575127,10
328.60368399728105,410.88942383316294,16.55249084792985,10
329.5186834647974,410.8796805361743,16.371199751719285,10
328.94811165239463,408.43458151171404,16.137751042854934,10
329.46865994599665,408.9189087780567,16.52823278119278,10
328.6901585105832,406.77734079953916,16.76894441907569,10
328.9362105841035,407.2444455876897,16.540962710330327,10
329.13068187621974,406.455539505102,16.21268909760718,10
329.61369809820724,405.35861474209236,15.783534194617328,10
329.3893150522386,404.7139550878591,15.530710290514417,10
329.72055452428526,404.88906433647736,15.654308122921961,10
329.4358564290268,403.79644635820347,15.57345443370449,10
329.7443547344341,403.3472254992541,15.68577907854361,10
329.3992918255684,403.67986796724466,15.895403993578038,10
328.86988570356965,402.0488369673583,16.067572916432095,10
329.18373752849726,402.18724288684876,16.085772889579378,10
329.29782924886814,400.5161938429307,15.97169062161245,10
328.725338903467,400.61335954280105,15.85856981499467,10
329.20168090759466,400.69892948351657,15.912118793575116,10
328.586971487089,399.4410315349528,15.820817743856345,10
329.0176339941496,399.4741531282177,16.02093885969409,10
328.4082066066783,399.5620226345316,16.072887770828043,10
329.34777164559705,398.09562661296155,16.141601193190446,10
329.36606222818807,398.86187061372783,16.26038000079266,10
329.4989911659703,397.0741325388567,16.57699508994429,10
329.0084793504492,397.07194935079787,16.287550612159112,10
328.861408402926,397.53709930187847,16.247971101849704,10
328.57866497815775,395.63307657031163,16.2415469392162,10
328.74690426197805,395.8473482396329,15.934723530226233,10
329.32828298294646,394.7646970662406,15.73393780798908,10
328.8604129921878,394.7510223175082,15.567078389985664,10
328.85092097966185,393.07730953925613,16.101022951538603,10
329.00218390144573,393.6642326066194,16.307170099154646,10
329.1757577536225,392.97183270246825,16.191508137868244,10
329.50800209627425,392.0868337497329,16.03936585627944,10
329.11524776109314,391.47662621035005,16.084843368703915,10
329.40379784746426,392.4727437938096,16.43666372816557,10
328.6388120601205,391.6666186036203,16.235992480310436,10
328.8812519846681,390.908329458817,16.088419280195453,10
329.0481288173233,391.3042118797438,16.14003563089869,10
329.2310442391634,390.52706830455094,16.194362918776484,10
329.42160797700524,389.7483834128447,16.234223753292873,10
328.5402261514371,390.17999199642134,16.22041201513707,10
328.71936565899375,388.95041341459034,16.082955630248154,10
328.759949747437,388.9436174133005,16.11059350378123,10
328.8042207988969,388.936814537822,16.13096750913481,10
329.15300177615006,387.37972672229137,15.961071743877694,10
328.71278180703393,387.64739023588083,16.042503158453048,10
329.4700902545992,387.8629319433712,16.030147119744154,10
329.2777134525828,386.6754769293999,15.739050595592257,10
328.97485801644694,386.74027414583617,15.644861946114581,10
329.673471647109,386.7325540677005,15.628385990796067,10
329.26817461271116,386.39250649321394,15.491817764595819,10
328.9851547136651,385.4711533338643,15.487789904464188,10
328.62773226343165,385.7771096768643,15.71282745364711,10
328.86180193798987,385.57623235886877,15.760528343355134,10
329.1769660355115,383.81557650402425,16.016524473951037,10
328.51029137881466,384.19643908622686,16.0181504487733,10
328.9652543674083,383.40466222083495,15.918922157451469,10
329.06376851504695,382.61739640500605,16.07005393509393,10
328.5766611613193,382.24628385622725,16.165823917716722,10
328.0070918238426,383.0467039314389,16.31416057132283,10
328.63510471624886,381.46369230973914,16.326863624041764,10
328.10925151407804,382.2212244362258,16.321360336630374,10
328.8743045783039,382.2271931595128,16.243164494638243,10
328.5103816407917,379.9989166338113,16.023229235002024,10
328.71514955345907,380.5485094030362,15.981803673036131,10
329.0028220596156,378.29309538369864,16.157154371620766,10
328.9223894132478,378.77218330926945,15.921437810636334,10
329.2539331143447,378.74997787446205,15.913453084736846,10
328.4462926233549,376.88280139181666,15.909370807803775,10
328.7497346450444,377.2582270051217,16.03696009248296,10
328.49345927841136,375.34602045885384,16.595835984252716,10
328.3493731491347,375.55327128909994,16.682779106572,10
328.5156516741626,374.5915086530351,16.38153391609252,10
328.0218855197725,374.128018422677,16.260063104417135,10
328.97878988735204,374.7187500473481,16.251218232076727,10
328.7927535321294,374.07972157762845,16.002443134641815,10
329.27126981387306,372.3514353002262,15.573337251731518,10
328.8582994634796,373.2246366459861,15.769128794235794,10
329.2399743689938,372.3954768099952,15.513907592047119,10
328.87230481366004,372.03479345345323,15.584825091239683,10
328.5130389051661,371.6756744699295,15.639989885021233,10
328.53147817795593,371.95954810570635,15.77793223190369,10
328.6512518347385,370.75606479630386,15.731266109370566,10
328.74601391362705,370.71274844219505,15.746578600118,10
328.8428538170737,370.6694074417024,15.757851990862608,10
329.00447464748794,368.97369416922305,15.936598591225339,10
329.01495377850927,369.2081457050166,16.210523311102488,10
328.5746660292367,368.683567201639,16.109153889628253,10
328.0407886505437,367.12844329223105,15.800359193121803,10
329.0699308480199,367.31372852890996,15.880801008194307,10
327.84220914046193,366.56996033135306,15.669594812052546,10
328.5748850239288,366.9933872698414,15.746271314525245,10
328.23498336221616,367.4652262828549,15.634852857974023,10
327.66490761868766,365.87570531423773,15.75447474638792,10
328.2891694921042,366.4324355698949,15.780410360194338,10
327.85668296946073,365.82862439383325,15.665133632013719,10
328.7659309985939,365.2395305430617,15.213211643858068,10
328.9109513035159,365.36800428056773,15.196536047753897,10
328.17873558753837,364.99610143182207,15.313858931201615,10
328.06925486512176,362.9981247423792,15.723125744671272,10
328.5565878818197,363.6383349189589,15.979910469070736,10
327.959611294044,362.19783570011236,15.630905735175354,10
328.3537285752275,362.0468780261073,15.523064826103308,10
328.0284333788276,362.4969620102935,15.571572103930741,10
327.5933403687381,361.4957547908938,15.499523011825396,10
328.33625105824973,361.7189272596542,15.639864147611885,10
327.56909882761687,361.2457938673413,15.55498822474852,10
327.44265285635703,360.29554911034074,16.193820496778674,10
326.3569066311577,360.48087885542856,16.402964175007476,10
326.2897076250907,360.64882265139516,16.782667450108377,10
327.44069594804773,359.5489434174147,16.23402519876641,10
326.8927252133478,358.96667293358433,15.905141635351342,10
327.8132320206647,359.98400250894485,15.907096770143548,10
327.619934229309,359.4161453581817,15.847802162282164,10
327.41922183577265,358.84953016670494,15.804311964363716,10
327.26882971774404,359.5198850855905,15.892216117954199,10
326.19755544228553,358.5060027408974,15.883468455349853,10
326.1016092798282,358.83978947842724,16.012461535307985,10
326.02174735117933,359.175165048837,16.108986745734025,10
326.1867636736093,358.39883911022673,16.270941182213015,10
326.282312816671,358.8304347972764,16.548531864219477,10
325.75170689572695,358.82076845839526,16.504967824807473,10
325.6148976012717,357.78831450215995,16.307529275198277,10
325.32144129180926,358.14826556375044,16.41610621829483,10
324.69392056931787,357.4801050101994,16.530871616739567,10
325.19527692977744,358.0467932791909,16.80425270591419,10
325.308776528486,356.9945934391924,16.804267256180637,10
324.4959641932429,358.0317246916765,17.02864740356868,10
324.4259605431695,357.22883459962907,16.816537853218517,10
324.86799555226236,357.25728302004103,16.920065132065,10
324.28980021037125,356.497874163896,16.523710503613835,10
323.97929450079675,357.55302018511713,16.371762986117357,10
324.5678907191124,356.4174726899018,15.990336408644797,10
324.3053256766527,357.03325725100103,16.006858886401485,10
323.8913275579539,356.5634977490515,15.916841711354255,10
324.3081506054119,357.1966636412801,16.19660556967538,10
324.1344724366812,357.3855551953147,16.09079782365886,10
323.94736647296384,357.57371852008197,16.013592740692264,10
324.31364822115364,356.79360200726035,15.956415364960218,10
323.4601394416647,357.2982057089545,16.125127373306338,10
323.17635790541533,357.34354243382796,16.067328791929725,10
323.3169425678008,357.5495898524069,16.1541436687168,10
323.529770961475,356.5975826662831,16.03136988133572,10
323.00530036759005,357.3142215289491,16.087484128147167,10
322.4499824575342,357.49157722197947,16.227163406735183,10
321.93176807809357,357.5644138551733,16.170084455632786,10
322.0765272388987,356.39620883685643,16.010598288170883,10
321.52050801802534,356.97252111027143,15.969499991738644,10
321.48317742046646,357.20851241642515,15.724551035983087,10
321.5013309457344,356.1017359335975,15.297632123459477,10
321.956025581071,356.761855688711,15.422548230481889,10
321.0674997166364,356.3262592952231,15.228684973998568,10
321.2281645654363,357.0540681203972,15.260785325882537,10
321.33389207372454,356.5645244449356,15.090978508173539,10
321.19419512533335,356.6580836147708,15.453809693838648,10
320.7234917425972,356.0172889699416,15.475723873201398,10
321.2372280554786,356.57164086986626,15.66416218515483,10
320.08120321883246,356.57617810529064,15.59724248206802,10
320.32797612660386,355.7938293539715,15.46276192646956,10
320.56141623688575,356.26385343209273,15.571657741731626,10
320.44799634774125,356.6578248969915,15.461562054585794,10
320.36831358461603,355.7883787388824,15.274777997765948,10
320.2288028452114,356.2012462335641,15.403958520639733,10
318.7449984146057,356.3624535975323,15.695356701918957,10
318.8755309661699,355.7763494044508,15.789408170982465,10
318.96891157656125,356.31827934942316,16.147748227810347,10
318.57030233069344,356.4510804924729,16.21744236139993,10
317.8945113815463,356.7657653009384,16.12196089673233,10
318.01072314980877,355.73009599321495,16.0565194082709,10
317.37042348809393,356.426017875796,16.217767687646024,10
317.38013831106866,356.4552689332438,16.5100954491524,10
315.7157665609727,356.48637388766355,16.721762237811475,10
315.5489477578156,355.7472091630063,16.75997984165214,10
316.4904726937915,356.2894418059376,16.920299974949177,10
315.72417017466483,355.6988631544399,16.61741860977486,10
314.8539538160016,356.3336876307356,16.682999920543725,10
314.49149039069454,355.5453309258583,16.504675318306912,10
314.5921679582426,355.4885876221326,16.617130583190516,10
315.31484434882356,355.89543278565145,16.61098821475473,10
313.9544803047,356.2486558554817,15.917577717279876,10
314.3053427479903,355.3622906623438,15.505194325842254,10
313.91359274012245,356.1921735649968,15.546929118439783,10
313.1618900774549,355.66171382404457,15.360791690964053,10
313.01487980837146,354.9919095063874,15.387831538328975,10
312.84052238635746,355.5901645683969,15.536352066698793,10
312.71724500703476,354.9159214752651,15.514156860574596,10
312.812364316429,355.2614046837312,15.584460126899877,10
311.7728484030524,355.6505465046202,15.618171254458248,10
310.83413264186646,355.2199549262913,15.725534133861693,10
310.9396341359466,354.7919757161329,15.702921431623643,10
311.07352324785467,355.487203776144,15.817613283896307,10
310.1051776543976,355.00798182087385,15.683344516652667,10
310.0376000808133,354.488026448581,15.682091318088116,10
309.84481292057393,355.1933257259742,15.75060135846927,10
308.3773037170482,354.387436862301,16.081358534047922,10
308.5851680338086,355.2100877557316,16.372895577006357,10
307.7975863986144,355.1742109130445,16.506255479649326,10
307.05685078410704,354.82452591849506,16.44113167438583,10
307.3917501238094,354.4766408764668,16.433138051263377,10
306.62097702090824,355.30368479745226,16.420292178762363,10
305.68741687630353,354.75819777479103,15.797843002344738,10
305.9224256338651,354.9159827859936,15.709396021070223,10
306.1448248482967,355.07325055812254,15.64491728994663,10
305.13081381767887,354.19760060101646,15.35356308843754,10
304.43804449063566,354.9518768508674,15.403828179903917,10
303.9389239194747,354.269407497238,15.208707457591293,10
303.35004090946506,354.7708836312065,15.098298846985358,10
304.37320116900946,354.7341792954982,15.011756836318497,10
302.15135446026204,354.82310200290317,15.396665980855431,10
301.533827061061,354.1737600710285,15.428561689669372,10
301.9052348578286,354.71168514742214,15.675171181376449,10
299.8628296048385,354.821155794848,16.107207418440005,10
299.4142122599342,354.1212500058841,16.312094177375105,10
298.76498147843563,354.7273053235193,16.61255338577379,10
297.6454996227904,354.4231918756574,15.883645551080907,10
298.2667189137816,354.29215395064705,15.759640732103344,10
296.08663436782416,354.3445239224113,15.381703310766392,10
296.0520131976273,354.9617389450585,15.272474540674095,10
295.9296325157736,354.1846555988717,15.257912049152889,10
293.7488434925519,354.53826187494826,15.918027534486786,10
294.2105125936012,354.26993055956495,16.412775267153105,10
294.2607796215805,354.6144007206598,16.76381943116484,10
291.78066233528415,354.6881773906904,16.6927681264433,10
291.16810621943495,354.8361929494585,16.573203324936348,10
289.82515672066233,354.824026657045,16.219229751636114,10
289.89889779426056,354.06691078428514,16.033334781071492,10
290.2867545761532,354.0275999063797,16.136792112403146,10
288.67918783056433,354.1112227160746,15.742083948598765,10
285.57950105938846,353.5050129428118,15.93141590938309,10
285.6866547662899,353.93235325072925,16.246006917102537,10
283.24933865000014,353.8035266726627,16.438027627169717,10
283.7786651964673,353.6569751093838,16.66057741459747,10
282.8352970642482,354.03765285076355,16.657226615051222,10
280.62821173558353,353.10982982839676,16.329456320060366,10
280.8945731590841,353.8796873146922,16.409565016360812,10
281.14949677496094,353.70242514529815,16.298673610602435,10
279.77530093371956,353.10656109243286,15.845256909223368,10
279.7410546570715,353.2160843646704,15.849295242037376,10
279.70733730782507,353.3256239913088,15.852266095516761,10
279.67400909862897,353.4351756490186,15.854451588634511,10
277.2366954140508,353.47872300351577,16.25027390225004,10
277.4661041926232,354.1238142162456,16.5256081950957,10
276.63885880958236,353.49869804251585,16.505976953053665,10
274.58439395923153,354.2097480053381,16.695095606930867,10
275.23398298016826,353.19448116025455,16.611241646934133,10
274.7534857813527,353.36419128503644,16.656880028388645,10
272.3522872421796,353.216603808009,16.15854306292902,10.059007143331662
273.43412374414726,353.5431756434084,15.85741325338406,10.008967609683548
272.81386489848614,353.2853963124359,15.833167592710918,10
272.1037606350391,352.9241602694494,15.55214354441657,10
271.65160153784177,353.1849745889238,15.619029126220855,10
271.9376235545663,352.7746564351479,15.384231664496845,10
269.60657331544286,353.14284029510185,16.08200326178893,10
269.31487982249917,353.5756053714142,16.53473712544558,10
267.69994800566326,353.882453208326,16.42457303480782,10
267.3673459690939,353.42360682111456,16.482382994790065,10
267.03018535880835,354.2081011881928,16.662849179830218,10
266.0094350885248,353.0366629189876,16.37442058140326,10.173234417720485
266.2635223156699,353.32041849619554,16.53732122659909,10.140365237448156
266.54772502871157,353.57966806815733,16.643026993092267,10.158926906938033
265.34075811775193,353.69137543529473,16.2085341507259,10.232386507551801
265.3007560316108,352.7530223439451,15.905855634694358,10.37003601537321
265.2909610325613,353.19547295100335,15.984388423895021,10.280506155867496
265.31050669162073,353.61103138415876,16.005316037234042,10.243221808656624
264.48936664133925,352.6851403782402,15.832373957618966,10.385500963000403
264.6442020593972,353.08511225077916,16.06108738726472,10.248031876145838
264.00668630802306,353.4988619921794,15.931973412897586,10.259880555376768
263.3664448691847,353.5918026345198,16.074773941644597,10.093150523728978
262.44744689384237,353.0691717226813,15.938872412452229,10
262.0165826601462,353.26285446241457,16.14167785698913,10
262.2651058651671,353.9021398170358,16.269987577122812,10
262.25554306622325,353.22368151960706,16.132671917817348,10
261.3827036476409,354.0225977540503,16.30225922149475,10
260.56871996429777,354.00714997422716,16.412531438538675,10
260.8423760684186,353.9485992284981,16.63779628672397,10
259.76695447231697,354.2725259302,16.95694394372769,10
259.9325814520855,353.3773384838383,17.04820450545279,10
260.56256907680665,354.1149164140227,17.151712486274583,10
259.75780121824664,353.7944641307643,16.41749193710357,10.086514325340726
259.67136410203165,353.45428658049514,16.090979868623645,10
259.5587071258882,354.30474996885795,15.982712501156943,10
259.6316463722356,353.6596643621688,15.847799185383762,10
259.771244235777,354.1571255882369,15.997861925679963,10
258.8626425494627,353.45206824126285,16.052261558083874,10
258.9918009272355,353.95740120284904,16.3978357545622,10
258.6283572490627,354.0215625932652,16.343579364559226,10
257.83129927680153,354.2289472010303,16.32834299287736,10
258.07654020545067,354.29951442524856,16.44639078373581,10
258.33849636197414,354.3703832907934,16.53360929371648,10
257.8177286113923,353.88232339233605,15.880213216727398,10
257.83223498541946,354.4638453901487,15.726504538252122,10
257.8861619800035,353.89071473908433,15.400279006078705,10
256.871065447408,354.2709606078017,15.680371021686735,10
257.72883435809916,353.88446428106533,15.594848697388823,10
256.78514816493276,354.155914005053,15.777716208606654,10
256.83396228467035,354.3174426104167,15.802977707811255,10
256.95134578319323,354.4836096796108,15.76908783736966,10
256.9087959427962,354.6952374404521,15.736999667620722,10
256.3865025042534,354.97244227219153,15.566302235098545,10
256.22084544856034,354.5414426837863,15.43854035828554,10
256.03798808717266,354.11250495800965,15.34737527042038,10
255.20097513547128,354.9781587846021,15.198605703024752,10
255.75500019258902,354.6711677144112,15.133132934818235,10
255.68313019472836,355.05694947337366,15.182174732628523,10
256.4160711107292,354.7223228964846,14.94933406763598,10
254.69648130879847,355.4088751077716,14.897101616747465,10
253.82996122379583,355.0875031563781,14.830788394496077,10
253.75500073630843,355.0320722737044,14.841854540721123,10
252.7929304616253,355.2091127850634,14.894862860028205,10
252.64830393456756,355.43901951577385,15.064970225827818,10
252.52504339200166,355.67043368580374,15.191564415000306,10
251.77098138645096,354.8749622161027,15.582224621392035,10
250.86383668615824,355.3964677204108,16.000333640590448,10
251.7612424862063,355.28751486680585,16.25180243435158,10
250.28051400542563,355.5958582725977,15.446357830917329,10.101134285103193
250.35594632090834,354.92716782288,15.042579227674317,10
251.0393572387619,355.72048145270804,14.816983875407136,10
249.31081819288642,356.2344282558217,14.706178945369732,10
249.32541766297322,355.7060649142213,14.54528147927012,10
248.77857459277968,355.84213461358,14.687220430282942,10
248.87307260476237,356.4298062282872,14.560100194637748,10
248.0155844078986,356.4365870009525,14.737034430103986,10
247.604018239203,355.67557002946234,14.65707657449314,10
247.7855364929072,355.64257115887534,14.722984463771287,10
245.2091116520213,356.03460596988634,15.061703082723529,10
243.76758252165575,356.18020466471796,15.164836503587,10
244.10674423812173,356.7213816247272,15.511051522791206,10
243.39570955443887,356.22085952392615,15.624388138847511,10
241.1472410598498,356.49969773446605,15.312873105723437,10
241.1488757527731,357.30500724053155,15.332822776185708,10
241.03104478050358,356.9704353395424,15.188413511053277,10
240.89458150963898,356.6376913993496,15.083345393081377,10
239.80389625005157,356.96617426994965,15.17219742610415,10
240.44419807624055,356.4696204555866,14.92324858686176,10
237.11428790167022,356.91312204004697,15.6380959384875,10
236.85520593840724,357.42515280255515,16.054485568128563,10
234.69050479817935,357.3453266512611,16.350900021705787,10
233.99566763371965,357.7693269684191,16.654146783012184,10
233.98226482888455,357.8173675833144,16.411977217406804,10
234.57634134127943,357.0699170215824,16.222584971756845,10
231.56900693751535,357.5023283383011,16.081274664989134,10
229.24456102530684,356.9181295450895,16.052106962392976,10
229.0011723164439,358.0690335183798,16.355892563071894,10
229.64446695234187,357.5060884564707,16.237147381926405,10
229.02103693189136,356.95775550655446,16.17599154440844,10
226.9346288443181,357.7670002257175,16.357682578426697,10
226.8015350431721,357.8420475572042,16.4599518572868,10
226.68134610163779,357.91738036099,16.535781453239206,10
225.26879317556214,358.20672881877766,15.985662716505106,10
224.60132485300994,357.38281253369314,15.67681986543004,10
224.84021038063509,358.10269949616696,15.58299015875778,10
221.74310761696012,358.1285530664545,15.95941098725701,10
222.25248145309183,357.3934359440489,16.070802335429626,10
222.34081458161813,358.31957692275563,16.359328303967835,10
219.08226768570435,358.5693497900662,16.813995058486327,10
219.50297947213707,358.4356126600259,16.93282812571017,10
219.93976082544253,358.30042107332747,17.02200376564383,10
217.50397623767918,358.6068652719735,16.566355210312754,10
217.25532906631773,358.07228303926195,16.26198396720545,10
217.49881672303968,358.3060946944255,16.37416648841025,10
214.09404436692427,359.05045385492963,16.47064134747483,10
214.69050817992252,358.50428589986194,16.410390718600564,10
213.6275863181076,357.76187297441476,16.524879616604323,10
213.51378580157004,358.29785348328943,16.81426502561333,10
211.52744094835978,358.5020744865154,16.902717674254067,10
211.41616385017952,358.80034963889466,17.106888575602486,10
210.9468816914181,358.22000403704766,17.090435951495035,10
209.1088633609992,359.1167072634957,16.32061403687438,10
208.89042561441704,359.1685300310271,16.01485036373834,10
206.6047794216652,358.75442581671393,16.12279269368533,10
205.71338675499297,359.14863010132257,16.22001361613672,10
204.56804997240354,359.34259685420096,15.989536205485212,10
203.25664125852433,359.2432938423779,16.261081735163142,10
203.44457298979796,359.5006088683227,16.64431294946133,10
203.12671437350906,359.54672008540376,16.272355230694842,10
200.65900775662604,359.0249786168213,15.943361816398745,10
200.38622277223266,359.26506655712177,15.863274171317894,10
200.10491841964833,359.5090415217477,15.804899548799924,10
197.1239098146958,359.76197459336515,16.177936646125495,10
197.83391139653153,359.3199512947381,16.305753091110457,10
197.37001850351746,360.0263910086853,16.465425334977304,10
194.18494165730854,360.098986277706,16.574563419921184,10
194.69580765845603,359.4568867174778,16.408606140292573,10
191.8600883151292,360.744662552498,16.369097198471305,10
192.0082721896026,359.9920196539154,16.348761733470745,10
191.49586720019232,360.53118800723877,16.3688847597924,10
187.89007370122027,360.05482862276904,16.502493338817114,10
188.46001306091975,360.69779415385085,16.973742830278432,10
185.80586240588846,360.9104958526407,16.728327489173317,10
185.11804412532928,361.1989056852512,16.40189624064712,10
182.5749378851746,361.48109126580636,16.210646796226722,10
181.93001590777064,361.85065484636175,15.984698648708356,10
182.67876824687903,361.68058140536897,16.05966893100046,10
179.04391478103926,361.59328905426884,16.571599330675898,10
178.60722406874078,361.6052677338375,16.601757587719504,10
176.44741517708746,361.89263041923505,16.4379648544631,10
175.65989627791694,361.33814044543965,16.34765423326322,10
175.68160507246102,362.08898805930585,16.274273855871773,10
172.2029386729805,362.2777819400095,16.389848776124133,10
172.7220694501745,362.4287129860972,16.496574581358544,10
172.18552000726464,362.6269638556968,16.43630222496966,10
169.94770625952583,361.5413192773288,16.608393767699184,10
169.2491247260278,362.17070974231723,16.727854530349955,10
169.85943153185815,361.5782600972377,16.507103232000926,10
166.05354225189362,362.28953442106933,16.66138049505934,10
166.1396774941352,362.3787052215858,16.352769324524857,10
166.5943002846191,362.93697213683043,16.59562542575242,10
163.54126677205076,363.2326520067564,16.7706464209095,10
163.47033632643638,362.289961458005,16.708008698814815,10
163.37381799097918,362.64633696428854,16.75453233544708,10
160.25590997824582,363.02658446630227,16.51487682934779,10
159.65972205873672,362.6375509886848,16.368283444636003,10
159.90418589405493,362.4795565336627,16.317588178706902,10
156.45930569896362,363.51100902709214,16.677882532206475,10
156.56334198553563,362.8962910412118,16.76585081604512,10
156.64558788245247,363.4755835660718,17.13338981878222,10
153.49900387829314,364.034398276731,16.559000744362148,10
153.69516084509436,362.9119038834453,16.19018448329225,10
153.1777442884869,363.4925897159849,16.11983566485585,10
150.17668681971517,364.3023551620175,16.642942510982564,10
149.6896805547531,363.3076141119924,16.828264327904215,10
149.14276031750668,363.81717722990794,17.01714412093099,10
149.54256064880667,363.26148498927796,16.892283611837215,10
147.37908519525743,363.94043212835453,16.741058561094963,10
146.89586674737606,364.77166348126804,16.861692351016195,10
143.70782606836488,364.04121830709573,16.353210687859704,10
143.82557401091861,363.877529239598,16.186432952004903,10
140.96051627431464,364.18178718497694,16.23808162867884,10
141.005962962518,364.4660325982713,16.26884735346203,10
141.05561540946394,364.75059596045594,16.291337645194147,10
138.0766769439665,363.9195136512309,15.761736212586307,10.093018168260272
138.31193280481287,364.87685272403996,15.498649731952785,10.080501750142208
138.00791833173912,364.05658804498995,15.161740514193482,10.070003154413206
137.70691026198472,364.55186280420577,15.07336667365491,10
134.1713164985501,364.1179004332723,15.394620765386868,10
134.05811963265012,364.3545105254432,15.776607097289883,10
134.73643444542319,363.82925274607044,15.689855116951575,10
131.68383822775812,365.1368267950106,16.084330911056103,10
130.9015606334106,364.87071579092503,15.907629309365015,10
128.54086966566047,364.90660175071395,15.876889896211367,10
128.18068529168235,365.0199189243686,15.820219094526603,10
124.06644117788721,364.2281354587695,15.92205161861223,10
124.08816025234857,364.7683850437169,15.765838327297534,10
125.28008875369329,365.2222788296602,15.559066297576248,10
124.72657919878924,365.2876495623996,15.428583456743253,10
122.53760449224464,365.21877836736587,15.559569886027706,10
122.04916815129309,365.2434809301538,15.503724639318202,10
121.57031655778513,365.26620046155466,15.429578633965608,10
119.8887223794845,365.4301270733048,15.690339731851944,10
119.81684013873914,364.9613055796093,15.888829625179255,10
119.79263532808233,365.6790872781898,16.135828542358887,10
115.80623042618389,365.06951916050843,16.014099858240435,10
116.16557289359014,365.3438453070488,16.25572175568688,10
115.95105824878569,366.08797418841465,16.31639893327822,10
113.15974446287711,365.498998024672,16.17452707092956,10
113.14145070383631,366.14951395217355,15.802913365730902,10
112.70281584298019,365.0083383875658,15.467057131188765,10
110.66367331268023,365.5633102050648,15.344769401109417,10
110.16311101936081,364.8440931104206,15.63473214273297,10
110.32290712093828,365.7523375703548,15.935122584969147,10
106.4579992660391,365.9615879638933,16.28905452603005,10
106.1728685160751,365.4000441024364,16.392987465071148,10
107.12321292678236,366.08599068475513,16.645078369745278,10
103.86395131862393,365.30471592116714,16.526943114521778,10
104.07553929254361,366.16500146716743,16.618805605819173,10
103.83637822069231,365.3687169532387,16.42635900122239,10
100.66421370252084,365.9248872641122,17.222319776776246,10
100.54853832692616,365.22441259654926,17.569433601360664,10
99.98672729874298,365.34412498981624,17.744847769213678,10
98.15947166485083,365.72050776480216,17.512169982712926,10
97.9692114487262,366.41956919801447,17.237139144953687,10
95.6138134181705,366.0404549348454,16.402483655095658,10.032017533435743
95.73406952099764,365.9867532561616,16.401791240760268,10
95.89289430880162,365.9301494717848,16.36488012528262,10
93.07083443156439,365.9738622917441,16.329197946778994,10
93.11832132030622,366.07544694271877,16.398170622190655,10
93.19221199156247,366.1609416648636,16.356033973575137,10
90.10381995986617,366.11384508033643,16.970826024845067,10
89.55888268493692,365.4415133036617,17.07819834380986,10
89.64586886149917,366.3967024607107,17.404783787352898,10
87.36983687358396,365.98068629212025,16.75935114951393,10.176051195299966
87.32351013893329,365.2971331454362,16.52810081208245,10
86.53799982884293,366.34400175667423,16.574486051714093,10
84.85223028559241,365.93603716360553,15.74380572879327,10
84.89563808575036,366.70369414510776,15.537164262078868,10
84.4342076023368,365.80739958585167,15.16106184084379,10
84.87668140475145,366.0336570714123,15.275586935870578,10
81.43242906411903,366.2937454454954,15.636177111491902,10
81.80006352519389,366.0164093901219,15.675739620870358,10
82.17381070687196,365.7386639694698,15.70422038845934,10
79.20505617490807,366.350494889666,16.489793926501783,10
79.89372481638677,366.4063356272921,16.87276535892063,10
79.3508913587901,365.8448992402769,16.982537695103645,10
76.34964711217617,366.7041845384553,17.925531117207314,10
73.4221454008299,366.30940639226833,17.47551259351012,10
73.33526967772588,365.8818233059952,17.106127006101104,10
73.57724947639298,366.20527549117827,17.25816541390219,10
73.84056004378698,366.53229437086645,17.3713887171143,10
71.22327697054308,365.89408927504417,16.79029983318496,10
71.74970860231787,366.70740555298335,16.705138966935518,10
68.70733893118346,366.90503984134057,17.134633644257324,10
69.24183042185122,366.4731675673771,17.211282076764036,10
65.68792532557353,367.1205778447266,18.842693634297234,10
65.0555760539917,366.1252380792168,20.037802565364455,10
65.33651990699617,366.6842207799866,20.727743265410314,10
65.27852165250746,366.70221770367783,21.062583747845608,10
62.485305532863876,366.1645486418881,19.848286766720573,10.38925806865759
63.126084761695935,367.33968736125456,19.657413392078873,10
63.44652897491611,366.58172115404096,19.17868451509715,10
61.28731644333611,366.610949272233,18.46947856707535,10
61.16088583673398,367.34602250658946,18.169247416303826,10
61.62791111680268,367.39448625611897,18.195140673534553,10
58.812854406960575,367.38488720635047,18.167522544675236,10
58.940803108983545,367.3726433680169,18.230226121328062,10
59.020312959451196,367.3096701447599,18.37546640533337,10
56.96457573018683,367.3141075935911,18.623927539306905,10
56.47213426951517,366.7230552585821,18.667931407283458,10
56.50627168019541,367.241304036221,19.412638905733722,10
54.20607756653332,366.6795133699859,18.579393323418643,10
54.39505584629944,367.32486937139237,18.584581800712023,10
54.73159934590535,366.77250107064015,18.446673590071136,10
52.442439527099076,367.58460917241865,18.721673890095094,10
52.18697223409863,367.2554271511682,18.608292956991658,10
51.91834779564469,366.92747461268345,18.5235581103417,10
50.00884266308503,367.672713153604,18.37399788144742,10
50.6680238095981,366.79881248573685,17.972517299196113,10
50.080897317888095,367.1648187268726,17.67927573746657,10
49.22777695559448,366.70922031457513,17.936978998451252,10
48.41561687153957,367.48059442270846,18.232561086252097,10
48.25533466680228,367.698618129329,18.59318915767807,10
48.51083197099534,367.0836632154302,17.54805625987772,10
46.90835727894119,366.77878766580915,17.78522300460863,10
47.27907379507868,367.65257889480563,18.369573469301628,10
47.50338951112432,366.94822795504734,18.2853565452226,10
43.96029414108823,367.2981704220723,18.937735969473877,10
44.63328177628415,367.64902257315555,19.194314104040817,10
44.28784830058315,366.77287277103625,19.0843285600559,10
42.05713537621418,367.25863202458896,19.76636419087711,10
42.47659752807981,367.00803132003847,19.871118278460308,10.174484089581462
42.41278435119774,367.44120760083,20.259064436701703,10.063413440530084
39.91873719756174,366.93911131719256,19.623544784531994,10.416626616158121
39.36656824182186,367.38844208845217,19.614966295341162,10.416774656365828
39.50233434868262,366.57012843171856,18.39494266119825,10.673284196972578
38.32395484224931,367.08415716917716,17.671267489862082,10.218351284093131
38.73744300333118,366.84323987203254,17.23375529593297,10
39.461745336177515,367.1015385799978,17.165267407563583,10
37.79220599641289,367.56867469451447,17.32278485982131,10
38.28161837679289,366.9530435691105,17.30739228747041,10
37.50032225856941,367.57076098981867,17.565362574171814,10
37.2258582747021,367.436854372848,17.671479761337466,10
35.95495819751735,367.0256096681344,17.226474618749325,10
36.06830547103672,367.3119224344605,17.241480003877637,10
36.181345741217655,367.5979164079999,17.25854790706044,10
35.610481186231794,366.9219643604344,17.060959306140628,10
35.22128303213638,367.3432881689432,17.442598729479467,10
34.86762463863098,367.76915614222685,17.776666999211443,10
34.32128623850819,367.83915469382526,17.91808634588945,10
33.63676689389282,367.96385571713597,18.150390338164183,10
33.66619191832137,367.38359735656655,17.986881746965864,10
32.547570955986544,367.9880979058136,18.487622721154985,10
33.29313336953366,367.85679689397807,18.793111864840036,10
33.17030659028001,367.55963356049625,18.85185773609329,10
31.70939311418126,367.8653765648017,18.83897694674837,10
31.203616375482433,368.19352865450713,18.9060645170606,10
31.459657217965415,367.7515491498372,18.91421896234984,10
31.71674867412967,367.30945177066013,18.92041092557308,10
30.87837144826918,367.991546971148,19.009608678279143,10
31.37308312877371,367.45287797468086,18.833309281833415,10
31.065105345713754,367.70163996970814,18.895898695075715,10
30.05134311262336,367.1417296565955,18.796519603940773,10
30.659683727906348,367.34516810505204,19.06314086431078,10
31.024649292137518,368.07231890649956,19.22555460870994,10
28.67970263592896,367.56153874297297,18.775213272837423,10.024036115147274
28.756554804806584,367.81194663314704,19.00670868948203,10
29.53643047603478,367.31683002763856,18.58408754696084,10.057915364184517
28.55879708437172,367.7081079015862,18.754477558445405,10
28.75029887119248,367.9750206358954,19.199443895448447,10
28.05107269249308,367.4989631860014,18.54238889930652,10.15387807851603
27.39471348881618,368.0284344126452,18.461183898058593,10
28.007521094346824,367.3130410801051,18.20981926746557,10
27.21239647989558,368.4048217891665,18.226123517853566,10
27.438858588371023,368.5682551821584,18.57463498292976,10
27.292369572247466,367.9470491916711,18.367803612766995,10
27.56621890768647,368.057498582374,18.82256193698782,10
27.570823874509877,367.39474386890157,18.513823776662775,10.120491003622185
27.209414572150614,368.03107651516336,18.76709041172863,10
26.821561340131694,367.2734423848729,18.133697899778483,10.25302540077249
27.438751631826083,368.0132473323933,18.352904929684136,10.012039005151317
26.41454163213406,368.2128450622579,18.08342395639109,10.036227653988181
27.356906076437355,368.35248299713896,18.163519484654085,10
26.686832672220362,368.7762543555304,18.28628489778357,10
26.14337716600109,367.83091563362774,18.118855508867277,10.098732507860579
26.641347880972482,368.19527447236004,18.399052949335324,10.005616857958316
26.44494349956399,368.62411744352886,18.39809743108414,10.000683086709458
25.997679026656765,367.71454008719945,18.127773206525724,10.183591932912758
26.585459669296224,368.07898451092404,18.354128730761452,10.106369636152639
26.575596070564394,367.68263648633973,18.024893787486103,10.154677402691712
26.207010001699782,368.01985095362045,17.95637679197761,10
26.926466783501496,368.2059961911002,17.964118586908157,10
26.41570684975268,368.67693275714976,17.784164224279774,10.150934036164085
26.77926209035386,368.0014093024818,17.549708334955255,10.355671901981754
26.076987567256424,368.5899827033533,17.692568362031324,10.271181931542136
27.47495646456058,367.9932895543787,17.889471052524918,10.19952871418957
27.996422487026734,368.6086314633236,18.387621460409893,10
27.84367333040972,367.626514749134,18.190755212566412,10.356724094515027
28.42199874620783,368.68064589089147,18.65125411825506,10.171664232553407
29.66083424198858,368.872034244467,19.149249208653988,10.336121252672019
28.77216787018018,367.69212651918207,19.38483012402002,10.616138415633662
29.66547054013303,368.40047151770375,19.96419867361421,10.613470730320923
31.010352616777876,368.6062594449217,20.177467524560463,10.9382378190584
30.132595363205155,367.59983160078116,20.187367824041544,11.184450442361019
31.767459810532216,368.4650195553752,20.32145630173632,11.313248938177523
32.15543637262341,368.63893564094735,20.26496027231219,11.699125723822352
31.407027864401293,368.08473882350836,20.31868235144886,11.857595580014298
33.72424045323585,367.3556310203801,19.072746004926195,12.076459395505351
33.825572052359334,368.23987797449325,19.066760992273664,11.689364123075379
34.55332725575336,368.4759249694041,18.744462906237462,11.682524459400607
36.09691730724019,367.9807237541943,18.484100641141204,11.393183841264136
36.127973273455765,368.2731818389214,18.71067803640892,11.065530303675471
36.25584646548364,368.4788378895125,18.742294127916672,10.910298423234984
37.20658021259207,369.39556140275005,18.53520731946414,11.015718278029079
37.04320157662277,369.15879297117255,18.257682923529156,11.195258515393768
36.80464017336086,369.02660726286206,18.260134928582065,11.203396231479573
37.71787351794925,369.07669453236605,18.428207578407097,11.193613072678446
39.50140616880444,369.22091021271484,17.805657953063314,10.988198465338035
39.94160686833969,369.0162583127376,17.35970222681867,10.928339223888665
39.61135380973066,368.72948289563334,16.657519967120166,10.951029881525473
41.83735152922816,369.2105135558026,16.487331158833392,10.59348844792752
41.582917926324924,368.884516391547,16.205152428131598,10.558854845330643
41.74268808715691,369.3413884476739,16.2880299556355,10.256153774303685
44.48581674031925,369.8832370981305,17.378929992525034,10
43.81339423121802,369.72238256359253,18.109752713960585,10.005852811158492
46.48243010151428,369.3593281518748,18.52219219739784,10
47.06592410083283,369.6712898072443,18.78873478891267,10
46.73812243584841,370.1161136111608,18.90652784655098,10.006709967664483
49.40230200254388,369.5526545227068,17.70352802244724,10.282723547077712
49.930804667748546,369.5921689175192,17.33721212100207,10.126617743894656
49.87808763647247,370.1297324239558,17.162629366820703,10
52.71961756954647,370.32864110511684,17.74603669707009,10
52.121001332414515,369.7731111964948,18.019690426491497,10
52.29570891556282,369.881276184685,18.45859095335552,10
51.85347314603473,370.5480318285282,18.889582296900812,10
54.587223241992874,369.16159604598107,18.976215428850544,10.079032056620454
54.64265793813016,370.0298499246242,19.60367753268688,10
54.11076904782202,369.0419000531948,19.431774559362943,10.423455456236391
57.47462088667549,369.84798861210277,19.203866254114885,10.260133434565148
57.28304182879067,370.2143409620463,18.957895544469803,10.238028939956816
57.86821333193065,370.06914540237744,18.719293037798845,10.229089672344848
61.10628026764806,369.5431042349322,18.721160899483912,10.477904423225862
61.337954350790994,369.1476615368268,18.91821565378263,10.618530466685332
61.27849197134559,370.0906785320649,19.796589988701875,10.263867077187934
63.973153254167414,370.33483520436147,19.414972924878846,10.283969010635786
63.773252145457576,369.93529547925414,19.18803191483315,10.394085393045769
63.61647762526755,369.55484579652983,18.99229279693236,10.443799253486338
63.39746578705839,370.490247370491,19.673918746274307,10
66.90533009234687,370.5576343556032,19.671231022833283,10.253820634263619
67.08563057499221,369.7294826307493,19.582376884008458,10.294196774489173
67.1367228702747,370.2162368053134,20.092676493245833,10.153156174562284
70.67849351425413,370.19635136837684,19.50571074906029,10.340167381704639
71.0742162585801,370.20969195735154,19.396935980159007,10.264665290349651
70.88422936425336,369.42923282526084,18.844209738361513,10.386923721625639
74.5376968993034,370.10776967893673,19.222440684296153,10.415448019514471
74.68197102094013,370.06370660197774,19.346332107596737,10.48459642368044
78.86202536912253,370.98827063562896,19.009460083996153,10.352251160917977
78.5093304983113,370.1451515733872,18.227351898985127,10.6227119309792
80.7602369667811,371.7968519580607,17.858692023289116,10.362791414390946
81.14429409480692,371.33844398037905,17.54930241988783,10.4982911148395
81.45608324621446,370.94433536704383,17.382048423376744,10.509280442446622
81.71528262713468,371.9078488417527,17.41743259514306,10.247756742499458
84.85988623264065,372.05815085607577,17.48386182281704,10.234615461417107
84.90941577907074,372.2848938543913,17.852065686481563,10.071115554432513
87.62505904594639,373.13613443146255,18.453477705480964,10
88.29468735544805,373.00496202245307,18.40313391705831,10.01375707249374
87.9212440729515,372.56057550890046,18.151751291340677,10.21543655387319
89.12270729242672,373.21173327496444,18.575996596997534,10.068509121921535
93.451334377383,374.5053430801686,18.266495553128827,10
93.2719905087935,374.0190756615536,17.640954796405463,10.112556140605074
93.17894267148466,374.45777112809424,17.572621470351567,10
97.59776349701323,375.80178445417386,17.766221391645892,10
97.086181673913,376.3167212995634,17.87261613656442,10
96.75073895877206,375.557134433363,17.688504845875947,10
100.23868147834982,376.8495764958743,17.914140882706846,10
99.77308492742208,377.37700108556487,18.02226263896837,10
99.89454059508739,377.16707166664384,18.288776583667705,10
103.79557939005079,378.25129992837907,17.419012338449075,10
103.71328009763937,378.40675643894104,16.831218793219353,10
104.2443957065706,377.8842062700024,16.3268070424282,10
105.16566037094975,377.96023743080826,16.25644145533188,10
108.99825618076558,379.66790570143917,16.690448849134093,10
108.35162939182787,379.99568174663125,16.794424842641888,10
108.77930031863627,380.2211680944717,17.09380958686559,10
112.72689602631579,381.5265139578267,16.720936180381965,10
112.09970361360129,381.22635823106623,16.294340806015185,10
112.83109213207855,381.610677157781,16.18417173987985,10
115.26981015143545,381.8640277237557,16.528288628366465,10
114.84295502825944,382.1620881861387,16.807415495528126,10
115.08929368262392,381.59575521004183,17.025973193189785,10
118.87676973198003,382.9997227348007,17.151431560172128,10
119.69476854713567,383.3783307860645,17.228985882920682,10
119.39086338389313,383.891919463052,17.20725741682987,10
122.69075496109397,384.29006646571713,17.30865141050088,10
123.01400905556534,384.5687714613516,17.571968028864838,10
122.89327753146341,384.13020875220644,17.446104335311365,10
126.89664248956144,385.7159029852594,16.7685216735404,10.069166984848579
127.29033951178303,386.03573724984994,16.30633591436306,10.095673873535384
127.93062573707857,385.95176268983755,16.105211996358612,10.011318894015938
127.55636728508705,385.6492696212552,15.788737008961327,10
130.85417237273387,387.19378815394737,16.266492849106974,10
130.68167684136253,387.5028878064811,16.263992720333555,10
130.47717966306254,386.5451728315416,16.070247530444302,10
133.66278817464325,388.11980706459934,16.226035991069867,10
134.02957689721288,388.9268071623776,16.30190726401692,10
134.5764260298008,388.4996467946381,16.261775706613747,10
137.25856840398603,390.13676594708244,16.705236212837864,10
137.62816059380418,389.22460097969406,16.913675991549553,10
140.6018806451209,390.3858100003947,16.696300755241882,10
141.78283508543248,390.52322527894904,16.454987005377767,10
141.23396646813475,390.0243962984851,16.235858825698262,10
144.80878688787186,391.43828774660676,16.420137582609264,10
144.40354591770566,392.0339369175914,16.255493372192532,10
144.02546646362222,391.40576577146743,16.028501753966182,10
147.5576166344695,391.88067033965194,16.759929448720904,10
148.33873031763625,392.38295675541747,17.308696484554883,10
147.88808026769848,392.4545917806123,17.192251414878093,10
151.2024485572833,392.96029217574505,17.413091385528187,10
150.602773181849,392.16773630651164,17.371048831930104,10
150.96750944391206,392.5966840091499,17.768701084300183,10
154.916552240938,393.01371753042486,18.05390810621288,10
154.67523061789413,392.9777268512416,17.5440540433912,10
154.63187168298785,393.5531483177838,17.467936380675958,10
157.8993458616005,392.58890703918615,17.672965705519335,10
157.61200606808,393.3819073941404,17.91676495581811,10
157.52913888174712,392.7747231562112,17.86854719634949,10
157.26596382491678,393.57303916773867,18.061799009270885,10
161.1583916108347,392.8012350292582,17.17446503498753,10
160.69867837993948,393.3206385919476,16.70023190090734,10
160.7462775005513,393.3124469101764,16.26398981130692,10
164.51649158756612,394.43159476790026,16.378776421854273,10
164.18681282690827,394.6617508133993,16.54616417317034,10
167.7991985736232,394.101419440945,16.492000723270642,10
167.77940293113053,394.16015428558154,16.64357929431989,10
167.36417255512055,393.51783106659894,16.567376247039583,10
171.16275795311978,394.312382412396,16.67529468328233,10
170.7492685885165,393.8871177750991,16.633274296621636,10
170.22573500209353,394.73134209741585,16.950937541481203,10
174.1321974483533,394.68612551493334,17.219042626731234,10
173.0677256807478,393.79231955007924,17.022325289753912,10
172.87022834463778,394.1678450076244,16.998133133096633,10
176.84012394018006,394.1636399513517,16.26307203117253,10
177.26202046454378,394.7481530298512,15.94414553553854,10
177.04078186121632,394.80380035933797,15.583035714183843,10
180.45959312815395,394.1027833093321,16.471823476599205,10
180.01164779766006,394.65652076002493,17.164154641286476,10
179.79960158136365,393.8537420628899,17.327087469929655,10
180.67360642162205,394.3127656239379,17.39236716833367,10
183.88678731890414,394.89294739984416,17.39300559540237,10
183.15445572053892,394.1601220453889,17.101787067934815,10
183.47726190325784,394.71186928556256,17.14493691292745,10
186.76343270056853,394.0106118903295,16.726801060078795,10
186.413864137394,394.0646312144227,16.685480377988966,10
187.2224990223121,394.04775547078964,16.586240249601968,10
189.5588973793659,394.24953313187495,16.506333211929856,10
189.21381466216278,395.02386593291556,16.610759536821835,10
189.67458279625404,394.12270961880955,16.38013122332433,10
192.56894939592576,394.7901644354078,16.02711622178241,10
192.85591278772807,394.9739282232845,15.843445699088416,10
193.16205572715566,395.35198118397574,15.745253506969146,10
196.5401524189746,394.84545886336656,16.18269200878017,10
196.5016578992846,394.79871246805584,16.49515571090091,10
196.08465812277382,394.4306406892899,16.89137572580344,10
197.12497678417586,395.21641535714997,17.67695740047689,10
200.2209870808311,394.51876188116506,16.576830933867463,10.016617991525173
199.97401068930304,395.15671574692715,16.25586356901229,10
200.101766273193,395.1927144014914,16.03027356425479,10
202.51048049149406,394.8473577664317,16.06107724445044,10
203.05394510176706,395.6767455317953,16.09327627596541,10
202.97449305116447,394.8090613080024,15.931076066950045,10
206.39417770158224,395.9551662231221,16.437663157141763,10
205.51833333687347,395.483010365345,16.48468015473813,10
208.27934008813256,396.2552374300125,16.421051591942284,10
209.08651707145165,395.8620867637473,16.176701398853645,10
208.84936248491152,395.48548483234964,16.076433056968852,10
211.6018298143982,396.69132137258305,16.501816430795333,10
211.78128905497314,395.72258618656303,16.56008061125846,10
211.19322121887097,396.4857929544689,16.756351821955928,10
215.26826246307164,396.090137120607,16.725559328634123,10
215.34820513379486,395.662536404724,16.702398864894924,10
215.5157404829262,396.47996598669386,16.70323416218257,10
219.023661556661,396.7497987793392,16.181815787823396,10.148518910029972
218.9071630370814,396.2656613138206,15.758893461804629,10.22150213467176
219.3808495958246,396.5707653228696,15.722778927983228,10.161952964743932
218.78154803507437,396.9895409731213,15.67491342199126,10.044779004069692
221.64781821063514,396.69577481593944,15.677186781223355,10
221.5736311263469,397.52606687993097,15.783156070258574,10
222.08202373402318,397.14500028534786,15.939804442399545,10
223.82752105654387,397.2700355375541,16.111317561718764,10
224.76568019888884,397.90146564865495,15.751839201330071,10
224.7287648372762,398.29627821106396,15.628046686552599,10
226.80031961131672,396.96956008116234,16.000095708373912,10
227.2112352500501,397.8643290502557,16.20888786261536,10
226.98583542111461,397.0191501022099,16.277578356935194,10
231.55975184658274,397.58005531524674,15.918364272829464,10.107725912831672
231.1685043260636,397.88697029361134,15.801049725646251,10.015765878270638
230.78380532255366,398.1536778964497,15.677915305808956,10
231.52108559567867,397.11658580294323,15.596500170804244,10
234.11470963077704,398.38394498788955,15.834509900994046,10
233.52989423488282,398.02994676080425,15.838677773647674,10
233.98304420670254,397.70458869762325,15.83954989113601,10
237.1206175070901,398.60079196182295,16.003579006058853,10
236.52810181412812,398.20848525699057,15.856844112585286,10
237.1057739446401,397.83966296279345,15.662138912454603,10
240.03243794612416,399.1717718656591,15.59324336836779,10
239.62402701106456,398.9097841642932,15.411937927525063,10
242.48995588412618,398.9949134724424,15.554689300888207,10
242.28627708543124,399.08868334477876,15.759323438985637,10
241.72150332550237,398.45199559293224,15.708383379481216,10
244.99905203548528,399.3437806034215,16.172394966572828,10
244.6363006281694,399.8580501187197,16.45183138128684,10
244.48686714335264,399.188935734853,17.147985336711077,10
247.1152441361988,400.0372702377461,17.459776212158303,10
246.85919809159907,399.5431147580475,17.5267195115284,10
247.31450591602788,399.8485444361257,17.665969877590413,10
250.05260640124217,400.76098742204397,16.85393727027796,10
250.58534138888018,400.2621526569592,16.48892316865292,10
250.58266571675694,400.43973734866637,16.325662294482527,10
253.1935570791264,401.2405073717849,16.175617864280795,10
253.77320923870627,400.82780998851393,16.079959495625303,10
253.2660824928726,400.47819721771356,16.03924832446228,10
255.93828012269176,401.1814695186474,15.82249634293909,10.034863140953766
256.56793919234053,400.6510644513192,15.411379500766579,10.100990519364826
256.3238664706204,400.9734399608938,15.836351588279953,10
258.6051793243651,401.85415994469207,15.994541214778057,10
259.0985063345554,401.74644058069583,16.152806901615346,10
259.02464805496237,400.91304511734376,15.882654022480834,10
262.3477513326712,402.17896684430076,15.928983588950175,10
261.8946256525344,401.3168996897927,15.65742810312436,10
262.42327202243524,401.6914535882211,15.87667967896979,10
264.0615694394757,402.50700131728667,15.708985740695699,10
264.6261898505735,401.98771508068484,15.468425638585533,10
264.5432327662682,402.2768379685666,15.449377459685007,10
266.64559499496124,402.95407272066785,16.012960178121077,10
266.37085230775006,403.1680250620658,16.274451083675746,10
265.9757928315819,402.66241400882745,16.01676393601919,10
269.83015502973865,403.4381598016064,16.283814891404585,10
268.764001694244,403.72372827588384,16.60175475025835,10
268.30555517120746,403.1915710903761,16.684158932081147,10
271.6065061788233,403.24018131850437,16.24802218207261,10.000617820851806
271.2970073537854,403.8639945178403,16.002732364254253,10
271.4749538222975,403.86844270114733,16.031843327548465,10
271.6565088042456,403.87289214494933,16.054375643846964,10
273.94201816276876,404.61849161061554,15.573113769016052,10.220505736286785
274.3797188536884,404.25793692251966,15.589077152383972,10
274.3654369141091,404.5011005390951,15.747451352123477,10
276.1589977022537,404.6775877572118,15.608193494382235,10
276.76698621994035,404.781758187467,15.765214803384627,10
276.40736624507315,404.9250357759079,15.692090379019433,10
278.92081321590126,405.28625452477644,15.294868564934632,10.041750317273019
278.82801999442427,404.75484221598657,14.942299745350953,10.05386774630175
279.11821355642104,405.1113878655186,14.853096541639891,10
281.0248260645143,404.98740104172515,14.907954631460289,10
280.758594911994,405.9701737869037,15.039081934617073,10
282.6702647951731,406.09168194587437,15.181311935688015,10
283.0290986301556,405.43949317153726,15.099596794615048,10
282.64598377110633,405.6221306837009,15.2969236544754,10
284.79708414821204,405.6132663987135,14.887217768174548,10.25277291198405
284.61721619268314,405.88584465903335,14.7604143005966,10.140468287580184
285.32990812918274,406.5550138323069,14.700973121804036,10
286.5666388632361,406.20256443449153,14.913707452028913,10
285.77345485114506,405.8912074993162,15.2004227454252,10
286.6733284455714,406.1063778502359,15.405145556884436,10
287.9983895647155,406.3690042655309,15.66123343288734,10
287.69585415402867,406.0642289026682,15.808548549443763,10
287.4150779339367,405.69216968846473,15.92264820179745,10
289.1179461917432,406.7740830549544,15.538593730129774,10
289.1208128567267,406.22981850291796,15.300587182556917,10
288.9389575559639,406.95157206880424,15.341546695268129,10
288.9175721818638,406.38995763022865,15.202559918960045,10
289.69001320852044,407.1459929180939,14.927958315292862,10
289.7668095232011,406.25983360259784,14.727302567378935,10
290.9346409307207,406.62210658064083,15.042525691215253,10
291.05617445311265,407.0416981843364,15.191945048552597,10
290.7045954091167,406.78319517059543,15.340501275622046,10
292.2502631150832,406.5990528839995,15.559099057119244,10
291.81398913463363,406.3867342531676,15.607467652046708,10
292.54650114041914,406.7241207777545,15.789017743285033,10
292.1407008684648,407.16397978852405,15.906935489374542,10
292.45561383322445,406.21448423961397,15.883359767130798,10
292.6004380393111,406.4056560533869,16.005053201603562,10
292.76074515850394,406.5976863774466,16.09762805501886,10
292.5119855663606,406.05218489725564,15.890202355706514,10
293.5007253662647,406.33466367971454,15.980219572882458,10
293.31977692432486,406.7466414384742,16.051228692121015,10
293.49864812119915,406.90866498012105,16.228063454337676,10
293.31209765063704,406.3847899617868,16.153233690574808,10
294.4040321898842,406.96498101046075,16.507618733529327,10
293.6408263917942,406.33083044753636,16.58512389097009,10
294.35711202327263,406.2851615008934,16.89909219596784,10
294.81204063884354,406.26705019940226,16.879972049822406,10
294.4345736552857,406.06764403847086,16.740622710899085,10
294.8574892477451,406.0282724304209,16.750125607460387,10
294.71016440036726,405.7365818836392,16.4434337818469,10
295.073637448363,406.2651046751379,16.35021410915105,10
295.4740444515845,406.7088618559123,16.22219451503399,10
295.2122326979848,405.9909225822824,16.078270615528997,10
295.85245087801025,406.41605844259817,16.153459254254198,10
295.418941380263,406.96055302904125,16.29717946911576,10
295.1670095048096,406.24065539124274,16.131674905937807,10
296.0886952411048,406.63698584997724,16.021972712819885,10
295.4168970967743,406.4125532289485,16.042313528013544,10
295.6513829427904,406.3088415283668,16.131918368608563,10
295.4329023797946,406.9069556941056,16.31756774637826,10
295.4505167662962,406.23467802556127,16.243239378852774,10
295.2681752068497,406.859088152291,16.37867492458335,10
296.52458207426207,406.23031271750096,16.54165907755965,10
296.3403378650718,406.3148915048013,16.402711165253514,10
295.58791566239563,406.906201345948,16.4453082972366,10
296.17544779463753,406.13446813995114,16.114189561760064,10
296.6376138486279,406.6784631896242,16.026392404181347,10
296.4931954753156,406.78463213861096,15.977454295097225,10
296.3426761841778,406.8906104278173,15.941324602782679,10
296.2169799022726,407.1020682872517,16.34933541639707,10
296.8295324893544,406.5373096482314,16.387172067192132,10
296.4766011142182,406.0663793427051,16.349936188092702,10
296.03775123154554,406.6776120147307,16.46603050797791,10
296.788882091645,406.008580948276,16.38433808380084,10
296.3543145790607,406.6205745261188,16.49091956298994,10
296.6585261513044,405.8321172299739,15.966180761207529,10
297.42214628929736,406.8163228838306,15.818253456707364,10
297.1109397014011,406.7866916212274,15.661836165229877,10
298.12079323196434,406.49359626139255,15.793945190573996,10
297.0421537268598,406.2753046161069,16.100640581004214,10
297.60241178059175,406.68309893058733,16.278359313271906,10
297.27946114758566,406.09037542124753,16.105055312693942,10
297.89636278321836,406.71204745441116,16.177714383847462,10
297.9309146596162,406.0961288235584,16.729554923877792,10
297.44871613560304,406.2890829543053,17.184786310440074,10
297.6627543238868,406.93005795500426,17.505971741702936,10
297.7733870077041,406.90713752415513,17.450320482788513,10
298.42161819726465,406.1093884034839,17.094448474123485,10
298.79480949321743,406.5840223361804,17.03500966672004,10
298.7759126496968,405.90800095675417,16.97589257812168,10
298.1186353170188,407.03642551487155,17.166247345491442,10
298.31201305082993,406.37388092152526,17.201005111533433,10
298.4403469351781,406.80562816619687,17.182918264802765,10
298.7361060649556,406.0228210104514,16.97114328945014,10
299.1518605147187,405.62149068578947,16.57918092170115,10
299.52198105029015,406.5729888481636,16.416069164469874,10
299.26307810290103,405.7706199553449,16.141587664758916,10
299.74537314600957,406.3047442617754,16.573823684814755,10
298.77795660720113,406.36221791576725,16.84583717769867,10
299.6561909148998,406.2692415189913,16.867972485841488,10
299.45076230701926,405.98444073391437,16.670253962224336,10
300.47804332362784,406.99035765210897,16.496498059426905,10
299.9891188447837,406.47838623472416,16.289046401664674,10
300.476295959475,407.1604907071598,16.28249459653157,10
299.9505577230001,406.6354147657332,16.06756224028223,10
300.714488942406,405.77553503310804,16.01574129409578,10
301.3749609587702,406.71208454420247,16.067637676670483,10
301.40431204211933,405.8794262195691,16.165490298856746,10
302.1808196308741,406.3192662015293,15.94841591806062,10
301.3333520329553,406.0293854182509,15.883090131516912,10
301.4764026399782,405.9243333823616,16.054654459127015,10
302.2133640214183,406.8476106928729,16.075094394657967,10
302.15399557782666,405.9783526320334,16.063519242985382,10
301.6331324686356,406.9450717355041,16.497749431026385,10
301.83586827944407,406.01479150055377,16.33707800403612,10
302.2173163608611,406.40776491633176,16.14294746932169,10.010277770309347
302.5683797633317,406.80838284878865,16.00582427823534,10
303.13323720783393,406.6554097824794,15.705991712007222,10.212837531821886
303.614621907956,406.5764400216528,15.571209985672066,10.277881022702218
303.4164209184624,406.27114777240223,15.78046195129727,10.21847622774326
303.25850727246984,405.92690459030956,15.908145475023659,10.233415697113346
304.4408837844384,406.0026256089033,15.590521859883772,10.518870781421235
304.51136571489354,406.2465845859052,15.39672794028671,10.551349667842734
304.12934368955985,405.7534866772418,15.421367474429104,10.409992474941173
304.8501159316238,406.5343222387475,15.211386943941974,10.268210029555132
305.2724419068585,405.4972199978935,15.193887939010965,10.227499677924389
305.0401897577669,405.6561339091387,15.14112748711334,10.379467563633312
304.76633962811746,405.85255093303203,15.169324597583463,10.458462206430163
305.5230071046961,405.45585989959324,14.760161850228787,10.397373545958956
305.93772447493564,405.6987591367178,14.355890378762856,10.501308734074618
305.58853993047427,406.6545955092283,14.503385004797048,10.265027220843288
306.83577615135243,406.0039734825727,14.436367999628168,10.293892912467562
306.2170516292705,405.3591082470029,14.40885880473812,10.31597336133883
306.5705043032789,405.9851353169648,14.402341427583043,10.281277099973495
307.8978830769072,405.48266669827535,14.277001697020596,10.530132207942588
306.8623246686551,406.12133234973805,15.070258466646216,10.154529465736621
307.2340167946677,405.6508180501528,15.290916598736924,10
307.9464274092893,404.92556933509053,15.270691635164443,10.13902166337262
307.70674361755937,405.5832111649073,15.307465482785954,10.312037025042088
308.15001491274035,405.420687062061,15.256192518765745,10.564406771022824
309.4125836154181,405.697466131303,15.094165054988611,10.583750685656044
309.59350631258917,405.9816485247189,14.934920619585649,10.53234956116846
309.1642078128896,405.6842160987746,14.954900613154411,10.388833374116443
308.7729715107575,405.35647112769624,14.90657022463937,10.30604661965962
310.4776920097823,404.44972641611554,14.601753048064573,10.632934580245673
310.1424174778642,404.96688471418133,14.580192642944093,10.65944758802355
310.98145854107037,405.40719904400277,14.487989220199218,10.695683066980934
311.64341057267904,405.1008726493403,14.9839215409833,10.495270954649573
311.6621156806256,405.99031719986925,15.090266412687802,10.463107940742375
311.07014519675454,404.9549418572893,15.189017137163425,10.56248505157113
312.4673707467664,404.9620662216758,15.202323235228903,10.763166564297336
311.87687681423535,404.63951604289895,15.260285959850725,10.911337054788746
311.66934563003366,404.89649690119785,15.184455853647282,10.895804891147282
313.2127787825111,404.62166709534773,15.149116740028127,10.973075765121756
312.77058765971105,404.3365978823284,15.290333568263062,11.01614811124746
313.19089671000916,404.0261807877844,15.42094963173173,10.853311613913334
312.8135603366289,404.8893618998957,15.499019624930236,10.868414186490385
313.30503153412366,404.19066633363377,15.458753627442787,11.066385288868325
313.6606766722159,404.2314971815859,15.21736662810541,11.267553409465897
313.6243581743793,404.19364052723313,15.205293722929635,11.153388182319095
315.23644153959793,403.4967368351039,15.363512194357583,11.189737128862841
315.6335540873121,403.72565868731476,15.378180520823674,11.069274778693975
314.98421715924013,404.00212064823404,15.606061680754342,10.942968656504789
316.6238750401659,403.5383692170078,15.556306421472344,10.897498372666023
316.1716995972764,404.239767586366,15.738364520715793,10.848102546172758
315.69989427181616,403.7599876339577,15.892083848960601,10.667949879375515
317.76413797373107,403.0634629101311,15.254061458198779,11.108740798834909
318.20428254733906,403.11788999135484,15.007802726086677,11.216623343654675
317.44850638022325,403.12989447087864,15.024897816234365,11.257482111711816
319.0765869124943,402.865206351283,15.434176121243688,10.88710761296787
318.8220616223804,403.8219453131936,15.7351331839955,10.717189232631714
318.6057526451935,402.5117905355902,15.31635378018862,10.841643617868828
318.9801937455509,402.9323864277008,15.057944698624539,10.90162632267875
320.2384155433478,402.80534468649614,15.282966047061361,10.564724395840642
320.68050196348304,402.69605432790297,15.395766807690354,10.41405125005028
320.0912836909021,403.6838830179844,15.605241545357178,10.314956660646786
321.5078041849472,402.61004485806853,15.332488464804577,10.419966662497448
321.1323481610998,402.87404340866055,15.198924289322932,10.445966571442762
321.3979206150482,402.014855259146,15.14207101424909,10.232741592236785
322.4728875170843,402.8243294236892,15.040792301679167,10.034379854133253
323.0548846285633,403.08873847136357,14.909655036845358,10
322.401992966946,402.10557370455734,14.866833637619006,10
324.35114875644365,401.9204428835473,15.246007002080571,10
323.8555067857653,402.4367026176832,15.491720458996925,10
323.3895054093553,402.9588413188415,15.67131186297172,10
323.59396175186106,402.86262613772186,15.605132198063252,10.031474225128548
325.2112703810971,402.5182330197703,15.170253439503163,10.187121741132362
325.0834041045716,401.6068671715473,15.0377178869912,10.127866778077143
325.0014170313143,402.0575468519539,15.046931802892928,10.089697540287032
326.2887685946781,401.92975116430125,15.312149888739127,10.057734498377952
326.7338342520329,401.79435824197907,15.517649602970948,10.094603282815937
326.49510600867006,402.2466254513095,15.764937750643863,10.206588766855997
327.5719845458762,401.1770748750149,15.625816217343411,10.229733047120817
327.8560159252084,401.2285692711407,15.434838498034576,10.291951543378007
328.0922894242605,401.30367786828504,15.333907695170863,10.283503761623301
329.28118271619746,401.50394433549565,15.647330355083078,10
328.6750259832296,401.64068043781623,15.75188920518185,10
329.140719738576,401.7209050229741,15.621305520525613,10
331.2710402237611,401.34778956585734,15.424728835801378,10
330.7694849945398,401.7361997547383,15.549603598583081,10
330.30399100577574,400.79862754912006,15.405258495237673,10
331.06108394254625,401.0938903051444,15.33946660942719,10.007171334166255
332.11261549474006,401.19779874954645,15.479694609270016,10
332.1744154252478,401.33886119659644,15.50137712265412,10
332.23909757562575,401.48003855057306,15.517413540701241,10
333.6948042240414,401.6076158294932,15.840638600460156,10
333.4816416975029,400.9354869259465,15.871231177107784,10
333.5845781317823,401.2182327117042,15.948689713098132,10
334.7404028567337,400.2534130897159,16.25850312207822,10
335.16373703019644,401.02889206042056,16.073106402936098,10
335.5315224781147,400.5749612605637,15.940985494565332,10
336.57497525714825,400.7366318030757,15.958775973029919,10
336.54704650389345,400.8242686700714,15.973289993115174,10
336.5033244770855,400.8599419755292,16.13044079072324,10
337.07035023618346,400.2574715299521,16.39596738937483,10
337.63013928978165,400.7783018542042,17.005692390686843,10
337.37393689835244,399.99959081623155,17.026652201681582,10
338.5420079158724,400.2494814098036,17.02930244183233,10
338.9801946290707,400.4887996822168,17.375844220237614,10
338.45998248317386,400.6919278003931,17.955990733952063,10
339.2714373790171,399.62303900963894,18.270025641635705,10
340.42035271008587,399.5789710483344,18.306104300935914,10
339.43664937551677,399.63369954745815,18.082478148298144,10.029073937711164
340.5529929325049,399.60439596213644,18.17165651260275,10
341.61981762480434,399.0165400943017,17.84837461639042,10
342.0968696685638,399.18860457461506,17.960437860214274,10
341.6907733758428,399.87771852924305,18.046153133341566,10
342.40354488008063,398.98535260294796,17.671319645509378,10
342.62199647730915,399.7575692030255,17.700282009364848,10
342.8351253997814,399.53075543045185,17.474013303424233,10
343.86040995829387,399.2491174212794,17.259805783335363,10
344.17026085822624,399.57618624515555,17.039800577329267,10
343.48190787255396,398.53759678524926,16.401385168930126,10
343.62161033124374,398.8768764223506,16.54964911692495,10
345.2290919352,399.50543285644846,16.863166904952493,10
345.2493611481395,399.01802535562905,16.79282292612552,10
345.2612354530295,398.53183272131264,16.73934305394043,10
345.84477791192836,399.1931662415406,17.06022071025847,10
346.08290923083314,399.50903616173315,17.286912702700338,10
345.09431981240334,398.3696428211287,17.042271499647807,10
346.1341935093074,399.24368056236693,17.671232931747873,10
346.9062573573405,398.4821343178412,17.723162632190302,10
346.91568700891605,398.9309040265015,18.08603161742679,10
