352.5,325.5,41,32
348.528327926904,324.4227861292792,39.867778061124355,32.92174323727099
344.6328361380608,325.8982942520463,41.15765758710279,30.63765573482555
340.56938568277815,325.3900482159605,41.34780166177627,30.12088703305899
337.29192415951894,325.9971700899493,41.18551576973506,31.557604039036693
334.62104884313754,323.6538308246903,40.063746761134446,34.55217488994011
330.32820526759457,322.5812352290224,39.55616659401008,36.23337466614248
327.66778611214903,321.098601595895,38.652577883974935,38.078332055148344
324.5368894795347,322.29411989136946,38.456977967369504,36.863987451598355
326.46827870785717,323.39392275156797,39.3306892015278,35.37009578267504
332.3037435301589,324.38892988539124,39.07690144706133,33.917479137074885
338.91315086968063,325.3525717834006,38.859646184238386,31.95625424870153
346.2137050350315,324.44407003745965,37.92557567815379,32.11961830351085
353.06613789309637,324.9276940138045,38.36705336552397,30.99772650618504
360.96792646722974,325.6064957703201,38.35338002234741,30.55580979185057
367.36245538000816,324.73142905559047,39.445134414801686,30.692418283924237
373.8403981201992,324.3493214267186,39.996840550180934,30.91216333395909
374.62265070535614,324.9057143972223,39.592200938888766,31.129129250203405
368.59597716681424,323.97972965684056,40.025413710313835,31.867054749545304
363.6114337270334,324.94756273606026,39.87432858979423,31.15144955230903
359.84448730045403,324.22968270197276,40.78106359538641,31.212030970466326
356.96202724054575,324.60216901313686,40.07169679491005,31.022765359282516
354.7539848848049,323.5790740721233,39.495954586532015,31.655656031130608
351.1543131896371,324.878816271688,38.115830158317664,31.23027454591356
348.50209294743564,324.9696997371979,38.858096314131004,30.681701353613075
345.111506751045,324.73409802681255,39.687265483586145,31.033790395055597
343.8350660991856,324.13786891344444,39.00739521995775,31.047360476523476
345.95099113926887,324.37831520090685,39.339117725025496,31.289632053823752
351.94711599890525,324.31188157107465,40.37804934075021,31.066907907191748
360.04634498737516,324.2690386870167,40.209780924852936,30.913423762713393
366.7700695166034,324.4276274091331,40.270085745266314,31.30615636658105
373.6384618735029,323.8093243065955,40.79878797740415,31.8186812209653
373.13697835928554,324.59154221432425,40.37027084764228,31.0723299656138
368.4588411382445,323.9497328767429,40.24293893281366,31.2429308310815
363.6193178004234,322.8678238004204,39.31090585289805,31.818393395742252
360.7135844055838,323.6083494252624,39.55068317990971,30.873314114843556
357.5173160520048,324.00999982332013,39.46753907645855,30.537804925122412
353.15813524873016,323.3028418072634,39.89316459040239,30.82647623920968
349.9709435342838,323.14856919055734,40.340541674679486,30.57148850964008
346.77421566576027,323.3722372111592,40.322343270002406,30.164317794167562
343.48705014722015,323.9082077601611,41.09955031368121,30.597191268596156
340.3838820487026,322.8160931229229,40.76193384795265,31.253935038181428
338.30087921599585,321.94652648181744,40.243077407872605,32.51737816285033
336.1076898976686,321.37646172684913,38.24401250328462,33.11915856152468
334.0165384708665,321.51200233390665,37.45129298738099,33.507892393365154
330.86024121606584,321.36697754497396,37.78678563830218,33.26980386348059
328.7447249163958,320.4556293320198,36.44814383699462,33.838868634227325
327.44271269352066,321.9458288776889,33.646588505393844,33.70484236402008
329.06937170349755,321.343940615012,34.14830245717758,33.61671353794941
335.5960767679204,321.5030162482191,35.33317806313033,32.47731059679241
343.458725069031,320.55533472522376,34.93376904911419,32.351459272312105
350.5307646879682,321.488365392874,35.29373351824651,31.725485169956837
355.58055642476734,321.88971222357145,36.35230829876819,32.01019065122561
358.48018566403306,320.9576973773487,35.43703019939629,32.74214151326775
353.1429863935433,319.689058028658,35.007236921978325,33.45663407531936
348.23815944613114,320.73624265485927,34.36476155891969,33.25811666121277
344.10677093386,319.7860714706023,34.09229725097225,32.82171904242288
340.15516273691475,319.505181793401,33.75308104125581,32.32453023398538
336.14238609037085,319.39186501378634,31.906014929986995,32.12722631291951
333.58587388829375,320.76111289598185,30.80616421443733,30.998350497797436
330.42831162466695,320.6274210982039,30.599027486020724,29.333664965439883
328.0868483161129,321.8472335408644,30.84048078851955,27.993089397863088
332.53216128386066,321.6305656774988,31.56327026237407,26.939965006911265
338.48535077176604,321.5610695080465,32.51232722198051,26.197840185043468
346.6727070625178,322.6341255151928,32.16966139327743,26.264877722539527
353.22824740039346,322.52286667474345,32.45818132435023,26.45330129098057
360.87112612844174,321.1466970287629,31.010689053570918,27.574084812787554
366.81440533226487,321.9070459326539,30.872620895303648,27.86505757090773
372.7406511162416,319.7635266985197,30.268887600864467,28.808331796645398
368.8495814727976,320.2008773461074,30.74243086679777,29.08666146937928
363.1809821750982,319.76221903481996,31.385591237656048,29.232662120468156
358.4900716153006,320.03175065319215,32.28757527718402,28.777320154200957
353.93719654345847,319.45850314366385,32.70564739366969,28.645970913813624
351.03174859312657,318.73307171511533,33.00712763278078,29.01869321211453
347.1384027424834,318.8050809452982,33.78317630288862,28.63890239597214
343.2512675609849,319.42752643867294,34.129316553663976,28.243952082349708
338.90432974148854,318.6193043945483,35.89879847521828,28.4582300086592
339.63147370939345,318.3988997976698,35.94771216448291,29.34992172364985
344.24975672721325,317.7634348979384,35.60468493698549,30.167670085094485
352.20303597662576,315.7150061934864,34.424066096017896,31.52994446089002
360.12363389355505,316.84346006909027,33.810191193677106,31.896166166219402
367.8455060129271,316.0173928105418,33.26448699011172,31.676008660811128
376.5761615578798,316.39531784197453,33.27985148154764,30.984984448433657
380.83545558807464,316.2172638229406,34.27894746339615,30.93273813333313
376.3873251686149,315.7551599957382,34.28618409911803,31.0223960158203
371.08466153392686,315.7831557390353,34.34782880280811,30.741263025894103
366.235681435067,316.1581834803079,34.57342069041692,31.039517811457678
361.16275032926035,316.02223162685044,35.862197181766504,31.320550962561033
356.40789664140857,315.1267096850943,36.53832286058939,32.271434416562684
352.5208961451441,314.4362396773627,36.64936863645988,33.9964676173566
349.16924071950814,313.72217469479074,36.45057287512323,34.792479681244856
346.0819913754778,313.7046257082652,35.63892610574739,34.66998059225807
341.9848931347532,313.41068713401717,35.0228458034299,35.677007061095864
339.8663188523093,312.9717393583665,33.49550469674227,36.84410129187428
341.66153960902744,313.33434131435007,33.18329158718804,37.607328920505985
347.91938048545103,311.7273378919905,33.73204545129728,38.07837016766267
355.64452979853377,312.69756358350145,33.64370114627095,38.39877054169267
362.4740267600796,312.1908288822232,33.086854495682886,38.40952384141637
368.9737248623522,312.99476649731855,32.981771846492315,38.25917964775094
374.9830381933658,312.22239950424915,32.54549519278359,37.5211212173785
380.17216143580634,313.00804432245957,33.154288424760814,36.814403055380716
387.1288114006029,312.1581319021483,33.264788349101806,35.48843121927172
390.095443355468,312.54108092454095,33.850480496460634,34.06722723035274
385.9206861567296,311.89552495882003,33.410726545028176,33.3685426608962
380.91452738609905,311.50168967034494,32.9197926548952,32.50227631041895
376.3400629382309,313.398911204851,32.494587214852984,30.976314078194036
371.60329022334764,313.18252281426135,32.266045363102194,29.700668665262903
368.6459052675676,312.4904553483532,31.756257376637492,29.507237693035346
362.56618652104146,313.46488350184785,32.381951905718296,29.166835486753783
355.6943850027165,310.88077075010216,33.64192339893342,29.877426664986352
350.2703979194427,308.2969915956385,34.42910049876731,31.382016216996472
347.81456373756464,307.0831637508322,33.95681321993045,33.652734907604525
346.1144588502185,304.3500127928166,32.00829266199209,36.93279649650593
344.57620855758125,304.3208934483377,31.01555437699414,38.59690826305999
340.9273742410948,302.8263469561426,31.867300580294554,38.17855272205459
338.19050750757873,304.70003444661944,33.21286934431343,36.92621619801191
332.0541816016734,303.6176499465406,34.60637820696348,36.318767249143434
326.6813997780733,305.86512684225033,36.14008483245479,34.43614778084334
329.58109137933155,306.94307762676,36.44878098473772,33.275073336822246
335.8438155109403,307.84341537627444,36.1985274561721,31.89289489198101
343.8564956904995,308.53697230890936,36.618443457525785,30.415848836251953
350.79219005602835,307.7728956825693,36.86528638396344,29.952483909826775
357.8045230928308,308.6983686915156,36.89423662705299,28.72218279758998
356.1843723873458,309.00232772259966,37.45859128495878,27.91742152928402
351.75657151702535,309.63164768725625,37.045481775483815,27.511324148949413
347.6852029493114,309.78142854617937,36.62065873056293,27.471258773807648
344.31765142723,309.5960361103903,36.68475035311545,27.043607477719846
341.1393740404366,308.58727233591503,34.98114704839339,28.051588202403455
338.4563617825193,308.87617523535437,34.05503433717273,28.862403693181676
334.47074355724874,307.5847772403009,33.200866996396385,30.441884987777108
330.87493596946365,307.4354804406438,33.01365538640292,31.358541286033272
327.79761828097145,306.53522549402817,33.217603969120475,31.9066185443942
324.1185902559115,307.1414353442664,33.74905619510014,32.011943329220145
326.88415071083614,306.82782232938,34.2422637951575,31.586569859017295
332.02515603984955,306.23422115731006,34.86980140248462,31.27834316435746
338.2574339211029,307.66845148282755,36.525558502407925,29.939312062071735
345.0738567681888,307.06158293256755,35.43413920967211,31.198846261989274
351.72609103619686,306.5952796737108,34.79589005478733,31.846885752295314
358.02909599539174,306.4093328501763,34.26353042964399,32.52225418363822
364.49230978959446,306.20429508533635,34.203130816021,32.845056174736115
370.0353191383154,305.1752636756837,36.439238672703496,32.98944619358517
376.68930865915934,303.84744326487834,38.26483523358519,33.275416413447005
378.66310158495924,302.44359543104287,38.34005523288044,34.60772391298449
373.97184088655405,301.6580829938675,37.739498253030646,35.773462993979855
369.31851158329675,301.630658225819,38.15449105980624,35.327962501908345
365.66195929198415,302.0112109135894,36.6719072927508,34.34691807865205
362.8511119028187,302.2948979618223,35.013685690935716,32.5413218451498
357.8722926326093,303.66891256347293,35.75344640415322,29.71568257927963
352.9027222522761,305.3477405898007,36.706301253460474,27.108615307648513
347.9849535873125,306.5505823653263,38.809569110728056,25.396613742750972
343.2689250781914,306.55092830854176,40.43814151202842,25.68460550291111
340.0381397710732,305.9659059346557,39.26584095847001,28.40826957604575
337.46861521493,304.9288477682435,37.195845464589574,30.84489501103851
334.65589987804765,303.9859816113843,34.26088423796111,33.05147540813677
332.111515663529,303.5807316493892,33.457325829473604,33.01780988264674
328.6791623407741,302.84327903739256,34.20256066501301,32.71765716084119
324.2941101357316,303.8653317853728,36.43703352991394,32.85212700261671
320.2872477396638,303.477654848052,37.91383148074283,33.42819417172989
317.0689289356812,303.5994472268784,39.65739295172621,32.98392754967443
313.4691959987803,303.1986430436524,39.837868231964,32.42003246999455
309.7742892287962,304.26812320889184,40.66584036902123,31.44180089104205
305.12806968895745,303.80626718372474,42.29237757279016,31.322056617045593
300.743665285232,303.66527684275434,43.13157271781438,31.324188582217683
299.5044211360354,303.8561637544032,42.86069837884489,31.027151463824772
304.09588926889865,303.7275795558033,43.474107707538316,31.429582248441367
309.8501606842957,304.5696952824463,43.0803917021191,31.812204910729566
316.73269631752754,304.45345060927724,43.899293865016766,31.67221308322035
323.05600928711857,303.648188460495,44.041967504088795,32.12064701810002
327.91979800524376,304.5444312923729,43.99073692150748,31.79735398299414
324.8072618092167,304.89046872869534,44.884742493265016,31.586872952292197
319.03486640395846,303.87048928636136,44.833669852916245,32.66838194107015
315.13248301808596,304.53988510874535,42.99853254186053,32.96330591911546
309.16142423514253,304.13900111682466,44.15966798405812,32.91515451052099
304.605143117095,304.7132762783863,44.26848536911859,32.43023853067945
300.47759382140725,305.38193977105135,44.14747604543357,31.634407685172665
296.8500906535627,306.08282007475583,43.86312675638165,31.020980865916286
293.04808557818313,304.9774202165462,44.24706633724959,31.40412483039919
289.4061883447483,306.2217209163603,44.58985136967073,31.18662754469488
284.9680473556295,305.36355189126,45.25266083858169,31.631135220505648
281.5628537056112,306.00503240024113,44.9521786818274,31.749434881515846
284.14152932485,306.00287784259757,45.02073064975435,31.86635550989516
288.2744697276859,306.3665468310456,45.69209640732823,31.663733198161054
295.4417232176823,306.4802815519302,44.48167838296816,31.117684074648892
302.85267889686895,306.74860497710415,43.644580823038105,31.13138665080755
308.7580073691354,307.2785828243781,43.78154404815791,31.069878042938385
311.95117402989814,307.2911812895758,43.188575753296824,31.118278112051925
306.7450109000699,307.51437986948866,43.1627603868008,31.107220165306988
301.7741004071056,307.4545343711578,43.135902147282756,31.271632155506474
295.78622954249636,307.21755285050597,44.095921622593835,31.608369917555784
291.15359729186264,307.6298509833044,45.0392232581732,30.524837471590505
286.93163220263915,308.7474662430134,43.93726679022052,30.835098103523467
281.31034557593995,307.8559587423162,45.35334856245199,30.03972351446262
275.71071232097665,308.4125372848868,46.494948268747386,28.8032374682681
270.55374028891157,308.5978732948939,47.236270848175174,28.56143367310269
266.7801976477157,309.0990405375805,46.627488432520956,28.759194034688473
263.6855783013458,309.48970968115486,46.49277202728099,28.437228194093866
260.5295024689258,309.6380096055582,46.324727304828556,27.53040729762818
257.36672608064976,309.92521551507133,44.9840753941065,26.758777643479867
254.06739165351587,310.65423642205917,44.20759834226148,26.816712809341595
250.06536547713205,310.34976434655806,44.78454010051109,27.223075088134337
251.49941007740233,310.76377508539355,43.70601230454166,28.282607742405308
255.80056118823967,310.01985043146834,45.17604567014393,28.71245024085055
261.1437441910284,308.63677568786886,45.77851756061971,29.920721933308023
267.12984020858227,309.2122211249888,45.9817987657223,29.990193211891253
273.6931950648834,308.75052944011935,45.53029830818598,30.75963889093544
280.4879626834163,307.75044184459375,44.78217381984051,31.13069549038996
286.3645192837076,308.51346596216484,44.649941634477486,31.128939025605792
285.4130501422834,308.67445173402734,43.66943230316853,30.363347251634693
280.01383474020776,308.1993428891622,43.898061443393416,30.30291325910592
274.7258656221056,308.5409061714848,43.28427655789747,30.820010186745808
270.85478472809535,307.60677011574825,42.67780461988746,31.318088303622055
266.36895278531705,308.2491903070488,42.973887794761296,30.542832255025537
262.9398765699218,307.6494243577009,43.45892199263803,30.843764555919844
258.71256939447375,307.61308793169036,42.90295895084274,31.423081732502588
255.08333145729637,307.6903267497365,43.69181937298472,31.34429234141325
253.00356843670374,308.1276237552508,43.29638365047484,30.95313362656777
256.5870628380851,306.8570306713438,43.2736975630242,31.390103444823474
263.14471314656487,306.7130225492517,43.08439401115036,32.151672242265455
270.36453826398815,307.2270093771654,43.28582553493273,31.947827430228827
276.5611690536908,305.9692590436777,43.32533505739658,32.48479696019636
283.3912429315629,307.0274666563953,43.86807250937362,31.983021204192063
289.4463927748454,306.4962888119749,44.66405942604798,32.162796139326566
296.0467558155174,305.4484229172842,44.20427862927457,33.14039250707257
303.05398495233624,305.33427413917036,43.402250019058435,33.08748934259658
310.70569384280367,306.3884513460159,42.59248824577467,32.948024158610025
311.70828059774055,305.9212201022962,41.899963058941424,32.745601873231394
305.8606061158625,305.59914166941263,43.44751528480121,32.32174817024642
300.1727602656084,305.0897633234685,43.3503681539724,32.60020478360029
296.0341177254744,305.95370255968965,42.71489136446556,32.286790745527014
292.41882215890683,305.03874402382763,42.49981761272173,32.80919570091759
288.74923050159987,304.7134213997028,42.116141877072266,32.83159482819196
285.4200643854669,305.1512753162357,41.7503809204882,32.05154572938548
280.8473730735349,304.7098236909789,43.47622458887909,31.700444609428402
278.50236712668817,304.0062978160896,42.46583048587225,32.24569981099495
275.0634585632433,303.9616458495553,42.48010745560002,32.250979557962
271.5990152146786,303.4624498272548,42.22623764906484,32.55503975035244
268.6561295645669,303.8816799804422,42.75878594495979,31.74505774244482
265.6174941161399,304.09670169408855,42.59824101196481,31.53647974850969
267.4229936988545,303.23934199365726,43.59537153104856,31.616714007273863
273.2041995090332,303.1840620430023,43.311935856257286,32.45302078213029
280.30244247426845,302.95681237206287,43.23591885045673,32.67210652762377
287.9856129779922,301.8185404472889,42.99705657669409,33.5192669145279
295.74788330619225,300.9464450525522,42.61196483503504,33.246889194753656
302.53321815666544,301.41671357489344,43.549992388982716,32.518598867109795
310.85069044469793,301.55988049146106,43.12176247504301,32.38075306532491
317.7484971442359,302.1669772387466,43.40197349791948,32.33219793876233
321.4978333335872,302.0114124508468,43.4446461493947,32.033711717450416
316.2155624872604,300.8700936207821,42.8357398749868,32.57294621117262
312.66428979924706,301.4976008088497,41.9787293202036,31.760881899957873
309.82499496250887,301.8773147245715,41.061563651280586,31.782558560449967
306.0118437800455,302.33598630194643,41.859788234166366,31.747255453295196
302.9205465707942,301.41978542313285,42.93028951482865,31.828515481327837
298.6615540131742,301.9666708603727,43.16810088945315,31.414329962441457
296.35170802338246,302.14210999155534,43.37124839101524,31.34202704689201
293.1553086828118,302.62601409988287,43.87055806467252,30.9939369286451
291.36564972835765,302.610865998586,43.3013082684402,30.515558734750158
288.94932927423463,302.46516054461387,43.33657960784382,31.233551275319194
287.161703278432,300.780250931469,42.98890087828003,32.54879533322202
285.1122657183518,301.7621335950745,42.71180009002939,32.098239006551346
283.15002870718786,302.61360624219003,43.047684572789024,30.767656473107373
280.7471419366121,303.5364366661248,42.6438170046521,30.91250704070943
285.22147513007997,303.59254620167485,42.53094820963321,30.832634239628263
292.3930954419918,303.5780776172173,42.760742898512476,30.523786127313457
299.18114170176955,303.53835963808086,42.64963226329076,30.985871273986586
307.3214709022284,303.4194459148558,42.58322205642867,31.060542695160954
315.0331467190766,304.18659471416527,41.50672223647612,31.74010938219297
318.6392669970199,303.5323925897507,41.81464383444261,31.79306342344038
315.13276555804265,303.3441611105999,40.256901010262695,32.26143869172599
310.8680876611555,303.28166694597184,40.16621790223839,31.72174536050718
307.97907848420647,303.44677005966486,40.810726514064044,30.965009998361094
306.12568524676914,304.4219628678836,38.40308317679364,31.16106079724652
302.7602866166034,303.90840228031925,40.22133783411165,30.226295762702836
299.096631675814,303.78557770255776,40.79994763181839,29.669421672217624
296.0534697603979,303.07523651935685,42.0031602112507,29.54230606598114
291.6950670735233,303.75670570331664,43.5950390805791,29.35047048283095
287.5613510442182,303.9764283654303,45.27803589076493,29.477083445805405
283.77431012705944,303.846964486225,46.95826843576444,30.040767540668163
281.92673676135286,303.6337524297983,47.7261150609675,30.334186475583355
279.4581228552595,303.46407393005677,47.27491013239628,30.633549607065284
278.29151766249964,303.6036502585476,45.431763360310434,30.396943915389947
276.7180898449836,304.0611485558823,44.433262693615646,29.29563188914333
275.4735653677626,305.49100143772904,43.437618143856014,27.906311343644685
272.17808403520706,304.29443310224514,42.854288785077465,27.787399440210077
269.7900820213669,305.8442516101975,42.07159415906387,26.604625776953327
267.6370020496289,304.29902678193895,42.48327770788927,26.434675614284757
265.0321067973352,305.2710682739933,42.775559431961696,26.267366048661568
265.7559140560804,305.77918649197625,42.41982395552279,26.65021493625886
269.9513879655375,304.8324841424071,43.25862298236139,27.18088452044873
277.49827816271016,304.82030142289443,43.45620217308608,28.2476931321725
285.00173979245324,303.98293124226035,44.20155794097674,28.993123218794874
293.2404113889608,304.6518410564259,43.53675896867527,29.523608624911073
299.5999091151005,303.68581462108466,44.07432939564879,29.479098732759063
298.6004430047433,304.4438983076227,42.44948745387734,29.65776123527094
294.7221719172799,303.1522809091205,42.7163706317082,30.423454495308615
290.6987603047712,303.5766891424705,43.35574064982825,30.069247572210006
288.357874748909,301.9583763272714,43.575067570531104,30.523204767713384
286.5160735998184,303.0876705281603,42.88706132092792,29.794190056898525
284.1627702023671,303.4004406021521,42.856396535048056,29.396405001894074
281.7049033896576,302.4534441550051,43.194499346348394,30.59436061596885
280.4425438685919,302.484038946982,42.88721488675965,30.60530079327137
279.48653974239164,302.53951667302255,41.917816531410296,30.46262240433007
277.5690873322358,301.6215618166551,42.562526344616614,31.296730921141997
275.23944591600394,301.47048812468404,43.3565004333261,31.225110727788216
276.7576138109576,301.0358998505307,42.47411952445053,31.62136542166065
282.97923073216384,301.8914777267315,42.64912409260734,31.25548000705208
291.9802241454912,300.8238834220472,42.17470653572384,32.100237866923365
300.6789890800971,301.65939534010727,41.79476555586679,31.863306032592533
309.7894232346914,301.9748027319052,41.55001556395365,31.906111513051854
318.65119736244094,302.36269519356256,41.02999662337811,31.96916529435747
327.15773759273793,301.5855758569454,41.30897173561961,32.64139481979012
334.4564028900417,301.2747580210657,41.81352893441324,32.958324770044875
335.2897177540457,300.5735442310297,41.05749289509221,33.30962013589965
330.1012119321818,300.53188586519076,41.227100415475746,33.52218543027092
326.0421378959256,302.10719803553803,42.24717909553177,32.775545671731926
323.6620009067561,301.8438613140905,43.05690562912219,32.74195987145549
321.52343349489405,301.6737681220392,42.951533071528004,32.891997301118174
319.37418189461226,301.89749783279206,43.06378682757346,32.68587475059059
317.433950154585,302.49890577940823,42.571213416701724,32.52334376085655
316.00019875321806,302.10518734551994,41.50817950200103,32.64962216375003
314.059086796843,303.7925845011974,41.23917528908353,31.380887191319633
312.2671718416496,302.82536648571715,41.63995905131534,31.860929384673764
310.2114786080093,303.83460662336284,42.02642826655047,31.13123809662522
308.5311660975434,303.9019287241564,42.26834074959392,31.01930050964212
305.8262531207055,304.4525306250332,43.370317671167356,30.438991073022798
303.88058291745,303.3922837686639,43.20678189233277,31.790551622864733
303.26525586506136,303.4852771649024,42.08600111758951,31.788754411883183
300.4174641370632,303.5328232281276,42.790892709945965,31.192634081291907
298.49978811398586,303.46889335566976,42.596088772169956,30.96061016676112
297.6592996836672,304.2372173499542,42.461919167863215,30.395000453057357
295.2124660367517,302.90047733297496,43.17838822537864,31.74303643965158
293.13927145876517,303.10405384681496,43.69570299870103,31.014308156969662
291.90912256957125,303.4783605139275,43.05846213031587,31.098116241987483
289.6698690248039,303.3557386831944,42.874770486313366,30.989815335187064
290.5951467514853,303.7846182812134,42.30056064979815,31.353404512412887
297.2790527335086,302.81845911423824,42.867704512962845,32.258484328034605
305.6913327164451,303.1520253572339,42.51824727907404,31.51640480924296
314.4707275267182,303.1773417143688,42.12773911371301,31.561258843644453
317.4307518221992,303.3012350305957,41.1953842687114,32.82079874114918
312.7052078332038,302.4703657001829,41.57651154434488,32.57057002237113
309.235019332219,303.086892267067,42.20475288191491,31.21385339545618
306.47086660685846,303.1995791447459,42.55789121604288,31.279489260475152
304.5168219942565,303.9463445449157,41.47395021197663,31.06548639962198
301.95657109517526,303.3574625334973,41.66132567394129,31.10151433631006
300.04048932112295,304.31626658791635,41.37213508680432,30.439935161307567
298.0207935840319,303.29891083014047,41.30011562677022,31.31748914803832
295.72697634892364,303.58147494272305,41.44817700169223,31.44654872386849
293.438738989473,303.0986495212469,41.876207281566906,31.527847021921197
291.69481454778827,303.2878740722162,41.87239325600859,31.685204094934207
290.4441095838307,302.53722649052673,41.09923284684775,32.36985473145668
289.16506188613,303.3476877897508,40.3449889660903,32.331760879486076
286.8807683552255,302.79481435414624,41.10304517800718,32.28401184332142
285.4589806680572,303.6930600894728,40.78194600378064,31.34235154235769
283.2414983592173,303.27983111649576,41.021830207943786,31.35241052931007
285.28191114360715,302.6678259490185,40.507253904513064,31.80066728460948
292.1761820544174,301.57549577793094,40.60691374864745,33.31067416644363
301.41875172894066,302.7549181203749,39.87989525913117,32.95038840172232
309.08851405266375,302.1501609715586,39.950698412790636,32.88344314921994
317.3919487591356,302.71440056854556,39.89289818449947,32.84357322368605
319.89186820350125,302.1854899964378,41.1093531808303,32.05713667088108
315.5776705185674,303.63462587036526,41.48877370173292,31.015971632788265
312.90172023468386,302.5696271487603,39.92511598779408,31.9105010412202
309.16714153818276,302.99977480768996,41.619177762560476,30.653671051673875
306.03154015043305,303.25859530834236,42.1516697786886,30.556848333384856
303.14514905065823,302.8239456519729,41.926013682251316,30.03312030082654
301.06498274297104,303.75972065259566,41.77048871640412,29.958481500617147
299.62464320327405,303.27367669833416,41.97678789691896,29.3219757943535
296.8900334920455,303.89658601329256,42.05677435566575,28.484971106310642
295.1839665181218,303.32280557505686,41.58682685504433,28.322948943819263
293.1428864460125,304.1396263852854,42.23700579119531,27.56589942629415
291.0716055637369,303.94468861703206,42.600937847397844,27.319700558393208
287.93242088901144,303.900969178623,43.13185391971193,27.218265452212393
285.5004637615249,304.3796584274861,43.237906303828446,26.887194241706847
283.15731057600186,304.85329441301417,41.78762370777645,26.879026235889594
279.33783192904855,305.1023739518734,42.43921199078595,26.429179553140187
276.4701176542806,305.4519182006191,41.898318452524045,26.68147324903797
274.3992379774564,306.0279332671815,42.31729502118489,25.81536110782003
270.0788807191908,305.5129933651678,43.85979653124588,26.29665116397584
272.7057032500766,305.38155388305165,44.90448818931354,26.925729269979872
278.87871240181397,305.3620145043212,45.6370248187917,27.909446593003246
286.6380533771872,305.8059042974991,44.73942371736031,29.396168310769507
294.3368913983813,303.9231961857815,44.48962146988397,29.801821188976483
296.2792437561072,304.9241600542205,42.3101480336786,30.045056457730688
291.8208573490232,305.4429659209013,42.542572219728825,29.268388925944077
286.21486856992937,305.0967971352947,42.54511476024025,29.164677138276122
281.79881435973374,306.2225513370674,43.71088271274,28.729108442573473
276.74076459750523,305.5636994698732,44.324363741747135,29.41769676629969
273.7240157883716,305.6189343968474,43.44386812964327,31.342223776268327
270.2831415894902,305.26380293886655,43.386599045070405,32.17559500286076
266.84528758095956,305.50775213974407,44.31191267415143,31.673849078852268
263.53890441085974,305.73394316309475,43.00818057379773,32.22412265095765
259.4436147428761,306.2368945698551,43.34348528399046,32.05726936411633
256.130026723676,305.27010071845433,43.26299780481905,33.08892314295373
253.9046374598276,306.67830712456833,43.15265537987388,32.828349291952655
250.11781614561755,306.3080183283838,43.05889375160528,32.72099117919767
246.01050775564457,305.92332343132705,43.10483133755878,32.620533910597565
245.2932757721471,306.28311036964647,42.09014122413468,33.26362800487098
250.38019217552713,306.5782754047633,42.915862153712474,33.498402747177124
256.79183495736123,305.53371163989044,44.615269507423896,33.917646141231984
263.27236023006895,306.77705832774564,44.4753315300469,33.218665233056456
269.43760896414244,306.654039322353,44.68799110159421,32.60665682937889
277.0455491561673,306.8957233514156,44.822536989420456,32.010181339276045
282.03019266851805,306.4407569250883,44.92248044882971,31.803308681231485
279.3161123470408,307.2079848647203,44.22061992258026,31.969196903200128
272.7143995575283,306.0679490673154,44.618818857675166,32.397731966995984
268.56752403773345,306.80320193046026,44.096019601263656,32.74139536332419
263.60734174602175,307.0182151466727,44.522104719670736,32.50078369349287
259.9165264183025,307.01681990873294,44.6416995048067,31.435073009374765
256.26995045738715,307.2492663029498,44.616851376659554,31.295292985146133
251.4694476684842,307.8229057451697,45.492654804470305,30.699486434900056
248.09785625004574,308.1695976422099,46.036753661426324,30.453019888324175
244.42147140356238,307.58242825257656,45.38979161509821,30.569052730565822
241.94401171237774,307.7064927156624,45.00935605342694,30.269694736501958
239.08229483691997,307.4484370133158,44.922076718182886,30.382821281690603
234.54901678777077,307.2131108062629,45.39440305593665,30.452108842551613
232.0755178821099,308.49074245886715,46.00187720577615,30.477552536105367
228.18390693101753,307.88479534413716,45.43419980979813,30.570423215526247
226.49313594727894,308.34342688342036,45.74007240917122,29.86352777703819
230.20593163811833,307.5630662199959,45.96773645105143,30.480000688733046
237.95259147257167,307.8896518938129,44.0804771313916,31.149486119478297
245.6827777202608,308.44353172534574,43.85699337262132,30.36537856663872
251.6769270381383,306.7071658860056,44.699582254786435,31.27184770848081
259.1066029580709,307.86437965142215,44.81449490215749,30.826280413253095
261.8933421132727,306.93687474369307,45.119068427427386,30.881314754669514
257.5030725951027,307.06008861829565,44.47994667272754,31.88606695765476
251.7080330436392,305.93874535185967,45.92159277713441,31.37912613412791
247.45223038422066,306.6822853503715,45.56632281232787,31.437019881180532
244.14722396178976,307.43536727926767,45.84331323483392,30.55533933722313
239.97867062114966,306.61211088801866,45.94112794380399,31.160925272079027
237.57093966848075,306.7817693650095,46.051692953408484,31.09760446343843
235.482045712717,306.71464328378397,45.215728863660885,30.918653530158394
231.9493490218438,307.5335559531673,45.444388226567284,30.339728461886992
229.87978458230512,307.24779602881176,45.56463482201049,30.95331379491582
227.46762603405637,307.43779646469886,43.930659441270485,31.05064245521907
225.4931910979705,307.28579857684986,44.12443562084057,30.912116210985392
222.06570888406853,307.0379365592047,43.68768545874316,30.47760615707154
221.7316060990084,307.96534545054254,43.37327336149236,30.20263611195989
226.87990804798656,306.9108727267948,43.317572754277634,30.80033389821658
234.8719346910829,308.18231229610785,42.057112200777084,30.70176082019972
242.98236512596128,307.7330690007915,42.078016812696184,30.716376400286702
249.85911031213507,307.66699193686077,42.268014092440055,30.2454167106571
257.96796783948986,308.5601982785057,42.04652645767885,29.729920109374213
266.4093019220591,308.9354663409234,42.35037581675412,29.314907736330305
271.82224375437147,308.29350465426495,42.401186555290536,29.46011895313356
269.183322143132,308.5019837881234,43.14172969030906,29.26131305241441
264.7762867326643,309.1779906515925,43.67523372341648,29.493592605706937
260.6779332568115,308.7746577791626,43.490210624263895,29.46017944088535
257.7039841428818,309.07749362816776,42.9773978837019,29.533762504880784
254.65590851116238,309.035065327418,43.72459630928795,29.18977305400065
252.18548830595012,310.2369542290801,43.00232475349139,28.68681525125381
249.187063011596,309.19057177864505,43.28531042849722,29.342560265781998
246.15456029486108,309.7258141209982,44.22066222324303,29.021974720761804
244.0470486745601,310.8609429654827,43.799009933211494,27.774870539637988
241.41643372965365,310.16027522677416,43.39660561525932,28.11797075807209
240.56391714490331,310.58893073244786,41.59057710974262,28.76799240002451
238.73192503730368,311.1386444498388,41.70130292984648,29.12076673478485
235.75594362095865,310.2755800936839,42.421536358146575,29.787027122530205
239.09612518177843,310.62832347650055,41.96911609307364,30.285143495757055
245.96233416525752,310.903040662233,42.39311794753118,29.699627036785348
253.72798891163433,311.45529499888846,41.56441147212638,30.11567697924167
261.31093090330734,310.081675140511,41.656012314879455,30.98923211382452
268.9603075449236,311.37188850690126,41.27656843674047,30.93897798779853
276.6525510028598,311.4678809927234,41.54634709710131,30.360585173860855
277.1727243721173,312.1019442309699,40.88217967473639,30.201717932288396
273.2372249574931,311.5863495896448,41.25111510660896,30.293576940844588
269.2322497184757,312.02190458207787,40.615217683615796,30.85980441263154
266.4805172572029,312.9224638047997,40.01831015887724,31.238574418395103
264.58052944702393,312.26306344286684,40.63843171320297,31.198095480427163
262.3415359074855,313.42680334823325,40.677841424124026,30.335896617058527
259.8877256184305,313.2991814696422,41.15869417941985,30.436080176442882
258.7501577055273,312.76901242976743,40.853437332823034,31.22336288422386
256.54182244004903,313.7556066814871,41.03662415195937,30.823270028761268
253.92228889106636,313.49715166948494,41.402366315838165,30.754706827975184
252.25753216351953,314.26594940389293,41.884948678573835,30.04550697521818
255.97181311941412,314.321345963691,42.76314291477812,30.617856661409526
264.17061258738556,313.8217288083609,42.90226077679528,30.896479723336398
271.492069062034,314.2773776455118,43.51560876656093,31.003449879391855
279.1051133766051,314.3555959969442,44.00810654425469,31.1297999750453
287.7722232557869,312.90996704583,44.85400094165143,31.82447057150288
296.17417107699214,313.6897278148892,45.18051331800548,31.62998590288455
304.65100184762383,313.5850678939895,44.6698189296192,31.732236633381994
313.90269438703433,314.41638348434094,44.40267317854884,30.935218000955548
320.3742637892819,315.2340385990818,44.332852951854115,31.069275980889643
320.02507901810816,315.1113232188945,42.894418738175766,30.7077592049879
316.00281815344425,316.1165695151258,43.880004839729764,28.807457382255933
312.50819840321486,316.71037274905126,44.71049105964839,27.496007664188006
311.4499358476642,316.90878194674326,42.47470993308304,28.731859416303912
309.4376271444323,317.13712686366125,42.36044075199568,27.868091111088404
307.7613821884223,317.92340640230253,42.03141729067244,26.853013968391682
305.00140811264737,319.32219180508986,42.79591034454171,26.343496652906826
304.0367679984252,319.60915749309385,42.51000758471191,26.348660065551833
302.6204163247677,318.88100788938493,42.035143744049336,27.21066267926504
300.6392951753523,319.8467240003908,42.82852788163938,26.95645726155167
298.7256798942892,320.31693317552106,42.04462767522201,27.807699855110737
297.05075173219495,320.241198779485,41.73230919696518,28.4359796896084
296.31586484132634,319.9459869213958,41.8249098585373,28.96586511869602
294.8535932816035,320.43850508414715,40.89587667494877,29.762167507366346
293.96732548114966,320.9708453716072,40.53320038302501,29.270609672021806
292.7054619716621,319.91783083795696,40.1904307029385,30.681586121495165
290.9512705396425,320.8848512707462,39.90999800242946,29.778814930729006
288.81188727262133,320.63724328516093,40.35244654855045,30.61008662647479
288.62910155582773,322.09164337851644,40.06577134779729,30.52665434728183
292.250850192369,321.30651192020906,40.05853671240229,31.90569163041776
299.6351555909315,321.1962095486381,40.71114760009494,32.314272754144255
308.7527354027364,321.6468510106065,39.75258040828651,32.82279709444494
312.29467943487055,320.82954333440335,39.727616476742334,33.30662492401072
308.48204233714785,321.9149890973491,39.215860241023414,33.694575924885896
304.56700920524014,321.68068675665455,40.33312072139184,33.28587684442573
301.9451550420112,321.99429608463856,41.04512808986809,32.23606084416855
300.2163844241563,322.8585453943626,39.970758362609885,31.412320271770795
298.3075014017314,322.47392119819006,40.2013547529098,31.42795806867101
296.509185050052,322.8162923206022,40.234845943157296,31.148526682109583
294.24647466026,323.58087111049923,40.84034949346423,30.71429549154336
292.0781369007723,323.163157395824,41.26759122689375,30.752978301849804
292.05002721659514,323.3830223204682,40.470748586851535,30.484988368721375
289.96743093598917,323.1059570782172,41.185540273473514,30.333239846688734
288.68322062271835,322.9738270792447,40.39777609953436,30.81515231691969
288.0652452933996,323.13910731905764,39.44987903333441,30.963564689054344
286.88062185297656,321.8583438778201,39.98415494655484,31.316720083227914
285.9798831722329,321.9259198738054,40.26551756181223,30.91251241785418
285.01430206692976,322.7626341782728,40.47636867156408,30.75144622433248
282.8600571954701,321.93051916790705,41.17963574968222,31.12096817589461
282.02829728061175,322.01563576461314,40.87162691057808,31.254821834682268
280.5346266397852,320.52356033316806,41.402649570875674,31.857290152817537
283.2155438119871,321.15507776148917,42.711049409119674,32.525997827060785
290.5209078629928,320.382770824909,43.72441624921886,32.78979243895672
299.3989955382713,320.7357495026235,43.60614065058054,32.30136145819893
309.2765234595921,319.8580631567724,42.402730747419184,32.59764239686129
318.7743694012647,320.62597582827664,42.95315811740393,32.16901280591337
327.5556335180738,319.5606935482359,42.17555282774493,32.37114185085615
329.99606685028834,319.90300573914254,42.873689963279546,32.412706622469315
326.8277304731543,318.89795670183014,41.22930802366868,32.62088793946326
325.147119133675,320.3592204627876,41.230668975408975,31.75673807840427
321.73437663017387,320.1245141320501,41.761072233101686,31.457723416833666
320.6792903436365,319.2829752006192,41.5249900811883,31.80195922780339
320.0976084078143,319.8700611387972,41.39704872601342,31.398070089560516
317.8499651703378,319.3556880788347,41.78116744706845,31.248710066072515
316.00871219822824,319.71354692097776,41.98105439430483,30.634952278390564
315.7342614923926,318.4964244707096,41.24537234314804,31.613754584710897
313.93807795099576,319.11343261494613,41.90647939135482,31.436970499986423
312.7802059865508,318.97711984858785,41.709949386726635,31.44259022434923
311.23468307727586,318.59637275633963,41.606155512746426,31.651893479544718
310.65853882597645,319.75956278269365,41.662830887683135,31.15701347802123
308.47980476024736,319.2045007704743,42.30052593412103,31.152906562995735
307.04536901989485,320.2722423338816,42.88158801301026,30.347681118391073
306.02232543113934,320.08981824290316,43.05251904651576,30.647658206891016
304.2575935396959,319.2282170278089,42.48780725351199,31.508698770947024
302.20814924172174,319.11145617547595,42.699232417011245,31.855362090471033
301.47701435884125,319.0580177377601,43.17267772737464,31.745740212123195
300.4497817895921,319.68052677029624,42.650018153030175,31.66716844084643
298.29820065587603,319.2344934159692,43.04928271585812,31.909888207811516
298.0262271923263,319.8221813781824,42.81395414409363,32.16428947898069
297.63125374812705,320.20856685883433,42.73882629722582,31.817372744476124
295.43134282530895,320.36814506449196,42.718295293601734,31.678333420093587
295.76557561064607,321.1796797440226,42.3059903059145,31.226329393860613
297.6551087770953,321.5349679507742,42.92020330613566,32.07921676190405
303.8191873077413,321.0110141123372,44.00693253124332,32.1528522262477
314.04322684295556,321.48187912921793,43.11844272816477,31.777162274426875
322.0549976465489,322.24431695869276,43.193539445754375,31.509073556193137
332.7154398084208,322.6207348607986,42.52845889691713,30.983954473057462
341.2589367200071,321.42189019489666,42.451126150367145,31.355540748364987
343.26280676483685,322.16421692494066,41.79333339463529,30.63270882041702
338.91541417133203,323.6947278848817,42.71719085833213,29.718159408482638
335.67774688700973,322.30918824002816,43.08445623621204,29.917562540873796
333.065219420925,323.558561409248,43.74240407896056,28.564549521293014
332.8844694424813,324.184426346066,42.886964953244956,28.999370167226772
329.2501191852737,324.13006814683604,45.075231551102576,28.44930058485216
328.634883511394,324.2338035651341,44.60925020793739,29.059788000254642
328.5418018835409,324.10407079783226,43.786712645542956,29.39289341011939
326.7498451772584,319.99487323025005,43.60455368802471,30.77803716600054
324.78522812412166,315.89418327495764,43.69176665316496,31.49802376584685
323.7936514874611,309.8987365867183,43.975613804269855,31.32700380686218
323.3402336583988,305.4376188066687,43.83460383460855,30.96365639922034
322.1685804428821,300.8205515091935,43.36805212776347,31.16925208866325
322.48320360434576,297.9129755512666,43.68856058099584,31.04950994125928
320.85563395030096,299.7720593280971,43.68836295173175,30.001382980946506
320.729301104425,300.4933868601095,42.53088937210141,29.684114050332063
319.3718833635681,300.44679502485803,43.018562431448736,29.887065264741572
319.09725408410736,300.6506453490375,43.25555015852713,29.726479063944836
317.7366788282753,301.0889496116986,43.356297488592794,29.3870016785764
316.2435784890604,301.1853262570252,43.429477758633105,29.88648235176766
315.59364846702243,301.2478130926779,42.496070638552524,30.00964557820845
314.19672686826254,301.59100011124957,42.22588953575253,29.810852346924204
314.7211988620611,300.89871728810465,41.64755605454067,30.48276345886409
320.0784166328555,301.25052966620575,43.044776877813774,31.222224903236636
328.97368902962825,301.0045261953171,43.19280037821035,31.538981449663957
339.5665036841986,301.1830772787067,42.88333685398745,31.71604199527007
348.40005297182887,299.95804867979024,42.55508452111649,32.58602998693846
357.7772025188142,301.10341484657414,42.449675695331365,32.37428756811744
367.4472227765934,300.51599701276643,42.37794153825391,32.822426253665014
374.76297592303376,301.68726488340116,42.553108288257455,31.77562583147889
372.0086536250807,301.8682724552468,43.167066372943324,30.926561162721743
369.4934994321817,302.64923104307337,42.53644362206852,30.153870452768924
369.00301671069764,302.309548889657,41.728472969152214,30.658695123267528
367.67182983934924,301.40409853662237,41.29697846307921,31.338091815829543
366.97116783339294,301.84837026819577,40.73013494652843,31.107105327993327
366.0239006734487,302.4254456212246,40.65577926038805,31.427151102403776
366.5219117112118,302.84524409250747,40.11477314962783,31.354095281794386
364.16868739735474,301.8966536833258,41.442913322804294,32.34871877482349
364.98745561995355,302.07695512196426,40.19939032388736,32.7434255863558
363.8151601682973,303.8065278103991,40.33658270170481,31.7023048826594
363.08388235256484,302.4613955314294,40.01824883548329,32.49969342757629
362.2353831049932,303.8523633828808,40.12662092932259,32.55011802904197
361.780585908531,302.494780064134,40.496537641013475,32.72725545471151
361.5166468184899,303.8652047426687,40.598113573277004,31.727353685792952
360.8153626644673,304.04195496140346,40.17196255831045,31.72339129735009
361.55332819595003,304.3650013212962,39.338710975186295,32.66619261651659
360.40777294671005,303.5145308947749,39.850824233035404,32.78738178531743
359.4144802797985,305.1089767593268,39.860023515188416,33.180230812870484
359.18327200249547,303.6487718775074,39.459323202140126,33.7109810981091
358.54231034130817,304.03807377554415,39.50302839960697,32.97338323978583
357.2597170700223,305.1035018823545,40.175007543992635,32.20511614952463
357.66825806476567,305.34102704142066,39.6510507668652,32.259908451715305
355.8344477649442,305.8220812161605,40.23165252749267,31.61043573628206
356.6822241821594,306.06969066396545,38.79743546126461,31.92206765375103
355.1766640011042,304.9163606167134,39.36231775227415,31.998337644984545
355.220337475969,305.74190080749054,38.71462063147449,32.040031864346105
354.96049733608913,306.17727084931397,38.97106665514907,32.047071179631985
353.41546981457316,304.93407698271915,40.389866736971896,32.26674587810042
353.6539713851953,305.48051230645797,39.60698370303417,32.831234892258514
354.90970522339546,306.207885957917,39.99410464194226,33.43429428653337
361.67571702282487,306.01571661371406,41.22146088619837,33.13130824936749
370.0985423992244,306.2764363462038,42.263226619016585,32.44196123861098
376.3238297354438,306.39131291211754,42.28322181611458,31.79366853145877
375.24842636658593,306.928981085134,41.68212134489274,31.87549116916213
371.90862987117146,307.0539281715488,41.700554003002026,31.72808361015734
370.73920694933156,307.21706222747764,41.58509449799253,31.551388992371884
368.18571303855276,306.4731166917461,42.49398503909756,31.78399392774105
368.56529203399555,306.9307931148507,41.01003967413119,32.19105659738836
366.93945667292013,306.84314344215574,41.48877422071821,31.048448474890606
366.2446982001886,307.51891098004694,41.72168628102074,30.53567550368028
365.24688815124074,306.32164359451616,42.13144933774955,30.45806403254731
363.6745910917356,307.10224184639594,42.22603041790231,30.115792609030063
363.3415474361281,307.6011918687151,41.67889502602609,30.167554603976306
362.36643281625635,307.89849421679725,42.53427137086143,29.206916215064787
361.66929754041803,306.25801982661847,42.779370794311,29.735200841426273
362.311671083522,307.3883992033073,42.603890838653626,30.093169386230464
361.30588487092314,307.20247391235335,42.28856175525999,29.507006200864076
361.0124769628219,307.7153449458334,41.77243989736981,29.595364766494157
360.56531108323315,305.80356119671484,41.78550788244736,30.073445202766223
361.057145111564,307.39481151434615,41.47533509165762,29.898239728091404
359.9345256361512,306.973805601173,41.48696935886646,29.768303992792394
360.0849065792205,307.3419531084187,42.010953696454585,29.242280315944626
359.5819473079316,307.6663205815201,42.08452551859945,29.100726910813002
360.24595950625735,306.3840518641143,42.509367242943455,29.378688796538455
359.8143184813812,306.5865847388057,42.18362153906487,29.286075453410227
360.3898348500412,307.1834060888945,41.44488493775425,29.594084020832085
359.9188217549844,306.8467674329645,41.69999876726126,29.91263969271278
360.03728939237647,305.32678715274665,42.4123010591107,30.51309998760169
360.31913213762766,305.89895057426975,42.7869627214757,30.40663951736883
360.6532240452935,305.6650782412631,41.91503636472593,30.82590096803404
361.44432581824134,305.47151743712527,42.323236853953134,30.812435115749686
362.07601466125107,305.6218826584457,41.678357118380255,31.283070761294994
362.6516926391109,305.48826254478024,42.476216180994726,30.80779046432756
362.1584804962845,305.7986318473916,42.5313418670388,31.250527329804036
363.00400737754325,305.53626284256916,42.32749993452259,31.48873358641829
363.53844926120985,305.1769213993286,41.327487249674945,31.621651840691342
364.2433737462195,306.6676266652716,40.87947406391437,31.5861697559587
365.14657140410924,306.2123278056172,41.16255436638661,31.91913095986707
365.33025995851136,306.5716549645997,41.64970494753686,31.509461376022802
365.9651474777071,306.75881247794524,41.159479703028225,31.690644796107442
366.19796791147286,306.50341855580024,40.986795639976464,32.26851635098469
365.13573779510546,305.61197265849256,42.48306775743466,31.832185295300732
365.01547264730306,306.8405254583921,42.35545165537845,32.092347439166566
365.11941719210995,307.25229259135153,41.70610035520112,31.672562542863034
365.4206055655997,307.2630003864825,41.979226692223705,31.502190136075377
365.4056043942713,307.1498693854543,41.94576731533392,31.47266569930808
365.7171387504439,307.84910202583814,42.13735730950343,30.97673082219091
364.7349688157916,308.4324943447018,42.21607804187814,30.88058838169959
364.89668281696214,308.1747809896551,42.71807572305108,30.67594347829548
365.309329846825,307.912175230388,42.39349291986423,30.84102105769498
363.6366612699762,308.8231398317141,43.334761314593024,30.71473835693082
363.8375439222544,309.60830329749916,42.78581370726275,30.029233826281256
363.80375551866075,309.53756652358237,42.242692591585495,30.17084899204778
364.65311848648304,308.57873548728094,42.01100607535285,30.760996776316006
363.2111931923582,310.1652682930377,42.984933819006024,31.01868031844583
362.99322211922265,308.8227334823968,42.493669312770194,31.467379231841754
363.6003393902164,308.981581197848,41.639683194053305,31.841830346933282
362.9681626036354,310.375237886498,42.20713612444066,30.967963988206478
363.22849167431525,309.77211315709167,41.68860370748266,31.018226985643324
362.2873932874569,310.09160428382995,42.29051162913258,30.97566132159049
362.5742027308056,310.4116807741606,43.087189236185736,30.423815264510203
361.6917629107525,310.7927455531224,43.33927847428205,30.566518630258116
362.0555045062042,310.3297756880505,43.2085302052728,30.674392770734983
362.42819670944755,311.1217930532707,43.76712558731929,30.462688915367416
362.8664948591093,310.94216247358673,42.61366520708879,31.532277566985346
362.7129161715136,309.91961111859183,42.7415142853342,31.688084859861785
362.0388912248582,310.93676934250766,42.89565008010754,32.599817749006064
362.532626272908,310.1834258408103,42.04027120218136,33.11721650349879
363.0968566138888,311.2436195451174,41.79293813849185,33.19535292511651
363.06286915889666,310.1103557120336,41.763044336242274,33.15374903759014
363.77472407918805,310.94491711294137,41.321048426585406,33.71595825926294
364.28729370844815,310.109599040612,41.67924587044431,33.87216231371194
364.42133015654133,310.77364261210596,41.34210051290058,34.15965416066203
363.3555063201373,311.0862540606083,42.08155569664724,33.60170776469723
364.9233125454841,310.3717082827069,42.02958530033879,33.424179856531154
365.10688022286826,310.83141448129055,41.82856496276273,32.723472517005845
365.3214302142601,310.4489490489652,41.08078773796264,33.7859294990714
365.3239795287284,310.7155064265445,41.608239468069335,33.80533967209546
365.7622614037745,310.6494694224488,41.52040157976008,34.13319260447653
365.17886424410017,309.7606034162774,40.773454007144,34.848936102617124
365.93070625217933,310.77784045736104,41.989009886121686,33.52473170819575
366.60669328565365,310.4240617378494,41.49201902454941,33.65106923796581
366.6936379205083,310.2026068628986,40.684697749759074,34.209349868782525
367.28124229547933,311.1750399873336,41.44026586527441,34.260736566141546
367.3842984433774,310.5886990314823,41.09203553956554,34.48275033816013
367.8351867418998,309.7911305486396,40.75672690655337,34.408752640332885
367.83050384258826,310.77694612747945,40.13834540787778,33.852924091110665
367.69432266252795,309.93435666821983,41.423383797697056,33.02445424700018
368.0564816152988,310.19872864653206,40.2238331147459,32.69834139489102
367.7181893267648,309.37996294067216,42.34182111396894,31.566383242949343
367.6380139210838,310.1216614338494,41.10634481281021,31.84645803327848
368.1379304319377,309.61717713827,41.44945238763826,31.803804858058253
367.73752899707955,308.28169819140084,41.21200737422554,32.41084190185235
368.4818127882347,309.2492088348125,40.6343415370301,32.65499997531118
367.79548412685534,307.77674211836234,41.213998270738564,32.57553086450074
367.5311794425318,307.57460784379487,41.540117984981386,32.547441209512826
367.8939871686166,307.55707113757154,41.107842784406955,32.5037552300104
366.8350358369837,307.92980659194563,41.35488502741711,32.62095337920255
365.89584067834994,306.70038865535923,42.09940181763173,32.904944397547425
366.71693876170565,305.84309991930417,41.88623908964392,33.09167743212609
366.34842897495025,306.9195292877475,40.908181966734446,32.34419663490351
366.0733440936724,305.5780455976332,41.76219170852731,32.62278702484509
366.43083046016807,305.1184973184063,41.82830019167184,33.089549676146035
365.46358468435966,303.54206915680265,41.9918812448854,33.21916488880554
364.1723496576248,303.174868080646,42.31399999200275,33.363240511098994
363.6978634190857,302.63241915265974,42.325655135518815,33.234233544874805
362.93800768546777,301.40212380964044,42.608439175765014,32.8054677950143
360.6127603681479,302.2688774921737,42.10849908610346,31.944286995415123
360.2994644576115,301.3904603617154,42.03685349492007,31.565279513577057
358.9092825430184,299.9745462819599,42.109900108819836,30.811236852350337
358.6423804961175,300.4763074149968,41.71377029631397,30.46873081425599
357.2281134958622,299.68192504670213,42.29396040867414,30.143939070526947
355.82451717637764,299.11376116450475,41.73484919830791,30.30534253625108
353.9160909671499,297.9269988129922,42.30875649791767,30.054989311595918
351.98425590871744,298.3593060549947,42.72896218886343,28.859856699175307
352.6092372725619,297.52362826450945,43.38068299559534,28.187481075446172
358.63156798399433,296.9182021923918,43.02559626698452,28.49637361915822
366.440061414577,297.7037147652211,43.78291470627084,27.6296543009509
374.6681601180214,295.5757526946181,42.981807941964334,29.08245951891984
375.1561354058485,295.70818235700915,42.798590026929695,28.923308798375977
369.8775886753409,295.8051587242148,44.03959096941957,28.559672062699292
366.76346087895945,294.9587654884248,43.286822184020764,29.537025612557404
364.5335783212731,295.275769336088,43.03729100648192,28.858239110325297
360.3856356901683,294.95582481093015,44.9366558489704,28.687985192215166
358.7601634379969,295.08035463233557,43.74261266521064,28.68959374790888
356.5580875803019,294.75684599069893,43.7985439746394,29.06551737853721
354.003790030305,293.81291298554845,43.606919779350534,29.699876396630895
351.8510044449425,293.31867498818167,43.38130748127915,29.44946873720232
349.914355794716,293.38362772842885,43.58568934095087,28.7927633789036
347.3045453838502,293.53363596010286,43.67174158716349,28.569676665418072
347.2706901288451,294.89822855003587,43.994915167757796,27.8314387331001
352.9448521810307,294.2014478899071,43.93024099321288,28.093566929938312
359.77858011101085,294.1622480277728,44.30168092693348,28.041927282896403
366.7703443565479,293.9562185253982,44.95188857215123,28.130412189391006
373.66877547868563,293.59046717097664,44.78829646935696,28.90998810510225
381.2307318664307,293.1527260497786,44.46553113010305,29.931259637780833
387.82664999471075,293.7313498665416,43.5989967760699,30.243067950095273
384.1514829100098,293.2602295232122,43.546139264956565,31.765857308031237
380.12774157106577,291.4638414070627,41.6071160862289,33.53496868665537
375.78550285337155,292.1582403314259,43.47776112992384,32.66726138172346
371.22386022966316,292.7254119368586,43.532999171812584,32.944576004658416
367.8718432227863,292.28379964475795,43.636208537565366,33.22603063683857
363.77608266346044,292.4329526821231,42.866524500387335,33.34430319243385
360.3207900328799,292.22931661531743,43.586228629193116,33.18819117451545
357.3415524080064,292.34470880999396,44.08407046939553,32.88484713056065
354.2397779105464,292.62274810210056,43.81300144387695,32.66477258026288
350.19659511957445,293.2176369330782,43.996192508268244,32.8258634100747
347.0475821967052,292.37355582599366,44.347821452990786,32.33035695387371
343.73490792164097,292.88030664188614,44.475334202592066,32.001545115537006
341.298141595415,293.7732150825801,44.620126841545556,32.09545125853566
336.73139591232473,293.17358235110953,44.637280399069475,32.430158485529226
334.4115079367406,293.2460136861898,43.91689972656814,32.44189202413979
337.3428311213684,293.2208725642795,44.26501521882185,32.49520696814993
343.8410311806273,293.9937932847331,42.9817381163046,32.55656050313122
349.2344425693838,292.853332362941,43.94031988838718,33.39323318391065
355.45393107975445,293.7600786895352,44.322818533540364,32.15030374813835
362.5741569046617,294.3628353837489,44.43142917035077,31.98888012783104
368.7439972454925,293.79248136237914,45.27740669741764,32.14185072426784
373.5819979900879,294.73565424716816,45.02738800659112,31.24463161703615
370.5634336563321,293.6543412704045,43.718043728303726,32.156489762340016
366.637995548107,293.2280702352982,42.32455945101098,32.975849983281016
361.4741599778381,294.070314986933,41.8216903003883,32.35665774870104
356.4817196560228,293.9834359270698,43.337299514463794,32.121077206852256
351.5357075944907,292.8098676130084,42.61989638564854,33.019075399103826
348.10384119381143,293.8627288489464,41.5421006181491,32.409685275593084
344.52069606982195,293.1415809727258,41.63676064275428,32.666703777724955
340.05381652135577,293.5234474293041,42.80850626806831,32.08780776077682
336.67938075586085,293.09587439110607,43.31689183812938,31.94748549953372
332.6516531741708,293.53952616543484,43.00051050359095,31.817583146643152
329.02757843945716,294.6779793874838,43.01956905346262,31.229751027336704
324.1544501932731,294.45654825281287,44.379708632903004,30.39371010863321
320.80585992307476,294.48789439418,43.881101079436064,30.743945038460605
322.37329120640504,294.1325312198495,43.72375938348689,30.943875608585728
326.71370151513236,293.86811515370033,44.29688273330835,31.33009123254055
333.66486675655585,294.15420480622913,44.89860268900586,31.164471941080308
339.68561439421916,293.2669706214656,45.06423083360782,31.744286251626857
345.96259415707505,293.75745221081667,44.62116705706073,31.821693604661
352.2398064170841,293.714498449799,45.152551172036446,31.787139744480733
359.21231090129186,292.7495554276857,44.2429220642247,32.75573614562063
361.6361495495383,292.6347536448075,44.78033771384453,31.78402377326539
355.2655399504025,293.742193731612,44.70630598134502,31.63215628297013
350.6455015765026,292.84639144951274,44.59974396874513,32.242778567003896
345.0979915694074,292.607122118179,43.96399215030085,32.24092417970561
339.9139825167304,293.4888777069176,44.14685464143633,31.299291643173483
337.1639092870522,292.6115079422524,44.1834297647372,31.49712121949139
332.15436521902706,292.9120197459599,44.394993542873834,31.45425614520504
328.70789745447735,292.7381580435601,44.83252662086775,30.889289435445356
324.3788996517176,292.7614259317656,44.51402187083646,31.261620651455104
320.32001305032827,293.80948183027,44.58966139910001,30.699835769098364
316.86071380622207,293.4305882579764,44.891988614177095,30.787927036546197
313.37489845474903,293.7739466288647,44.94048069682369,30.542437283426587
310.35678543926974,292.54360552586206,44.419615613458625,31.603158409442262
306.33714199761835,293.9557116331218,43.99632201508157,31.003025114566192
307.98027157597016,293.8668712258755,44.3681558906756,31.04082402871707
311.36656950328995,292.82538631050306,44.750066267893196,31.54824711098301
317.99351112999597,293.3947267779984,44.57976224766116,30.89101320043757
323.7043508883949,293.4914266520253,45.26073439888871,30.589952040408203
329.0447497242,292.9525555098888,44.72225546209223,30.27382387722551
326.17491965600937,293.8192918023803,44.371200217645544,30.04873343352907
319.9677112009535,293.1254842563135,44.734535856245664,30.3240713388753
314.67442545283524,293.5294993459089,44.94755207999689,30.463446868855858
309.89497195130787,293.2087433303237,45.2253194711039,30.615936633202345
304.78952582727726,292.5313044141395,45.72510786842075,30.55373530882859
301.7675249156519,293.69208874718817,44.26326096507283,30.43779165897987
297.550404187048,293.12675491749366,45.21461275025834,30.721180685488676
293.16235157249196,293.6065251684457,45.54533298556943,30.137135433431204
289.47710957554625,292.78681115333177,45.459718729761676,30.744790633043827
285.39535543633474,293.0154726587132,45.334011341172015,30.433520059319992
280.5709555569428,292.47525595245224,45.551523402601475,30.41813940995577
277.51806429257294,292.72235636531383,45.18328790745747,30.426968197117827
273.1476885526411,293.5004929395569,45.29507134296676,30.807948246216853
270.10409853249905,292.7923168146505,44.94167170134762,31.194760919804864
272.6173485237368,294.027476227011,45.950847697722516,31.30154284180825
278.005566683769,293.11121634821546,45.97282774797773,31.566996110082513
285.6401819575676,293.84866949268536,44.988119267044034,31.310673718795034
291.1363819742241,293.3583659930519,45.83328175344005,31.132524677427618
298.3537184872895,293.66221675283197,45.211120279214924,31.400095958294536
301.00267065875704,294.21458307146435,45.9344832834666,31.54423773336311
294.64889713032244,294.8721584926237,47.02923848043922,31.466866070365484
288.32161654891325,293.6399719584629,47.12819574486577,31.717764020253263
284.79978007021737,295.53991505054984,45.82768907877699,31.154923088411476
279.9124909117667,294.9972088916247,46.18742501764375,31.281879065148452
275.9123743266308,295.65517159767586,44.99720856179683,31.159811607914747
274.5238416653756,296.06386046969124,43.75727691177447,31.70025804902319
277.7903777990434,296.27540628533245,43.745407863328495,31.90300734017979
285.6288546413648,294.88984344173105,42.45495424810626,33.90518402642391
293.8981616501174,295.696748061241,40.418998897355394,34.95799493177362
299.8856382077744,294.6095167472747,41.4289211856031,34.811355036426704
307.22751917348165,294.70171171229606,41.43787946028014,34.29816837679797
313.88863595588396,296.05488919427825,40.51691394632469,33.34347348836947
321.1039189076043,294.9947447266164,40.93194920169238,33.06018065105662
325.59235924978975,295.18897497067314,41.39268743274171,32.57948158903469
323.2527992587352,297.27865912465757,41.41935386446486,32.079017628633466
316.15436234814973,296.21396584018134,42.30695877537683,31.353157411514168
307.8093587389135,297.56833275053145,45.09487659294232,30.865490829196872
301.1471922503811,297.81544065110114,47.87410088956936,31.019895856716847
297.754913771981,298.31466103244975,49.78354645870587,31.19761081748952
295.7958354267533,298.364766990893,50.51043941679915,32.090934029085396
293.4057923820771,296.61545305420947,49.979630565624085,33.28138803381684
293.42788352002276,298.84761867474145,49.02695337934986,32.54797829011197
298.165925894893,298.2921348278851,47.648022226548505,32.559491286067406
304.80499719004246,299.99951193385516,45.83018374371263,31.24761965311069
310.5252409412912,300.86827450436033,43.3538309292496,30.10254180824637
318.5437202152813,302.12685919232865,41.57244634520835,28.895121477970378
325.76172922374167,302.87473587032633,41.24847617046133,28.140479399584947
331.43290723356586,304.76394667962103,41.39436584702672,28.334995032818068
339.1179061488968,303.9018745739599,41.04310621845259,29.62431532064168
343.13294979820097,303.15033959282596,38.640725238871724,32.62794575184464
338.89742018150093,304.3306687415345,37.43821645050132,33.61208858158701
334.6652069956565,303.78488698878203,37.00871950678251,34.01191330493433
330.7975208059719,305.2494090463855,35.899160228166416,33.45931133978967
327.8143065056244,305.47655874286863,36.85960292257394,32.490992813608685
324.4613438545527,306.399374700329,37.74039957046282,31.67943155220538
321.7955163344492,307.56112628593803,38.598172349106136,30.9701221379956
319.1138700442731,306.90544361392057,38.89290835970548,31.61384961813203
314.57435455004895,306.5601927203802,40.180563730627384,31.709743930416767
312.58517789422933,307.6848830757786,38.71343089063922,31.186083675026968
310.0981547002572,307.8278961755402,40.035844315113984,31.233996176232257
306.30549083036897,308.4647738273209,41.01134247523233,32.04274206330145
303.1876458830185,308.5455597900935,41.36859554427696,32.2580990667716
301.6425557210904,309.19781773454974,42.772739475475674,31.08306264999799
304.102899596038,309.20892553477677,44.27756862520006,31.09089178176457
310.86237438035715,309.3650502668393,44.25528895255681,31.277263189209762
318.437480086657,308.81797861830665,44.76664969779782,31.755671555383415
324.8242657471184,309.24299176916185,45.5665074274535,32.626247378358435
331.5261356267586,308.22482881176796,46.10603265820132,33.54739526219337
334.6478377509647,308.59618228046406,45.92100687766291,33.37196120392212
329.4554911445529,309.22819623953995,45.548148422104234,33.31216404605958
324.68605008097137,309.09586949478944,44.762748085149596,33.358165273058894
320.8441113130244,308.84273997529465,43.49250851165968,33.222171108834345
317.55928859181995,309.64583595026835,43.3749341133885,32.84474973783663
313.996052650823,308.0849690942813,42.568292843520965,34.25183657197198
309.9274002795276,309.97753738500916,44.16218046681453,33.22981675036355
305.5509359412119,309.00894079966156,44.77542434704049,34.48716528588938
303.20076924222167,309.7392243609399,45.365985431455385,34.0100350763976
301.02215881784446,308.7811872006218,44.08950957001818,34.520016955068634
297.6547410954238,308.7264818343542,44.672646958399525,33.40866805920183
295.02862309744626,308.7090360898731,44.411127614096145,32.85422621876056
290.2323031982848,307.9445209626505,44.545300788525694,32.75160373226037
286.39900781787844,308.0754950506065,46.33032851993561,32.83290754839553
282.8929268803032,308.01245255190355,46.4031835035371,33.58152478321676
279.45070063705634,307.8047298175321,45.95569269261,34.99714601291183
277.67847711033136,308.1663862970492,44.19457041271375,35.656358853651895
274.54220888103697,308.51817006729266,44.60283172835672,34.91482017490502
271.41370261762734,307.6522251182465,44.11031039183368,34.489264680147414
270.8741022214398,308.6216279930904,42.177885529817154,33.10619903556643
276.1341970655411,308.0120120872196,41.331233593687465,32.668153592901355
282.18094304378326,310.2273612037785,41.61318308682285,30.466203652397237
289.9238086749468,309.17220696941376,42.45944031201385,30.113560953600146
296.5587674109854,309.7081003008665,43.67165901561731,29.857974005327794
303.16694741249614,308.5959534319151,44.570775860921785,30.723605758231162
304.7300693669661,308.77765837810614,43.830846280897156,31.12650015559729
298.2029248214558,308.77605740760475,42.18427320775925,32.019517269668874
293.9399965015205,307.36588724510307,41.42626347525211,33.83378664781478
290.9254042911061,307.21323137736545,40.622365506012116,34.60050378671406
287.51103980178124,307.4856249921694,40.453647384228915,34.67952766382444
285.79806486580594,308.08388926515795,40.39926968248915,33.71081457939741
281.79946891278115,306.85309465876566,41.479815476832634,33.797543325638216
277.9875059134101,307.4276558405186,43.026797255865475,32.74971747929094
273.59075269065585,306.2497111312304,44.629322550150405,32.739391266373474
271.02222438206337,306.5151399834182,46.08491906413745,32.268936797932206
266.8858208894494,305.95267414668876,47.676579765121744,32.247273140120996
261.4382108016024,304.91850253414896,51.98947762496988,32.032503462893146
257.5190302007546,305.47253743685786,54.96127117851749,31.98028973392077
251.5225654571461,304.92928618878256,57.404655218325104,32.74392440494844
247.84244937772775,302.7454661041853,58.54034684442,34.22339869995541
246.58041514574754,303.0799718022808,57.47412995545419,36.01924558782216
245.89687193750342,300.2980516686219,57.13405198299404,37.64450738383324
245.47678654019577,297.3551503542493,55.1562498711567,39.293399795627884
241.95271044852853,292.89093472697465,51.896715585956,40.185136591920084
239.95060805526032,290.80156695369095,48.44249390683943,40.18892336394025
235.9534741735407,294.317558388389,45.87184465702731,37.53048540738133
232.54668991485806,293.96996156886973,43.92868205124239,35.482418844142785
227.8776205154894,296.04597213100845,43.52985888681058,34.05967279854909
225.67734552810722,297.3250783068811,41.39458430214385,33.98383079140119
230.12296287199953,296.774044393525,40.624754148420664,34.45691870968702
236.88690543173973,296.11340227513614,39.0374807499589,34.570470857678565
244.2724816537038,297.07142473412637,38.53171350703311,33.480000965692184
249.8250216968515,295.46669323977,38.727821716265524,34.88479512372009
248.85110216593694,296.2439894675906,39.50613483836096,34.66749179173858
242.73424615550528,295.49976391060665,40.82118102804168,34.582115368214914
237.00494700497484,295.1674008351914,41.70107356445838,34.13777037092431
232.06545529484586,294.96460947368996,41.96729118491368,34.485903621457744
227.71270890066893,295.0272572962177,42.9386212507212,33.81819096986491
223.5529234242413,294.1672167198098,43.519301031306554,34.43327385442334
225.25201920544546,294.15878112799425,44.89079493879414,33.80272132089921
229.8922388702147,293.78504309021196,45.283990479542965,34.79781569045671
236.3357617962899,293.70641342563266,44.86771258254375,34.73972172907121
242.75446698551073,292.3604091307889,46.26013229724284,35.20359757607667
248.90891942653883,293.2643587870244,46.996807788746324,34.93312868594764
251.47020765346008,291.8723839857531,46.35941243094513,35.02051285147252
244.83515501831715,292.5250615540215,46.913120823347214,34.359413319129395
239.11250266683027,291.231367269882,46.39786402033441,34.15305822159425
233.79274355821698,290.9067209907978,46.169158805011705,33.93813007419082
231.29409034456637,291.31093651256015,44.80886251370278,32.794486045923065
234.86697586150203,290.27903624562447,44.89568510128621,33.303805436433926
240.9972278307991,290.2674638812173,44.399689305828566,33.38804975733518
248.9968456863269,289.1398886048707,43.947163069845764,33.7001649013673
255.78963657961646,288.4983745525982,43.274274334668,33.397932056467525
262.2747628020401,288.27169340218,44.531024479541514,33.14719545801593
267.6059291064386,287.1023070419204,44.82340136139598,34.05224635042448
273.1293990231045,286.3665444597293,47.03999876810103,34.52463688246347
274.2968671474941,286.15167457326527,47.28500588061375,34.26302404181013
267.92820294541076,285.7103317395045,48.25839212334862,33.686011111864026
261.7745716002478,285.4400923330514,49.10881280731642,32.9631415043309
258.4259489700698,284.8476450221909,49.09890376522435,32.51555121563373
254.07336330350495,284.4726949450777,48.140915792974425,32.03300538026377
250.9153380340784,283.45642163551696,46.4586591703045,32.270616471338805
251.9729882386833,282.18631080695394,46.746273304343674,31.534761776354593
256.2157116904151,284.693672193721,47.67467199166072,29.606837742027295
264.1757144619785,284.60505190082,46.72135626934309,29.907305986340972
271.36198859549506,283.3473760217872,46.25155987735986,30.728139256832446
274.7410478102668,282.20280625141044,46.087694862964184,30.75201759776887
269.30431764825846,281.7928157256394,45.78914132805531,31.104926969980774
264.6889759449028,282.2682587166236,45.53592963099412,31.576093123812765
260.11597762702974,280.4363630118317,45.03246423377796,32.67099643134372
255.79255187415782,281.05565881761953,45.59894579518928,32.06225490918754
252.3777429992474,281.71782294078594,45.45013874333973,31.12755900806323
248.04518718488146,280.1394102106474,47.07318470598639,32.12791150553321
247.5007157740377,280.54952419117217,45.64091488507232,31.54803553090644
252.26286387517527,280.3537302996467,46.28741156569292,31.865026921905674
258.7233631898978,280.1989921856653,47.14074464952715,32.38552807432406
265.8023046252729,280.5420962793541,47.52193564491474,32.528849134309226
273.27648830584866,280.363593275718,46.46302587006349,32.39883413929309
280.5733331575731,280.01532062458256,46.27694986677046,32.490591851294084
285.5505556896198,280.36674694499044,46.8493622334322,32.016609401594636
283.84195396616434,279.92152406204366,46.33265764741188,32.46570679893721
278.6961165681642,279.53956437890906,46.04260058600515,32.702023381487564
274.2532210436417,279.0387697066163,46.431287122892414,33.650842735025904
271.62607557605105,279.1522111409881,46.154387755678954,34.088087782100175
267.50337814069684,279.41256512708856,46.82342671009847,33.29365191093012
265.4555846725334,278.59163259702785,46.40742112381645,33.55619316859358
262.7194548651761,279.3638943715589,46.49467748348387,33.1412892096253
259.0350933636054,279.45325170650625,46.933030530278096,33.12585608758968
256.7958000504063,278.51316484299764,46.25010231202769,33.78147249958424
254.95325134600427,279.67009788116485,46.53150874157119,33.035480628542025
252.46577419492587,279.923349480554,46.31619226164853,33.48389083788844
249.61511283738847,280.429384734158,46.20957131289509,33.14138471323034
246.43243141338783,279.8307973437827,46.608170593886314,32.955813129736654
244.20883050859746,280.7373775120307,46.82851020879157,32.56297081826397
