269.5,247.5,180,51
268.9656306336808,245.08195773024076,177.9262273080405,59.21209819806378
264.3071841992254,242.98483131886684,181.51346014201775,61.40305851540987
259.0525975145646,241.87164239454157,184.51401538545426,63.31176261754574
256.0575028337645,239.7823603478462,186.45093483154676,64.77318049380442
251.30447783777885,239.5829678591479,187.3477214288745,65.55496940509785
248.9523951148867,238.92270790473947,186.8588689250862,66.08306646807424
244.57804420230104,237.78803851198472,187.40560361921746,66.00485147752931
240.75240013926748,237.51541785837645,189.62187585612335,66.09103300910374
236.83859122133364,236.0823439941259,191.76542765950677,66.68588948048065
234.21346072837036,235.97186924690456,189.97745253248263,67.21558462443757
232.6945282916206,234.88929607911803,190.2338789443891,67.39171768129236
228.37996371092015,234.17708547278733,191.37450137374188,66.4267172869692
236.74452944318352,234.88904268421055,186.1541052576604,68.40874218958366
211.6817022750493,230.61311699739085,187.27841022868446,65.7905339461186
206.75875426102448,230.446808476937,188.86127830076634,64.73344039196556
202.77759056907064,230.09597043197408,190.55887751499174,64.7412928684513
202.78261102589556,228.8241120291022,189.55369257412883,65.0970254637913
199.11974199200955,227.85885043177535,187.82771334298025,64.28099461856752
196.2991826439649,227.53665895174305,187.6866493589013,63.965581302988426
195.87592509483179,225.06509283648438,186.07219219014115,64.08407166507075
192.10101658496345,224.39565852614083,186.26564418897448,63.97157363318981
188.74398353428694,223.7600820354915,187.7147917311129,63.6735161940593
185.51899617005083,221.9273385184233,185.63319070101016,63.668813067929015
183.08075597723706,221.85373714143392,187.1552417528625,62.90614491727356
180.32552837711913,220.62608600836936,186.48579993129607,62.88413534991859
179.57716115517962,218.67106594028508,184.61565020499097,62.93301114641399
177.04693644379375,217.90475000231376,185.40762024236903,62.67645224276826
173.88123980602143,217.69216740638126,184.38597529940128,62.687106383206476
176.68065102153673,215.68929838455085,184.40534625704842,63.96304277024771
213.45707223922014,214.43534198887636,185.6881228431726,65.34355846298914
260.99323321378165,213.0911666357273,186.7981019662024,68.03407692713277
302.3619425473609,210.16523277058423,187.11632143538588,68.73738132176729
309.4207879494835,209.32868488468452,189.4784602794901,67.27610130785276
299.1598506136543,210.21767881742736,191.4695850677425,66.2785314775649
297.9816165680371,209.64748196714402,186.8644571388138,66.09831403227257
296.8536154786677,208.34958908407884,185.2765220651638,64.11863035139389
295.5869735676898,208.02493050484313,185.94170542598428,63.59729318456196
289.97076082397246,205.91481033360645,184.65423881799967,63.5005257449221
287.0469014340213,205.8505108402245,187.1597095604573,62.155080355781045
282.77952453972165,203.8133611772563,186.2467581874712,62.4105925388906
281.56116366833567,202.2570901680922,185.87941181773505,61.86850763487752
274.4862233221013,201.37737564428073,189.75641769642613,62.12008349462604
277.6873296133324,199.21461787765057,193.41982818200685,64.82658367286514
319.67831883700296,196.39353650147547,187.12319028174448,67.86350233379889
369.0402164914099,196.6201073888356,182.8553460176257,68.13976590009712
404.13787940778025,197.2859138022143,181.1113323277614,64.90705445207135
397.9469311981006,197.95919675943014,180.1056692018185,62.336705337249555
393.3390310610065,198.6632752862889,180.29021095539125,60.04024205637923
391.69686710038695,198.98519590283996,179.9328757205169,58.75152825105273
393.98199552886564,198.42683685936072,176.29493635925147,58.6594763667877
387.8769791984139,199.4637159695858,177.67434084812743,57.588149109808384
386.4275884036953,199.23391082646626,177.44975557199155,57.44057016311152
382.0015846228988,199.95703134331566,177.27935152933227,57.15518884119906
377.9149603985653,199.99293108961234,178.7708205870831,57.16790100603427
373.9194823636292,200.56625186505676,178.92739667224976,57.3719758566983
369.35385674752507,201.5744357543424,181.15584940694828,57.80456438163838
365.9570605227203,202.48906379997683,182.12654861553557,58.50749611106341
360.22027341096634,203.33009981392325,183.24199924700685,59.46948900645461
359.49430514345016,202.80775319327134,180.65846357188823,60.56874731855059
355.6254510029569,203.73783720475643,182.1125245601395,60.96731263997495
350.1344268365722,205.19822035543552,183.6025176240375,61.43400608390823
349.24927025887473,206.40943861231665,182.0836802428853,63.817828977351645
343.69653394623845,206.76858203991367,181.72207321154787,63.175196748868785
338.73400236180464,208.69926888268685,179.938807417256,64.28742371181109
339.36551409162473,209.36053155769366,179.55571170827025,64.66921136382841
332.6628370705515,211.36000967820092,180.1116462443556,63.67787516675945
330.33867415871714,213.26924890427665,179.8559045435575,65.10142862921336
325.5966513689714,214.23559743218846,180.91947662727767,64.4276001578747
320.69950103717315,215.74426432923633,183.16811173544914,64.0293604825707
317.8643320159434,216.76593362034515,182.55428008701767,64.48561501878024
315.24228063087423,216.50709356469002,181.42881013391178,64.88516971983147
313.71365789517233,218.69186417162217,178.80806829310387,66.02147260199703
309.8761428854741,219.00920084521954,180.10851199019348,64.75992857960821
308.2875488882443,219.77797253520336,181.75694600309646,64.66561582477533
303.4515267641695,220.67841433012705,181.8225484064587,64.8879930189386
302.2620714180444,220.69401235720878,181.7984928694882,64.635017309079
299.6273809849037,221.93283067106253,179.22175981916143,65.26841863179514
300.4960038474917,221.45582164203708,178.01033920138318,65.56644123075614
296.85626414205194,222.280594435597,176.91999181894738,65.5254522429003
295.43935704098715,223.48618440454442,178.3412698422794,65.04236876476554
292.81587776524304,223.54719886925625,177.34583224892725,65.10690481742346
292.5108778016902,223.87424543643544,178.34579252865586,64.95965139013208
288.34954898495624,224.27633731156442,179.18994208306967,64.92943648379274
289.00534460480714,224.53270299077468,179.56638079227412,64.77369269086
284.36127167101176,223.32010433131745,180.45975008439547,64.92255428006807
285.8957945329379,223.24785252896734,180.24849236637493,65.16849852794275
282.39345001783204,223.32564183510124,181.54442655118683,64.9626594871426
282.32959195042565,223.2058830503529,181.36939051416942,65.32271370933898
279.54225189401444,223.9925300244111,182.40330547320363,65.07117096209922
280.1691201289766,222.74859946627785,180.8855870509518,65.35947584909611
278.2060929048771,223.55455855088505,184.1566105678764,64.89298327135901
277.0079753321973,221.42480805137552,182.14399935306292,64.40359323293505
277.4971535491493,220.84309300959532,183.27684620019392,64.6706886154256
275.06611457616685,219.8478536985343,181.84880108782144,64.55513069311377
277.067953051538,218.4205702701736,181.88226482139075,65.41146313358247
276.4401974499487,217.83187050685692,179.97810953575242,65.53465043345535
276.5887012619095,217.5474169443636,179.75901167439855,65.28627418090372
273.5783054118121,216.9928507011795,179.7330311320969,65.23801443122399
274.7110413742167,217.29074535135385,180.5178877949817,65.94886299440003
271.1013172209406,217.3656719999438,181.60344523599886,65.94255742793425
269.26766593455545,217.83227866845684,182.73077846790335,66.01070867603026
266.1556469336516,218.99790868144456,185.00614120924908,65.96768443990852
265.1327662947363,219.0091335153116,184.00579033816044,65.94187605893627
265.30061728741936,219.07977525655667,183.03451605265093,66.1869220084965
264.0199760228006,219.39591625440124,182.5116080230307,65.77523244312381
260.56476016448903,220.63919802815343,184.2349252478462,65.75852154981274
259.4396356621353,219.72030932185947,183.9273495510154,66.14174991244892
258.12817731034073,220.8340253185286,185.41897747722098,66.53172604764153
255.81627433740078,222.1271221587841,185.794692332602,66.82698562018504
253.90140673719083,222.80757220023844,185.6654854041548,66.78393027527886
252.76880955367056,223.9094422194502,185.48282821919506,66.831924462053
252.21148176314327,224.7211768104488,184.69809671399156,66.99677643791907
249.27310845902264,225.99531126732637,184.6486638993117,66.75366551797674
249.3368798209828,225.0486539194052,183.53868015405394,66.89662863183564
248.93659702386793,225.82306789107733,182.64748474463156,67.14784209228522
247.57120081832431,226.59274724414553,181.3132780555892,67.01153210184019
247.2221898205085,225.64630728408792,180.40171171559214,66.64225994329276
249.80609042146344,226.24368666977932,177.88220385926792,67.93209228884447
243.97066307684918,227.49368679111083,181.7437028832093,66.3170836283238
243.90197713579607,227.2303984585003,180.5992862964464,66.48160132020158
242.4958225503552,228.61850655041943,181.69777286079733,66.43997887190748
242.43497067141718,227.9902985944759,179.1239399293284,67.25630704083558
244.9480749883364,228.46827558730593,176.5776874484598,68.76389821055662
241.6131539366491,228.82469317228077,179.33267499555416,67.922595462569
238.7330070958559,230.66658812157038,180.65295396248393,68.89702507864243
236.3954703714862,229.32601726706991,181.11726620006442,69.00377291991074
238.29081683904855,230.6518744736837,178.2316756839648,69.91712293220968
237.34110150229256,231.57528532248915,178.9166379910293,68.77700006134442
234.66456033816158,234.69132901459142,179.56884972703318,69.42760495426104
233.6235004828114,234.5868689948902,180.26693295025456,68.89080278923424
231.01527988095083,236.52448524743943,180.5721664139948,70.22207169869637
232.5665786009957,236.74318390836407,178.1026088643535,69.87016911647731
229.6188403749723,239.22149490038083,176.26557015645156,70.4499620442099
227.63921625799003,241.34461635152365,177.44036073868014,68.67200424752878
227.24092756203706,243.5259323120829,175.0527386688247,69.43005514961814
227.2014061435004,244.0664175047853,173.8231860992998,68.2180260726357
226.714385869183,246.25844817312523,171.81403671735686,68.81727170008439
226.3609216698659,247.12500510025845,171.76354219137306,67.1482007436486
224.32595240039927,250.13430752659562,170.98574458971586,67.39749392597678
224.9837160573469,251.42406842173708,171.09940936902947,67.25373666336047
222.20144531849317,252.9142893118094,172.95344873218386,66.00772597417017
220.8219069715261,256.07781226159256,170.90158318720052,66.88012196579128
221.04833361505587,256.46450455237544,171.32144585043534,66.28430890692536
219.05485559365505,259.80059078773695,170.34120324649933,66.50040220301757
218.19634726916962,260.07357653330695,172.0812847160564,65.23935750360431
217.51212531687628,262.2311841497409,170.7632560614129,66.50761094616934
217.0357855107216,264.49853423661193,169.8487324856785,66.98083656295279
215.3687559729948,265.6656724035919,172.44138872338328,65.48897626092463
213.06968993301848,266.97142205405646,172.99351607826486,64.85403296407226
212.46592187170359,270.00243596971933,169.60830926255153,66.35513393442947
213.64362329693546,270.334464464797,170.57005367765805,65.2940583014948
211.1497237590436,273.2621529516437,170.43953626697936,66.18460317549713
209.37571425066662,273.83712351066964,172.5878788879583,65.65430475665357
207.46800322665985,275.6905527596049,172.65164777912784,66.96806061455605
208.05604407939427,276.1095680228517,171.95332314979734,66.57028973799896
205.7481625240149,278.3092550512326,171.91150619648167,67.64559654397317
204.6779020551395,279.16823415749525,171.94258459094826,66.46477909751951
203.08724002125882,281.80733832504086,171.2627031650029,67.46767984855923
201.59160490105359,281.81960165769897,172.54908152967676,66.37229382728415
201.0541252854108,284.35584376092754,170.3604586738832,67.84769213005117
201.3585120552686,285.49626632381324,169.97805062267483,66.99027871576773
200.00838298324294,288.9265476753003,168.72303619438594,67.60999525585534
198.1645451694233,290.8920696500574,168.25331487475552,67.88962527759927
197.61172254738668,291.70897664348826,169.5875658064504,66.2556076921543
195.9969547455065,294.92682697986936,167.00206339146052,66.84774904093314
195.51359531600298,294.8266693120963,168.5694460693331,65.88538245192166
195.33497727620278,297.46730623018334,167.25747785996205,66.5378470710943
196.18742587910845,298.2068128138979,167.67858492073412,65.27307613936262
192.68429609930234,300.5051047520929,169.17727334295992,65.75796088127984
193.12487430039326,300.40502612165915,168.85404716304373,65.47140058709877
192.26560052220847,302.40500103521856,167.94070315505593,66.27589406415908
191.65402358316058,303.45711120693176,167.45360173619707,65.1286786395212
190.8549664179398,307.00529157951496,166.00522925658893,65.62638633407617
191.3762493104134,308.73278370426533,164.61795114795527,65.62317799708596
191.43454025863093,291.61759956284664,161.36634966959573,65.28122730217198
191.68259381420373,273.0089925630429,162.2058278171258,65.3183300384383
189.85893617205562,279.43029999154373,164.24428852927792,64.44430672351287
188.24264462438703,286.3472960262269,165.26227113652644,63.654218348982454
187.08374575807676,290.8013920669746,165.73257322037375,64.13773792483444
185.30586032873686,294.5074375111469,167.8080009748736,64.20937488790148
184.66354995011812,297.1013240572183,168.2427514977709,64.88339400700416
184.51120756449697,299.2314462640375,167.5729182242822,65.28455099551357
183.71258283872118,299.83202197249193,169.01779106738346,64.11597817309256
183.11380177908384,302.5278196118649,166.866762496626,64.99709186070831
182.75361605007424,304.07183382487835,166.99488234552598,65.32117546369284
186.11970058418575,304.4977217055102,168.37598874595096,65.07567649517432
220.36416474397438,304.43655917830495,169.09239228943835,66.34386593727714
271.0421773895355,305.8180882171417,164.30669124096204,68.19636127878539
277.0976229059883,306.7803617057788,164.87948307493716,66.88091215705765
270.27905332367857,307.8824071127501,166.88719021801987,65.76167905327469
269.1577163423496,310.93388346613983,166.11412751285718,66.0576352211655
271.1298068714323,312.7716327919808,165.61569563132468,65.17081742301572
273.6370598810079,302.7965667239868,158.95899978967887,65.40970882676525
270.8157800705695,281.2415526666045,158.68625063829003,65.64339798318618
271.13036556197346,256.6231526835842,159.45022266876367,66.37187684633784
265.31948895671167,242.76674615979948,167.25644873544985,63.0980810481083
262.6753581066196,246.81953265415234,166.27628937598897,64.86052356826892
264.5330177619369,247.25801102866888,168.80828180825455,64.70680342298508
262.6056547705857,249.22706943264964,168.0580193943502,66.42314751712144
260.37268214854134,249.9798030362603,167.88439014898034,66.24964386244844
258.58424224105545,250.4631505017486,170.9061152127452,66.13498381925638
256.48928437022477,251.4473025029718,171.30797944940358,66.520148766058
255.73226075352576,252.4692621559667,172.1732376715443,66.64942318858633
258.3598629005438,254.01020919708438,169.11564296315117,67.90300020732609
255.73913556610893,254.13607446027945,171.27117781814798,67.06508207200132
254.26676460083388,255.20632878426966,172.43579169377608,66.87108005296501
254.46204983557806,255.8866005520394,171.53223086010885,66.74355703054586
257.0491027862845,257.016786035764,168.97565900858186,67.81250544297204
254.8838772026971,256.5771163386188,169.88854516487635,67.13760406978562
253.87342858868251,259.3768786336253,167.76553524625268,67.67900902845939
257.7543299157047,258.2773323055981,167.6290993782096,66.58010190574137
256.3522928915298,258.6658698285608,165.770803018526,65.9010577372197
255.05666086940514,260.1302621050052,167.40445946938695,65.05505016387269
257.7196772170968,260.73872483821617,165.8775416018948,66.10767392844501
256.7349419493056,260.79776835500013,166.63396429638766,65.37311217796973
255.28075017530549,261.08093502242593,167.1564397476638,64.97251677814619
256.6782221483897,261.4749936254773,167.11630816116758,65.69960350219793
256.26803982107606,260.94633558024316,166.91881690711836,65.55168972853495
257.4221048186051,260.17462807044234,165.5262740973619,65.83711109837921
256.80024384629843,260.698523048899,168.52586812048136,65.56180961074355
255.59417646671105,259.85545413524056,168.51285181904592,66.26935510377004
258.0162135633888,260.4926879250117,167.35525519667263,66.60485041328566
257.77464980661057,259.7524986781665,168.25766161613376,66.69350667458201
259.69247497628703,258.11260293601754,166.14057620205375,67.06856451366896
257.30099331004214,258.0386715828145,167.99952495450887,66.52785434154453
258.69698796229744,258.8797768707657,168.93591257243312,66.50745002604725
261.39912747634946,256.838199029388,166.37636961662398,67.29588099986718
259.42914402468523,256.02669045814037,167.8410219895875,66.54269133113515
260.19224927888234,255.5143145045767,168.74888539042095,66.70956256476906
260.28760666369374,253.6868551919036,166.53114559674395,67.01824284722636
260.67500939987076,251.71257495089645,166.78678784789514,66.56153410128275
262.7595214877614,251.65197423151847,166.62106563776462,65.92788159634382
260.8801600993065,248.92745864835706,167.09165608042818,65.80110320339176
262.6641411138645,248.21055387460564,168.6275745884265,65.61918104861434
263.7163821668295,248.96196328508475,166.4216099304492,66.46355721891445
267.29650642703757,270.47134609909534,161.45872809490703,66.48740078810215
267.2669851650713,292.37236753108755,162.2097839798644,64.37183851843673
266.92765377862474,291.46807907643876,162.9994833526173,64.6128632566347
266.6533311282585,288.57491634353545,161.43542044804536,65.74158466967837
268.151537826703,285.18263028645424,161.106960317252,65.62450854492518
268.31013488861504,282.92709790982235,161.8867929006129,65.3761995885163
267.87812224285614,280.0927486802606,163.4234854080538,65.28609888881329
268.74121994545425,276.9146884448928,161.82820446524326,65.6994166875311
269.34291168092705,274.164104299142,161.62076440464486,65.46296516568444
269.7775456161977,272.4284809046623,162.5362792906089,64.93232077832661
269.336170133651,269.5659579145315,161.8071437852476,64.81891629729898
268.5333204273687,267.09024704222816,161.8419472070206,64.87610895765644
269.0714000365421,263.06944945007274,163.62091593058975,65.67946472729898
269.47893175353084,261.10962537949536,164.26257179272932,66.20258262500309
269.59099399751415,273.5659695827792,159.09562017800175,65.15363149973774
271.8915597512638,294.8322771104671,156.82395735576557,65.51823915666029
272.40458941636905,318.1889803856567,154.47488743517673,65.22207839620636
270.1912905232829,326.3664846578226,157.62042311880538,62.477274012113995
270.0933479981442,322.19111017345597,157.02683402470643,61.90306741611487
269.4014337094688,319.32932142150617,155.81883037870855,61.79129943364573
270.170790060136,315.67402011619487,155.31708172874937,61.887824387900224
270.8152752858968,312.72974185278355,154.74767703881852,62.062688847974194
270.9868986657999,309.9019319283488,154.75649363839557,62.146540229704236
270.56300344254595,317.79648312092405,153.13236556727975,62.11389275861745
273.7527704949931,340.7210771774959,149.69892608510216,61.73595733862719
274.43904004051643,364.3633874648451,146.9673684097511,60.54757147098025
274.7209393903772,377.44213512761263,148.44415315783334,57.864266199028634
271.3616008844015,376.64998580164144,149.62259168682647,56.62729880783989
270.2014653628007,374.417545540471,149.71017096176277,56.416312666864876
269.12330896133335,371.8238855696725,149.09258345870313,56.43780068476755
269.5817223449875,370.1839236520021,150.82103153807594,56.005275822343364
269.4908880294974,368.11893951265483,148.7077832802453,56.619695090267356
269.31559427995296,366.0074327911709,149.07373924206595,56.90671870978909
270.29650759670807,365.7628379490192,149.81937662344842,56.55515281873707
267.77124160821984,363.58155772037526,149.42766820098632,56.61402957352213
269.7390836555251,363.3743672489949,148.901334858598,57.24734841725134
269.71145632983195,362.25843783399444,147.45532592961888,57.384147920804466
269.49037216204835,361.5342471186949,147.70308855315977,56.93119824183397
268.9126442537432,360.45379689987294,148.21973785970127,56.78771835582832
267.5941682909365,360.6324522859528,150.06591183898826,56.58426250447853
268.89171705290846,358.99837715554816,146.90791693308654,57.39387842695687
267.4932896610917,359.05047481134227,149.6644635805335,56.70641788826582
267.4181312504958,358.36946537900525,149.3612502474712,57.13355700115994
268.68366771430817,357.6083027718006,148.0537169152954,57.38831225605332
267.14726762655783,357.66489439125394,149.16020234663821,57.39313194671648
266.87686045926296,357.2542476393192,149.95724378536642,57.22363013687229
266.5877912083963,356.66205607188215,150.77687599728108,57.320413632024675
266.9577471645912,355.31879463641417,150.15699924232996,58.00860954189788
265.88071521159236,355.9012605023571,150.03686983915844,57.36931168833885
265.221351821938,354.025584632028,149.764915675893,57.96193115296662
265.76829980098313,353.51393570209785,148.89952091030284,57.96195974949542
266.17253086434823,353.34759376406413,149.347458408225,57.86094877915484
266.36801668647837,353.3852842524383,149.18553363053115,57.5054251885273
266.91268343379465,352.5355406560078,148.18885299071192,57.776747020682365
266.9984816197982,352.3465136311161,148.70758760212158,57.49286670423667
267.04289307861666,351.6019058865727,148.4945350121603,57.873020389292165
268.3906901892285,351.54751827140933,149.2736444983127,58.2372680848336
266.65242931370096,352.7512201556689,149.87372783927253,58.421580902410625
267.8094247326512,352.2503025585072,150.7365234382542,58.008417669535184
268.9730801933824,351.4893283451046,149.5018458215435,58.15128687161011
270.4846430430878,352.4170755083224,149.77167302893366,58.02510970098572
270.30847532213886,352.1799499598581,149.28564893331833,58.01574229077967
271.799150902107,352.8737631254648,150.38390929256568,58.034541342897896
272.6082624016256,353.7800508830553,150.70548859932168,58.07385447332518
274.9719042087172,354.6605197801844,149.60033301163918,58.28069803711536
274.8844914742011,334.42778535622557,147.03429257516626,59.95468055844319
277.8625056177744,309.5629318294872,148.67974890724255,61.842857957760614
273.8361044093647,301.12123173992967,152.30757286304953,59.2042812353123
276.2300508796669,303.98439221775726,152.10742625118465,60.70517756009043
276.55972579550115,305.2862306933024,153.42400969318226,61.10187903790377
278.19228991702744,305.92333476497026,153.85778276718636,61.597209698721485
278.15027460436846,308.6559757546367,153.78220704703304,62.608735265428024
279.56187210460286,309.5435185772834,154.05927737880214,62.85925449221176
278.52338050697085,309.97656888532964,156.10148681812,62.435001615164076
281.9663211241481,312.1417135137048,154.5290608126952,62.799165530949516
283.60415452033976,314.23386604907193,154.3970396547059,62.71815556480958
285.14912022909397,315.65709053161305,154.29483944758957,62.291503574315236
286.4369055727251,317.34803385782476,154.59207378350123,62.28273120668071
287.0514938004029,320.1417386346306,152.80862989883934,62.66633748176086
289.79704346157655,320.28609055944776,153.76282952139348,61.20307563889113
290.82595550795077,322.3230280729919,153.78910421748304,61.1380830497029
292.3388777610506,323.54006501818793,154.61620207486462,61.24759992917911
292.05303221146676,323.3804405178392,155.84132235290258,60.950593743407254
295.1364607699227,325.62291664398504,154.21962585300622,61.33181473540458
294.6830037902496,325.82031147492046,155.15652081652107,60.98776106324334
297.5049201640851,327.8921025148066,153.24146242362104,61.17167435622078
297.03809648674576,328.2090907030793,153.9209443424491,60.89850083984996
298.89127409629424,329.72349884473846,153.29183124953735,60.701593709803696
299.579198177457,329.37671421186815,152.96799508499674,60.28543443470147
301.1070843952709,330.9335645365388,152.11378780797642,60.2946307726134
302.922166937065,331.78155972132384,151.1610010823116,60.18078311194971
303.5740783006221,332.8813702361875,151.9935842293701,59.60407597107897
303.0842038272908,331.770502584644,150.37145669869284,59.50352943290999
306.77232719339037,332.7580900799763,150.86609515371165,59.40430255625283
305.61084476730355,335.01837936059536,150.89098624089164,59.96400455552744
306.4925882822911,335.2345099329622,152.0332629067383,58.936609735882115
306.6613040814573,334.6748946318667,151.3773012716428,59.076585762589744
309.0947937020152,335.98994796633076,150.46521774226608,59.30542208960312
310.78203430293365,336.334743351194,149.40958668048037,59.41934855307195
310.2961966236091,336.5992948444274,150.41545936501268,58.787511942321196
312.6885150189153,337.8327071102012,149.15672242078878,58.66704240779167
313.3281175919659,336.8222101680085,147.84685286938836,58.70416411613536
313.9357704366217,337.5915662158326,148.10070924257195,58.39941221145068
315.7930875813644,338.3162979077672,148.57619153813863,58.50788161512614
317.155122221461,337.133337775458,145.4335960406788,58.598345233383796
316.4150187890956,338.97732334446596,146.6710617376095,58.731171694295575
316.7231410456073,338.00221975760894,146.83391769073125,58.62727475767933
317.2858950319826,338.8897107035732,147.6399350845124,58.16852305360902
316.76216041345515,338.7275070041458,148.21492544459883,57.60749265513617
318.52902731498773,338.7729670582869,147.69395457777966,57.869499065357765
317.89210287087633,338.53590155745076,148.14332079364567,57.29244794974824
318.67172453975707,339.3835028081019,148.9094175960673,57.122917048694845
318.91021734279354,340.5641676168741,148.28494660955,57.996486131383335
320.6553352184825,340.5654410463495,147.72793902396091,57.35494408170467
319.251828529715,340.675040240452,148.07258669701147,56.932829348680364
320.2996638042754,341.84972055585104,148.52716233860394,56.77673567581668
320.4074225992492,342.96476599553705,148.15216053351756,57.76106949908123
322.0511361988905,343.0439426991469,147.80887602722015,57.74261883691051
320.9733611279993,343.9376827248948,147.3500947434038,58.09084529922082
322.04569348185964,344.6950460319576,148.22872449392713,57.47024091449778
321.3399662555604,346.5730420263624,148.55699678821378,57.64482717706156
322.5891667521365,346.6914868401434,148.42738279455517,57.52945857356707
322.8975514923322,347.7755472023536,149.10738934687058,56.981242921205656
322.15596362252177,347.77974842988755,149.94495571612254,56.83141260808875
323.80982776935195,349.36500523429174,148.86835236565784,56.43729681015853
322.81078752746674,350.51532261564523,149.16285208325837,56.877806651692744
324.65122995679195,351.1574422120313,148.9815666204805,56.66483671415424
326.2480916106512,351.9913882750077,147.9844025289624,56.70170168762584
326.5201687129899,353.0820036668602,148.42936827541436,56.26065459748054
326.47607128726276,353.7937377914968,148.17142466580427,57.12680882159522
327.8151468381281,354.1285567302109,148.07023096101713,56.28223227534285
328.7948551489359,354.2107524457856,148.09290878734475,56.44162839549565
329.8758168396063,355.48003940384535,147.60989349397204,56.104370823884
314.31296358854064,354.9724322660312,151.03194809614774,56.50588265434868
265.22723008686046,356.42239127001767,153.10881586258353,56.575626107595745
210.9979876930985,357.45254300602494,153.57347257963335,56.530681511839994
168.16865839785333,358.2806061146607,151.99147548038312,56.82746538073122
158.2082581985887,359.02847139607326,150.02178731222648,56.649249480410234
167.67330153206552,360.6540978086964,146.3896226243302,56.89653609282992
167.4550341855123,361.2837693936164,147.16133863065647,55.89402449487571
166.2658809107973,362.87401645121673,144.66219988104237,57.097670139793784
166.41786434089767,363.79375690439986,146.31266412768255,56.32967976813754
165.92460364422152,364.2869726697259,146.8322021030116,55.98272018736488
166.55788876542414,366.146845430145,145.44695342042095,56.77831260104024
167.09139079114973,367.2513476638946,147.08110293096343,55.395724411755964
167.07768297177677,368.3481679922998,146.97421867508442,56.44391769846324
168.2313322702177,369.1213335732024,147.20117646354703,55.310805521684586
168.38618563043622,370.07050435342364,146.0824390401747,56.361072013679134
167.4523233427342,370.25308366435445,145.29726543955664,55.62658691136909
168.19272951796208,371.42196664283256,145.11434240372677,55.197497975900475
167.45438214065325,372.723380004829,145.65251086630715,55.46976222507851
169.07288976255222,373.8774537408929,144.7308023903798,55.249517856123276
168.80035625838,374.18495432222437,144.6726227124766,54.657152202380516
169.95658050659114,374.76182713601935,143.9208145437842,54.50585712039218
171.2864722090667,375.6408023267952,143.29211767418752,54.5675877402868
173.55682959766887,355.4545175827672,141.5767596568511,56.27479203619824
173.34175327709343,329.39763390272213,143.39343266081784,56.70691903220258
168.820304580965,319.9539232069554,146.55252392220035,54.642290228256755
170.63048701691633,323.1861871767113,144.78785982131365,55.77442663617703
169.04114146436154,322.9653078094855,148.00217137453822,55.48993339405825
167.969189621378,324.6891693918822,149.09106870088618,56.82935723987779
168.288735953169,323.90769944724536,148.6896188568569,56.77139819666415
167.52138752095874,325.72235909613994,148.95214445397605,57.62300320983175
169.45577025275793,324.4965919173019,147.71867611063095,57.52639337189052
168.74597119088932,325.7471005689061,148.87881765374016,57.99044033894961
168.2881511898686,325.95877327889417,150.34602803833974,57.36756294338197
175.14591097495196,325.9001984575461,150.97536044415236,57.17129288128995
214.57298935054123,325.94897311987893,150.93836049058342,59.44339615654557
265.6671693034812,325.7604397793805,153.47965161491902,59.863964369677184
307.582465138181,324.391928763536,154.01047982388744,60.15449368358757
311.92447731598236,324.87713219955367,151.25859900491022,60.01520075201098
306.59150023791574,325.12698521965774,151.18768779118358,58.97567767963666
310.61380827629284,325.03442081197903,151.30148457040303,57.53124843349441
310.9011429007671,324.53019021035243,150.88348671594844,57.52322518916543
311.71060208661316,324.18844150721867,150.2233490639204,57.59443032955427
311.9906210839339,323.43618399295184,150.16470964329253,57.59957902634895
309.7636746422246,322.13241279967633,151.44779877562024,57.65860070436048
309.88526258489514,321.9910436066798,152.14193529309807,57.508593702511945
310.3806726131719,321.2687021525625,151.68439419740355,57.675847524469745
311.02085885368604,319.416089734677,149.8109713242547,58.119416997770045
311.34886734153747,318.48605002375416,148.7782191566743,57.654294119533674
309.899797869468,317.725340560497,149.08996301617378,57.46847342397236
310.56311117878596,316.20485010842475,147.90598051040263,57.546712267382105
309.4436929108829,314.35820845643406,147.1952170127575,57.53798661737251
309.3951437400656,314.20992039690907,150.3165469365878,56.65777522044243
308.42622036824,311.31267606323337,149.33328553380687,57.57305676046233
308.068247769667,309.43884942463495,149.77522824816995,57.858944798871086
308.0535128512391,308.401576755839,150.9492352951194,58.01272939491833
307.63380754495563,306.5294080345993,150.66642862911038,58.62513098685892
306.558569778869,304.9003346893036,150.7242739576309,58.65550586828262
306.1922982905003,303.3517701468779,151.17047866161965,58.7018019193044
303.689251118612,301.9396581040096,152.72633518136743,58.82173531719351
304.20794358713493,300.026517715743,152.29331800699106,58.97853041663648
289.0937245640555,298.9513726096891,154.30288964642088,60.22646279297845
241.1144893931273,297.2171920174254,156.6411521960718,60.40599578765287
209.412867624706,295.02745861678653,156.46722389864712,61.98203535746797
214.13956534377655,294.33644706545766,154.9112066339645,62.2446429843624
215.3038218667891,294.1028937254066,156.3310787769646,62.12367717817972
212.06577444804475,289.84209417872415,154.5720369972995,63.25784434227847
210.99024341700095,290.401690922618,154.73401618562863,63.19348502647985
210.9173645679923,288.6946602878628,152.65925671292902,63.21160290295333
208.4076135490318,287.73802894627454,153.45528088842002,62.52943651985413
207.93418250633283,285.904084049634,153.1287787948402,62.2356247544577
207.00872191851087,284.5978041384632,154.84122762490114,62.03459837986058
208.47939110923338,283.622536976747,155.21560910452052,61.824259766046495
207.62746494438974,281.96838767814734,154.18300236887882,62.038474896915
205.67580592615747,281.9012550246843,155.58749107879848,61.920000054823305
205.76483272736766,280.48094314806576,155.56135217998622,62.40468664529472
205.76406342963048,278.3710981771145,154.0117728978273,62.21725678539036
205.7718410351431,278.694023947751,156.4062631601071,61.217783930801296
206.45246184376197,276.53638041009503,154.85318724483315,61.60743006216879
205.99904784013384,275.1613321877066,154.31246967268402,61.44070594219093
204.67504056173613,274.834926972448,155.2510462348156,61.08396976081807
206.63409370099941,274.18729266111916,155.7499991668974,60.69807376271322
205.35971374843103,271.08294179686663,154.16799920398844,61.29007952289068
203.62420402600395,270.8473919254155,156.80893291290272,60.84844659535012
202.66643915921452,270.0965652738597,156.81684356811004,61.0538068512794
203.32420203964335,268.4917499924557,155.9121591516,61.415853876115044
204.8902060761918,268.1001451878027,156.170440142951,60.962817365329954
204.76900839343202,265.91916236075906,154.46333192456797,61.551386933104425
204.7504882616103,264.66044825078666,155.34885037871294,61.25217849795452
204.9013588882965,263.6151591254395,154.60318201342784,61.25383302564489
204.5233224187992,262.80171296481274,155.0654337761303,61.35647458292214
205.70164992090915,262.57818072121665,155.91755090498367,60.87432105999987
205.79041645093616,259.04981851757003,155.78240774410492,61.84691796789382
206.83105602251678,259.6013902633051,156.31485458584774,62.80508763295683
205.73221844632639,257.601118710238,156.8854245640639,62.38117175413091
205.43858971458235,256.9442800101937,157.42436323219536,62.26207998195806
205.80027505098218,255.94567553669543,157.15528857687374,62.33018969222975
205.8648963109019,254.66771201993095,157.1083820663552,62.20601396468977
205.1899657381608,254.09782124353458,157.8174722150015,62.018866382139606
204.6295765497913,253.57030389065653,157.7512504098887,61.66757515889768
205.0183389874203,252.737377183046,157.68055652334604,61.244103109298116
204.5027803812189,252.1577708537809,159.7400683037776,61.1990643944803
204.7053577653897,250.56570645670442,160.17815111322952,61.79334173271529
203.35710799874366,250.66825964377517,161.78556056320855,62.276268304775726
203.87000601144854,249.64180853326224,162.90497217853783,62.90022667685466
202.83066420314768,247.82449696768563,162.2597013129312,63.701922661578166
202.40634194428787,248.56282971844718,163.30038409356905,63.5376796653502
202.63856212289915,246.79864729014622,163.76776566025686,64.37490954533529
201.0651596567704,246.4771930998667,165.0621170640513,64.17003242766835
201.06044091562478,246.33184467661755,165.93736396514052,64.0536022174822
201.27299209743316,246.7287050887286,165.43233130699997,64.20458471876486
203.4412666793168,246.78641412986602,163.6976373567935,63.966015293859584
202.897493873496,246.32770120695818,163.99474485610867,63.933667355241376
202.64652428992196,246.3791082691487,164.55071969926306,63.86713611671024
202.6195965194452,245.88657886080406,164.47612362343483,63.66614645965224
203.64973913251526,245.1862464985399,163.28276418156577,63.93475136614006
205.73825730082095,245.9579972041113,162.42399152416243,64.44199351736044
203.57376303091365,245.38773151185785,163.68561028465584,63.72725389324741
205.40144471622142,246.74127825242428,163.27084867049288,62.94901607286573
203.84818772443873,245.37238050126277,163.18912631987794,63.305110896960215
207.49514485624348,245.9234632704189,161.9549850528217,62.82459299769378
206.32092213726565,245.7298341715588,163.43663874959148,62.95919471547183
206.69128456856228,245.5776022544288,162.63497771437136,63.30899681930275
207.46620833120116,244.40412823308014,161.76585113227583,63.63540028682499
208.82897866117693,245.00571081432955,160.3603225068353,63.67439308574107
208.53210281193992,245.00289468113172,161.7886175118216,63.360186242239095
210.894850104454,244.76101416484227,160.802708251079,63.18871407431435
209.90484290274205,243.27113139757705,162.39583242125508,63.48804996605497
210.00660677361324,242.9860421458418,163.04638523918385,63.754354934689545
210.71058175001366,243.38443499251883,162.2450251448693,63.90957398565138
211.78722160320058,242.50514988344497,161.48085930347668,63.790052683873355
210.76612592926017,242.87987868554268,163.25621561555906,63.162577683195906
213.30605112174908,242.8522129060755,162.79344185862206,62.9375491155693
211.1476508979676,241.0913319694306,164.52800204384593,63.359093403655805
214.071503100403,241.2928771718592,163.6440659286451,63.48968003866884
212.71863725614782,240.00543141479437,164.06734625292577,63.82481150912666
215.43566605848747,240.22448536967812,161.98679962766508,63.56124404180445
215.58100723824148,238.90670547843442,161.6582132465955,63.47759606119035
217.11333434088942,238.9703679699836,161.412377046825,62.884706175108725
217.1739371745762,237.90120571410017,161.52497538278027,63.13299148135664
218.83195247762484,238.50355555528205,161.09496030078535,63.073683736804
218.02819472063783,236.68207815193304,161.12466066327042,63.32845695516238
219.40606460556154,237.24491157306568,160.10796577269045,64.10502466749088
221.7178042042747,237.1784200231255,159.39406966607822,63.21665341034624
221.04234728056105,236.42427855341842,159.82763267435215,63.14200328092677
223.09836891970144,237.2440179519448,158.07823612457665,63.85394542044067
221.8124608445943,235.95746365972866,159.43639038675127,62.95075570367942
224.2918112230821,237.33148458208365,157.74651312523187,63.62223237766545
223.50206301557722,237.30214762819176,159.38966958751226,62.33696978843143
224.9062576996154,238.41704433715742,159.35406503949542,61.73362653942347
223.56366215156166,237.97879451483482,160.78838273243133,62.072320150734306
226.86909164759106,238.48560262784494,159.70109435159483,62.072968271002956
226.17573749619604,237.25385522123221,161.0512640760499,62.44468227126645
229.734325351611,238.83041965003642,157.5029326818699,63.546085863617044
228.28841086842846,239.0520360220143,159.90772935916513,63.047050107441706
230.4023957057568,240.2472625927598,159.69876352643888,62.514581785108106
229.61752121757226,240.46212992000912,160.90796786814525,62.71557879650929
233.0687464702173,241.2095265381758,158.65017998116224,63.6226779830961
232.26146455253536,241.87888002405228,159.984744181749,63.20759772115359
234.03857122576198,242.9859301257904,158.69055545381687,63.749116539960056
233.46697381975972,244.4331768059832,158.96509059821045,63.05487543081897
236.45287997337846,246.0478886448374,156.45334004548718,63.38414153959336
234.9683690263241,246.52758416930936,158.89959910372528,62.645674145068924
237.70779371084424,247.2631421890025,157.56961896338197,63.64476557249645
236.445832686477,248.47792397731035,158.89550188287,63.061936575664824
237.20255587938317,248.77769283167098,157.96775467590749,62.896609501414375
239.9867996619434,251.1251757585786,154.91355711392282,63.299059056183026
238.3273591672695,252.2753000032046,157.48926802139184,62.260319800086165
240.9882000711088,253.27323175433352,155.61370908467936,63.12817489254023
238.26634834896868,253.4775814899726,157.91210601232228,62.500597100914476
241.09940482993193,255.31193154972718,154.1080792757399,63.387624779983824
240.3273757304184,255.77190561980845,155.51526678493406,62.45651061240467
242.40327367027584,257.28361088883435,154.05962920154886,62.69692417057951
242.12578941847613,257.76079632543644,155.1647054761646,61.719804246492316
241.29906717036158,259.621243469182,155.33015968935152,62.42233834985987
242.21269108036014,259.71397807365855,155.28083737503306,61.86838554433248
241.98963050078788,260.88137190653174,155.68540802499626,61.61654168838908
241.9721281601287,261.69643754245516,155.35842406864845,61.593619560277105
245.13643821112066,263.3102951102063,152.42134388234942,62.104722116203405
242.4477208594618,263.5872257211599,155.32676875138768,61.21945765857663
243.11493477464842,264.1862335417397,154.46960046734216,61.49091299269523
246.38938865984616,265.3196741828706,152.17630708723544,61.782378167783904
244.80321627282953,266.4197835679617,153.68189166153803,60.82756974160232
243.58936801090252,266.64047778582676,154.64769586565973,60.623724575582244
245.88930182372667,268.09152356729555,151.86875168110336,61.2299280934635
243.63267354230078,268.4172973225592,153.60747924251982,60.12866206798664
247.48911499610185,270.20788255014105,150.05281688392807,60.415353895603026
245.06747619221642,270.5131650497523,152.05104685466915,59.74999269826947
246.75945634492876,271.61143160102307,151.17460462227257,60.10387566694978
245.8111028191284,271.9870194458028,151.668744961313,59.72636593125154
248.1339857273743,273.24486371356016,149.6548125213228,60.06104827568565
245.8262992044481,274.1530435627187,151.2617807542639,59.270233120253
248.96644906709994,274.88981218234244,148.59882486417513,59.6958035543374
246.79418017054243,275.21006770170857,151.5865413407078,58.49867780805785
248.20223502843191,276.5587065109385,150.1909821929803,58.63047120960674
247.6140596806764,277.30021974754936,151.4818890194664,58.308480670671976
246.9582097213804,278.0067314434461,151.57443237105198,57.90709254006343
246.5567223995303,279.84319466978747,149.57545724851462,58.88166038807067
248.8641241667076,280.72618979559815,149.89183345273295,57.621053004488154
248.12455138058544,281.0906848040813,149.74970953726017,57.52802582367409
250.47262091456741,282.5133926520993,147.64246866407075,57.75929251153003
249.58032607506266,285.1461077548114,147.83236017157174,58.01117615485576
248.23954655852242,284.65610808807435,150.7241003533485,56.903853062983956
249.7876125533079,286.5858702614173,148.944112378742,57.289871281187274
248.5753622620271,287.0651513113946,149.97649922299263,57.20773524324686
250.7486748454471,288.84126896362045,148.50434197335278,57.58612978062851
249.30250228072896,290.33258325738905,148.90574214196667,58.62223708106923
250.4522250419231,291.1503564775296,149.23913722086283,58.57223588843338
248.3945647688276,292.6337540778165,149.7456165581975,59.389546017474956
250.4470805007245,293.4205108770579,149.08911404311286,59.061782282371674
249.79133176372494,295.0065645769324,148.44321349765855,59.7216419633621
249.7975585743465,296.9935978205892,147.54398696523083,59.87657557145453
251.59475320744153,297.5716385301414,148.32228095894806,58.38142181379326
250.29175077062996,298.637870204278,148.39397195295513,57.85076963179645
252.22756755589464,299.6246142330248,147.0304900913996,57.7426117511561
252.03054698759814,301.4034789122631,146.6211871021367,58.12831470835832
250.3956625059638,301.21642475197507,148.63622376351918,57.39038284730633
252.59164011382305,303.0735092523134,146.83150030024973,57.32271278468262
250.53028518864875,303.9002864381982,147.84395080309153,56.67563384870867
252.15585460349052,305.29793375140144,147.25602346906487,56.998140927856255
251.4977012654823,306.708470042098,148.01320869022024,58.06250860499965
249.9940112146294,306.69343180863007,150.37957624628638,57.36560084741512
250.66763453129187,307.77368108098767,148.74115763777456,58.74809301666744
250.60948512021292,307.7375381955836,148.35088745642796,57.933976573395775
252.65876489580157,309.7227566070589,146.38081966950637,57.71847693080777
251.95504145990992,311.3613593057497,147.5515507652491,57.90151556930522
249.99012637265884,311.8366016975879,149.3766537284613,56.98965585980899
252.94270846641876,313.25641571924945,146.8180383986845,57.52394391904089
252.17605043333953,313.41896460945975,147.09162659587093,56.79282180461945
251.9072944578992,315.30716134888405,145.81848482838365,57.61840276260631
253.92269451195267,316.34673569534783,143.80126989077473,57.05953032038012
252.48263300530363,316.98986055711975,144.85301957419347,55.94849632033251
254.9078976553571,319.0841731336463,142.86959775206466,55.8196951678782
254.45563358651452,321.1585085822223,143.18692148832974,56.3212363838913
252.75945457981064,321.3247702183892,145.0269708906181,55.4123453846167
255.44074843960243,323.61754583407463,142.4238726998267,55.63598111238932
254.0775930755031,326.27073836455816,142.44151757785048,55.92998093429287
253.56132684536567,326.71807197861733,143.55083262932138,54.86305733597945
253.75358298477835,329.5350419384032,142.49431687252658,55.276887312769986
255.08315715980754,330.41029661842055,141.21624817724427,54.95026543322221
254.84907290746702,333.25235286975663,141.25757223005257,55.04174767982132
255.71137351476222,334.2654871394965,141.67066702698503,53.70318419720988
254.12399951818912,335.95317638400917,142.69258449587574,54.03251488303261
255.40690456890985,337.94805647045837,141.12865077738164,53.877128477334544
255.07644843145505,339.7770699758858,141.32938921245105,54.04185094817508
254.79700041974047,341.4929471030159,141.51527400012063,54.07744637133226
253.8914090522001,341.845065923281,141.90070988524343,53.47814202743044
254.60942518294547,344.64242722879413,139.75230391309,53.77385024734891
256.983310716909,346.0804440643696,138.23026431257586,52.87240685968855
255.73222489152698,347.64957033078747,139.4183321897573,53.043445011692995
255.4109043413324,349.1399507365593,139.39454156576946,53.28406475134618
255.94226562724117,351.1977889246983,137.67907680015853,53.508068224050035
257.2971139886481,352.23643785378033,136.6449193212647,53.005773670003194
256.08470332706514,354.651347000067,136.75421284539166,52.8405877899322
256.0101415521565,354.7539847493976,136.26143321570322,52.12044111065242
256.8951580123703,357.49818908297436,134.4741808603182,52.1974564102796
256.4562376109453,358.04470571060807,135.5628812460279,50.730479854503834
256.56586411805506,339.663629154638,131.88572375411258,52.540694176561644
258.9571102450691,316.24371834070035,133.37829220880946,52.37875825773564
252.83507311854197,307.31945103121194,140.19563513780852,50.65471509192944
252.78890719471767,309.96911286777674,139.27822178787716,52.6325248288534
251.90487949421623,312.1602824564137,140.08571407330103,53.73260923645769
251.9820379308972,312.8104200904404,141.06190820394747,54.26762517155929
251.0831303131285,315.2248013527219,141.59329057367572,54.81074816037739
250.20002596031281,315.1194176869447,141.92718947627725,54.512169840952396
251.60882284040065,317.3711256335642,141.03003508554275,54.39039443162762
250.04227630767636,317.583851100129,142.41161017926987,53.856267802891345
249.36794488558644,319.74177829202915,142.32465041664213,54.59621558026018
248.8339394524159,319.64087901557633,142.79831719172077,53.64004303165381
250.54247876249923,321.1280607817568,141.97110415868636,53.630042610906386
249.6396360639747,322.8726760656275,140.3814627084454,54.02470308618426
250.61447356329552,323.8849690456145,140.3730634513332,53.28881808912246
249.09351493933926,324.3994646801221,140.5899735185505,52.537471548728675
249.97144075377216,325.44302804267045,140.1249668682454,52.49100840479554
248.5860286026046,326.6754294929159,140.16534761779604,53.40610435002737
247.99281440369967,326.2177853318682,141.56666937260428,52.83492111111368
248.081577059502,328.140338053031,141.21838515853682,53.70761307630127
246.57343901512974,328.4322493947439,141.01006500102005,53.139215411280254
248.1238925026059,329.26629068230125,139.41308307887863,53.19924529807946
247.83291478166282,330.7301429595497,138.6416724351197,54.00490765180794
246.96958623195079,330.8504381373884,139.2022037858431,52.91118950406656
246.2282800351023,332.57129371116787,138.82610648654116,53.61281373979023
245.98323140532122,332.71855594173115,139.05781137734613,52.61903113660594
245.28690855953226,334.62473092237127,139.05631941398383,53.05668974694958
246.03569010009028,335.75089689685194,138.4616595947896,52.77395480467708
245.4510296875156,337.43356386012897,139.29260150410937,52.81570944989751
244.49299202842178,338.76104928946984,139.15294539219897,53.096399019397666
245.39440324364716,340.117955942243,138.9982892890098,52.61859011431007
244.19277802553762,341.8359509808934,138.8220965998025,52.87003734947738
243.38472715077214,343.56465937879085,138.72585815603105,53.051270517725364
244.27551545969294,344.77330071009004,138.57268157083806,52.558111478610336
243.07017542413737,347.33514666235226,136.96064322704552,52.919438195138426
244.54339457553976,349.8747415224094,136.21791875727317,51.755187747755585
243.57983307194644,352.0385163937458,137.02887953403908,51.38500948104007
242.55935502142677,352.48836300486454,137.47210407164792,50.96073181149798
241.0544825217162,356.10473133820483,136.73838168726496,51.43861787410115
242.5726401491006,357.4875834762011,135.3480381405068,50.62119675338996
241.82936019568254,359.0158656512049,136.15928041888714,50.62774937233006
241.036831193943,361.30996961242204,136.57220485651467,50.70728382965213
240.6768715717286,362.5844130470285,136.99387879730236,51.02080501645651
240.57878676053218,362.3965648476269,136.12303915765634,50.882849372336864
239.36513915825415,365.1466255626209,136.52243964420921,50.63261964879657
238.88314382594834,366.81130308829404,136.97043866939322,50.423037682213845
239.61544730777013,367.68397168211965,137.2059217851472,49.23442515425905
238.8760569819049,369.6636480270983,136.29963762019105,49.64210868564308
238.75845354908674,371.42192710305847,135.55527383330974,49.795934213233124
238.552186612024,371.34619254962206,135.44468471515043,49.19000002720766
237.17069271893828,373.9849474187781,136.2175439606388,49.5034870654407
236.9289138645202,375.41586112313087,136.5751155726017,49.66515782665097
236.12932177944765,376.8113819857278,137.1187932799323,49.74792580023139
235.14492671178002,377.7254731901543,136.56807547846705,49.985650398547364
235.51167554384818,379.91468118704074,135.9479710002031,50.218250249419526
235.364865242683,381.41505862676917,135.99065643987075,50.26877857592764
234.3132088398234,382.8864860030038,136.44912185189443,50.11766720977023
234.09570591148997,385.7924751708623,135.42265614472376,50.07240883796932
235.23889364529776,386.8247562154549,134.92040983001664,49.29540002914132
234.49220465811393,368.1216455909734,130.80980216910433,50.98899727775044
234.97388322197162,344.7370464867243,130.42655411086548,50.59753304772403
232.52624814017253,343.8360639215281,133.28351460845371,49.08360405250046
231.74068505269796,347.3227038512237,133.40733434510167,49.910996767313314
233.74347150415377,348.76757484860127,132.80536268512404,49.76334223371953
231.45594489499334,351.25061861237157,133.91422436631666,50.06181953341667
232.80552410214275,352.3888027494398,133.34706278442292,50.06234437138983
230.7124943792336,354.5791965528575,134.5125945965481,50.35336690529963
229.71238947309706,356.19310086284156,135.3020789162234,50.378830175603966
229.1210129333128,357.78948906045633,135.49802489183702,50.54147158087301
228.12212400562808,359.75092653725005,135.24790624189933,50.721986214618425
228.9320105094824,361.4013902468357,135.039646088501,50.26182918735783
227.05177499539883,363.815206211355,136.53659611513342,49.97966151804022
226.94611893427617,365.8409987900474,135.88663946761105,50.146656308242626
228.28679059315604,367.1347317204759,135.27916455221606,49.56031071168292
229.20000449025605,362.7733795931375,131.6303281391555,50.76908109590329
227.9728054467214,338.9435425648451,132.2372143118091,50.842808022788624
226.94624631830527,316.95960863488153,133.5422200662205,52.166874594537745
224.43254947779877,292.17334864973685,134.3783545484229,52.81272950200407
220.83330558984335,285.1442226809252,138.78550240128183,50.52384608381858
220.1272741674125,288.2838102923585,139.910168740342,52.10526721191583
219.3592335635752,290.63673945113726,139.95263774590165,52.97711117138145
220.2240708594918,292.27925304085306,139.89080453759743,52.69203949356415
218.2236599498118,294.3448812821147,140.8975534529975,53.32518413410772
217.55520597995778,296.17214396947463,140.08942897478238,54.1808923298278
216.97260486053432,298.3086236496731,139.44879277045936,54.489914676228636
215.44478065356031,300.1833623527648,140.11771861400382,54.543991284658674
214.00235529832537,302.5423111906132,140.45121755638843,54.75595843100763
212.671569257861,303.9600318120572,141.22543812942828,55.25066741033571
211.07148599239218,304.1941780299963,143.29317141188153,53.90138657056385
210.81001138639857,306.335674361584,142.72348808686388,54.780121821765604
210.78608554165865,308.3490355007578,141.85493563638516,55.14074704234088
210.3134386443015,310.0801979942169,141.62022344747805,55.113111395639265
207.73472580942564,310.5685716954863,143.0095963315614,53.489281889302475
207.34986513874935,312.32606421639997,141.3723707472035,54.39179240836088
206.1667716545408,312.9211896251255,142.68244586810297,53.49033493960154
205.3322948750096,315.56766321786745,142.2803994558375,53.56310798117526
204.83576517518904,317.2984805652498,141.46306153476888,53.83252392016595
204.48061359761994,317.6446553181755,141.68165553031886,53.09942862311023
203.80555851334364,320.1455944904369,140.69669157180596,53.79786907832002
203.70004306085434,320.34532484076874,139.68172060887693,52.95974221872042
202.97209035151803,323.5139624405239,138.4369782284549,53.28511507345695
203.39737897746954,324.41340064793616,139.04109127340453,51.83435042240805
203.7462946117509,326.45791253072935,138.41616290185323,51.98217332222336
202.35346739376155,328.82848146497713,138.0171625242276,51.640691386047116
201.75122494820505,329.32300108510367,138.3897459415637,50.771515579447424
201.63263093099908,325.2730720435957,133.95014967434622,51.79881081877331
201.29672295629,302.72314282292047,132.9465783762604,52.93367127300753
195.57598747998145,289.84266784134115,138.98496090533445,50.31528573269112
194.23280483094035,292.2139052543828,140.41076248494602,51.54958761576178
192.97960176817224,295.74427729753194,140.65845657904276,52.40440440076138
191.89040890614874,295.83615976187076,143.32358785080174,51.56799428523995
190.09076502525338,297.1137522034205,143.28945695027454,52.94743318265273
189.976667315187,298.6758278702097,143.30223384225943,53.67940256474854
187.60130001094274,298.61034521386847,141.72638599832146,52.77485532206292
186.24144004046914,301.6979488456859,140.29140736851656,52.535354632811114
185.13193649310466,303.0607836795173,140.94446012063514,52.62615468206414
184.21015867378122,303.72640505314524,141.07750004026497,51.79856225223095
184.40836662556106,305.04530170369316,139.72999486091476,52.3257930093648
183.86686460680636,306.3878759941993,139.84924235302825,52.31560320105668
180.73999203537164,306.550559599067,140.1208756521605,51.198280234922365
179.85985021475608,308.2744791195117,140.33191201469774,51.395559913920714
180.07575670007077,308.8731683584891,139.44142285824174,50.44585832754646
190.12539319860304,310.7616453342424,136.81666581244426,50.938297631037436
233.61282973899256,313.11973267495756,140.0497921046472,50.51316699016973
282.7919620165493,313.35085961865127,140.89145802655952,51.378299491927976
327.40010270361523,313.10191454190175,140.82693363436363,50.49053796673724
340.85862474330906,313.74040682142873,140.05043646510904,50.17138596312303
334.07491753416787,315.225975996576,139.20175312892655,49.53039062212052
335.0199901892099,316.46537511699364,138.2353713408175,48.765065398631
334.2066382209175,317.8221708585793,137.99035097358671,48.29292477045124
333.3861937065223,316.8649787360437,136.86066082980702,47.90996708351778
332.52466357017465,318.4931932326791,136.88308425771402,48.065655355709225
331.40010253526737,318.3471544450341,136.8915596665652,47.56296539765941
329.5464494667375,318.3495767109051,137.20078033846548,47.02755369384806
327.5573224980179,319.82663980466486,136.4988482718906,47.33672691760292
327.412251418063,320.27926213963167,137.34297262057373,46.876116542220984
323.90106368499016,320.30150163248834,137.08449654322746,46.57699464722498
324.5756821617283,320.79128292286356,137.01568425581945,46.29376716960675
321.6356394678744,321.340591645228,138.76737601679514,46.99788697893696
320.47407682017916,320.5022338652438,137.31772604045807,47.236895532633255
320.23009081634405,320.4114436999756,135.71781621652383,47.32184990269728
321.0429593137871,321.49907226006354,134.66189677177283,46.93697081447807
319.72887844626223,322.3621338807166,135.47554540630694,47.13010743638475
318.31188782889274,321.60662279658686,135.32485004165335,46.97686529304808
318.84391144218046,321.517659611541,134.8825158271539,46.51079326564125
315.83346129928987,321.83373164128636,135.80967826293494,45.9467671142567
316.17737338589217,322.19696009420113,135.1016569828405,45.9938625762892
312.89777075126744,321.81799943649065,135.81055460766925,46.15593145319538
314.48831521161594,322.15471282558894,135.5235272032853,45.924474730903654
312.3396542076147,321.60459210738156,136.31710262175451,46.392922054225394
313.2018453566392,321.9899776016774,135.5818745737418,46.495477733905716
310.4074813649528,321.86507330810576,135.94527809561316,46.625478330139785
309.497803745272,320.8788993573071,135.19326339876187,46.972892863273074
309.99581933432324,321.9692826422958,134.74680826269977,46.82775552830197
306.8834663538399,321.2680370062192,136.1609758557116,46.53103258335085
308.65748762944344,321.6649373875861,135.6366211210219,46.09457819827897
306.5599735785644,321.2417358692929,136.28987506066443,46.676882062419715
306.00935976619286,320.04314056111076,135.97157687470312,46.986169548079715
307.0992339512317,320.4481344675869,134.93403167167074,47.22819245137835
305.4238921803054,320.1341798867978,134.980372987861,47.234308284162594
305.77047192890086,320.93694965963044,135.85604367392176,47.20689520527343
302.5004340192938,320.49302659265754,136.17390117288517,47.09348075255884
304.53780067987975,320.9205731804199,134.64086922298233,47.116809088521705
302.8421956295998,321.7108065915483,135.72891468575858,47.48638650339313
301.764469526579,321.0710634755953,135.37691416764957,47.4446472957152
302.96294536379855,321.65757575452244,136.08104830096642,46.649859068696074
299.7805905588408,322.7112613585353,136.2217164512454,46.88954051988005
301.39203500318916,323.0191581331145,136.09264718513114,46.20788928347742
299.2639954015736,323.0180072662495,135.30326859883507,46.04353032652214
299.8275164590152,323.3264084840431,136.39238263270687,45.83195670988293
297.4989374513059,324.32484747558374,135.41874577439214,46.60459706200322
298.2873617285943,323.8614850362268,134.28395480720798,46.14231575506152
298.7762436530563,324.3627513667531,133.89209445771135,45.87831643103209
297.4750031553374,325.0869846445482,135.23021920815535,46.11067752217319
295.48480017355246,325.0720987239899,136.22858381580346,46.0551375671492
296.0711619972914,325.1434835950254,136.16596830243017,46.060640779411344
295.4444217296571,326.3020040688915,136.93392399007644,46.34641311974025
293.40496372581106,327.3007824167257,136.78025525283778,46.69463878327759
296.04979016097303,327.54222123426916,135.49803810862014,45.79299554549954
293.8819143551128,328.6042185915764,134.46422245433985,46.17755585144553
293.96305230377976,329.0211646777596,134.85955314426963,45.92669350685663
294.39186905627867,329.371620415599,134.6928637763642,46.20390022000824
292.5137566296156,330.1029426258071,135.8561222661939,46.42880347952361
292.01784595322914,331.2599237810892,135.9100287225192,47.004930977973004
291.2749716078732,330.9521925360899,134.28189952730705,46.89279874158244
290.5713599084245,333.17708008189976,134.16549763843582,46.639703091456674
291.86256267506354,334.0069061581837,133.53605321394636,46.222860658861066
289.60008653509584,335.17263684121,132.95257411601497,46.10015837569827
291.19283501820803,336.5179891807461,132.01711669270432,45.679523714139066
287.91099351861993,338.3751619862387,131.71105969219295,45.53372788998702
289.5734592996241,340.0264029378153,129.96084318326194,44.91100117741823
287.16764470519274,342.1457546893799,131.0466789998355,44.267209455263256
286.6927226974077,343.54411789169825,130.4052788837759,44.54835334645272
286.1441921963566,345.06582948696564,130.18509381411587,44.39251352120087
286.5942299260282,345.5181838591332,129.87245306512366,44.100436028293984
285.7613267581974,346.8170523390506,130.19240565499987,44.07308221285809
285.7960522943753,347.3802383983059,128.75452196521354,44.54214967342972
287.96885465573354,323.2528319427424,125.39160157253706,45.26676301127528
288.9500824835832,299.8280643495435,124.21000308415812,44.71272538087095
281.88231460039316,291.9992419655284,130.13298167279916,43.053136231926786
282.78905655815527,293.4995217234545,130.79710694489125,43.66892415990919
282.5950252418087,294.37487832229317,132.59683664834546,44.267422931815304
281.9900165236338,295.2434467163025,135.21781881335602,44.75123199536653
278.4923430793008,298.18733536402164,135.2868122007171,45.355376111051605
280.58189452012584,298.27598503559733,134.4960880926587,45.43535354111421
278.9462104161195,300.4106065044392,135.48808363323107,45.54451190248486
279.1370637597702,300.216937191265,135.48576414026022,45.4892830518907
277.4175226719195,302.9184216175697,135.45876661962967,45.3256653644474
277.36238227444096,302.83913214667024,136.14808233933695,45.45582054259363
276.1013858039778,303.42633621090766,137.19603601601335,46.44418813406047
274.71472319869974,304.90471837966834,137.07409273365255,46.86770997299124
275.04891917533115,305.68742570587546,135.99149142845013,46.7008102866445
272.62901932933084,305.8959402969183,136.63696954683004,46.2176919292839
274.7624679548728,306.84817098431444,135.09068240275792,45.99626253499511
275.0598896878183,307.9996671019106,134.86211674746335,45.94910223154264
273.22776012437873,310.6213843023065,134.01979516161148,45.47777474779522
274.6086013107302,311.3569938658978,132.79640721736584,45.0631226543713
273.8992257084946,311.9703630263899,134.35760743435335,44.627847697215806
272.64183860075934,312.58313908901374,135.78942991825116,45.37687988723347
273.3399949694498,313.40540374267846,135.7098102398384,45.69573391366811
271.8961103849989,315.01437082734384,134.07177339653776,46.42658795004875
274.36772015902704,315.28203175571883,132.599385878617,45.986813797732495
272.13669170838125,317.3255915875944,133.1370637122876,45.899358085465536
272.89054246437394,317.8251047192748,133.24774381557938,45.420454383499475
270.4148005953781,318.8345315137871,134.48757832568566,45.581553565517865
271.79383035579144,320.2777733667324,132.45632372097322,45.36340799222908
270.7343092252927,321.94437847403054,133.4522767055938,45.4954290112312
272.19421628342093,322.1538048009961,133.77581148482045,44.67403507777843
270.38629951044004,323.11481240335013,132.99567371276802,45.45296251722672
271.9915905972091,323.4978641187341,132.31217163139075,45.00965389180382
269.81097632527224,323.4609985103446,133.36499033474738,44.58437557445704
270.13386115220806,325.03105247288806,131.73335221735368,45.284703740450205
270.75414580538654,326.3187957863063,130.9162876121233,44.92758698012352
270.8373330642789,326.45471646120217,132.02634681276075,44.406686641739334
269.9893303086718,327.5434819602586,132.65257371140325,45.31096148862173
268.2377774406755,327.33586360867525,133.36093032894206,45.09733313128729
270.2425465635621,328.1583359036837,131.60757264401974,45.161113142954676
269.02749979922874,328.89395476556547,133.28359715639078,45.46502614682528
268.21490393394544,329.46499514377115,133.53090337816366,45.742113441175164
268.4388456069027,329.5738006603029,133.7084127970768,45.2364278703119
267.0691639641639,329.0288480001141,134.58557345161228,44.783960480225105
267.3365081638152,329.4496106999703,134.48490288122608,44.818185474890576
266.1567842242855,330.2207107023965,135.51387544863013,45.26847317872291
267.6545837012893,330.2719209709939,134.37738756623224,45.015115762993744
266.03233835948674,329.54247480916627,132.81883699023462,45.3370376334635
268.6232679992935,329.79021646557015,131.46253005173736,45.25170171285383
267.19459646503924,330.7828155572126,130.9386844382878,45.67452795713346
267.7629604718874,330.2511261164905,132.47652630493351,45.15946054032167
266.1022149215288,331.3655407394487,130.57498142459076,45.84751124130177
268.18825685109005,331.97931006206545,129.94806315608056,45.256057498370794
265.21607891558097,332.720294647077,130.53806860419326,45.15840024423191
266.7932434268538,333.7361244931076,128.99764222973846,44.61443339417639
267.0244080222627,333.6694054258914,129.99756872045273,44.334651969576
264.26545702794044,334.9825886367539,130.98418372745263,44.66776560722793
264.725371303103,335.48582778455693,130.34079432501542,44.75748012742832
263.48541359619594,336.45274282839955,131.79957781304404,45.001511300429726
264.9439377571242,336.4180388990059,130.4495472685358,45.134379703461065
263.34575051489344,337.5081656984006,131.78765740998193,45.69304339988127
262.78952526951684,338.5657395472524,131.8681473933022,45.96604727259206
264.79269165710184,338.6770814773988,129.81883205741752,45.37622534677372
261.90176246759376,339.63399390828727,132.22375918837645,44.9190285015712
261.6612363930035,339.16237294732935,131.7107237816708,45.124572992013384
261.31577209002603,340.50532919088477,131.28168077569495,45.62741906983338
263.0409154690086,339.84201232958816,130.38360681679268,44.718587104488996
259.7690923446886,344.3802286654007,127.41780257635251,45.33516057230747
262.40313788203935,345.35544741417976,126.0554904616807,44.70503011612554
263.700221499746,345.4137006925076,125.09698701405759,44.20235311685023
261.64828447507443,347.1437852005838,125.86663686100115,44.09427639094485
260.39406759992613,348.45488113621803,125.74187978008173,44.172921200784025
262.24511481314846,347.9500059426778,126.45795304559311,43.13825818342882
261.1842954946219,346.3249950409653,125.68442618281182,43.240393840035495
261.43462734352164,323.4697223308801,124.06857753955259,44.81275380017544
259.41787658049327,305.30855318646144,126.27893903878959,43.841393633784136
258.9268888107939,306.10642962037997,129.1091541708376,43.320269689789015
259.3200518170074,306.99455489142457,129.78632555453976,43.98589119045961
258.91488382649163,307.0141452393903,131.46843355156778,44.15205647028388
257.5522529823411,306.19367857911146,132.72216574223881,44.561822957324836
258.75485680190405,307.4923497610448,132.29678686234888,45.40990347378849
255.86155865715975,308.2213937957524,133.0861672486232,45.7145832702376
255.73227597227662,306.71610691881875,134.83275583789649,45.49862842110975
255.52414213219004,308.45710466298766,134.29399372560718,46.508874536294236
255.62532361489235,307.7372323793444,132.25735176952196,46.297198309797096
256.6026844231386,307.79203716480663,132.86085315095397,45.82581155838679
253.91163437860197,308.547234910269,132.92033609408549,46.308491467894946
255.99214375797158,308.634250320511,134.01326323089464,45.630913922378284
253.53421644542,308.31406092508735,133.82435570684297,45.74864163268688
254.35642002758001,308.92345541489635,134.05956680845787,46.11075733988453
253.50694997381873,309.7880712596118,133.57783454243562,46.65764009550789
252.6196156090861,309.5707990303745,134.59011820317951,46.30617723037126
253.10584008252923,310.13284336289377,134.39701312887524,46.36914127753258
251.07375843973273,311.5967522130963,134.23539080171545,46.752680709231825
253.7351149259967,311.5523783949617,133.36837999566708,46.88365616404292
251.71183907829192,312.9451048436803,133.983399980901,46.5053854638643
250.95481763345705,314.1115451512819,134.71856984267896,46.53421289887555
250.09944042242768,315.58834710747783,134.75129445579566,46.70772466058639
249.68033580054666,316.54509628464274,134.62046636570557,47.04426221360742
251.40431739891721,317.04559023817734,133.33244856496364,47.046765421529386
249.30218052088367,319.43225883669885,132.19333549033226,46.9666047893253
252.0743095894681,319.8760698331913,131.7249937124824,46.50246280721396
249.80701587979485,322.40992599412806,132.14206568566883,45.986723044116964
249.1518184960954,324.34153104310394,132.61113484863023,46.056835005790006
249.99314041097279,324.5946348392421,132.62251376684063,45.52653018386421
248.22684750405844,326.968499029737,131.00391131527527,45.911775054452775
248.3927485795905,329.8070949488327,129.11727411558266,45.88467483958785
250.41721576503866,330.77507502329786,127.55214799200958,45.47773482253329
249.01455777180297,332.2459370270848,129.98663439379993,45.536455663023524
250.09265681866526,333.63769996546915,129.7859921033803,45.499444257233144
249.4590002368334,335.3213648453336,130.51655850838597,45.68458783754846
248.57185393950013,336.70817129499335,130.9504962767747,46.01366422384869
247.84608398406237,339.5430818444178,129.4536581034921,46.41017943523437
249.61369781411224,341.215363904323,128.02517872637816,45.73448943313741
250.2058177996,342.5591460820692,128.00629548378146,45.1296317106189
248.1388599532145,345.5353630690659,127.52529166926757,45.45734212013885
250.07608740522045,347.4107401820445,125.29857650618567,45.134359210027576
248.34714642327583,350.79684211049744,125.89056055131768,44.69028473057211
250.44718959419623,352.1245488760478,124.2078918180681,44.61528122909751
248.34279332208035,356.00331122976803,123.14914622574113,44.46525915487955
250.67570249049805,356.49526914350815,122.83070185403867,43.565289816377145
249.5242305566377,359.85214426256147,123.26880103283057,43.5794886677746
251.12006442655502,361.2659969278898,122.26674152792046,43.192389828459994
250.2077558130358,363.18332752227434,123.2363987925001,42.883736313493685
252.73327004419204,364.80695540669643,120.79498386908672,43.1665924643206
252.17793628494667,355.07403038932273,120.53498048250027,43.7204990060808
253.13801858421044,331.3744545310655,119.03399897178858,45.03547705306019
252.16429338885519,308.60078082266523,120.7303365854657,44.68794705626365
248.32556721715096,301.82481786749304,125.37738202468647,43.467294537557805
249.375957347232,303.80808279455067,125.18480487214019,44.150552170072764
248.77281044328763,306.3509949153386,126.70986425387315,44.59779671578164
248.2182453862186,308.13554389711607,127.89342887918278,45.43518684435538
248.92198000398037,309.7270004032783,128.8339606915929,45.351354358531026
249.25959866583202,310.8080021164826,130.67275736636282,45.246235197309886
250.34436982200936,312.29804657704506,130.4607461336834,45.65259928238402
248.96544422807978,313.8799260568096,131.58341929667085,46.07818449596882
249.89856079981095,315.3463752261032,132.717990042366,46.19543095936919
247.69578188581036,316.9770375810737,133.21995525199662,46.35398139928716
248.48145106771682,317.67773693145614,133.7085854598614,46.03220352013345
247.89674933521158,319.3086253530499,133.5835760102238,46.27000981450877
249.63749783565325,319.6969867872034,132.4958490109529,45.984638522372414
249.79209214931103,320.94084875651515,131.43401674172586,46.45431216775283
249.56840435617679,320.87186398931004,132.5014781332506,45.8819482087712
249.61637749143173,321.9205910964262,131.3874843300943,46.12295430203849
251.6040257908909,322.68141547574135,130.95191178394145,45.52204289410853
251.18028400424862,323.9638437388803,130.25453402716877,46.03947721087037
252.81194218948133,323.5233350760814,131.81507223591245,44.99062316191406
250.70346682282445,324.53717336267096,130.62647036624568,45.41234967790319
251.88246843222404,324.322474076223,131.8628597068336,44.85808622230511
251.64239396897716,323.59114138481004,130.21372098136632,45.097660432445586
253.44648098338598,324.20869343171256,130.1592244483502,44.72967150626734
251.02178265370318,324.22165233657023,130.1117371171071,44.31809589312624
252.4171515068384,324.1434493045319,130.2400150264338,44.54704237929607
252.8104504517471,324.4183954354049,130.3505510860307,44.782784921984415
254.40373842778325,324.1172699887557,131.01954414741985,44.80796961509961
252.8293608416525,323.1469902665774,131.76441631248755,43.99436746920342
252.77818525527007,323.8907997635215,131.25038725357575,45.44027751496475
254.21731216830588,323.9779205205798,132.05945444447667,45.021832186745876
252.6784929194336,324.7124503993125,130.53063797795457,45.188336171204355
254.51606135281688,325.132902904735,129.56381860056575,45.04137095597311
255.92162414789533,325.5929367334231,128.78321617869972,44.95434966573969
254.63736959795503,326.6586258228541,129.10089859990336,45.18431373521991
254.10483052643593,326.3169630599611,131.08620258555757,44.703567034833526
254.2384199435367,327.3414254664869,128.35933518888172,45.79728586194957
255.71457930550514,327.7791405215514,128.9958857554394,45.04314927214422
253.94503769191175,328.51474444698084,129.44831499845392,45.17096287049811
255.5874974631759,329.25115589900486,129.2308387135516,44.97956426261774
254.39694064980011,329.9794719202631,129.87693088857563,45.292896803814344
255.81070270153916,329.61757333262847,130.56481322847168,44.76469557083397
254.08278283093478,330.3376398572372,129.66781683609398,45.518040701921066
256.54512961916805,329.7988356312433,129.6285812913839,44.66078082842081
254.94021660158913,329.39372478188204,129.3863247261575,44.581899567131835
256.23181346717007,329.2219995079375,130.0860391343625,45.17729519447694
254.8060330242168,331.00326689997974,128.27477955261875,45.777314389580255
255.4725233851481,331.68570953082985,129.78622739686165,44.65445631894322
253.62731859265372,330.3004030705911,128.75239195191165,45.14807193301636
253.50660082562763,332.1233518473214,127.79535319643387,45.76891108246254
255.89288318402794,332.58901554141084,126.2818410313694,45.55092632609292
