315.5,228.5,26,18
315.7692482063725,228.43589909102096,24.755306190588943,19.947963445733148
315.9948297895316,229.12277113001235,24.637840897074184,20.190784560799603
316.14120713183706,229.78531310068107,24.60133034787176,20.2135052866383
316.6951963060164,230.54781423386598,24.25467942836345,20.028683884412207
316.646916848899,230.9662836085683,23.854101892987792,20.412193634955525
316.6879499341207,231.27657170400502,23.628220481176214,20.197062057053092
315.6108384110266,233.28045210706492,24.36785077413112,19.99896518130232
316.355696635926,233.22080540334287,24.387100807811677,19.990116416620825
316.0650865302928,233.94021829563764,24.939167749285033,19.977252703273958
315.45016984045765,235.13383291653318,25.372589568744253,19.75473389938027
316.33661875627973,235.31496275891143,24.86323901070015,19.670679135529756
316.5523696188267,236.4773667292218,25.3711651399567,18.781374901580016
316.1898336837211,237.56879979668398,25.378765370667985,18.897009606204733
316.89616552903055,238.24511868757503,24.646950839643125,18.42824966013736
317.2132964668302,239.6667284472876,24.221575403704417,18.53333600235809
316.85937043610676,240.67523070501798,24.267178682511023,18.845918561796605
317.206438642331,241.0941005787169,24.26711868667987,18.991961445743208
316.78745205415873,241.2989277654475,24.408516833880242,19.4116902844594
317.35135373926295,241.88623478725256,23.873852406420912,19.58019421814364
316.9909482041712,242.96262014107882,24.230416202445696,19.289521008024852
316.89177835281805,243.43718950546264,24.549860041078674,19.505243983317115
317.18348156980863,244.69260175765635,24.323008509494912,19.231632719422553
317.0897828349042,244.8857850878753,24.607296519190875,19.191541209347747
317.32062746983536,246.09285097454492,24.74962131917739,19.065855167236055
316.6847258022472,245.65366325832818,24.89696812229029,19.531150113147156
316.992853456069,246.99760168536704,24.212615685826115,19.94093201909129
317.06462151535663,248.01798604016827,24.224852152981356,20.23830462853171
317.43670696517245,248.08443211519784,23.919866731974345,20.219410233017577
317.5422134052549,249.1822898398258,23.71324637644068,19.89664291304844
317.59490308884415,249.56853879746404,23.81140472917059,20.064019666010374
317.12447841339815,250.23913303535053,24.44578683464839,19.906526807094732
316.83066453343366,251.50545960635458,24.688129812658826,19.877887493037836
317.1060654238022,253.22664655782359,24.533580893713015,19.39754403283278
317.55661100111183,253.1769318768696,24.17957850326467,19.64976859072673
316.99792181515085,253.5578757946609,24.133020547561244,20.003063799233807
316.96250369497216,253.81625872984898,23.833179632488417,20.2116048184946
317.23642257531196,254.16766829495955,23.588868642902945,19.835525538372227
316.8836649816177,253.85993503535298,23.98321588093984,19.791203858512652
317.5587326915508,254.54625327092702,23.334206268879782,20.454294486420878
317.9652105014115,254.65921728898564,23.14035735793431,20.37820694248944
317.3909468046774,255.66486471786226,23.92974918843784,19.96341535083365
317.4899753481694,255.07782186467756,24.29451911212932,19.96984429279164
317.4595320949834,255.1911572627193,24.23867478626285,19.836287520030623
316.65195370321686,256.01082506495936,24.544215975351115,19.818901326424914
317.11242742114433,256.62299600152556,24.036694074836795,20.002654124774146
316.58731357848126,255.29839127844357,24.373362262979768,20.328715317265434
316.38569221932266,256.37268122477934,24.060401347273622,20.370130718944488
316.5595038771398,256.4615589398422,23.670183646982565,20.661665562147427
315.7719041499695,256.5762055040122,23.93189278157359,20.437223303148535
316.316797418764,256.61288128250567,23.395502123682952,20.44073768571354
315.7446668764295,256.0668018557097,23.88478333061991,20.247591962454642
315.8540541269993,256.0610813048925,23.538739778194987,20.263463441615766
314.9254434887654,256.16995729328215,23.824038266383997,20.8905842511959
314.7842036174775,255.27579094541267,24.23715743293523,21.13386144713241
315.184512726553,256.16431082997934,23.820280502785337,21.07108610799288
314.59678117419367,255.42418003853632,24.58299606686154,20.94035931448101
313.8750322337155,255.9276920952442,24.307596431142784,21.099471569401313
314.27319330194035,256.4745224104786,23.501345909988167,20.979783570232605
313.5200976731268,256.1533248735109,23.98715883136196,20.872545444102993
313.39951200004003,255.30936757340842,24.185014214784925,20.887501843841225
313.86910487405976,256.12179446556746,23.47216661826383,21.18425617886458
313.19866680358706,255.47449271887228,23.870050553545124,21.25539858463312
313.22229434554424,255.72303982039534,23.72899962002447,20.811303934446325
313.45614518768053,256.7089735045824,23.43264423466785,20.58221632077342
313.448015316039,256.6977261257815,23.613288997372578,20.327681014295216
313.3340455565931,256.2961282822009,23.919631084787728,20.081422631483132
313.4909057070203,257.0859183678226,23.558051515570174,20.14855991294617
313.3794268269611,256.64654863085826,23.55481942006442,20.15734047233782
312.7809453457568,256.22748424631044,23.9401763642452,20.029791679654544
312.40197513192777,256.7461712890073,23.695901978209235,20.298882505045576
312.7107317134396,256.1891886212552,23.55567039197389,20.51693339214532
312.6406510126033,256.3160104115781,23.604847618166215,20.175205698730693
312.5778423897914,257.0290734592805,23.695044363949876,20.09141221473901
312.360233011137,256.5413236710362,23.968518537510704,20.004896255108896
311.64925950072177,256.0350135009273,24.564993315323356,20.065192852667643
311.48227065718976,257.11574848024895,24.22020929932218,20.013180269509352
311.41585104366226,257.1781342525825,24.11893403216925,19.775878333626153
312.0702465441824,257.5130576693035,23.661317617635007,19.94914562651401
311.9754077142518,257.6635583064164,23.802435790421015,19.8809469406727
311.5944489011083,257.679381665719,23.761470662232078,19.81717919682346
311.8187864183159,258.1770229587381,23.252270654736975,20.023721253402826
311.6458186222764,257.6864066120419,23.72404322052148,19.89560205462162
311.7240207903099,258.6835719581004,23.538221756500043,19.926797825914573
311.4934290903222,258.6295502940735,23.785173222880978,20.13578194404441
311.82863998385807,258.66215052199607,23.845869801692178,20.567245575217406
311.4887624551031,259.85776108805385,24.396098230857145,20.52247610369292
310.90175035584093,259.40090792148055,24.637385400465963,20.764340430908096
311.6385561222179,259.99231173182767,24.039388932342998,20.501883869778442
310.7801660705403,260.89134152211363,24.735527160385477,20.629142020127716
310.7321265661463,260.6728164243177,24.588776484828728,20.932608732958776
311.60215315428854,261.8685227341968,24.08519130470067,21.26583532357842
311.492147244594,262.6303821119888,24.1809344621722,21.106630590066388
311.45574068457506,262.8053724287417,24.3895362571744,20.97147422042221
311.29499144960016,263.34925577992965,24.49750430371602,21.26242810907354
310.2991973507107,264.38878083653685,25.069087223117407,21.27134042746544
310.8628213374124,264.7381297994693,24.490899272229136,21.075279031361333
311.1870137970835,265.6070802841496,24.310992991100008,21.006143099079495
310.7832918720114,265.66249788439376,24.872164046551095,21.15646629185002
310.47450656058294,266.0883380302701,24.86367123865663,21.600454301045804
310.3439064533548,267.1637760835531,25.18945541844111,21.536031929242903
310.69939912136374,268.6217172027394,25.223059672844045,21.040454330044152
310.3047810439422,268.88853650711,25.596046636073837,21.18070854343215
310.47079839459275,269.8130274756574,25.121564238095146,20.818669085234443
310.7628118124911,270.3831129542143,24.741470518826176,20.866503985550384
310.96310186570224,271.26788840405203,24.984984707087413,21.013204510670434
310.2295158577742,271.98057357356447,25.4083432503114,21.67557016524983
311.04392466972166,272.8118914843457,25.397107313861845,21.54824683374406
311.301062202411,273.75411478355994,25.458865789772243,21.101703093254358
311.2094814829258,274.4373792751331,25.075693001144607,20.996761202351376
311.40506066968896,275.5072584086953,25.03181840872977,20.807748563545008
311.12477708310723,276.08144210557646,24.986556994177477,20.353503482263566
311.5713517662253,276.81017858249857,24.47083267931417,20.18709736661415
311.8540424523881,277.83477330481855,23.871679150362194,20.17065920111634
311.60427946158484,279.246521116832,24.009649615098695,19.743077037773784
311.99632305907534,280.2078939306457,23.242282790032437,20.016182753657294
312.7307852372954,280.7207652912667,23.09130105448965,19.87349529618593
313.0074169026173,281.5085645360513,23.209013034593077,20.15551930613736
312.13855543427235,282.8010982612252,24.16285228665952,20.279378969092225
311.69374124040365,283.9480780362301,24.29469671793609,20.401619703651054
312.3254438438065,284.8167231355854,23.34853915881897,20.527753030637626
312.4692038124849,285.9776573647678,23.11629284869395,20.313723442310263
311.59463463347237,286.3734196566017,23.446692065948255,20.46551030366014
312.98385646086734,287.6504297232437,22.966334765049915,20.954820774895424
313.11811072480134,289.4271530230665,23.02828258057927,21.03145066589674
312.6193069370385,290.5128403896656,23.429111475511476,20.89925454848033
312.1112260785357,292.0739024254277,24.17603033346807,20.098858018113898
312.2448524412605,292.6405639404846,23.73827065687376,19.497653827203365
312.4527928208765,294.0682083641988,23.468592838590688,19.10766560240601
312.3969255092052,295.74401051742336,23.50593147636991,19.122794468629614
312.1769495608152,296.1906886335407,23.6646898594059,19.584693327656623
311.6580685980815,297.55034072270587,23.99997696914695,19.698410973867688
312.1428178866641,298.2807548248231,23.672220023993646,19.80163085948449
313.3603903614951,298.36521249957076,23.227591874721693,19.939491146544245
312.41478094474616,299.8436263291078,23.85251255778788,20.135814967082155
312.92479363818006,300.3124357953676,23.660871917075383,20.22608442828956
311.60112641155115,302.0499741514064,24.342121835440494,20.30364950587409
312.1271087291632,302.42569763721497,23.454863412453907,20.463155275453243
312.2037675384752,302.53167600965156,23.44172462366754,20.65204999673722
313.1351478736212,304.01900814558934,23.080775273457284,20.821789855733627
312.42188764157896,304.66188758199837,23.663461603152946,20.68487851007156
311.79078108247904,304.04672248169885,24.50835714353508,20.702501192857802
311.38705794032376,305.1415122933325,24.6381388445964,20.389898876053383
311.75632774574456,306.00182170748394,24.36819657623457,19.980254783413592
311.3691760399458,307.9572761518343,25.063344106723196,19.06732948967298
311.0503208723076,308.9433553417015,25.66349440060987,18.479254866047587
311.19033934377075,308.872055661155,25.498141417475402,18.26669631197349
311.2384806085738,309.3848360950036,25.631085734714198,17.77024382356936
310.31151049882493,309.71371140067697,26.024411171309843,17.330139590696145
311.3360908256716,311.40771547315416,26.180848091713724,17.217177076301876
310.42297860595045,310.6240575023404,26.32779926220288,17.27607928231535
311.29895761045015,311.4940188165157,25.947370117475117,17.38774641329841
310.34577290290116,312.6634345392573,26.529116157675986,16.88257674192459
309.4172321616286,313.12480264695535,27.128565062609866,16.545932195461845
311.1358191106981,313.6764368663357,27.631761881096335,16.64278786280351
309.00225869171845,314.54474794980183,27.917808449432403,16.845897154230535
310.7430624051347,316.1220681456829,27.417630198512327,17.439443188033405
311.7271748644146,317.0273472160588,27.940149056462946,17.63364793516505
313.31551042170344,319.0934338125812,28.737082246077378,18.212744231504725
310.47254119430085,320.59377340529807,29.722719836414804,18.511245944542015
315.31967927939775,322.957831541568,30.31554166475741,19.64747643208034
310.6062957189058,322.45839751494856,31.208219002379998,20.443027027245513
313.34834949405484,322.65054704821074,31.358594040426752,21.73863356689258
317.48184539658104,324.3706281339865,30.99211587055178,23.169072591861664
319.0587670632534,326.327783349966,30.182598151111623,24.76137112310225
314.3070846700878,324.7362306500556,31.877346464557412,24.549256963350377
315.08951315818933,324.5728795333722,31.906709726020324,25.463665924324296
316.4053501992625,325.96844583248765,31.71246405928416,26.72995492294251
312.76893076238036,323.5430134545592,33.38027707768424,26.50050196800788
314.71193069000907,324.87832032209946,32.92239406805395,27.768617622443585
315.72245049455864,325.24675201062115,32.463173229565804,28.933896024429387
312.74657111712315,324.4820240914104,33.93969185315596,28.768375968467197
313.2684247743778,326.0488646326984,34.12002228754879,29.304672108568035
313.4530518999129,325.87660069819754,34.00618547231754,30.29627791488698
313.99442665352825,326.6434595754487,33.68758660223398,31.4920741875111
313.9059966496252,326.64907752679693,33.48149249140318,32.53845658362886
311.63485630621966,324.69499803399145,34.93851282520149,32.386021716664956
312.63839352083846,326.68374170938364,34.49787049209993,33.76199625799691
313.2622893652884,326.9750473335246,34.492005610302094,34.62085842889621
313.9540246803448,327.06080515361015,34.036619807597106,36.34804017601566
314.0005518551668,327.4800007092524,34.23789905292025,37.199006369334775
314.23098177064674,327.91719742382486,34.24738728119442,38.51762977898733
314.30485801418376,328.2109364603128,34.12091377903113,40.05688356691428
314.07021804615147,325.80542254630404,34.55976473881202,40.5671558481197
313.53199580196633,327.63629629184487,35.02570671942343,41.59218911268318
314.1851155674366,327.89650939308945,35.06074088896249,42.86190900169742
313.976037682216,328.82256644655604,34.92337354781259,44.02974760380493
314.12243089535696,325.4519501910722,35.34885485717422,44.56565334874138
314.51117679483184,327.6692212078927,35.39432395577937,45.33759422461785
313.5369083664508,327.95074959166345,35.418539621626756,45.96696203841161
313.29073649386896,328.63211234582525,35.48798265027678,46.61073649981066
313.1614728982447,329.1255806458654,35.79236554118488,47.1995157026907
313.71950881297164,324.3859648045161,36.514193775556116,47.81673126662632
314.10455781399867,326.6022614537326,36.807575508957946,48.18604765633212
314.17796658250177,327.38955856508454,36.99860936021908,48.893559514781025
314.0761206986362,327.36824953380074,37.160495714895404,49.71047467056287
313.8406901710098,327.0408315205643,37.37970032277682,50.44809184100092
314.1289045988737,326.972995714034,37.67920775918693,50.92572160793451
315.15279024570196,326.80347008691643,38.06679404795721,51.39753551325619
315.0636790874997,326.62745970027635,38.43544353023815,51.906119193604496
314.7438384501812,326.7757361588891,38.87160111017462,52.36034521828687
314.5891501079941,327.3677834408856,39.38435533995199,52.57351615327351
314.02119490649125,326.74124577986703,39.80484618802908,53.048754058890246
313.71379818837005,327.0412597718665,40.30595283268341,53.41449906941297
320.41479407471434,366.5541434078896,42.92390126461604,53.22260720562536
314.66649687851867,373.5945497348734,44.01829127214585,55.32906185212719
313.1891543773347,402.7686172769875,47.24758027589938,53.454767117522834
309.4774261371226,375.33606729235765,48.684548761219816,54.59900720759218
314.7517028620666,383.32614527093006,49.330741322385386,57.3420343388606
312.2560296802123,389.83083137466537,51.6881662918867,56.09347240154422
312.8965742938067,393.73361260858917,52.59184764714426,56.33777288003753
315.1138496143231,374.19314552892007,50.55270955668537,61.65962980096006
314.76536927786526,386.1651367536938,51.756056113153626,61.67605435071501
311.3188806381496,388.5388193506559,53.43958580929183,61.233407370944704
312.26127429463065,391.45723247979384,54.92778892207232,60.550728734006526
313.3030098267268,392.2063391845139,54.23631592693442,63.07793946931639
315.2316200890978,372.70130431081645,52.54992639107617,67.80881557971807
310.8569636409629,381.365622072665,53.93046254730739,67.49765422221849
312.3141035210324,386.25945495331587,55.358847902008094,66.15860488962909
313.13699023307277,388.91490196028417,55.748549355928674,66.19996259162143
313.07068937101053,388.5668336139911,55.032010167539525,68.35083465325357
313.1381517587411,389.14754774923404,54.56737256859465,70.47698694897025
312.9192567126001,388.65603305024626,54.61787586178294,71.98857088073555
310.3979935945672,362.93391944916704,53.22577251484141,76.0184927940264
311.1434727218871,383.193592083368,55.070318493273966,73.97240978884977
312.4100556547815,386.08033968922916,55.36649552864112,74.40277229624725
312.0904168494732,385.5468018603151,55.24805692080954,75.7591700105109
312.14619902808124,384.91851211351263,55.27563304774452,76.95958018382494
314.07832706610856,354.17916252341723,52.723703740960914,83.58053046522946
312.41143689770286,361.71153095263816,53.702951953273484,84.9217587242194
311.95281640333036,364.23893117916276,54.17862616580914,86.23822824681643
311.65805461188273,365.47503224189694,54.77849936006496,87.47246078674394
312.3052374848743,365.8938409321828,55.18741516324774,88.54903758889903
314.8159116371568,337.6251549490031,53.27364576885218,95.44911069360167
314.01205565183375,337.5985080895437,54.00115331848592,100.5498283666258
313.74037980074104,338.59004234394257,55.01668480869257,104.37088099061717
312.4860484447947,344.1500372226931,56.47427374453672,105.96011299302567
312.5135073560982,320.39708117240457,56.33592872086681,110.70939407584439
312.9854036535331,326.1393164048496,56.89362080880123,114.50811495217599
313.0810872773242,309.9601695358132,57.781653239889295,118.14669243444516
312.9461759566562,314.5733954922413,58.528065124993496,121.42077250349992
313.1523668882397,317.97656392113964,58.96880244767034,124.47259180627063
311.04163161336504,301.7952055699991,60.03051804500342,126.97153098048187
311.10842041721514,309.34232000118146,61.71552123340905,127.84380256010044
311.96920027382,314.96857933968226,62.42890644276893,129.41918329698404
309.6008442049945,302.84405667559037,64.49176557977901,130.90408488575596
309.83326716973664,309.21070091120737,65.31662201101467,132.96609800893302
309.20369780561475,312.49255531388985,65.84010102618214,135.03781839568688
308.8761500221976,297.5149070557982,67.79180364650651,137.2622875766698
308.06202967820377,311.5478661756906,68.13993732761611,139.0417579002052
306.52245679413215,298.5218672404233,70.71377528790237,139.40960748892678
307.06784997211525,304.3367340571029,71.94817992252104,138.74162728920385
309.3176085706288,314.5372469098287,72.59573926109034,139.65018189951329
311.51583541655873,285.74861579193686,73.63274873867876,143.15656814385446
300.764151717515,296.1935437434792,75.74961657210014,141.66365639392166
306.0655624134265,302.7093696960162,76.74050808772408,140.95581360088875
306.9590454101883,284.8236741510807,77.95333029367904,143.34335129797967
307.93293397962213,299.1694015588674,78.54920586060872,144.52124711997521
309.28169165589134,281.5104945582813,79.90829969681243,145.78143868473117
307.05048195843244,294.2659160482472,81.84003564305652,144.45784000659182
310.74856693656113,297.04893155583295,82.81145436496887,144.8621751921749
310.0754972462149,286.0827330488268,84.51631453796796,146.05669075831963
312.48682332038624,295.2530241707373,85.48640332690202,147.09809245695524
315.2691394082102,279.8789739189459,87.63441787864394,148.33389331322684
316.10236669959863,294.87989597551973,89.40599876474738,149.0373958324624
322.27415582428944,268.4467283797567,91.00674119346746,150.764573772551
381.24745170575454,195.87949439895849,94.97995651632421,150.95316302408702
386.54136733752506,199.53566607662785,93.10918871097083,154.14163739918155
358.49410280094537,206.4333490866684,100.70332225453186,151.04917547197851
367.42767611863434,204.6504810035887,103.35744157419035,151.05186649400662
370.9729184207905,207.89202518637785,105.20533535911802,150.77765678807043
374.9137695709987,209.7406686498486,104.73692932606596,154.1925441181269
377.7291160174238,196.85766583979066,104.28494947250468,157.01457616774798
353.7120881508819,203.8731628888654,111.23755109150707,154.78921126757896
361.59595477962625,206.10220540764618,112.59759689782028,155.4381533484245
365.06154484976275,211.97713930347098,113.09054659473148,157.47366691566066
343.5565442608666,212.7121033446787,119.6300647282757,158.3239850003344
350.84655675375245,221.25449533766238,121.26801741491488,162.21814483994675
359.9429261092253,199.8425276913248,118.6891958553609,167.63924420452858
354.92471849000253,213.65664889953393,119.41531846628271,169.88075383229057
365.16584927171624,220.96980523827406,117.85127857000928,175.67104514667932
345.9749438069783,218.1392658741824,120.68878180415463,181.43535473315345
358.45231167986657,197.10570070225833,119.79202701418801,185.6548284923124
357.51089925968586,215.4996480566923,119.87126650972037,189.46672668945644
324.58662204678336,226.54513419626886,127.39135199172968,191.89618703581428
343.8364948711759,209.6287531089173,127.14512929696821,200.14797323661367
351.8589223630195,200.12792414864876,126.88246667513806,205.73834721982126
364.77216918133314,223.69399466774695,121.63019985693043,216.9505144139997
326.029094793915,209.38111249937216,129.3687173966706,224.64707082847707
341.8123252072708,205.80133652430223,131.12263720492004,234.39938291478558
346.40188637646236,200.1793957866802,130.11349850798518,245.296823772118
362.84175891412326,225.82285186154627,127.16598123409511,257.4721045433313
366.74753397895614,212.4292876363119,125.52515144514699,270.9085914546295
317.93352031273616,196.25653008201633,138.56060256086784,275.21915884927927
269.52048981201983,182.83368794699396,151.57938087005988,272.6831086938605
274.9433247792993,207.03878440133508,163.23675545387232,274.6044604826849
235.3434775840328,199.26669191922576,178.68582251840195,274.6075880515625
190.4164212894061,196.15217655166447,190.64535277059127,272.6755490187878
133.77923041320634,204.36601081506367,202.083921170773,271.3229433764889
78.35422225991124,188.02518928194704,215.6565479369629,275.53224427365893
102.4704778333236,193.73239425128594,233.00052471727713,278.85925648676425
122.27091476279837,199.77501468642728,248.39033716616947,281.22945869555355
68.28680833800183,194.5678605380135,262.79537818764436,286.8040732697461
95.05715591254125,191.0307532997827,278.65834388492794,294.6476555940592
133.78211347915797,194.35560473425514,292.73234701886287,296.8818084370337
180.81712529958662,188.0717684317712,306.06369769070193,301.3655892786078
44.13811960281066,167.9786930329028,321.98422178210296,317.5745435453108
79.54227448839424,160.12535750585684,336.30986932514946,323.4683609236227
137.05646982764398,146.45383753198783,358.574744769262,327.2769954733197
162.1708936303172,109.3262115349379,380.6690052342568,338.2337826031419
102.58979776854585,125.50272488001457,400.3382404831689,345.1691066903426
126.335759848321,143.5960130945487,419.5764838717911,337.5036771554288
160.21346985132334,95.71043199352204,441.68614664008646,352.15786886106116
94.30022766592953,17.205081802120418,480.56653991614337,397.23595873807307
104.74543362615083,29.78767483542842,467.42597793091704,386.6111666509877
111.89514492168726,35.75751001144246,456.0956970221461,377.48587805608
116.17302749226928,39.360045050265455,448.42236134933216,371.3343062540707
119.91205232461937,42.88591599034663,441.4758874057119,365.75666528280357
139.80408509689167,86.33344930016062,461.270874726234,367.8175392461055
144.91501976359106,98.0077545782186,455.5511093035066,363.4474360247813
148.5160373409947,102.80421164823574,447.3460475018074,357.18916491078363
70.84120868891927,34.30686722419151,480.3362828343511,396.942923264769
85.08721824953903,53.08808218831723,465.91278715013095,385.15368603507886
97.4566243536311,61.26991223040673,449.2669880745978,371.52985338480886
108.79216248908912,70.60741564980728,429.55099004882976,355.40957345453387
114.96324308959774,55.89595173188013,459.40381867026593,352.75457093372074
118.00233278087825,98.62840418334093,474.8337798453206,351.93991052306455
136.9463872318864,103.90456710710876,470.7957297917679,349.06436315347554
141.2504974630473,109.07033161834093,464.1807375509489,344.4205660165458
64.52009667133413,32.78728606644876,496.224686986937,387.762858630408
77.18731276771848,37.50900921008187,495.7638401722595,387.41197095611545
81.1788815536446,44.8588623686978,494.8207342137347,386.7025232837686
84.48977786118871,53.875188757655906,489.0448994372906,382.2804507098924
90.73147902728482,63.48353516963826,472.0842596139413,369.16283836967216
97.94972650651462,70.659669221547,455.9182248893953,356.6433278101845
95.69473935360514,76.68269891172682,480.759083400436,353.4025450578239
95.80989246881094,79.39385499674017,457.2195043438372,336.2011163548632
118.18351667948806,55.472512526591544,476.85410315365795,341.6846176739557
119.12753125408315,123.35215098611584,487.43891710501117,337.5430252763153
121.95938687631013,120.91228212534304,491.456015542367,340.1795145915032
125.88286586258272,115.74227079158004,490.5311319553372,339.57612670100445
129.95325055397132,112.30672824255842,487.2461974133496,337.43417550667874
132.75086165249945,115.27776030008764,481.82165282186975,333.88086833136566
48.59993436169958,57.001686349259415,501.4727587982162,374.2098601425808
74.18321309691376,67.04909584367653,481.2952157205505,359.1204683565871
97.78156309080043,77.30597568643668,454.0233968343705,338.9094525377545
121.06533773563643,68.14611932578754,476.3081728644478,342.28208357550614
130.17523699651633,53.09341724382051,485.2882042230875,356.58286601543955
130.98450202848326,55.96846965199131,489.3665265953695,359.4958318778089
125.9494029365836,53.850470455129425,505.49053423798404,371.0468978331253
140.74316285207175,65.27615401951624,505.83979796480946,371.2990221796146
151.33487259625988,74.01744560588907,497.97072184628513,365.6956040555433
158.83964889083276,78.8200959269989,486.393591564672,357.41956981880463
163.7076576588139,82.01677120402476,478.09667824407643,351.4770316571003
168.18405691438062,85.13854540944027,470.0600477055377,345.71824295999045
54.53998461872678,64.39456799417559,490.1481235481578,356.06454733208466
73.80607624940697,71.72083014243955,477.3604622613761,346.7941959880435
102.72282042721469,82.34869800545275,455.8829418028905,331.2012477520208
126.07959069565186,61.7232049395551,472.33766595136115,340.76339174443325
122.99378877549572,107.7114006926486,479.8586528618156,346.2546833295781
133.91127852865142,109.48459749349175,474.57226150000173,342.6097016104274
55.13904545747664,20.389424952561995,507.35366992494403,384.5901491620906
56.20927949782015,16.203591610230234,512.8561400526493,388.7225320822979
57.948267062700324,13.78848637407026,515.9963700759862,391.07550794701143
79.69758673950633,28.825220155110856,501.7735129095281,380.3278661136996
93.0048854192429,35.70234815504202,493.2424047503166,374.04199570511895
99.46049119716855,42.27999396029355,482.5310538949375,366.1813839916539
103.58227210498546,46.321309947401744,473.8302830103445,359.81440676606877
107.66352302473379,48.89166040851407,466.16830525618553,354.2039862499249
110.67708974541046,51.475313840711806,459.11128705593546,349.03668995854866
135.1931465362356,84.18438034869496,471.26248905422153,362.4441322824265
144.9543961884693,83.67310270537021,468.44222748721455,360.35701195891664
132.84282699708,87.89887959816139,465.08479682048835,357.6897012388755
134.39996538908687,89.28452633985978,445.19407787665676,342.23361168498934
59.50242952280712,53.298151000910906,476.7535434975026,344.51430330030496
59.04435838510943,60.99322801585015,472.6765140209295,341.6654985462708
58.19521427466873,68.85834402618846,501.76454715577574,343.4697989236267
37.4330317856446,67.95816888752893,511.40563177772475,350.2265704598271
39.01988633921735,73.63033438011925,506.13086022632785,346.7445202527053
40.83347293617632,81.63158350423257,490.1660150766705,335.95673551410584
47.239140773875874,85.47055150067862,484.1194702140866,331.9240051616311
64.02139212540567,32.361166299305864,520.7150510306086,359.937128391948
66.27744299673611,33.52899722160629,515.8028292361207,356.71994635864763
68.71313800143358,34.85888469597799,510.24782481127914,353.08024813157624
71.06501537307764,36.678807611935014,504.098944518194,349.04545245422054
75.79880522948761,39.10227315175078,496.2955580263386,343.9053685579367
78.65911149590823,41.349322609765636,489.4111137977004,339.3906971898124
82.7063040736852,43.5861043088139,481.8537230355628,334.42095786052124
45.61903182753082,34.297227689905895,499.0832583014252,374.17658226979074
45.86184369738402,51.58547850775943,495.6941301825665,371.7336151030874
59.83434309032154,74.10293973376906,469.6498827058235,352.59687958252806
72.89904870994192,82.54226812091775,449.3125550866691,337.61573613023484
71.49704045012089,-9.371399577402258,505.5384666499592,346.5550897044327
75.44064168093831,-5.200516386756561,503.24267190412934,345.0235516859381
78.37847253308055,1.2081822350749576,501.11094272860345,343.60941996731196
80.15062462245348,6.193839086575792,502.6502545512571,344.6356004587616
82.21718385526628,8.68231733584912,504.60749515016914,345.95143537184754
87.19060184394769,12.211809018253689,505.19287047651727,346.35048264764805
96.26431572260267,16.031244998101954,501.06369475403295,343.49645959950726
121.3469505680834,25.946823367632845,491.6470604227079,336.93106370271624
149.41507610420354,48.0354380922557,437.3384931672123,300.01476663516803
71.83150157628111,53.23040373955047,464.0377930784362,337.4463444950294
39.602884192220586,21.80682207762416,505.12880661085035,334.0009020774074
42.83773086243008,32.288329337516274,505.9230444246974,334.5058142438275
47.933701341559896,42.57966809506689,499.68115171785263,330.54460155565556
51.48077851908104,46.3612283289514,493.09549218299213,326.39179256903196
56.13499836366515,41.7226818124351,525.605926012221,333.8020004657068
38.465426939416545,40.289348528051846,533.8670935650581,338.9295366989433
34.81646026381685,41.600854946419986,530.8042016104089,337.0740854067906
35.48988079908088,43.03490252472977,526.209634339747,334.29514723451524
36.87311762109101,43.94370903247909,522.2819669682185,331.92553803299296
39.53040033824789,45.13366304650782,518.0071773522565,329.34370384113447
41.608205572325176,46.23005635298804,513.3079960727476,326.5016122600084
45.33800393561532,48.303373472160246,507.5617610712612,323.0246915601267
47.168456781116305,49.847972369120896,502.6126334352851,320.03597445410526
49.8250719508452,48.14242842278867,533.3490393617993,322.7590903144211
36.106456243888545,49.09415586811383,533.5707669329007,322.88816487924106
33.76410357072882,49.553312482918386,530.8912097809502,321.3554640773509
31.587601326787876,51.005909657116405,526.6153327693089,318.87146445128815
30.21870873911672,50.46918401631734,536.5253413736928,324.5073136071327
30.780430883224597,51.78023824782025,540.1420987802359,326.61071827197196
30.670730125022033,52.14037558368878,544.93506592241,329.3827303424378
32.00300749013388,54.3560666807866,546.798176698384,330.45718445483664
34.202148392250194,57.660090158871924,547.5261360224272,330.87768681314986
37.22230174185307,62.235850976459886,547.1938719786256,330.68408696454503
30.84231690091258,61.51862178432941,564.7982166701183,340.83159865412404
33.06933951367756,81.24405795624517,567.8729924135768,342.59939928044105
47.044936477686235,88.90939024600556,557.5410226133814,336.5747744660455
55.23054481547251,95.12279576709446,547.5900088388531,330.87613326308093
59.37596798083331,96.86713879979732,541.0521928796097,327.15888495527236
62.021596961117496,99.31473701219375,534.5555182171313,323.45131877085225
66.15691596644302,101.21742085250372,526.6909370085841,318.95823170008407
68.89180709509287,102.6347081860145,521.5163494822683,316.02183621498
72.11730386793795,104.16191366950855,515.9186607019341,312.8434328086618
55.597586024843565,0.7562434649080956,534.0959931843228,339.35946725107226
72.04390125349926,10.362022368375477,522.293189656299,331.90451403676866
99.484442674554,24.917459945269826,492.7908327221235,313.0707364498399
74.83382287221013,30.21933885168653,503.5255644711451,355.4488158181
74.611605943397,18.406662881015677,508.3926684678739,358.6958204376836
75.05331240181823,2.8074597146854785,513.5617711366228,362.18849960614307
100.64175795813043,9.994017431137138,493.22586223585483,347.6987201578377
107.81962685718233,21.276645789546563,490.9863722606703,346.1769897976334
110.03888559757442,30.088163013817166,471.87044768788934,332.64040479948744
167.5889783445702,53.32563148880283,454.98021652780756,384.87751875372635
172.61714882454015,57.5808351025789,450.4980902328375,381.11714216390027
178.28599691292595,62.14499268029681,445.4955964909361,376.89978031993405
181.9579180041479,65.15727143332313,444.1747064107929,375.7899982717893
185.6559173770301,68.8653289713933,441.83451133944106,373.83451323705674
189.63763864033834,73.21325884925878,439.2641491562362,371.69382493724976
143.00933974879797,9.543114240536141,450.5085349937315,384.448696643498
145.73572483622095,14.526015466435524,449.03022749324424,383.2081500827933
151.40203748557488,21.774779642677004,439.16861049531764,374.83334348497016
157.24998231738232,28.57499992705408,428.04907461069206,365.37867757730265
123.0940269856763,-0.9103643665301036,466.5939082795609,329.2226935067351
101.07198541098109,6.566630569614318,491.49232635549276,334.36650559750865
107.95987601824362,11.018436705648469,488.1764845719855,332.1528496300356
133.72370719976158,20.38707242314061,475.4349828395797,352.8366112605549
135.0766662139129,22.81166160776891,477.4571577558052,354.274654965071
133.54978759586527,24.43854359968637,483.31840314050714,358.51174820318494
136.11901997773475,35.49526210700722,467.37071529183027,346.80536173430323
121.10324016022412,12.176702275112007,471.3952336126936,353.61054688490896
124.34665197531746,10.931838370536724,472.7323913201668,354.5886659995775
128.81597283697957,9.928272161921882,472.0441328687884,354.0832472818416
136.0611516927144,10.073450285630543,464.61952828308773,348.6052523836953
98.25009802086703,7.135679562824663,479.18353049480413,327.2664478159012
135.98588181461486,17.361170487829355,471.78131926935,341.4671065887577
96.3214888323293,2.5368764144697593,495.0737950621799,309.8019571493437
107.48274582772513,18.451938402744474,493.2251165605859,315.5610727482046
128.85126873010276,29.589938399257363,477.228123907947,338.55934528997034
88.65225098857911,10.969212143149889,497.0174887285217,323.0277865943603
117.76459225163981,22.235421531228326,487.586805508183,344.47042985436735
120.4168818799975,19.01645349482004,488.7237641836157,345.2416056252185
123.91491721704676,17.099720315142434,487.64623704728785,344.5054738842569
128.03134478252557,13.5504574815009,485.0808294645432,342.709729983765
130.28786141255094,14.337365822808408,484.22862215914,342.1151519764852
111.93795556018176,15.147660913847375,487.5334470128695,344.52141774374905
131.61225695815824,18.980253185567335,475.31435439056395,336.09470091992034
44.287688970634576,33.69784583641504,485.6376299586959,401.92672653398364
52.260930339939875,40.179496273999064,476.1252734657792,394.07255964203716
59.73602297382803,46.01149158782658,466.74273437479917,386.33669014561826
64.6145486084757,50.608117864101274,460.98070898056534,381.5862281876955
67.83164177769359,54.21887690844417,457.79887321653285,378.9610248971996
71.30771350009275,57.81020863498827,454.9247221284029,376.59136234089567
74.53059873281964,61.362769722158674,452.3349978439746,374.46210520773195
79.345624587027,65.31923034366133,447.89547650703804,370.79370401693814
83.9300450146225,69.21871217469266,443.9141659291293,367.51767839986655
43.866853594344576,7.7499696568316665,482.05961644659743,362.22075558873354
49.073121766959815,6.9985954572495075,478.3953096012439,359.53463766546304
55.139596220482815,8.438096596101275,471.7857984344938,354.64366648973726
61.02213732957367,10.554548244887968,465.5251780304115,349.99644621881555
47.25594000357677,20.651196575901594,480.78740719222617,373.3349806006921
53.6043208379194,26.741717473713038,473.61942924666624,367.88059405928306
55.771594808515744,29.602435354907527,474.1755938933257,368.3039525507465
59.4541000468829,30.434485376259943,473.2947477972432,367.63432161752434
44.46619889938677,32.34409534107303,472.9221892946838,367.33528401961416
48.4896596443123,34.12645935814078,471.49924318315453,366.2426811815601
53.195445303979795,36.10262040214542,468.7983869699726,364.181845794615
57.419821433369776,38.67914995585028,466.20930899972456,362.2037929829576
60.93938609077031,41.74480980622849,464.4977033444569,360.90265401354657
63.089308696848235,43.9823925985734,464.5712751831208,360.95830998128355
66.3772513204608,47.27151316560895,461.85011448952207,358.87971056603936
68.99696927749235,50.32906838088857,460.2645818457899,357.6709303943076
71.23698911197894,53.36623272077205,458.81726735329,356.5609448080523
45.025663078340784,-8.012779230615251,493.337127504987,312.95762052478585
57.5291774140471,-1.2995392826820762,500.12751990872385,295.71760743668915
40.7552182980034,-4.613992161474556,501.46805387783604,278.94775674617347
48.34386458683625,6.333647728170803,489.1433879351461,278.92917290412834
59.70637655308522,8.724687455736102,477.2072492735155,278.64147199149147
60.893204177371956,4.7090959289809575,474.0437436142595,278.3373182425314
57.046176487113144,10.258788677791586,470.09410914554155,279.98256096540126
72.76864460624668,1.6750341554900103,466.46568270736947,271.36116296326304
54.18810317544734,22.029604033440705,467.82717722937423,263.3589563072931
66.6265541321668,9.658123011808215,465.1762048493871,259.13751951948836
81.95699638810981,17.760107672075492,453.4095000587448,263.1949667488127
59.82802226597639,10.040246602923958,449.11770870171114,261.569805533214
82.63059270882366,15.251126577066572,438.1945836615105,273.84380714266956
71.44836993074142,-0.599587144893519,436.62563083536634,272.43719509738804
75.73451652379418,14.745481914379809,444.62239116879505,268.2549278666952
46.12720299223719,8.219688014143514,447.5801922685504,259.8456686995314
71.22085488004711,23.225497661705987,455.0645815096701,265.65407818265777
85.14160000074656,18.38977154728775,467.49067765933944,277.06303711169755
57.99599370320064,5.358946929561114,464.713890160429,278.8587417243048
72.77084810974983,11.913019156417931,459.8973264398592,284.6778669125234
102.98532644034265,1.4773090007510348,445.82177447063054,293.7854592895417
101.83613293160519,4.378285144909853,449.5773423371256,292.0942278328224
82.09083562891465,-0.05919803938422774,448.9693581570202,292.9831511998368
63.96541178414634,11.11113944730485,457.7860105372947,296.3112253077129
82.84759789580733,4.6854611332260845,457.4472924021079,290.0724332956085
74.31788744633639,-1.0973910562010758,459.3026775357233,291.50878514473584
103.48149706276274,2.0350789682499624,444.8786337304514,297.91295993746877
69.9242269881766,-2.269789659208328,451.57157468610114,290.0871890235161
119.73919437880517,8.358907121148434,432.8645550438258,293.4156894158717
95.09652184617235,7.7740981743385476,430.86025414426064,294.4981452747477
85.97843286320102,11.398761396080232,437.2241247494761,292.33952870144697
102.09040743570023,3.0364821496494017,441.48756508419683,289.8739860165282
100.88899556430397,0.5241945106692469,435.388109148539,293.0241303384666
139.72330036997243,-0.471880375944437,413.54242394617347,295.23742283164984
109.54306324080795,5.408413984656306,418.4998239298485,288.56607583907913
151.71051645019872,0.26839621949531534,400.784014961685,289.9834451390048
128.50848361772103,6.624406446293818,404.80609615803576,285.75269419601716
147.6853753762872,1.1755774975575832,394.04931065636197,286.40620855261983
162.44062981695657,6.509665381605259,390.6169536880101,286.7877746110254
146.97096485117942,6.811251742479897,392.22614306039657,286.0037401109523
143.78227042084836,8.348726456722403,398.0440885592435,282.09013337531576
166.9200737155137,6.521245324588705,387.41014388660517,281.98175343134113
154.06829276470498,8.024979368031495,384.2487167427626,284.7223042292766
99.39669127133794,2.9937266827212454,397.79400835555487,274.5936967912254
75.65729192895333,9.467214261692163,415.61241062316606,270.0824977840929
72.0972747341188,4.941020268847609,454.2296891720696,257.23292059693773
53.67505992460286,20.263725837918628,468.1397816758473,260.30705581489315
50.3944221221945,9.89409967205657,468.3510486890374,269.89730179613264
45.20083321334735,8.65600387837867,473.49180164407034,276.48316099760393
39.925651385371225,6.279074536425895,486.38584668115914,275.3376524240793
44.70957306911461,9.5221903671858,487.35270362666864,280.298224482391
44.00804946233413,5.856619025000612,490.95297289875856,283.4331688207533
44.602550460031324,8.700180474427867,495.9910123928533,282.01520832172093
25.19073908178035,2.3140592901578145,499.4835733010011,283.7023887996545
25.611561523470186,5.325721043593262,489.46677566663834,290.1143204043784
27.628653501989362,9.11663826800634,492.9845500470587,292.87523496610606
30.80260126531408,0.6047209330860142,489.7348650414265,292.78674193787975
34.30996130034927,10.07850642484729,503.74057133056937,287.87826704045403
17.58580206019377,0.8614954366107668,499.58016809744674,287.86700102185125
17.674777281189506,0.20847252044899278,507.0358308999141,281.23504628163766
16.08807534104028,8.359602771662423,514.3322543761798,280.73051586899214
21.608310183953904,4.43047356389792,505.20159088930814,282.13625115807076
23.720329033436315,7.8011415716574675,495.22271795883614,283.23712476892854
20.629880655367856,-3.6399526924543295,476.79630880994216,289.57713315314277
21.97635077555171,3.3402855225536427,469.74469761008044,290.97345798868446
37.58872189354281,8.617575638548175,486.53353828101524,286.759511299879
27.28688152621777,-6.343524457588018,489.90628807110386,283.9409641798345
37.07810387775555,0.6581751515467715,515.4775852774121,272.03636614184575
24.231521242465476,-2.7703122600590007,520.478885264469,260.16814377122955
73.10348615957321,8.959193134639122,501.8855272052025,262.25092420553125
58.788523033557226,11.869489759076117,510.76292222154757,260.4527721003385
44.879807724075334,19.95103606639242,507.30392038631163,264.7044594989377
84.58720557458406,3.831576300606713,491.87981398342015,271.6939173122811
68.93961792556422,17.405996568113835,496.70566246015017,264.8362868486646
71.83999231588544,7.25828602556021,491.58002786356013,275.315343775276
64.71087028489396,13.130465291950514,492.9161301866042,274.92564163765996
51.542232514909074,0.5314900619121659,498.2364896924888,281.02394835483176
52.13912640533897,6.271990379997703,502.3554216665857,281.14099052315487
69.28217634579784,9.619467975334345,500.09877927173363,282.880583549446
52.14917354598316,17.02783503159992,502.17518166151274,278.5471433203028
46.7514238979586,-1.1634961300322004,492.77624361340133,277.41010672347693
58.48433481394426,10.865897010226519,495.0298184053945,278.23880906769307
45.32149941602438,19.377371665677828,487.42684496563527,280.22268933921464
58.72505439385077,11.420632757812541,478.90435575440847,281.93952345089036
39.83016224796131,14.333074424355488,470.24978056640657,284.29290918003716
77.58746879007964,9.554004959287226,465.81938033876054,289.43237597122413
63.320215063824634,6.963780530428636,473.4891990038007,290.4289621361636
68.65793823253165,8.248462424115417,473.3673198431185,286.65603626291335
37.88853322081394,19.6490354070134,483.3130993752859,286.019375511397
33.70915412871068,7.1974631102085596,495.14021840725854,286.3093846651742
52.66100564899881,20.569570794988465,503.70423425034755,274.5245102922885
18.08382469079413,9.951495974497746,519.427040751662,249.36623144633492
20.046173175683293,26.860336988872746,522.2432083325504,247.47963287278964
37.330552106173116,25.91149835797451,514.936707841212,249.6414705659088
45.222456076825495,25.642288761841243,506.88188512213014,249.21473915188048
34.367095964959844,23.545394593566172,518.3823703062432,241.16357783652248
38.92723936137588,20.92347555147518,517.4251712188731,241.08321931840305
26.926650173754695,30.76263293827226,508.4933655335391,242.22981676123706
29.00713201988532,21.71312400061862,498.05480266064876,251.27353940378504
32.514416645619235,26.70215475609831,496.9178110422978,254.90875507215776
29.347931978195447,16.795759822645607,489.0440399875297,261.10222663350874
37.64186666407983,25.367653216341267,499.2048477977587,254.6458578929628
32.57118977643148,9.713165928543987,497.70745524753886,254.64791194959668
33.643960520094765,22.297038217663882,508.32826070645524,251.84026443435445
31.750679065591328,27.38129235686003,502.24148723635176,253.11627411542008
24.55698011914984,12.060000012021362,489.7664543602017,262.91260981271665
39.976679219798456,24.079318190391234,492.84071276811443,256.5745658239864
25.42176794545236,13.654855870027262,486.27937653114293,262.12770097397424
40.83876904223018,25.369174282901753,496.33256887017956,250.22736385141087
33.945011903130876,30.6161049099056,484.507627508591,253.43263317212126
33.508630329960994,19.2119489366504,476.45450543672604,258.2085207428357
33.92398258159571,28.998367524322674,475.92187142185713,254.2798560859393
29.921496521886183,28.593225221650187,482.2951092417386,250.26628335226894
44.346548571020776,26.147192905125536,483.7963152824499,246.09568287262908
32.89182137721832,14.800297926410764,474.2758883372758,256.001285608315
34.907517183707114,25.696295712287593,483.81395179896083,246.38919671699534
29.124549532097205,25.117449335299867,485.90149101428347,244.9268409771607
40.98395845319001,26.362903869608473,490.0227751077129,240.4507656295418
13.15187867369778,33.081596785315185,484.75243603217615,244.26108392283487
26.683023114387424,37.736393659845845,497.2705716472726,237.8604713811738
18.840100801856465,28.09542945595217,500.1664105442968,238.3861028603721
32.95921268654979,35.70911298388444,512.3124453073035,230.6413792591497
23.065961244540574,18.327688835439517,509.14590924160063,238.04898665045994
20.014639933639444,29.41926173245743,515.900752615981,227.60483641226867
13.315138883795953,37.439173832472676,505.3496378996532,227.07436407171951
9.97984905883493,26.344422626941068,482.4621276085514,235.92070369269155
15.230527605503198,32.404191761713946,506.6227496943916,223.94176584478026
10.17711603182417,32.757273095589085,488.11201250483134,238.9511549353935
18.956684764736565,44.31556018430442,501.7969224967512,232.1430232208205
23.754143101218574,22.766106450377393,487.15807825054753,243.25751521757914
25.087240103455628,26.020900330533237,483.84594504215494,245.2728280469151
18.254388496216137,23.901982294824336,477.81404969797694,246.91489943226287
16.099754745457375,29.572792007782198,472.6630074900081,246.57627749126942
20.152541494892546,38.00503750164805,476.3703073942743,248.4443515753204
24.294055346451756,25.108235514032202,490.38041421428426,241.41369893577593
13.538511127372715,22.753800154666692,486.3408050787018,241.98744429303815
18.307273949256796,32.287389540737635,492.54030302039166,238.6986541983346
16.899109758591294,29.737790866763078,483.45359487577946,241.88283062112947
23.919327076384832,32.05516954858439,478.96399132227316,243.91661062407616
19.004601374366473,31.578507480277977,488.25864984273846,239.58670725132646
13.15960208021852,24.23220507910517,470.3623151454923,251.33492589389692
17.38491014239446,27.672816352622817,478.02851355891937,241.7637893707183
20.0811886310492,24.423802477823656,473.5321906442673,244.5487468895228
13.412651561686971,26.7896057140118,488.37400305061067,255.30539598956966
32.66487987704443,29.17498601362044,498.45746683910477,287.2096859008724
44.11330966025423,11.714960251390465,514.8127624363623,271.6915376786425
70.13812002693976,17.73915762212519,512.1127497452803,268.75644997505697
62.10148027278382,15.809360063224318,516.6233965604576,277.99969813994585
43.31010766248244,12.111266689620152,519.6229440753991,285.4567192413945
39.74792611742345,19.89261004472371,518.4771030712892,299.526767310105
41.46373732002013,21.9008648406884,522.9277018030748,312.5350216527661
25.575518055330008,27.16974773226255,512.6478740928584,338.6002597622275
27.966762205336465,30.868683878455272,513.7538226584643,339.3065194538018
50.44054664275913,66.68667440023759,483.5563120553724,319.69105367190974
46.564932233152916,8.038219507367842,511.09295493104156,293.51503000874834
35.718603989726375,13.21182249691708,514.9584552605204,306.94476490905913
24.135024926997175,10.396520744738012,517.1669926839833,315.21482090014285
26.873563945599244,9.492815623385894,530.4240695397566,300.13037916504027
24.777330559564064,2.8792502406258222,519.3762963291698,318.9459331082011
21.172754270283747,1.5517413325817984,531.136919566641,325.9503896892067
20.673828886503657,2.6182987580953636,536.9214298752937,329.40490269962305
21.668979607510494,4.603519843494496,539.6866847951618,331.05225585728044
23.963665923254325,7.332923775328027,539.6485925082392,331.02951030329905
25.89293188370476,9.957447888767746,540.0547803927178,331.2707177176059
28.826766210730568,12.999959614760229,538.8319553733241,330.5427840516999
28.181348568037436,14.193710153460557,543.7851734904341,333.50988017110353
31.960401115013724,20.790187382656,543.8301383927521,333.5361429680722
37.700427292652705,27.760046050472624,541.1319102245051,331.9623103682673
38.62325554258558,29.240303945989695,543.732200365495,333.54380634884825
23.58508780539239,33.591276676190574,538.158207691813,330.0376097057101
30.67572657032531,41.81709189110347,515.9769582765664,316.5971037741465
28.49230331223589,-1.6448318820147279,513.1186789597245,320.96461662447865
33.098791053355654,2.4369780585667797,507.5005696518976,317.5424090487721
38.709254571771794,8.74633001727085,495.29141597353805,325.13063087180535
42.96231708022265,5.306275028547219,497.70715543040865,320.78308789602806
46.84524620832167,7.733057779725698,490.3831409872099,317.3316518252535
68.0731790020489,2.9650344776858617,492.36925897446395,302.94294200820724
86.3725031823331,9.011173340902388,476.770125936117,294.60278527275955
64.38761008779437,4.639787438363925,483.19890058743783,279.63142606443597
95.71899045738516,7.680689201578417,449.9227867112916,293.74812810875744
78.88767324113994,14.347763263964339,455.19418288872834,281.2103572492713
101.26573380930594,7.189645257080997,446.2622405321102,269.79803207662593
86.79264281002898,16.06515028255012,440.2147873213061,272.46502206716525
113.82179892553097,5.155231069639854,424.7868281203379,279.6778390338519
107.96869414913013,6.605198039491626,423.2490435903557,278.7806560348855
96.29972558933889,8.385131601191006,429.2339549125379,273.66631544786424
80.07187731944487,8.753096581190306,434.85509428030264,273.3131005096004
99.83046541430582,4.291785967432446,433.06183899315647,273.8517688177816
119.18397231969936,10.090527979492549,430.40443123095974,272.15844584825794
94.36378647756277,4.544648823324053,440.26264023263536,262.6770346895328
117.5528636038834,17.01712824461856,429.9801216120933,262.694278473762
89.64491262829529,4.896227161461354,426.0357884105389,262.79641569184514
117.4262424743323,13.102421450359373,422.2350916752291,267.7125530290799
132.4063948734123,7.6897448797583365,413.61939504929876,270.1577522209797
122.22925030573228,12.080925617839114,413.5131292260399,264.61567766849123
112.17531974191013,9.09960667308519,415.41274877516787,273.0953165848697
147.15549215851686,16.92786002748076,407.9202422768257,284.11358279833524
83.40762155974181,23.743679426613824,444.3571147888349,277.13132031338387
57.22307865280794,38.11363787341085,471.73883498037526,275.13644051961853
41.86499517132961,13.953877899275199,488.27225619446233,276.01011143997516
66.55716435293147,35.80964975822684,499.0626692499786,285.1448874643442
43.61795851714044,18.67532064303228,509.8389852451062,292.08500515692185
62.08828896878606,32.74898301956753,510.6993450124028,307.82854679427976
25.442772253796136,-6.0961088900851905,540.1416486307699,285.4705198103319
30.40481578227127,19.642425901566867,535.5537433261002,299.86541691509444
49.615080269418115,28.990392835095605,526.7600607905339,319.10231713422263
58.00870408454608,33.499296767154476,518.4880624576527,314.1726860875108
26.499088367356364,1.50526651421373,529.3752571080452,305.14638709356086
34.371822205973444,19.077880144575175,530.911963543015,304.79795399455486
53.46093363864651,20.82266646772223,530.5562432485959,311.7877156328328
59.47525910592651,25.098108233639408,526.6341323031169,309.5556027424155
18.044063211364005,7.955179159877275,538.3522213808777,298.11948162426387
38.89956121594281,21.40323014047658,536.9130754156934,305.0067634177243
15.561259582413754,16.790019917906164,535.0342204948091,304.6012418531884
35.88152953710505,35.962309150067114,539.2894631229657,311.91335879011103
43.67117660551918,40.25719283846698,531.6331758999308,307.5662043571859
1.566133788904608,-0.24447727511974904,529.8145375184238,303.2440840599607
32.03152589219485,19.654725078358126,533.1341076752744,308.1125531144255
36.73820689064752,23.664601501202355,529.1498958767573,305.89236429990245
37.60443550348418,22.847135654607968,536.2488672932204,320.85180645613025
44.904557254348276,27.91767537617386,529.2053377067389,316.72849833589464
44.726948226694105,18.340136557132837,534.1290555899953,319.47526519641764
48.25844985947299,2.113068522293929,535.0404679008017,319.975041145217
51.21549297650836,5.597922625405545,535.9039552597504,320.47259514698624
57.13072226508041,10.377872029888465,533.2159691975623,318.91227305680883
65.59708580236452,14.811280815441364,525.9605627084702,314.6815129414117
72.19396000405374,18.619128292589153,520.5456673535815,311.53230007449923
24.573751331456435,0.15681285181221938,534.6286612042129,299.826919589215
50.749718344477,19.707964865343257,530.7792772609573,305.0481327180205
25.24460768094235,0.9204446383436107,539.2045336123609,296.2891529593504
52.62197554496055,22.50802327430557,536.8928245637692,311.5419578527328
58.348405283309376,27.72059276347494,531.5902454162576,308.55772783204816
62.36005629028085,31.890850998808816,527.1389850715445,306.0687113844488
38.698272643305415,5.9898758786076485,529.8555710640572,308.5516121936205
56.007319322492776,13.346063893546784,529.5952144158651,310.96515813196805
59.572839319318405,16.73379186084867,528.0562204840526,310.08993326589285
42.1362904940583,6.523715679549582,526.6118382661559,309.61224132461757
48.434096157325655,14.690726841380553,520.1635090101867,331.41066448528215
49.56381102717529,16.177709139932404,520.9469677616598,331.90135800960286
53.90488587299234,18.79410156356323,518.6065017656612,330.433719132483
59.338291199792195,21.773814772711177,515.8840045338364,328.711936339041
64.42798081562026,24.56281980708829,511.282104386826,325.81012527469284
70.20773210757613,28.03606722486728,506.147664327905,322.5936449097534
36.6113462297688,-2.0078771237697595,519.084618326778,321.0950969416913
37.214877585084025,0.7760590281095006,522.1265321959488,322.90847533479086
38.1370140042971,3.871646004662523,523.9319188822751,323.9839352639821
40.105748140282344,8.053582377813484,523.0598226267908,323.4644458175003
34.89993059268042,15.080548876010369,510.0488527030786,315.34050033052614
16.28422083847275,7.0320583975927775,509.9998143782006,314.8569027160998
46.35640033326774,33.80298594657151,516.7967326989194,342.9136388436568
62.79692670130149,71.3956071946561,477.4769888161215,316.8029261605182
108.35748567450469,181.10335034759268,481.8993164366973,319.79709481330366
62.81910066841908,107.5855609821858,488.94482747570635,354.1591646643356
67.77605725322655,111.61774754579486,484.2643103406325,350.8134573134078
73.17868451620404,115.6030000470763,478.4409038630904,346.6481396262976
78.37747553042408,119.71093233047344,472.9889467193083,342.75634782974976
88.67129127725806,68.38580210711632,467.5921320858359,375.22062530024243
91.3652489615437,71.05753491787047,465.7063707296293,373.7104606522209
95.73017844788455,74.5833940427728,462.28723488898345,370.9894008419924
89.78971312985996,69.80310656834865,478.9463481479872,384.3428772579913
76.80441807034964,59.33058321781891,509.4324606606625,408.71495006191276
74.39949503663973,57.1108644946122,519.7048980645504,416.9228798390425
76.05785760510673,59.10561654930464,521.3029893559736,418.19482991388185
80.02142939433077,63.03981077014191,518.0822455299246,415.63296182911404
84.49218466461008,67.11725356432663,514.1260086959974,412.4794738016452
89.07759146035795,71.27775249573472,509.89799170652554,409.1034717288451
94.46071327997717,76.05717512555947,503.8196450360986,404.2491653702167
98.91185176169992,80.09651130840663,499.57825097742676,400.8626231458932
103.58019502066531,84.33154307120856,495.01626591588126,397.22901279527093
108.95888686937565,89.03663346551903,489.96846853466695,393.2152296348334
113.80605118648813,93.6195845455261,485.5850546684507,389.7305054100816
119.01692047363738,98.3884980575213,480.92796933757,386.02996959299173
125.78901816918471,104.03686810375538,473.4069679065901,380.04324820515575
132.31828396147674,109.53258795640943,465.82645501510405,374.0091852953385
146.46333158006755,129.71039036877912,453.6273478169542,364.2032992973737
151.62857553035516,138.9202666064032,452.2130552827053,363.03929962589797
146.47507744531873,142.09385366247528,452.78013859368,363.50640929022484
150.03822693875185,146.5321682799248,447.50256901826185,359.21755581889
87.50130769589981,10.729634376223459,454.43217605973416,388.2656842965104
93.07058329948956,16.015573987831317,449.367293084669,383.9900644352226
98.64333778006514,21.70263236155668,442.68346473855996,378.33474046044046
103.64960949442505,26.589372072744624,437.38407986475835,373.81667142019273
113.48296545269349,34.419692885274344,439.5498982720132,390.57472437202307
115.16272509698399,36.82310267628253,439.8739157833061,390.8614911485051
116.61365207658858,39.156155966421466,440.8848560423855,391.7550798345904
119.52541926978071,42.857954599190094,439.397853407739,390.44544174662605
124.05587600119242,47.94351450296057,435.3380573208076,386.87587458695356
129.05836564285278,53.132274451249,429.9181365351185,382.10539197180356
133.40843455161573,57.77404229175738,425.90097130271505,378.5471210728288
78.25854870204881,34.89853977113225,442.3967397410854,391.16650052384466
134.43231307394558,69.76592470845529,357.6037426654067,315.8881632019868
129.4472222940867,206.59969064992546,392.69848255876457,297.391142107745
94.55199552057547,138.70007602564328,406.40937200318854,309.78149578873445
72.13008599896182,52.537751751307866,406.3398774041831,350.188572685134
97.82668604502251,95.43833250054192,421.8867169449216,369.798470686944
104.88932893612318,119.30278358803591,447.0594443181373,356.9488035423922
64.78448392913549,52.20158750212275,449.07088453116273,387.5765231328629
73.91994521524484,59.6813589725931,437.5782109035645,377.6325601364427
81.9510185989343,65.81774938341309,428.1660068496452,369.466481383462
50.1702416715417,15.289496350528168,446.698075728337,390.19029373902197
53.767206254883206,19.503173573896902,443.2995881966657,387.22198734569554
72.71145312924781,43.39659688078433,418.73288452736864,365.1713552870753
77.52056786267565,12.132764586719333,456.6735403374038,348.4730865659035
74.10724784730914,11.015784019597646,489.7175815299774,330.82878562301516
65.65510445005648,2.4671364488805523,510.0016935535819,317.98783478333144
60.535014840100985,3.628922025102213,518.182297185029,321.67698922141346
62.521016231605756,5.407632475385583,518.5793884096166,321.91481171174854
63.79991922039261,7.294659221528349,519.8364096977448,322.6686219697706
65.89693083056346,9.739415116426557,520.1320327282104,322.84546308428645
67.58239941312337,11.861812060744057,520.7573426218689,323.22113673456016
70.41505023393745,14.306955257911369,519.3675716977451,322.383805787445
76.40689486857724,18.57400576001683,513.2116658478568,318.68914747939243
55.37725186606133,10.560621658109426,531.1143443025788,312.64739950037017
58.01519585506156,12.452200106139827,530.3907437492215,312.23492640951974
63.597092319747844,15.573298639936127,525.4702684314232,309.3988221884146
77.65951894216204,39.095918066591025,524.3176263634484,339.42323194751464
78.99912094980255,41.1453063365484,525.1971763755265,339.9782715706705
80.53161898512604,43.37641609950154,525.6472783359911,340.26194863198583
82.81498301039193,46.06656513717152,524.8944524119819,339.785260906286
86.509166559878,48.63286778138942,521.8710849189245,337.85763774464186
89.76099043952883,50.87089094315044,519.4219521271732,336.30654581295977
93.18597222992514,53.29523945832497,516.9724156963559,334.74709655074247
97.48091277002078,55.82808183813481,513.2267563169981,332.3763012502071
102.34245803254387,59.479535274394806,507.75577991519873,328.92412893819557
104.76220464760846,62.09673785087645,506.9736801570953,328.4308453326609
102.68232687199765,61.83550462920098,515.4499117642732,333.75361315511805
89.26071436778096,54.030969825600124,546.1297021658692,353.15737371296876
87.87128105810433,60.580616238172695,501.18643253553,324.32729314502865
41.41973540885027,34.827412157916314,521.6018364510257,336.242991399989
116.89418407021671,89.53765513631345,413.4238626526839,266.37982454364226
260.61362538321873,226.08092225875959,367.5593181465392,277.9713874375667
261.7463799077774,195.3479736077668,355.56664907896504,293.4304191067937
247.13818366239894,159.60578948428264,352.4211611648318,312.41181027321863
256.2842884059454,193.65426663915406,350.2519554030594,310.0941059135381
219.77508097543858,112.12313428688992,358.4784926412924,328.54890836861296
183.03599988009046,34.85116529843475,371.7328960937093,351.1409242061617
200.98807061759263,120.41588075166715,381.3789254581166,344.92386417446517
139.3156806224887,30.959866860995817,403.3605735320154,366.4143191134473
127.94744152708563,45.274241804545596,417.37953083777893,387.7956003300685
94.18514279974931,4.563330829300128,460.7597370175248,364.22333799913355
104.0657753877448,11.004561468210568,447.52692131307515,353.7820890525288
109.90302969290627,33.79804909457033,448.6923803686701,386.24972949019786
113.30302041976284,37.923585188121194,445.1247268342637,383.20774332325794
117.48351164332689,42.30491628304023,440.84958721055466,379.54066447091833
121.89318138019902,46.84485648076645,435.9842793732062,375.3642953030511
68.71288431038406,11.780810309363488,472.5323595471895,373.97191720387985
109.162851423538,70.15440495222077,381.4956118943007,301.9551411598145
171.4255526377266,91.0590916929518,384.9423399978197,334.3129316970255
214.8588592160381,79.7892469747145,388.3157198737171,351.2093276110068
117.23010584203388,9.606076157740688,421.2631572832149,353.42960271302616
101.26998225823726,34.61465149690105,442.1420433914522,375.07185146040206
147.2717566745846,70.32118977105213,356.8193963940414,302.37307066732103
206.38023981755927,97.76322565242077,364.80204289363695,334.32057055962423
253.72830418570138,136.8329297631828,365.60195793427255,341.61498210705565
201.20889493158262,76.93675408865926,374.17998009148937,366.51971258873334
124.97812306786813,0.30365881049857535,410.0670099492037,372.79669410532426
116.80194368838727,41.39713457855632,429.7233996820173,396.4054265055639
113.07191657507252,42.41715114190055,387.96592797591427,357.63024702906614
136.67843911111822,157.10952754809392,413.9592231935952,332.6803993280711
76.5182211921267,94.96229940216085,418.2076860699033,364.6482285273328
73.05329542311779,101.74260811783199,429.9245708924666,367.16140737818284
76.74385974863966,90.32651653396556,441.9601838617154,369.1449079513193
59.68515320527416,111.38424570947524,452.7623164333129,367.43276158721767
38.30645033846963,93.26917489725227,473.0347457063074,383.58860420283605
38.0901994603347,95.01962400790009,463.3326689079282,375.9272149993646
45.9339921757375,101.2392702918898,446.2606853846876,362.4448597256919
64.39298623416067,138.39267310381848,458.6325475712532,348.4597937311222
69.60298512587528,76.11247808612609,464.49467336180777,378.59998948441466
82.89077348906349,99.47547899905979,447.0609241962166,364.52648555836123
59.467622914236586,105.34062747903181,449.34163017568244,366.18080105070794
44.849084334448435,100.21939866791081,449.7826190640051,366.5283162766809
51.525429236037326,105.7008255879617,434.0250312856566,354.0638663912728
73.65913651374956,119.98405100088326,439.4251762001263,353.9314868435084
84.31558442587863,121.37684420764145,449.15955396114873,345.7497162946746
70.67811669233242,97.23578649902501,443.90431214361786,356.46490882607526
65.32759501965046,124.7351534108032,455.9846224802412,351.2360898757977
58.70457258581541,133.4718382082956,451.92593194979725,348.33436879254486
78.32575736839803,107.2826994853429,460.53888806342883,364.0711262540459
92.62250257823533,109.69266196303573,436.35466119452013,345.0966352922626
64.90582679256585,92.99536872760274,436.2393429787812,357.4470805656691
74.54182056162068,84.7884989657502,438.9775051100512,372.65291030631
73.14706228340225,117.88608285411522,456.73132158263843,361.1069817373734
75.13202523792688,100.85289058840254,456.91456087509164,361.24467984147964
101.8134278403011,119.77298891076774,412.0684957634242,325.85813468504585
76.1534317176401,145.60284826182482,412.33323556569553,332.6341000627001
100.35498426823244,172.7184598047188,416.7142057135309,321.3691425177983
116.40619655090813,112.86283035320082,419.9926225820534,349.5002994415021
75.2065299349587,91.56546099166542,428.02700813638745,362.9901664434276
59.83552523072018,114.03236391290085,442.170371142763,360.99585101542084
69.43788925988761,102.05727198043161,455.3898235789574,361.07416616279295
103.13169108226046,118.61463605062701,408.61818396768393,324.1262322060882
79.20349144918964,163.24903609110456,413.9205630325937,322.45598220748417
99.59102914645217,123.8448552858992,421.3288249577307,342.97561605846306
79.59509060266441,106.46161594545268,423.8931561147531,354.27278001208407
68.59712387062376,117.17308489457625,428.8896295992564,355.8373387952267
73.20826297613002,121.04084405459977,443.1752470615812,352.8287955548811
42.626752496105325,142.62555017351332,442.5491561705801,342.08834520531286
23.32162950902878,178.18055719790976,447.0040859114603,326.55353146452217
36.18910273776373,90.40562563786199,454.4140956242977,352.6804573042334
18.667899909781795,127.06391696375576,450.71763406071364,354.1725936017892
33.53930844648676,100.4971362526606,468.12207306267214,369.0106988640781
36.677972380977195,104.475916908064,461.935284600295,364.2915502451235
39.14702980652322,106.3251187080233,456.9234810919379,360.4697172191468
44.72384965848133,110.74274162937178,434.5033352229903,343.01917620658946
32.51195329459716,108.19584415024457,439.504435405335,357.1365083174644
24.798976235518182,113.4377300152342,429.5577618276195,366.345358597502
33.578895521917275,106.80351333436948,452.69621297410356,369.2115938862743
40.677135144524385,108.18702577921769,444.91338400128876,362.98259774365584
33.63455600494589,115.65341668384627,456.98495633917963,368.59246895382125
38.638896368112285,115.25890763323002,452.37002866460466,364.9379537058288
41.48739146312553,116.08198065108115,448.5633951842162,361.93340995351423
14.92488962977012,134.92109790045282,443.8320356832355,355.9823722803974
30.867986499763532,106.70206562534582,453.14668736531127,376.4062964080857
40.56468920077114,108.67023055675668,446.8597855475495,371.2562553097971
42.98736889632298,109.86088953806231,445.6914988767107,370.3090801732962
44.400969168633054,111.00317488906154,445.7985768052312,370.39586850796115
45.16562857531801,111.95431190304006,444.49856431048977,369.3430889935683
41.780416034363725,109.30383869627838,451.4939039431796,375.0515777183921
39.65978469133091,109.17085720675007,454.56384791423227,377.5505438482084
38.8903371579253,108.46605803660626,457.09095814967355,379.60096759526897
37.13099229829615,106.63302652612978,461.46873343253145,383.1629339557581
36.69884305436398,106.39419918699241,461.63842685149814,383.3000343290839
35.22481646659281,105.00554196488358,463.8338198313819,385.07694820005173
34.28825286713558,102.95688126651746,466.477290600555,387.21070926713645
31.160926591264797,100.67040750070012,471.4441652741285,391.22521107103984
34.34740779193166,103.9681019393432,467.4128556904083,387.97258265527563
34.28539632833471,100.9339807401621,468.76693970562354,389.06328551054605
33.78212646920164,102.77299153168565,467.8641269636442,388.3323159294521
31.263581772612014,101.34251090814928,470.8671339891592,390.76023274293107
30.364484632369255,100.62572853464022,472.67822338817786,392.2278928335915
30.559234374607655,100.05784752784112,472.99891492451644,392.48691630642014
29.912819876435947,98.29356615098541,474.35418420733106,393.5767170261134
28.008425230969152,96.84810213979742,477.7908997014742,396.34617427423683
27.75240487965823,93.4724332748338,478.81743276941495,397.16874171357904
26.500218698063065,93.59017856482663,478.27574209242016,396.73090469227947
43.89045426236072,105.29550222258402,452.95028523019187,376.0562983481753
44.9623068216153,105.49125703042347,454.10013902839034,377.0110208688999
26.043035540489797,104.83654933667881,466.91191431048327,388.0385250822458
11.582790241662764,106.77647292403097,468.33499001133,389.2798472906731
-1.818642693948874,114.6432547744318,463.19248811449836,384.9663014030058
11.866033797459266,129.5629510156887,433.97296382474156,360.9795653675346
33.234820504952154,10.562945102174012,454.10555179797393,363.11454897325734
87.25194008251182,60.35311460154557,391.42741865755687,313.0358990143303
106.82380446716616,23.237549687807018,418.7254080837847,300.15767083717833
46.81019740655617,38.93510428544161,445.6875350077881,302.99705885865177
69.01441187473608,48.09247856737534,451.7852077239593,312.85698821404384
59.72783943858241,17.42113335772251,473.0636981173093,317.4364157511362
20.124532638535925,35.90743926348594,488.09126994612757,332.0606560552545
42.67154420656482,21.412267808567805,507.73679015139135,331.01067246658613
45.08195634792463,37.02272280979514,513.8631496729209,334.7327913121337
75.79663990162516,62.314150696141326,478.05705910331744,311.63135114536186
22.586005323598556,16.85266469278065,504.99087663294256,308.80533213400406
39.983951798872965,42.804369028083414,503.16016381051804,324.5260580114965
29.053047146186373,12.329894948762387,520.0920164543139,314.8392097690913
28.101066848132234,26.651699751010398,526.1064864567229,331.88510836400854
29.9398922863669,29.574823351100008,525.526994529257,331.5296533857397
32.04125562733918,32.53581557485228,525.0889129206699,331.26152751353044
34.217709885216436,35.07388690973329,524.5410939199406,330.92381687943987
37.08839151830051,37.85404562823942,522.481686787277,329.6632820227057
39.95605356824507,40.838742048767216,520.7253307895502,328.5844392093322
42.62075817013306,43.80765539197324,519.5414464592825,327.85907397945925
45.24321415125189,46.92103522105367,518.7261563962667,327.3597029585708
48.25561523449346,50.11383311371381,517.3433775115718,326.51124093828344
51.794228263527316,53.33364277966038,515.6872159354646,325.49530951873805
55.324577664130345,56.61319251722179,513.5044297607502,324.16258823666703
59.838480165466734,60.59611415513993,510.7299351944163,322.4662347597896
65.16831213770516,64.79048144826226,506.9578293534859,320.1507705958121
13.72279225330334,16.921750847876098,526.8528566582015,320.6715011097506
16.601831906839777,19.260383471818756,526.2744624481697,320.3279089335388
20.598399101179268,22.303403473274557,524.1072413761124,319.0494167927627
25.762786481362866,24.062802411545334,520.7821851946545,317.08636732257884
28.203270971352197,35.831125444135665,520.6899229566096,317.0333471349588
58.214314524142765,82.85923861382287,444.02890637883365,270.48842278239886
72.91141737945756,31.176112579003657,475.53814831906567,252.313450576112
39.54970276357341,37.72374408407224,498.8623336256885,246.79828142920886
71.17964714442417,36.60930260688994,499.26467663372785,249.59105215456242
46.51150368736239,36.14582067715625,513.8443135607683,251.81499961876983
70.2049554284801,34.91648022355318,505.8599347076496,258.6631186246033
28.39926166528312,19.610111393638533,524.1246899633728,252.31528548707035
36.19670145097729,29.143212969802136,526.0212944345507,258.2098118276236
32.75837421171684,31.238005284016623,527.7109980751625,258.8172497929426
34.86531278836139,31.644369258163607,520.4925432765917,272.4188735785438
14.014747051880079,35.39393712435535,535.387991590086,274.99626873509965
29.538723639611305,16.529959565703734,538.7245228630543,279.6995475028227
24.597284203237564,15.220373982028121,535.5798328603057,290.26944246208495
17.527747898759458,7.355100340954152,551.0217420754527,280.5923700180157
19.563094213547856,10.157865092452028,551.4382192165763,282.40604160667704
38.75116370612756,8.456385255967746,549.4258895965545,281.64461666445493
25.467838560718747,14.29784550212463,549.0329955320731,288.2441963656646
28.607788292803775,12.753213928319923,547.4437938309521,291.35507242652307
25.47283164755322,13.091492332550757,553.4060463695951,287.88902659492146
17.487094799208023,10.538596443594173,549.7138784676868,283.74508444432286
26.4940552743808,9.673444824298144,546.5919914582594,283.49669645050074
10.290679083282555,5.007318202660031,542.3307966335475,287.57969176732024
31.802014946945576,8.218313015800874,553.3661069339162,276.8016392111656
5.492522685764186,8.87143590928855,544.2403049785335,277.85531376271643
22.686253034620393,14.484478604262335,546.2161062197613,278.3497460583017
