377.5,292.5,45,31
380.6277952123574,295.90194447629784,45.713253421830956,29.136367963467002
374.90985509424985,298.9979844601825,45.33511968760681,29.23544270768418
371.53518945486115,302.1363720560641,45.64330979896366,28.350103972282984
370.9152919255561,304.5192596586159,46.49368201877069,28.587274597115904
369.427391998723,307.6590949240786,46.99995875263162,28.814665894157553
370.764188067903,309.397044001705,45.83855177888178,29.10975109177837
370.00345907504214,313.14144526281655,46.058852018570455,28.822674544470903
369.38157463806385,315.37897978912173,46.21544541391776,29.027276464855177
370.85676530052996,317.9123099317137,44.87471901994221,29.346348315343878
370.22727160455736,320.5837277913687,45.925503140382474,28.805679171415044
369.25101569297783,324.35740343931747,46.061707097562945,28.814406308059457
370.0067728256702,327.04169943975387,45.67946549895153,29.117355796516737
370.95251173764734,329.4542162085998,45.078008714932466,29.17958227710219
370.4938480608852,332.55338789727654,46.00231725374788,28.777853654672036
369.8371928629892,335.78242599104925,45.78734102978106,28.8818442234492
370.62730128420077,337.5116448862921,45.16842453463028,29.14121349810641
369.7465577835318,341.2248013057749,45.98103829236662,28.227355981968827
369.46308322310506,343.93341602500294,46.30269941838952,28.339230864013057
369.0253522456188,346.60472394609087,46.631177648130794,28.355179240603327
369.1210645483303,349.6499176975131,46.09657179404615,28.689020682872314
368.8827053076767,352.95409166049814,46.237771018032774,28.60399841539049
368.3744364150285,354.874446520246,46.58778425317368,28.48737934603039
370.14923199403324,357.16113585102335,45.43215561284671,28.65144111275075
369.51109495687973,360.82357250843665,45.61965029590691,28.531406834977616
369.1646794121572,363.2041036228196,46.26799365959112,28.242748244507247
369.3615809568175,366.6708668257885,45.43212532617775,28.272820821577557
370.0793079295673,369.0717783442464,44.785209270420296,28.465943286576113
370.8526982326065,372.4277633120113,44.00945888827258,28.30078139660384
370.3503404147311,375.3126815191169,44.9875934643658,27.927681698236817
370.07534438683183,377.9318008962405,45.36595574170477,27.78712316906884
369.6250144701615,381.1052403826868,45.38716605727566,28.12392703077123
369.4665758291558,383.84598837057365,45.479983157165066,27.86110299654198
369.5304650897984,386.260658064121,45.619645763307396,27.86555088795205
369.64540393121814,389.48881089490686,45.3420917276532,27.892414116437195
369.30378177584254,392.2827170041655,45.587015758504286,27.659164319044812
368.86978245925377,394.8478064742821,45.605894626464114,27.78324555379813
368.7808534984038,397.8813694939194,45.43065813947389,27.758567161657012
369.75158136669006,401.1371044405825,44.02385809254725,28.038454909688813
370.3587429910507,403.2942242324409,43.967359942476065,27.8162666208797
369.44948711901,406.9103668720417,44.43299219233225,27.926716714085686
369.48773163004375,410.10430467387636,44.37936350962728,27.691686226917433
369.40335046761174,412.933155052311,44.481956482422184,27.49248503795064
369.40968000432815,415.71084928224167,44.36551751942087,27.699042261826825
369.9344165914023,418.4180893190144,44.124380337887956,27.763390942280303
369.36760324887956,421.48399281951407,44.43538343837304,27.637079351083734
369.16185091881147,424.00136533286184,44.689551037938344,27.38708641631344
369.12988403737825,427.26914517407903,44.41909678515976,27.69093399676573
368.56582348242694,429.49878015487957,44.93365762978573,27.748932053493803
369.34825571143773,432.92754013393704,44.12886983734181,27.76981412530835
369.03661973171006,435.3370188093063,44.84441971646225,27.598309925412728
369.25054870989254,438.71861536244785,43.92897784833754,27.594921302709125
368.48011738133806,440.592891530513,44.82880239756018,27.746217903575193
367.53042203947507,444.3757384945265,45.076626343108984,27.537272237130168
368.8477507623785,446.7294900912831,44.01598076161833,28.382899269366476
368.2040260240825,449.81690536588724,44.92860731346564,27.415025322813186
368.8426756624061,452.7475398659362,44.212302405803825,27.643407574437067
368.14148926361446,455.4334585562898,44.92880426408938,27.279918943884123
368.12369567355546,457.88870089218415,45.11624547055918,27.538145620345833
367.34806560926216,461.1023085265463,44.85773528472127,27.218331907735607
369.1801582507591,464.8437846001431,42.66581571194035,27.17369545163266
368.32018586547656,467.68905944637163,43.099840034769734,26.890887394588834
368.92603965443396,470.0504808342836,42.66723245426847,27.134535118276162
368.14712287556773,472.66063665080515,43.84756466458028,27.483935239480182
366.83158582231215,475.5366393822114,43.961579092663015,29.09812802025181
368.5305718308839,476.77413190053517,43.73829066563445,30.806906071413625
367.0025413351759,479.49783620149213,45.15603928728775,30.34520050419588
366.9543381455802,483.18627477616,45.39213841962208,28.819690687834044
366.4817819730391,485.9829394881773,45.22794915428389,26.19964542316662
366.22372965930936,488.9323220439305,44.725733272560966,24.03974249526439
367.16173978373513,492.55439159304103,44.54455267298165,22.206900088067563
366.05072944791897,493.9952440034006,45.679297134940235,20.60331060819113
364.8966968698673,496.08565282659697,47.57104992709488,19.253607256809982
365.9392412026184,497.8683474373373,49.16347435884069,17.714019855974534
361.73133364673265,500.8925415972732,50.22935488828016,16.20593053603988
365.13633231920807,500.75362477115806,51.66805881452472,15.659059568038796
347.1863612471966,501.7888086376066,52.436098724114515,15.931729256108856
354.71041431913903,501.8593248140907,51.617936571820046,16.712934259008712
360.1580525087968,503.24296183752034,51.34427417434341,17.01365220711457
364.13089354989415,503.1305105497579,51.799442155505524,16.49210219641408
367.98887618777394,503.90697340590987,52.073540485061,16.18605318818031
371.52675208467247,504.11567554160894,52.447765573742174,15.768648916782118
374.7428930296646,504.3144818624069,52.80070787723155,15.37103627518613
378.0758509697497,504.5806414447524,53.27934977566466,14.83871711049516
381.7539278815971,504.90128499351295,53.86899048887281,14.19743001297408
385.62158743286403,504.89205649652365,54.483200965955554,13.534504617317017
389.4437205911291,504.8188773641112,55.209862359141034,12.771284596814692
393.19203746294517,504.336533217333,55.91388839337572,12.035866105073662
370.17545443462006,505.96540362702575,55.90178664763719,12.069192745948529
374.0344462095184,506.24880693451473,56.44794243066426,11.502386130970521
377.763004670213,506.5448650769365,57.022586265135104,10.910269846126948
381.2021214207542,506.7983600631856,57.52548176490092,10.403279873628774
384.5763699810381,507.0,58.08373009370969,10
388.0103019657609,507.0,58.69257302921471,10
391.80955678730766,507.0,59.33652741671455,10
395.50455837699536,507.0,60.028756459534364,10
399.0992011919281,507.0,60.755482821340095,10
402.6111872405802,507.0,61.76785363301008,10
406.58656578304146,507.0,62.61773722419885,10
410.7179741423973,507.0,63.40867278155343,10
414.6678670014277,507.0,64.23493261667053,10
418.2953597115999,507.0,65.05045308342753,10
421.95561178822487,507.0,65.99445905764397,10
425.79262080022704,507.0,66.87200242016425,10
429.7736211919324,507.0,67.91132056655252,10
434.0364254365357,506.9237895708642,68.74258123796595,10
438.28004560783904,507.0,69.73760486059386,10
442.832418091351,506.5275250589253,70.53932432643154,10
447.2875339837067,505.8424287893958,71.20407293458148,10
451.64173364123525,503.8321908537052,72.30610142586441,10
456.3023460482424,501.62109666187666,72.65411943066037,10
461.43515871047714,500.0181495136401,73.2507264937868,10
466.39218542628424,499.0891629763746,73.54135696281834,10
471.76218549116743,498.1441179224786,73.43097529850729,10.108100340309784
477.336045972996,488.01235681844935,73.16300504805918,10.40689330838865
484.32224145881474,489.4593757276104,72.51083639448409,11.145756971862472
490.7393603657004,490.2567107563489,71.96769970551948,11.733754759384135
496.7241069307247,490.51134145018415,71.56242800217461,12.154755428830983
504.00724858564905,490.54257310800205,71.15744144314762,12.596171403117017
510.98730835448214,490.0673207501281,70.83682639661761,12.936563263356534
517.8549762352919,488.8179181149293,70.10178633654226,13.6784214617275
523.5960657100616,478.45290043186685,68.78034740236943,15.30456502735489
528.6951283007269,480.3410516647101,67.01727324229273,17.436986846995055
534.7617431862692,469.0052777501617,65.01531249855837,20.292973466365225
541.4770533576575,472.1234581898192,63.55471132755801,22.669509455409468
546.9166336574244,474.78901371945915,62.685477243540895,24.381114450836613
573.9451896591962,477.4304235000679,61.963403162029024,25.917991121381373
586.9710021750767,468.51625854137734,58.1484127011943,30.969190266186516
591.5942283410775,469.63956227885336,53.812098234215014,35.375694055259935
582.1608547246051,464.56668248530895,53.805574329296405,37.45897117430498
589.9476001599445,466.69197688234874,51.438121772817794,40.43480608694352
593.2684239557731,461.00088795436966,48.17732950642416,44.34575408350864
594.6210730559458,463.3817440887922,47.17128447614988,45.71653005217061
594.9460367388151,458.6092867666911,45.69408207481317,47.676230213744574
594.5902494078109,462.9994959230838,45.14530674015211,48.52048991490028
594.5722709838136,458.8694095791794,44.46831622182647,49.70720946750156
594.0392111168543,461.9980471866443,44.820702017909944,49.633146642340414
595.7881680160082,457.6472580284192,43.90932945963324,51.04652960470725
595.9641905598623,460.669103100697,43.8146521382903,51.40032054163892
595.7067810297834,456.14349235482206,43.24225033379015,52.44958526731987
595.5937352693103,459.7077581226834,43.338120572199465,52.62602325636708
595.7280160868785,455.76846107485807,43.06772495255904,53.365275565645746
595.5471898238934,458.78532759863975,42.996769023282354,53.62556659527673
595.3092141846691,454.1932540438937,42.65850254610659,54.541473854977006
595.1139222789468,458.28396705717114,43.00334318332206,54.45644978848278
594.7582218246635,454.6593948671105,43.14715540015978,54.70065009931974
594.679946016104,458.00530565748056,43.71125877485568,54.41914442289031
594.2302933894714,453.889636386184,43.602193307517496,55.026064143600124
593.8175372108019,457.59398401312114,44.10112706562695,54.76446654585931
593.783774656893,453.73679672826,44.19210475560013,55.050498888536524
594.5021581807326,456.8332836813382,44.46792962997027,55.06515353558828
593.7265359063965,452.1457820595653,44.222527701214304,55.97540780250872
593.6434450711012,455.7269536757908,44.63887302388987,55.808074607595636
594.0196130377008,451.1587135490146,44.31714069160978,56.76115545881007
594.0767927873767,455.56973932244665,44.249578575377505,57.05103895504238
593.5816929758032,451.01805550636743,44.05725350028527,57.78672938654526
593.967495018055,454.83397080642106,44.290956661854224,57.786137290881584
592.9625337457451,450.38237727622226,44.52074098003884,58.20566678042872
592.349486701831,454.47320142173066,45.21256298804221,57.90752112255811
591.9215403808403,450.08830174597085,45.367686292383816,58.344455718805804
591.2687921600492,453.6929414392294,46.18659026340297,57.97091662717545
591.0279744263934,449.69100862547606,46.50061196627391,58.34080787136982
590.2585127352063,453.28000680709283,47.30294917554278,58.04072530113662
590.5108334801373,448.8985852366283,47.428974037730214,58.615773429935
590.4317656916703,452.53034198183786,47.764746284619946,58.74558555230295
590.1412998428937,448.60289160642134,47.760817989429526,59.3624369303151
589.2180615739072,452.310859521794,48.22796066761841,59.324693520845976
589.4129689958014,447.69463427192306,48.232558853113744,60.000770972995
589.3641614704393,451.4036406397693,48.50413750657723,60.16006286715943
589.0281844913952,447.674673881228,48.54196903236749,60.64212489013485
588.5627901393325,451.3881275558057,48.70600212278806,60.76867621988457
589.0555506401488,445.16108063785686,48.47400721341296,61.71028295791355
588.921649380217,449.34182480598196,48.59953896889938,61.949960089323
589.0638815004669,444.92190383082965,48.61422626741965,62.41743692946227
588.2192978751177,449.6219472431746,49.03413225772525,62.36716208662942
587.1644217307479,445.7395301834768,49.50365776363182,62.41705297711321
585.947034200261,449.6805520601321,50.257354765359636,62.07489232311265
586.0118369796253,445.49723768548296,50.460317399558576,62.57710090698309
585.3924147551552,449.25898715108104,51.44160495484713,62.18742546920886
585.0304027676215,444.88434882220565,51.666005878527,62.488971564516234
584.5717802307662,449.2438733466001,52.34996279373602,62.318976403905474
585.7021316212338,443.4595716773763,51.77709688532557,63.71919015882266
585.1055369198243,448.3169409425674,51.94937159642236,63.90693992275206
585.4361659157375,442.0045060507276,51.671491997676654,65.0275351550797
584.8067051536291,446.54447189732014,52.24709622914078,64.9095799735697
584.8460601296501,441.3061529537877,52.175255934427845,65.74311998573454
584.1787327905658,445.468123399994,52.64503965585413,65.7091072588107
584.2153479068717,440.5922756545962,52.571539654896604,66.34461332864407
584.4023818058671,445.6413101525616,52.892623966896615,66.39889598857482
583.743421236336,439.7418837199796,53.024872841671574,66.86662310297245
583.1948852055763,444.48108411084837,53.45187635471834,66.80157092330515
583.8214176153662,438.5039887384878,53.231109461040916,67.68047736226669
584.1921527981219,443.43000309793035,53.49939154726654,67.78282335728872
584.0319285100771,437.66722366713645,53.60734087226552,68.17987357220896
583.4157060917967,443.25469587790394,53.885674771989294,68.24069842990146
583.2374498271213,436.8723513964411,53.82693850124367,69.01649043624376
582.1257685323259,443.2056160700942,54.374768916469506,68.80462638728821
582.7513361342363,437.79680694467123,54.27013745634231,69.64683396610788
581.1543962019495,442.2791541091807,54.8841418814979,69.29494707861244
582.1328802997806,437.1378731411503,54.82132841603562,69.92560806037622
581.2339046750255,441.939605678584,55.15698604979529,69.87855708261634
581.8312053032549,436.00855062608935,55.13228559144536,70.48435831862241
581.7930205367696,441.6854745363044,55.62201033427502,70.2905362502433
581.4660691528552,436.55925237193304,55.75709494371626,70.70426077056871
580.0155404289598,441.080907758414,56.44605741678089,70.39112565354928
580.7804294150654,436.3378663114498,56.39207805083711,71.10180354263582
580.1019623565476,440.66870831776015,56.949189127047575,70.9130289800044
579.5690601514555,435.3914069896885,57.18500205888157,71.24059715440364
577.8864064773813,440.1168463607187,57.88351635505116,70.92386815216423
579.5575084264017,433.98022986338765,57.23973930503838,72.46941449676093
578.7414501183196,438.9856169288304,57.67825646691007,72.47711807972979
578.8287988386658,434.19902715390145,57.87624372371447,73.01244293775184
576.6866995324808,438.69954357657366,58.71833877397517,72.56597467689522
577.7750654709383,433.0542373261685,58.491121983597175,73.58673631270875
577.0304728855056,437.70594878314057,58.74066758729195,73.76192479717662
578.4209494761186,431.88910441483074,58.47552280320818,74.83504671247326
577.7547294446617,436.244316413914,58.65941037771942,75.05493954662913
577.0919874368954,430.74618541252397,59.0274877492188,75.21769989195168
576.0956450188405,436.6282299631139,59.46861810159113,75.12017705521377
577.7380947610258,429.46481277953177,59.02075427853751,76.37137599502971
576.0534097793925,434.89024565078427,59.53012295754294,76.2046397314
576.8563697736237,428.2065971310584,59.36024117099609,77.17479546207402
575.2872864255241,433.7478376679194,59.89412117256504,77.11926032064412
576.7265412375051,426.61522486020795,59.69601012424884,78.14438348176346
575.3478571611529,432.61754718884555,60.175413186110504,78.23661055695311
575.3756260992352,426.3569898955857,60.480432030968544,78.65138293866653
573.2136967903325,433.4207420597403,61.650120379458684,78.00621827617388
574.4706293624187,425.74659332233875,61.36410975340593,79.26201524151094
572.7876994050255,432.2838495884217,62.12848423142823,79.07469758155199
572.973115196772,425.2229369771056,62.334592493212064,79.66963439224146
571.1854056578313,431.0694499696869,63.073705704669536,79.48993634729752
572.1665357757693,424.306885455209,62.766773077701465,80.86170893093703
570.7268542550272,430.02500382691954,63.48575450329892,80.73609538964669
572.830651227649,422.8834909384552,62.89606274970649,82.37967815594509
570.3440283209417,428.9716363808665,63.75698302810133,81.90284657542743
571.4084863008677,421.4628409858099,63.799659576607795,82.75767912896609
569.5901533293592,427.29797996701564,64.41545255546885,82.61931314705775
572.0601893543575,415.64277463794775,63.491343117415376,84.91346404689985
570.0864624285346,425.0677303556163,64.34243714392682,84.67571907533842
570.6036386407227,416.0172705817869,64.32946743511008,85.7103244133285
569.3976147729024,425.9677397797079,65.11780328304111,85.56447314568024
570.9065824365392,418.27824155053804,64.89141496571746,86.68120166057344
568.7992288740325,425.04341173793597,65.71440674821119,86.5084412115692
569.3807771128911,417.79091319594477,65.77303098382497,87.22366118082385
568.2915354028949,424.6716527570287,66.52180024575253,87.06858661171253
567.8162906499175,416.90571807908066,66.97119597880325,87.3942731084966
566.1698483515503,423.6994323222652,67.68061485863187,87.36817977596452
566.3034350427945,416.20537896148085,67.77181962350907,88.10189758914196
564.4741459555912,422.01908529176467,68.45856000612585,87.95685688909387
562.4785587796611,425.05642495320717,69.37117702019165,87.79456744127853
564.8677088246412,414.37738198371636,69.00440233521151,89.44769004178498
563.8570742196209,420.72960514478996,69.61111550080767,89.6625519402278
566.2172975940875,411.48132576256,69.14269615385535,91.0873316238816
563.0843704771254,420.0946342532827,70.12532187056756,90.60208263019052
564.5980963600649,410.600830676491,69.8493263097448,91.93463893949973
562.2387559791246,417.71401277621385,70.64205616378045,91.6252126840257
563.7167695320992,408.06401427780213,70.49409794658874,92.95932366621875
560.7873167656712,416.7098933596078,71.58649396218993,92.49056014967479
563.2982521773545,406.47418407318787,70.795395629971,94.85687644249563
559.9504696914252,416.3070511278675,72.21254861174594,94.2161103300976
562.7340867929412,407.9956197580899,71.94262134677592,95.68419583043726
560.6424192096642,415.1346930710721,72.97968701455494,95.18563602874028
557.3498339773762,418.16044687207074,74.46649577313931,94.37217307048944
559.032765412438,408.3758487906932,74.27925324344531,95.84047899081958
557.1226173931534,414.37933153715994,75.29193667810759,95.67810526618047
559.5041125457417,405.64627162699867,74.99947102557911,97.13249436010855
557.3481064101898,412.9272927105559,75.74985321760948,96.96348017868957
555.1187927528949,416.3631897599139,76.9980350897448,96.38353095272934
558.3577876202908,404.69330160375966,76.17948316079057,98.5127635172244
556.7712033369781,411.2404091916342,76.8352421708301,98.50711644372791
554.2951550028885,414.754561379822,78.01400839661848,98.14524032593053
556.267451756314,403.2719982705179,77.5784508796729,99.86881733760022
553.6260832610901,409.75358624492947,78.35099525634824,99.67860611078284
550.537440482681,413.68065466888817,79.8944109490634,99.08876188461018
552.3244593464395,402.14500039512495,80.0726943499599,100.20599600592782
552.2698009748158,408.04273889138744,80.55573551809437,100.9264161359549
548.6150330580139,411.77475854129125,81.71958048008918,100.61729714356599
552.6282470747465,399.18864304370396,81.35097667069796,102.57952730308321
550.6433360426728,406.55987195348365,81.924699994772,102.84657874727864
547.1705003008956,410.5939252728324,83.25301152276091,102.3687135913789
549.4376685470004,398.305267363614,83.3937140205127,103.65678397674657
547.6798247337088,404.96578032697334,83.93404538925782,104.16181892149841
543.4422358254384,409.08209049387693,85.6309835725677,103.43362700371324
544.8804256592196,395.41212655538266,86.00562996272487,104.73530415109292
545.4571108393834,401.7605711606641,86.33213402203961,105.70378586906807
543.4366440421497,405.55038804668925,87.66574420893255,105.5795414400207
545.5398810794337,392.144597715569,87.08579667149934,107.86991746950892
544.1741285839046,399.3944320295983,87.4701157643608,108.6049937564919
544.6550657560618,389.2612370213306,87.59230554120956,110.08299145623849
542.6810527075465,397.6963680500999,88.31548870721961,110.55887928652851
539.7104844466118,401.83861337843416,89.99026232879311,110.13660281616679
540.2465043021589,389.2400524864298,90.4157036701966,111.39786200606765
540.2028257021722,395.85711591948944,91.12163750573391,112.1635127526206
536.421245677817,400.1101058830445,92.88388687104046,111.77787968339823
539.4761307926373,385.9128609841623,92.6599503250929,113.86412637837608
537.3141953854823,393.9740278198838,93.39492776986475,114.50436143142677
471.5787174727507,406.34238125180786,106.31892762101835,107.91260037232463
511.4000363368272,390.94407733078845,110.03542558902966,109.52422044215827
512.7714633697685,395.34349987981994,112.10244722914592,110.49004980710356
510.78748930936183,399.10059120599954,113.42803554106337,111.01543792473025
513.3796941729003,383.9320261916263,114.08397636738444,113.60390008321859
508.2952355376746,390.3568417484341,115.86346733279773,114.01657584448948
505.3103923082053,395.06967823967494,118.22039921832504,114.17898170722307
506.46223965399173,380.94568702177133,119.27325790842214,116.64760666970986
503.6746975693369,387.1342251009032,121.13733379582507,117.44950933998172
498.69018259338867,392.5753422500728,122.81648539952008,117.65396256351345
502.15815264593965,376.6226663007508,123.84582856740728,120.63410700164829
497.88988731648266,383.7713090743111,125.46902632313586,121.53142321770659
497.8494079311308,388.30126906345527,127.34049533925958,122.35756150692879
495.04177596017513,374.9678901051636,128.60134321910584,124.24115790133303
492.1723190090881,381.8130987325186,131.0441749369826,124.90348205863361
491.5024829159953,385.9567100942554,132.74359940551264,125.87946933267781
487.4808035105709,389.89597156724614,134.5384424348876,126.20963265159227
397.16438159986427,405.0884399943099,152.09773961875896,118.40548761627497
456.1801795624675,379.6026638269931,154.72600221225684,120.79460260202157
465.77845123860004,382.1702736088583,156.628672032525,124.25413689171663
385.5722260661705,397.30747202631557,172.49381168187708,118.28076891973379
447.4576172128578,370.0125480127198,171.0004104957615,124.3848812364387
449.5486731217752,376.2431107219975,172.13845784037818,128.04781824906053
381.5322721347809,390.67462986442195,188.50527053842978,123.00377145956185
423.0702400124289,364.3553588057738,190.32632696238682,129.25872269511444
431.7934430802823,370.8098586060687,191.12255235005605,133.7987260153871
367.3032304451642,384.9173384051538,207.63269619595673,129.76180003379721
413.5911358238758,356.4959764008172,207.8175998864038,136.815648875234
418.220604168096,363.6498012394612,207.03840774926965,140.41446322914652
362.6248917198224,376.0292924294759,220.2424932854758,138.0629670386012
402.23603248047505,349.92121110513096,221.44664756905695,143.73719372975734
408.1145185083284,358.6992541023574,220.9298531803654,145.73634690153446
359.1290307938147,369.13144206817844,230.89345358329396,144.30077916049882
336.1636429622617,337.872243431604,234.9489188318366,148.38450365862556
244.49764311803082,215.72813895465325,228.4252656692401,164.17861563780463
260.99863025570426,199.53793836872984,220.5915965863008,177.74204996861815
221.20721814068835,204.6734095455972,218.26510982791712,181.9329974048265
247.7918318434711,205.54746989063926,215.69576139012298,187.93569305447465
266.2025715957212,210.60273383965097,217.37748935773124,192.92196996505118
277.48430930496613,220.5155771904778,224.33330372804647,196.8088528540815
218.25452192860658,215.42725129380173,229.09032620753732,200.85064985064713
253.96841081792894,209.23049783140436,228.46072367763296,209.85411568789928
277.42028511851714,219.5127244779115,235.65801710678159,216.68153805440343
305.85178282186274,250.3686109528178,248.77224470539113,225.19743498421187
339.07077680921554,281.01633833332755,262.55352436717857,227.8528697157874
222.90456804632615,245.10504386175535,293.3190516511011,231.35466283812966
286.7892282123424,261.7072647928508,303.02513204026366,238.1970634534381
203.01956489935455,205.62525629388946,320.79775724372706,251.03471370962
247.65859315957326,225.1675672028145,326.61196297448515,260.88086937418836
273.37250547724625,238.66401562250087,331.2170221174604,267.6543271216559
201.35393927008033,202.61877473195392,351.68312089660003,277.6488744749813
219.7184158258533,217.8324106156537,358.35973266264705,283.94061068390545
240.91994671792196,174.9958930019297,361.4204936738812,305.7960238897989
146.6663068568399,206.80119849385443,383.23173880752216,307.1866450697257
182.47318203966307,158.8519477170919,400.2331087928858,333.44070260791284
120.12484006947338,90.20652001672795,425.2342322553996,362.6049253608933
112.66958024840426,102.68438281438193,451.1741064005457,377.33200120999754
121.7993955501347,109.33361145641479,444.52990877663854,371.8666696035662
132.45414431965617,117.51234698627687,432.2915281280899,361.74515324902785
115.43194969624133,54.37330791823365,459.9152760442957,384.87333030177865
116.50764489004982,56.34509942474318,465.14949820454564,389.19581034816844
116.05709918214993,57.40896799526598,472.8464265420974,395.56008889556097
115.62564620284115,58.36079026667619,480.31555229552146,401.7361022002276
115.21031709507463,59.49939309272233,487.477849237717,407.6523456736505
115.36767372253433,61.360478754331325,493.69559130698565,412.7776739275117
116.56666895352592,64.39226330870048,497.38386250415914,415.82065778383253
119.00189211747806,68.16147720438153,499.0662661335783,417.2134813381274
123.89917567114409,74.05122055719633,496.1086813327792,414.76012205275805
130.3347661867963,80.56265134371756,490.10511793111925,409.76904778132734
136.0191717165031,85.92131489498598,485.69987104608737,406.1027827145389
141.65027064045742,91.05552596451093,480.7812304808744,402.004456184418
144.86923164126293,93.92823650513876,481.16958440238403,402.3280478426893
146.2276727183355,95.07411417812466,485.4180515807931,405.86236392803517
146.46241549510628,95.19380829333201,492.1444792669784,411.4452211377656
146.45476326130068,94.93028826238967,500.0253458731846,417.9713057831887
146.26298275520114,94.4061738094137,509.20257093154356,425.5378890900157
146.77606670776026,94.19478337854798,518.1343988241308,432.8737566101348
147.476597921561,94.11010703266737,527.0334205481503,440.1723850068281
148.84497951508735,94.6849904320811,534.0848439825758,445.94952956957485
152.10420531739476,97.52783532063177,536.2997536897458,447.7697062562023
157.66084076949807,102.16903795483384,533.1478773283234,445.1772679855605
164.16607455574007,107.49992187306765,527.8758444347657,440.8483533311871
171.91497738053488,113.6672270564543,520.2547204959675,434.587563303827
180.60301419251627,120.65242709211421,511.0836607178539,427.0397149057355
189.35074477916504,127.52982121490325,501.9067946498252,419.477699713184
197.47796461386707,133.8304170952316,494.33067771990966,413.23507471729874
204.70389387507245,139.35670856124656,488.80005128584315,408.6777532704512
210.6912014648608,143.74943502378628,486.1421697594176,406.48866981087684
215.1793047709341,146.9673810831049,486.54687803062177,406.82219792553803
218.167311221197,148.94338954878194,490.2191337020847,409.85017455906
219.82438644814667,149.94648034612277,496.7953941445467,415.2707897048126
220.79499126729058,150.72435168392744,503.91985460979754,421.1565701831541
222.9026542693626,152.4486846832664,508.8131657771209,425.19328241982004
227.3357309065265,155.80689872945428,509.34397783001845,425.6312158420389
232.31332877222334,159.75068787414108,508.9363193540997,425.29503468103326
238.63273212696382,164.7254649424141,505.8381443969333,422.7429385984365
245.68881495327173,170.36419568230724,501.21759626246455,418.9381446625571
251.2519009804701,174.54606146655865,499.44315791888994,417.475932749297
256.3424972113191,178.39327709632238,498.5355106097511,416.72816144897695
260.12677901217575,181.37476363424918,500.37589709281417,418.2439852644635
262.48598696166096,183.25262775786132,505.36813214099396,422.36330880100365
264.73102276899147,184.91641440138525,511.03502612749566,427.04551423508184
265.73396222994245,185.43245512716445,519.3525616852473,433.9187021359933
265.2985693838713,184.81469016609532,529.9375709236955,442.6544782412717
264.91069010568646,183.94311548581064,541.0442429937294,451.8248900357117
263.28665327630176,181.84104061190254,554.7159739271206,463.1141659244528
260.2192207455005,178.66665905707868,571.4697085599585,476.9794356797237
256.80257486369976,175.3245021225613,589.0077812025431,491.4819205317801
274.44791000416916,180.52561787219474,587.0772040458738,489.8918187365456
283.8825997087514,187.70158382068996,579.7793934036263,483.89271041238976
297.0528265952418,197.9343512034176,564.739132396009,471.5496613108816
310.6475435647892,208.62531405921195,548.0986341143255,457.85876086015816
322.4899410697481,218.22771769647653,535.0725734034742,447.1101588185045
335.5785882681132,226.93068607212248,524.3854822634262,438.24721977286737
344.0352971953035,233.93468211754836,518.9706699719917,433.7981036595393
351.84194339837137,240.58377827274074,517.2564866928707,432.4111578216109
362.4376513448069,254.9620486555776,509.7783522662659,426.63664977174216
382.99795292974926,291.8823960891598,464.4440658553857,389.1409671788919
404.9693066814815,308.71082635844743,431.0526247593246,362.50133513479557
80.67019534494739,41.59343645308877,472.86737350637907,380.8574398416156
89.91977906282872,50.00117556918457,462.01247708016666,372.263557794102
94.67064987805816,54.335953464625334,462.08068990883055,372.3174125420215
97.66727991639402,57.36807763075976,465.83547550567937,375.28139164789087
99.14595647932953,59.25734960069991,472.2214667603448,380.309131133169
103.18899946533116,63.189216621576435,473.17739868750186,381.05953631789384
106.19786845584994,66.4370087469245,475.98564479022565,383.26866866703006
109.42718708371777,69.28455936266761,478.64158229726985,385.36193860426613
113.27097338862845,72.56614690483013,480.1318274451226,386.5394011114457
115.31168599092089,75.86907508650688,482.6407199741822,388.524682371316
119.78102615128935,80.2450944716019,481.18863006141004,387.37913180644244
123.1305581370961,84.36637486983926,481.26493532846223,387.4393256899705
128.78989642769656,89.8507645714196,477.238750870362,384.26457426109624
134.95325247686802,95.5934033800718,472.0566869259699,380.1654821772103
140.8208062781074,100.90232854709546,467.26694949450496,376.3687577447532
145.50112716262268,104.98786293748032,464.7288078792638,374.3543662100773
149.0551937156055,108.03387618291458,464.66474912469147,374.30356151808303
150.15699297409665,109.44403338953981,469.29341206117255,377.9766709271905
132.90432905499682,114.28971803826121,467.00856579058166,376.04645484336885
140.42498238679687,120.1905619722929,458.5923965762311,369.38518015447784
147.73370616252248,125.98837127199423,451.0204615470793,363.3810444834939
151.71898032859283,129.30146649595784,450.4885600270772,362.95961412895525
93.3770030102549,128.4663010334158,474.42419082951403,374.5891697698297
106.90584720247196,138.27532835271802,454.86310526192443,359.4209026615987
97.73054127198958,86.32166320802912,479.28856704456746,376.1273515653919
98.17048939803612,86.75616681326582,488.08714551911373,382.8621023183243
99.36523941072079,87.91886113714648,494.9359075200731,388.10089225750784
102.45975977269768,90.78856728389243,497.453252130765,390.0257757913259
108.81528858585239,96.41471263665821,492.6853790641951,386.37573867677617
117.1641291226531,103.6389047351075,483.21793785875775,379.1159672901476
126.51013668181906,111.15054786980431,471.35894665275055,369.9971829882967
134.74969041808149,117.27809209328004,461.9325494054887,362.7586058727383
142.83213864288447,123.16785929308782,453.003663770159,355.89827113882313
88.63054421184736,125.56726765335293,482.56455438699044,367.71064377531127
101.21222913549528,134.42067530657687,466.1157994078587,355.42823474577654
114.32559390444308,143.89370835083884,447.0252031390252,341.19621210178843
104.0911346567633,74.14258952808507,467.73228253507364,365.28280006679074
104.65933442659946,75.05668105141831,476.1611508436189,371.6774619023985
106.10912804802228,76.63455458240483,482.9253826810359,376.8151944594892
107.37917601588438,78.10284218425008,489.4127950979968,381.7553466228093
108.82836866496996,80.22889369072985,494.2045128050622,385.4111541746028
112.52394862448463,84.28205641202396,494.1897497260458,385.39988642225205
118.05273423575514,89.88736023918852,490.05867667629485,382.2504915028362
124.33291926556188,96.12385904945694,483.9324618180301,377.5746652872806
131.2951706858535,102.88755721883035,476.0938005993865,371.58129388548014
137.8782957709684,109.21005014829356,468.8037295610926,365.9904906648872
143.6791391433386,114.91634051956751,463.042505087975,361.56707582166104
148.36105850372152,119.50118029771824,459.6339266364943,358.9415920863257
151.90292570114508,123.02390376155063,459.01142842943943,358.46165786839117
154.56722773518962,125.6398073949461,460.33483506124577,359.48268897666173
156.5469585891825,127.30589517409172,463.8321844922241,362.1784743683659
157.9891113643503,128.50436789782353,468.7878256586777,365.9870902809386
159.49730680286038,129.42310201291937,474.8262980581016,370.6129515761914
160.78989036525064,130.00422590792348,482.15598160384275,376.2079748995413
162.41019433383164,130.8216098755155,489.40045453585986,381.7131822042687
164.2116855441613,131.96177342551292,496.09132191008393,386.7946351056964
167.9177355485395,134.8396419867859,498.12800703739265,388.3417266742876
173.78291559937014,139.5111140742652,495.0933875228608,386.03367310222177
181.3513693622014,145.19471052383756,488.1796992604702,380.7666784231574
190.85514093202477,152.3407398370636,477.1078484949853,372.3220788839269
200.00992855750516,159.16039860387582,466.91626177037637,364.5413240300438
208.88214744240517,165.90918315653502,457.69912966367764,357.4991037430463
74.88136360279196,95.49992182190726,485.1412386607658,364.1941609560837
74.89731805317643,94.95783144283746,494.948363712845,371.37949871490764
75.397854657657,94.60806146664478,504.25713367236773,378.16753063275956
78.73321727263138,96.54620928726271,509.37709281953363,381.8777759946533
85.11676006948869,100.71198434103357,508.398255843637,381.16690632817944
93.83260095013998,106.67894092032577,501.30385663858294,376.0030297618533
103.62977462587924,113.81619821234352,490.38473196930636,368.0422384040497
114.16040753581683,121.71166826084917,477.02473666589435,358.29066646341147
124.13138283413588,129.59137395361998,463.7946657694439,348.62296580679305
83.49456633407732,50.040026909366986,483.33021025788855,383.96693025074177
86.15122320946165,52.84337433157799,488.4870660550945,387.95455202403014
88.23623590523115,55.09436228733344,494.57036828105055,392.66188068179366
90.14438664639724,56.99081338088905,500.88386238381,397.5505610882248
92.2835550363049,59.02188702580111,506.16902199090566,401.6483078855839
94.9484737094383,61.71232487872598,509.47115262473085,404.21504082711823
97.84480161520116,64.36471243255045,511.53754837493614,405.82503024391417
100.13453473586952,67.3161620610129,515.1897386661874,408.6611582355821
103.10262677654453,71.04095439809976,517.0039306479064,410.07352789749973
108.82064193170947,77.13664612666449,512.8546511911075,406.8454144925817
116.60052548440828,84.96555818500892,503.93382112722526,399.9048738500716
126.01699001716216,93.63370551526864,491.69166864036544,390.3467073854875
135.33002263752678,101.59780806521962,479.7338471682832,381.03587817756386
144.37942511764956,108.93451645957444,468.41953812492983,372.2037637349111
152.6960810682179,115.98065862382018,458.4560063242176,364.4045340622005
159.51892976659914,121.60625250484642,452.0120456179463,359.36419465037255
82.63515388895689,103.62504039594941,473.77410902642214,372.13629716196255
85.77940272097311,105.87007246684502,478.9073957708389,376.0668423817148
93.0166918359387,111.16488793202097,476.5508433131226,374.2595025333096
104.75409257743274,119.55328700824444,464.00014377230195,364.57374071936846
118.03393877749079,129.06111926275966,446.2844536828711,350.89562609576495
106.1363912704715,142.11920847629813,461.8749504390703,361.6421296909597
119.13555696043102,151.55056814218597,443.1315817700349,347.36386319102303
79.22903467020049,80.70846587123066,463.67868427814125,380.58515102906017
78.87749323088875,64.45836606783462,473.0987013608663,387.85882850556186
76.86263441007173,62.10308669613548,487.9970486382887,399.8074617243462
74.18073907528006,59.257866067902825,504.0284971149894,412.6735334451401
72.3680278532612,57.16499102539174,517.9062473053208,423.7955863760346
70.14837114506815,55.01656078871662,532.3257203310434,435.35745621131275
70.47116472088538,54.939501204894924,541.95912415774,443.08101356235767
72.81063203820264,56.843352301387995,547.4857653008952,447.4989001904222
77.20216116734696,60.52812716581238,548.0653662866933,447.9623117768186
82.7661868342272,64.96795834823541,546.1275648991066,446.41187652907547
89.69250501142557,70.77454647164748,540.3690548480747,441.7940115086831
96.66136198918184,76.65212635256341,533.5564185081349,436.32374535344263
103.5640993605561,82.57274582656078,525.5929560656525,429.91706662552053
110.86483169620413,88.65452908458053,517.2216112347231,423.1736672064376
117.50264409222507,94.17836627868417,510.6881065396839,417.90533967477563
123.2590697912523,98.87879089488553,506.62114074732887,414.62882710556653
130.40178763868033,104.50478676109677,500.5170940876752,409.7233991178768
133.34580853337118,106.69696141150527,502.5649820847954,411.3751101803487
134.8985914668016,107.48748110963027,508.6338896575492,416.2551334782578
135.3776333022895,107.3678347023702,517.3324068185739,423.27331790875814
137.53670486596798,108.2179976416885,524.0328945525143,428.64987722347325
139.22658791082927,109.00298365554042,531.5107229903892,434.66766293714187
141.52887660869897,110.62905511670868,537.0908838739774,439.1656426858576
147.34494911642486,114.69996507460928,535.2138041757546,437.6565756766755
154.62526652855166,119.91221663743872,530.2513713134689,433.6703390949081
162.24234433158034,125.6280026315028,523.7432811553615,428.4447964430635
170.92491453419842,132.29457574675456,514.6416676065553,421.1399010795476
179.83755190600496,139.18100810072147,505.03949113723326,413.41870659626164
188.51514881843366,146.53229943171567,496.007273131881,406.1146731718625
195.20585600223632,151.75876128601405,492.21502079483366,403.0473916876752
200.37159734443458,155.58242657259757,491.682227945152,402.61777748173415
204.663181649696,158.50368955835611,492.9567507014706,403.64363844715575
207.52837859199855,160.30888393138304,497.1764129980447,407.0453943755682
209.41476626349814,161.45814891907645,503.3703880327907,412.01743240680196
211.80328230715352,163.036351150556,508.0989716604467,415.8153946728583
214.40232757309565,164.794246368952,512.4901367543698,419.3384486675454
218.44447376695803,168.19847607257927,513.468608451829,420.1256889010004
225.58205358388435,173.9815096899703,508.2064316445097,415.896939065371
233.7258761751809,180.432151798428,501.6184548055282,410.60361318403164
243.26578180691183,188.24133691451647,492.23312990479394,403.06202445752956
251.39743541816173,194.26090801029406,486.0806389770468,398.11992924574344
257.134443362441,198.18210730670268,485.2169161389389,397.4254683374735
262.1225609070441,201.82248393254773,485.1898674799354,397.40373206893577
267.07478114151365,205.38322470940392,485.25201987478493,397.4531395811837
269.99488022456063,208.114852541869,488.45699216978994,400.0357036568493
272.0804211154218,209.86640149835782,493.25434872429724,403.9003142053628
274.7581818148563,211.61112196440618,497.70606857000723,407.48038727002114
277.4648682637819,213.68885046696315,502.3487975537689,411.23098946997
277.2468506347218,213.54991986868916,513.5414517621998,420.28615152370145
276.82234961125425,212.80585915479926,526.4440403935114,430.72557879144034
291.6785839158161,215.74933025667625,529.9936295918895,433.59213229215703
315.2186050417355,225.2287559475547,515.0974529848511,421.6385041020294
327.88171462020705,235.00666670545434,500.0004412647774,409.5176198305553
341.10748107939014,245.3832144391666,483.83001092488234,396.5589929199329
352.41711869078574,254.73932722417587,472.0431736528863,387.07331855600756
358.3364127365078,260.857789224718,470.83232841888713,386.09895518157657
384.11714080082584,286.8388316266943,456.6582069186191,374.9974356833189
403.4723332994332,310.0946794750824,432.35048947011705,356.12854104605526
97.49886849752136,59.21093846549337,466.04567428970995,380.0853713867898
99.69722061062876,60.681878560328926,471.3855834197174,384.36335797227093
100.64898134150963,61.113350353113134,477.86751603068274,389.58583597142507
100.25098634238464,61.26096439788205,486.6733075781684,396.649600571125
99.68301669480715,61.042587482677675,495.81567671076806,403.9856939723077
99.08313675181935,61.2518719813724,504.66223239521804,411.088831863913
99.7236186458596,62.764388209270805,510.59519779097735,415.8428452940583
102.22973848406116,65.57468780619274,513.0175301091455,417.78536546287285
106.34255953343481,70.23934528574097,511.656948891765,416.6933980840929
112.94134375394242,76.57972936072295,505.36100511529673,411.63465495085353
120.50890090262186,83.53702220026125,497.3159912039491,405.16667396292945
128.5970627912539,90.5578367942858,488.24078694121044,397.8646241032822
135.71705171183604,96.46113462594198,481.5867246129722,392.5019129816391
140.86824049783885,100.61228000309802,479.2639492839846,390.6270271566608
145.87363361121663,104.8460493878031,476.68680366492777,388.55009668668623
149.04155787731298,107.4140741158524,478.44443768340864,389.96587677141105
150.6529453474257,108.72767696410676,483.63328924359075,394.14257088497243
150.93435696923672,109.03226179394207,492.2475053191048,401.0689236862393
151.06754262792197,108.82240985217385,501.8310501144389,408.77019644242273
150.8711016927274,108.2928514909191,512.0967561055373,416.98861696525984
152.10243183906664,109.42350339357304,519.741508436467,423.0935368331341
157.5971332237724,114.06963168706577,518.450691958271,422.05839696939705
164.94995970030135,120.55458609085932,512.5634167628488,417.33900299575583
174.16737009637703,128.29534948528251,502.7995977354304,409.5076665452845
183.24704714330682,135.6290118200453,492.88068214793,401.5420059968912
193.02859670291213,143.61965260405697,481.1595842753744,392.13195101443625
202.97282876619443,151.47910194063957,469.04243643683424,382.40794449166935
211.97236536533288,158.54072914542473,459.0928286282596,374.4113369499862
220.40989232968585,165.16606730984319,450.30267616382076,367.34515620162733
227.03342505880332,170.4087644347383,445.17074571823497,363.2141876975233
134.87784285989258,72.427422768067,461.53383863182734,382.1309135304482
136.47057782868953,75.65991770764037,464.0922634965372,384.23103266393525
138.36687817272914,79.14961377136004,466.4091086957457,386.1300836161665
143.7790648500872,85.4210352201124,462.36218650329283,382.82215157849816
149.88592902584938,92.17402826626588,456.5846792970379,378.08080359096795
155.41505125712052,97.50212344405304,451.99162485087413,374.3098359031778
161.36070233453756,102.89576604422086,446.04759769257976,369.4361725001786
165.5343052592691,106.6077120186248,443.79066668394466,367.5798419037176
99.6363175919455,33.128802387259526,470.644690628357,397.4433851032473
104.90185978706344,38.57220334495696,467.74971619848196,395.04632063095033
115.95561711093191,55.62274375917639,451.57971524761075,381.5325627284696
118.39379809209927,58.41347945080324,454.6774060148451,384.1114876508108
120.12029535369433,60.91751431797647,458.94123479920296,387.6695884361955
121.73742947697542,63.57961480917646,462.4207181578173,390.5685656264702
124.65817914632282,67.14014155409072,464.3889502500173,392.20634048751987
128.09638148929585,71.13546539079869,465.652163724289,393.25730209010203
132.03405352819397,75.26348112551682,465.6033639801234,393.2165867923869
138.84185831641506,81.51702348767975,461.04838634342656,389.41416844605226
147.5963933930462,89.1177787056373,452.11000439278945,381.9351198607616
156.6922559911149,96.84253676493316,442.32714121298454,373.75403732054093
164.24467555920424,103.87604799540978,433.94890362488815,366.7499863201253
103.0803581887127,92.87123736931215,454.025964590222,382.28930785825446
106.59379086184487,94.90152349059107,457.8460330443621,385.4671251189954
115.79990905911637,112.5220771262828,449.4531635374299,378.5094977934781
126.80983946099093,120.79056158118496,435.9590012978648,367.25177121150654
110.01883379906101,117.48548561529594,456.0247204254751,372.7116583552378
122.382677957093,126.96190504445767,439.23325409571623,359.1546541118258
83.3116910988031,35.35535079250357,466.01881853948856,387.988465269082
91.20763545756316,42.090212172817786,458.943624330919,382.20411096375466
97.40359880984079,47.71499430351844,455.286241434227,379.2133800994452
101.31200788542037,51.83137772878939,456.2060010754983,379.9665584624014
115.18196602762399,71.42940671200427,436.1868801897131,362.8589736582848
68.07573525210415,94.42079968164049,461.8794506942867,384.7514934077995
67.2925898608296,93.89924448935159,472.2486486245813,393.21344493660865
68.22598038189494,94.57068384217851,480.2738513355648,399.7877929472442
71.05904142908636,96.4726326352617,485.1154327669955,403.7496484387876
76.11216550532197,100.15055522355905,486.87986097056205,405.1968336817303
87.47668487671254,109.06722461091388,475.7221193401933,396.05523600934436
102.46108656886162,120.62178944414543,455.95121007479736,379.80576381070085
116.55494373543806,131.51390626047043,435.52590906691665,362.9873585404632
79.86478071474625,148.81844601124035,464.14756822417723,358.23896244199517
91.10829965764427,155.87651165993532,452.3064215429749,349.36354418901965
55.667874800130136,110.2970244833736,478.9584442293263,366.258343339956
56.576289594658306,111.30147658981926,486.6799384707018,371.9904533823781
60.361106286952605,114.23374928561074,489.5737015339633,374.1404281102895
66.16463224635578,118.12595492944249,489.3061158603126,373.94073842541883
75.08251616026055,124.03157396935558,483.89058829955826,369.901184166182
87.47500045218797,132.4729683949508,471.3382174872955,360.5303934089646
102.13455060656008,141.9195003695618,453.50180470065845,347.22640173978533
67.69298516402472,133.62930181902118,475.2724144150144,356.28859033002993
78.01436197995778,140.35617723899384,467.9687324624513,350.92287753661356
90.42283459022829,147.9859131981706,455.8565159766852,342.0740775432416
78.79747970027157,163.31722151970374,475.5523390402581,344.04302593852975
61.71857593296136,113.21249726218193,497.3566181722832,363.40160663573835
65.31944034689474,116.3307380540245,500.83000281213606,365.84907720337424
73.04444924270689,122.31403093551583,496.64489465964505,362.89133781346146
84.72297609923908,130.65237257139867,485.2884982759898,354.8180668394628
98.02349748765315,139.6652309951126,468.11599666761487,342.56015952197777
63.85303017701327,132.4074845615448,479.395706276231,357.8078511453221
73.23148255981306,138.46390865639117,473.2036236099717,353.29654430959096
84.64709471840453,145.74161604383582,462.6053326375922,345.580077341473
82.96282956448186,117.2993288894566,483.67913909307777,365.26661867460973
93.11834621591419,125.08100706364127,474.3392496178767,358.3931726141725
106.27362430453945,134.71313643434942,457.56835728109274,346.02991304709946
72.22409808406186,148.7816942381801,478.7555149710549,350.68448904919927
82.24289498796182,153.98622935091225,470.53161399205663,344.85407788135217
75.32803265002087,166.99798289955015,491.63167238555695,345.58002377890284
80.86610880213328,171.08581157166728,490.0945903909486,344.5536053214642
85.49887360604347,175.06085898493401,490.0968532520628,344.5551117786875
88.1399185541436,177.95118315393947,493.8871517720627,347.09316583806066
88.71072915391372,179.92598106752905,501.2388292007212,352.02812874111953
91.82233283455184,167.32084829739978,502.6833624284967,352.95843515090314
95.27079593540356,170.41733125433225,504.22446115316666,353.9898582607064
96.34377270555015,172.30468852910704,510.2763876744661,358.0556771103633
96.68734550801747,173.858071145434,518.2833664264997,363.46204356754697
96.2153926955196,174.57583637292055,528.7938867581806,370.56668698106853
97.02353475343335,176.0789414497339,537.1456907473221,376.2273626840102
101.21444370537864,179.54966037521345,538.8519158160262,377.38656856171275
109.91731419611494,185.94438553197384,531.8989562114299,372.65240252303664
120.1410137394277,192.84139516872818,520.8249935194433,365.12612838017196
131.23751723853127,200.1753076452285,506.81982906302846,355.6012391124568
141.96850705881957,207.33403508842284,493.1819306030544,346.33959871379574
152.5849830532877,214.63013611030584,479.9768668746066,337.3797578943469
62.81518583201142,143.62435895147664,488.6741283700038,350.4743716659313
74.10904739862494,150.65533444855552,477.62425232016136,342.79189341933596
63.878126912400774,116.91091819847458,490.35673116837813,364.5416017383574
69.90045779142275,121.23183019338114,490.98096714424776,364.99247633387427
80.38975880803412,128.68135678183373,483.73344337155186,359.7543042595235
92.18712709834423,136.85311773995826,470.81456673783583,350.3991698040581
105.07803931641632,145.6353924187736,453.7741893299043,338.03712836658
77.08685324364905,153.30004909312566,473.5598052256896,344.71333173560924
71.07354620605958,170.43473791544096,491.1575746813471,344.73265203697247
75.97167889105367,172.51565210254319,491.68404579615685,345.0837902693287
79.14089059250205,173.587725874788,495.94931355440826,347.91189263448786
82.29549097873576,175.12167146604455,499.88211309144197,350.52257590140886
87.45485204481125,160.69866379591517,498.3664579038038,349.5568834972194
95.65016016995943,165.5709601211979,490.690305856148,344.4096529744836
101.8691675347363,169.29002034367645,487.15321532861964,342.03726354807355
105.49200473034708,171.7358214122544,488.30070177993315,342.8072928373909
110.61700411114117,158.70137993709204,485.4883020202519,340.99164445120914
116.98050613265062,163.3094657227361,481.186094014081,338.09562906744407
73.52791812663583,168.3474819874191,493.20719205320904,345.27638115953437
80.41015881758489,172.73803782145134,489.2513284509,342.6431442184938
85.89200117641911,177.18580295479845,487.7306716200503,341.6287882345644
88.98737971420172,180.13334740663464,490.7637537711553,343.652695225677
90.6806386881857,182.2250590451859,496.2693575061429,347.3350966104301
91.03720649326942,183.51958013037435,504.80938382945385,353.0708793364376
92.26933608075035,185.18202195441404,512.3359609706984,358.1340293374724
95.65076883598613,188.0366183883026,515.5761973197325,360.31911865300447
101.34125543486283,192.70815867478095,514.2279249084195,359.4068447581589
109.90138609489264,199.31613792433433,507.1640850635075,354.6174149494203
119.70298467395378,206.13666867028297,497.1617310796363,347.82003581422975
129.4904235340912,212.75728852968268,486.0628642601442,340.2832599039856
138.3371140782561,218.420313006951,476.775683430565,333.9974361211164
61.12632187474611,157.92360559797896,490.9816768974034,343.97023441610577
69.41884909567904,162.0320460406088,485.79822681508176,340.48299998830794
76.44949807895077,165.32857733756586,482.32077553399284,338.1600722676714
76.02251264574625,175.8952729095393,500.78654719896576,338.01550912865923
79.13392478573641,178.22391468454762,504.43219828481193,340.33195282742764
81.19377976352962,180.20832652674326,509.9652220794562,343.8532647564253
81.27912591817659,181.6544306336415,518.2963569801155,349.1842347153035
80.7986560226019,182.69027957386433,527.9265270746913,355.3732923587798
81.42346150779622,184.49255951560693,535.9818019685605,360.5675944820152
82.24483735636977,186.06047268530722,543.5213240760855,365.4409327875918
86.61588611531914,190.10634678178204,544.3227962882096,365.9616208441424
94.13917994219901,195.53974290690485,539.6046452982201,362.8828367956761
103.37131868859308,201.61227196143602,531.1113094241035,357.3467195920871
112.6380262812209,207.38522084544203,521.5943606349093,351.161266020641
121.58812543217584,213.01507206357283,512.2631019024277,345.1138373698279
129.77215567085736,218.31845968761942,504.66394610352955,340.19820572832606
137.6170331181978,223.59168481803067,498.0083630867322,335.90378572748455
145.02157217044646,228.6985670453252,492.64300912639703,332.45502426698226
72.60399533978983,115.63767640106468,512.2858956313495,353.7765211740587
80.57911001895218,121.29549507502063,508.9558100132207,351.5660534077628
91.5958093139779,128.4245508219452,498.07797213440665,344.2926997052677
103.93364443896041,136.21393606569373,482.5448251018306,333.8845028953743
81.91434290120097,96.01521029544841,503.09938600081733,362.7571369462763
84.26036886400581,97.69663511867745,509.5775686953095,367.2495516781632
89.13220679474938,101.21631065858824,511.0079260513651,368.241405783158
96.77406812516904,106.52292195808539,506.10189626642546,364.8200033438355
105.75335969701484,112.80776094477173,497.1251036202809,358.54773106393753
115.49804499485003,119.89317048972356,484.7494513728358,349.8939433057345
125.55329383956183,127.220194047429,471.10984616157407,340.3659550541662
88.39965448891178,76.6335304233836,493.97854081837886,369.02540822116384
90.13714200232178,78.14073228959435,500.451576574116,373.7168497583736
91.29431551791868,78.52548759969503,507.7415973772987,379.03046193225595
90.63799697431614,78.20992935147581,518.4575985108559,386.83649893881375
90.90744313795778,78.88950631137763,526.6680129299277,392.81259875705297
93.12315266613314,81.28617659036232,530.6143046515206,395.6823441365836
97.21705260871732,85.26842295542221,530.6841762126643,395.73314539887434
103.55304016072085,90.74895730718882,525.8873510532931,392.24138394151174
109.49946598710079,95.71769275282693,521.1780466532783,388.8112300601088
115.21768577383858,100.19602865002142,516.6477699725424,385.5083938927575
119.61282175921679,103.4106147525338,515.0170917191058,384.3196767745084
123.91565832718999,106.40607046416301,513.7264032426697,383.377567043702
127.41617315719861,108.88982759750962,514.3150192086905,383.80584401851195
129.80420088460693,110.78400095630423,516.9037091267362,385.6931908429226
131.0640297605753,112.13378994642827,522.0494018607739,389.4322697672405
131.85218393350272,113.04237969255558,529.0901227800749,394.53249829452477
131.88995876558369,113.17540479153274,538.6855510913529,401.4737388661325
132.911739258142,114.14051621032701,546.7235613097533,407.29455638960303
136.0173035752876,116.74853551126014,550.5684500930695,410.0832149716611
141.1072369888094,120.57083615874188,550.3379546039165,409.91578064101077
148.04373370331456,125.55782448754212,545.7076587029343,406.55204380832106
155.5376745901936,131.05603339565153,539.1521541812293,401.7909072680542
163.86170997991007,137.22546177849236,530.2437234049106,395.32773654714055
172.61299526059923,143.6323328908761,520.3917540878805,388.177634622493
181.62874032724386,150.20237327624147,510.26585290059575,380.82607760837516
189.6259523264443,156.2337097100305,502.28670234930667,375.02335178919463
197.105570832623,162.03611580344267,495.8277059932838,370.31553244347515
202.3873291796165,166.2813553600924,493.91637157045824,368.92293353594584
206.07212204570047,169.1134407767486,495.2622476293213,369.9030575014769
208.53542729369173,171.1708723160895,499.3057464871928,372.8473513062151
211.6421595881959,173.50438064166758,502.7102781140047,375.32196949853983
214.0351763150787,175.33556997283517,507.9004892487757,379.0943819806282
218.31440117725597,178.86063155794835,508.6805306488522,379.6601499140713
223.81156135981502,183.5061154244575,506.83679410663024,378.3225320980067
232.0058808104937,190.10909582072063,499.68491742479955,373.13771157676496
240.4114708485645,196.62144596077485,492.33654350965236,367.7980076537708
249.96249763329178,203.85028565489785,482.50391233615926,360.65734919241334
257.36154631516155,209.70552901851025,476.73343061722005,356.46582541540687
264.2678568465087,215.13708789586246,472.2731801696063,353.2361604291033
270.5520838820978,220.05936824294153,468.48189911819776,350.4911189989861
276.8923644408282,225.09300005461301,464.8247441421231,347.8374780140151
90.28241667732829,112.08819168055652,480.0301188418597,360.9293640228085
87.6049143588202,106.73659421152374,420.47790460584434,315.84709200828735
122.04967888105674,156.11568551946328,448.4293240696159,334.1541193704164
116.48552438695259,170.86488900883106,467.0690452038606,336.0319557260855
118.2169850257169,133.42494800685225,482.4688177072168,358.0596450249013
127.23250666108129,140.36902795950024,471.9199247771314,350.4863976903484
136.03504274150325,146.73085352914742,463.2371347976744,344.27915599698935
85.86535394019177,141.89286195911845,490.9487417428404,355.89731167527344
94.78340443286413,147.51194528836803,480.85195431864236,348.819933244967
105.33447066681754,154.43074313205616,467.4783559785192,339.45689130409204
96.97365369042228,164.42204014499006,488.16441267065943,341.3550935658207
103.37780715867527,168.67181578945218,484.731731344505,339.0735814816517
107.40036259611301,171.85174054312137,485.84918676726573,339.81644489089024
109.36881243220498,173.70281423953924,491.0198285172874,343.27643198397504
110.88587296588932,175.32839140174724,497.59167553477965,347.6851904898217
111.44195356391799,176.31449960067343,506.56059017226073,353.7082912056505
111.37415370315352,177.2959458174314,516.5996995594516,360.4663347438527
113.87538921369594,179.87930286176996,521.3842577746872,363.6891038892507
119.97475517691765,184.6843433044101,519.0937266904327,362.1445822109555
128.09745055369416,190.8483892449107,511.69725998799936,357.16227467496543
138.1055532600605,198.23914040592678,500.03880673696847,349.2897613656439
147.99932809467165,205.29184424666795,488.26499190026954,341.36443430823886
157.87721361703058,212.39125390221525,476.42800673172815,333.39846051379965
91.01764219462348,152.2957891788315,497.0348032116224,345.6696650126272
100.96456196629163,158.64853726468093,484.740555501686,337.447200947343
105.268494765382,104.13409758366606,494.005095392704,366.41746076386323
104.19915413636647,104.36304911070275,502.98408729565074,372.9341775376611
107.61278918288292,107.43722513601628,503.1298504768704,373.0396728645408
114.75624424692262,112.6305820311097,495.4450008620246,367.50315393029183
122.16273201881444,117.65196339189498,487.6894541137626,361.9252315945788
129.4927869488956,122.50203523915505,480.53448934906504,356.7842722973581
135.74949437124457,126.65689921879942,475.4798990825998,353.15166103248214
142.08649800630414,131.02508913310555,470.4572577985012,349.5504439178294
147.19734656902745,134.43698332956228,468.05333444696885,347.82780663835103
81.15746168031546,129.17243795614866,487.738271128737,364.77193385024793
93.67405605338107,124.64960101405964,385.68737786196726,288.145611625297
153.69628902039364,195.5374254831265,413.76000842791814,306.9746108685568
159.958146842065,180.82011872749678,429.4483819796217,325.1147642318359
120.9489270652017,144.28977489128852,453.7480343972601,352.14199852053355
115.19414934511553,158.52906953878357,474.41578319181235,354.6187985241661
120.72549313405293,162.6198727487027,472.95686306903104,353.568988032562
123.57189503260213,164.8887318467458,476.86863027648485,356.3958554125708
124.6699810999846,166.21539659651444,484.0812004906988,361.6234079959952
125.5838979346997,167.53205415987514,491.71831425894544,367.1736574233231
128.00334889051427,170.58360032689257,496.62493779753464,370.7415339334842
132.97844061971887,174.8689382162116,496.8623415665338,370.91382553515956
140.32842574178264,180.77556280417156,491.4075068925419,366.9473669432932
149.19985387687333,187.5050964871809,482.0206062118352,360.11732237078155
158.6088066216071,194.5401640911758,470.91415029291085,352.0348953070923
167.92185733334097,201.43056238837391,459.6966333440217,343.87804093018497
96.72419718764613,124.08548948144386,479.98614348882705,365.805833637672
95.54699175019007,119.71909985001386,395.14545308382714,299.4665961019269
139.7364015889273,200.32991120127096,430.2428907686721,307.8371740503258
117.45836579833804,181.4817540201966,456.71343456219074,325.32640252183637
125.49301331732048,180.71043849587028,468.08291886938076,333.2216488137042
76.88989923878754,114.39593276949444,484.26613789255026,364.0620536804661
123.52970601957892,143.6784299325653,336.7514740995145,251.88887129587664
182.05758308823943,207.4319661938462,353.4497926428247,263.2447799847211
239.06043494189305,230.73283820439838,360.02435026197566,272.11878565639427
162.93800760118833,222.58607550757506,394.63368492101307,271.0438693534727
189.1802887387497,209.03180821012955,406.5158047399243,289.67713004239795
107.40827124346077,237.9125838177779,439.04784974228676,284.88524967144633
149.62956106439447,177.35634458145014,440.3119440205486,312.35842498886956
107.51888633655685,198.89474450934895,461.49159598435375,316.5841798141344
125.5581168231233,158.57685033580094,468.3620768742798,338.26232909492217
87.54527539653819,164.9608327689745,494.0834068109968,347.13614727839695
95.11126017086247,169.4478068294983,488.1606185598307,343.1687551501367
100.58230470926298,172.93557427311055,486.28919894257535,341.9211079947496
103.89251485568082,175.46814739947123,487.9262446430653,343.0138306154442
105.60713148040071,177.3276016554826,493.20032863033805,346.55048291077725
105.77480551353199,178.24349826284268,502.05348644267417,352.5244330562011
105.46187553780243,179.0992583581728,512.2995181288005,359.4633807456697
107.60328211506373,181.31484371764444,518.3432103799743,363.56995270154647
113.39664635083165,185.93184845595337,517.4071464707539,362.9325322007299
121.38488088049101,191.94340452232598,511.15826681592426,358.6812728165852
130.70292800923403,198.252064494492,502.0766495592379,352.50628966809006
139.19980184378267,203.94921354428513,493.9260527123371,346.9729443513225
147.39760197649974,209.64269090411318,486.0606527143042,341.6409973259408
155.29379263496807,215.17494721786343,478.9556888557291,336.82754704657333
92.98455615007003,136.98266546133993,495.0789162739733,356.8171041852537
102.6911915120335,133.80551329509748,392.5056226642657,282.11936979934234
151.85739048175822,205.11272408189706,421.6119360954873,294.7212368208633
138.2686007210001,228.35450600915286,438.795549612773,293.45439391349345
153.42990194052788,183.51907138482693,445.5667838062403,316.8087364585566
121.15105011235624,162.22289035716705,462.7835745666837,338.83970917598344
82.96913610240995,178.58408993018952,490.81669674995885,340.9567705024838
84.97262441713852,181.13142190670635,495.4536477472241,344.0248906753113
89.47592813010019,169.15632698752847,494.6454431466038,343.5106291668567
94.952183846618,172.98970032652443,492.8558975031228,342.32641730293346
101.89300111060294,160.96710425355667,486.84542941465986,338.5026194893925
89.59922468638365,137.4438560756309,432.5598363861915,301.4562770472618
118.87490933476803,176.01400714868464,450.7028477129049,319.03920009213664
123.68253224269188,178.78337806909283,464.0357610552992,329.20459584160557
82.46458707105131,123.18982122778687,476.2899433244486,363.76010566823436
127.27220263465222,144.79086215673289,349.1077933961118,265.51856121768424
178.24286835892192,212.98889420427642,374.06213226342976,272.32228772162574
205.68978043254882,236.11003968340788,387.4442382052044,276.6620029461832
131.73365828009847,220.1401476180336,425.0929395342525,279.3624215910103
159.65491889776837,196.1533207410007,431.628468365466,306.1746060892011
100.27094798783114,225.76723353020634,462.01928617729396,300.06425003506
122.25713369661992,160.26502866099514,467.07787293930267,328.0038538334842
84.74404957133152,180.65944222320795,488.0933643334698,335.64367936598643
94.46064817516361,184.03436696966298,501.90474625049137,335.0379060812397
94.64801142324987,185.14561208897385,510.5362774197578,340.51564768009337
92.76859601872735,185.53471997351565,522.7493662239277,348.3288708652805
93.84978780714295,187.29319309181264,530.9054228816638,353.54571510893226
98.38485710762757,191.15967858119825,532.3785722637854,354.48804671074663
105.62841635804926,196.66893278803602,528.124000952249,351.75492306846314
115.28767537385625,203.39757158754657,518.5548092511053,345.5977096765041
125.64071506762826,210.23962660868037,506.8247243040755,338.0680283115326
135.42704189725956,216.54047792799005,495.6383807716507,330.89520625931215
144.6692092849531,222.78807312193766,484.9621429345095,324.0572003821361
89.25952807456292,142.83270521396037,498.81428912959575,347.3254440027339
125.27401636047935,158.00120210252285,363.4215980542719,252.86449347021863
184.7226550763108,219.29314403624562,381.86979876661553,265.441257862273
203.08331079327246,241.12463457901765,391.3670631138142,271.2907130065819
151.45303791192208,231.07450633310197,426.5478434128579,276.7929859730069
177.40836419036702,191.57016325607123,432.7107891066481,303.5336985910766
103.38086321783013,175.7090616051075,458.1654883811099,327.5681814522533
107.21152475319934,197.96699325895202,483.5952506374872,324.07530770509857
112.94424522824932,145.07853615955895,480.7609899666136,353.70984149081164
113.56307459536268,145.138452616372,392.93803724478227,287.3680070133399
139.01628329796824,210.1661830347941,424.70159447668823,290.64822343906127
150.7859416885417,184.93160202261606,435.30454500736255,315.38030884616535
121.68648879852623,215.42766667498427,458.33717879491144,310.5116792566854
118.03553780744528,169.1969550466252,466.505550503956,332.04177219437474
112.98993027736088,188.64547268229998,484.06695829280886,331.25024858898445
86.89692099367977,114.27187073075189,494.5348041362115,360.45203729466135
144.73417708358133,171.95767441091056,330.921448942675,240.42782035701487
195.26918054709097,230.46638755758804,347.74192659790117,247.36378295326205
250.56121901348274,254.16382527930136,356.5507133302917,252.77816707443364
163.5457179156573,240.0222895407017,391.03230818453756,250.54601395210696
205.4710974682344,257.59659305713177,398.1440490920428,256.7758651719206
141.22736944585716,230.540827996808,424.6209696553303,263.3753734151951
177.5411506985041,201.65641055701326,427.0168337577254,291.8857397347383
160.22077450005395,225.80532242661778,435.2114142999933,296.904997396136
107.63664200881712,198.18873659166957,458.9987410338999,314.84417313617666
125.94449136077736,146.93527140077552,472.9214565508893,338.5424775939353
86.10763648118146,147.54892577930926,487.3285441063642,356.31134699075795
147.90822381346777,177.60071020243518,333.2133594704733,242.59244945336894
270.0350323521292,238.48620175931836,340.87029476462095,251.29055267726483
194.16714951900158,265.3398926178256,368.7963438504731,244.31732669378866
248.2061204185789,242.56767381374613,373.10512983399383,256.44821388924754
178.0709991146349,235.66202872187122,402.2080483856904,259.60693302950125
184.76870658035705,253.9274345260829,412.37688050947816,260.2328429801282
