434.000,256.000,40.000,28.000
436.884,256.239,41.186,28.669
439.948,255.827,41.756,29.171
441.137,256.096,43.076,29.634
443.360,255.623,44.802,30.269
446.438,255.155,45.853,30.681
450.799,255.275,45.979,30.369
455.018,255.522,45.145,30.172
458.866,254.449,44.522,30.224
463.724,254.393,44.254,29.907
467.006,255.388,44.188,29.655
471.373,255.330,44.493,29.982
474.055,255.135,44.397,29.960
478.214,255.024,44.357,29.884
481.572,254.928,44.812,30.252
485.632,255.249,44.609,30.406
488.652,254.930,44.806,30.572
491.975,254.045,45.198,31.013
495.072,253.228,45.109,31.232
498.078,253.831,45.032,31.125
501.836,254.720,44.982,31.258
496.833,254.088,47.163,31.559
498.579,258.018,46.960,32.942
503.862,261.848,47.084,34.250
506.952,266.659,47.255,35.356
511.380,269.629,47.747,36.365
535.865,274.803,47.788,36.729
539.231,274.156,47.649,36.811
544.356,277.349,48.769,37.361
546.366,275.082,50.158,37.712
550.886,274.528,51.988,38.102
559.589,277.131,54.761,38.517
555.020,275.326,58.089,39.178
545.592,275.286,59.371,39.533
539.746,274.443,58.247,39.664
540.457,274.634,57.390,39.778
550.465,275.486,59.749,40.478
555.523,275.047,62.986,41.144
554.354,273.132,66.161,42.042
552.360,273.981,69.941,42.983
542.158,272.887,71.193,43.427
540.196,271.000,70.894,43.975
538.152,271.865,70.082,44.381
537.839,271.831,68.614,44.571
541.424,271.643,66.677,44.140
541.435,271.697,64.576,43.405
540.837,272.172,62.633,42.613
542.108,272.684,60.596,41.917
542.185,272.577,60.102,41.640
541.625,273.091,59.072,41.143
542.445,273.248,58.469,40.818
542.193,273.498,57.869,40.445
543.430,273.335,57.548,40.133
546.245,273.803,58.777,39.892
544.161,273.761,58.522,39.768
545.467,273.821,58.571,39.551
540.469,274.177,55.434,39.178
539.653,273.986,53.292,38.532
540.350,274.772,50.800,37.702
540.380,274.667,48.945,36.773
545.192,275.617,49.471,36.444
549.873,276.875,51.033,36.544
555.078,277.567,53.777,37.027
554.948,276.395,57.077,37.643
546.955,275.274,59.464,38.399
544.820,275.151,61.586,39.088
545.160,274.018,63.960,39.700
546.623,273.595,66.862,40.431
540.305,272.464,65.602,40.937
538.328,272.632,62.847,41.016
538.697,273.001,59.918,40.987
538.029,273.060,56.648,40.597
542.660,273.550,54.955,39.420
543.353,274.280,52.990,38.293
542.985,274.883,51.519,37.310
543.029,274.796,49.637,36.504
543.259,275.409,49.199,36.288
543.963,275.352,48.514,35.997
544.732,276.170,48.409,35.839
544.894,275.910,48.146,35.925
545.517,274.658,47.639,35.896
547.725,274.634,47.853,36.063
547.473,274.053,47.794,36.265
512.802,263.875,46.961,36.153
515.494,264.547,45.942,36.017
509.794,263.215,46.581,35.352
521.584,261.174,48.024,36.281
531.898,260.625,47.557,37.364
527.126,259.876,47.650,38.153
520.787,258.878,49.248,38.818
520.784,259.523,50.355,39.573
521.525,259.512,51.313,40.032
524.268,254.687,51.491,40.343
524.656,255.477,51.170,41.046
522.502,256.074,51.507,41.441
522.681,257.898,51.765,42.413
520.987,258.806,52.086,42.868
519.389,261.916,52.544,43.079
518.106,263.454,52.873,44.802
521.530,262.906,52.521,46.565
518.436,259.131,53.057,45.956
513.421,262.788,54.221,46.866
514.294,260.768,55.081,46.600
515.518,262.599,55.677,46.786
510.049,262.509,56.936,47.242
508.035,259.395,58.514,46.949
502.670,259.971,60.318,47.256
492.411,261.452,62.532,47.696
483.338,266.503,64.238,48.395
459.955,283.745,66.256,48.008
454.984,284.127,68.441,47.641
452.664,285.854,70.429,47.356
462.381,287.417,72.070,47.350
452.879,286.651,74.118,47.246
452.755,288.728,75.886,47.321
451.218,287.847,77.960,47.104
447.949,287.781,79.354,47.320
447.912,286.931,80.908,47.443
448.203,284.548,82.053,47.695
446.790,285.164,83.462,48.160
443.721,285.434,83.882,48.499
445.340,284.493,84.617,48.723
442.790,284.881,85.135,48.965
443.239,283.554,85.433,49.374
440.355,275.884,85.693,50.569
442.547,274.884,86.168,51.435
441.803,272.545,87.333,52.618
444.495,270.203,88.666,53.991
445.649,280.769,89.433,53.779
444.045,282.906,89.427,52.890
445.442,284.315,90.130,52.234
446.103,284.385,90.256,51.676
443.488,285.349,89.148,51.031
443.926,285.102,88.888,50.056
444.222,285.774,88.821,49.130
443.224,286.331,88.189,48.374
446.033,286.798,89.105,48.220
442.988,286.311,89.006,48.439
445.607,285.709,89.781,48.472
444.109,285.610,89.773,48.793
445.620,284.540,90.376,48.631
445.629,285.578,90.623,48.701
444.939,285.257,90.965,48.640
445.016,285.139,91.103,48.524
444.349,276.897,92.081,50.034
444.626,275.004,93.055,51.465
442.792,273.420,93.619,52.706
442.222,271.424,94.927,54.101
444.417,280.287,95.675,53.693
445.153,281.833,96.135,53.074
443.432,282.031,96.911,52.116
443.741,282.047,97.766,51.589
441.957,283.017,98.134,50.924
441.030,283.884,97.867,50.750
442.285,282.733,97.360,50.844
442.879,282.651,97.412,50.792
445.031,282.807,98.370,51.065
442.203,280.305,100.068,52.067
449.493,277.148,102.328,53.429
447.629,273.489,105.587,55.249
450.417,270.504,111.345,57.838
447.799,269.785,116.908,60.457
443.773,265.816,122.722,63.093
442.295,265.454,127.474,65.396
441.133,265.068,129.909,66.965
439.367,264.307,131.774,67.932
437.870,264.343,133.155,68.625
436.899,263.986,134.011,68.943
436.898,263.612,133.378,68.458
436.961,263.089,132.968,67.962
437.670,263.631,133.244,67.768
437.098,263.245,133.531,67.772
435.798,264.774,134.746,68.295
435.862,264.080,135.134,68.270
436.194,264.684,135.361,68.420
435.686,264.591,135.559,68.652
432.978,260.286,134.095,72.570
429.909,252.961,133.188,76.634
426.788,260.520,132.765,80.637
425.293,257.114,132.732,84.624
423.678,252.296,132.677,88.552
419.189,246.243,132.623,92.614
413.847,241.350,133.196,96.112
407.051,236.124,134.065,99.409
397.650,231.629,134.735,102.674
391.356,226.738,135.694,105.785
386.552,221.213,136.602,108.697
382.380,217.744,137.790,111.299
378.609,214.669,138.986,113.719
368.799,210.357,140.172,116.052
292.627,228.484,144.424,116.725
295.613,232.123,147.138,117.725
296.680,245.264,149.919,118.983
297.284,247.170,152.911,120.349
296.857,247.288,155.413,121.598
301.668,248.100,158.077,123.053
304.385,248.809,161.310,124.327
288.108,240.627,164.281,125.067
294.438,242.698,167.284,125.792
305.719,245.498,170.980,126.724
281.628,235.027,172.854,127.883
253.057,231.595,172.760,127.993
143.889,242.016,171.116,120.926
138.698,244.096,169.301,113.992
135.319,244.110,169.281,110.465
134.754,247.377,169.033,106.688
140.829,249.691,166.769,102.964
142.998,250.960,163.536,99.045
140.049,257.404,161.470,96.652
144.455,254.312,159.184,93.932
144.488,256.516,156.974,91.669
142.155,253.161,155.003,92.133
150.255,245.954,156.001,95.469
164.972,240.737,157.992,98.514
217.728,233.435,157.758,102.861
243.487,229.793,153.648,110.154
245.899,230.737,151.705,116.135
244.253,224.968,150.784,121.548
245.463,216.962,149.284,127.373
247.587,213.177,148.968,132.151
244.420,210.205,148.199,136.728
244.565,206.803,147.900,140.785
245.404,206.756,148.703,144.156
244.599,209.565,150.791,146.842
252.533,212.050,153.592,148.877
244.065,208.065,155.049,151.683
238.529,206.220,156.695,154.002
232.335,206.233,158.849,155.675
230.747,211.368,161.171,156.863
229.022,210.857,163.406,158.214
226.075,203.828,163.947,156.663
226.611,205.494,163.811,154.893
230.978,196.292,162.169,152.542
232.156,197.264,160.618,149.372
234.220,199.614,158.335,146.592
236.914,202.006,156.304,144.843
239.760,199.510,154.838,144.088
245.530,200.107,153.836,143.472
246.840,196.770,153.536,143.021
248.906,197.084,153.047,142.048
246.341,208.442,152.536,142.379
246.494,213.030,152.498,143.325
245.261,212.901,151.911,144.915
246.420,213.507,152.023,146.238
246.008,216.480,152.958,147.516
244.842,216.434,154.414,149.038
243.322,219.842,154.707,150.156
241.300,219.753,155.264,150.709
236.643,212.739,154.802,148.553
236.517,217.674,153.863,147.923
240.499,217.658,153.394,146.645
242.048,217.564,152.313,148.767
241.406,215.313,149.636,148.241
241.549,215.002,148.823,149.319
244.043,216.242,147.538,149.676
243.616,217.351,146.958,150.689
247.644,217.207,146.077,151.767
246.573,214.137,145.969,153.052
245.817,214.399,145.998,154.371
247.930,213.386,145.915,154.765
246.736,216.029,145.351,156.286
243.096,219.432,145.121,158.614
240.779,219.647,145.825,160.560
240.699,217.909,146.755,161.628
244.120,212.880,148.708,162.521
242.972,211.469,150.353,164.022
241.318,207.240,151.795,165.180
242.935,206.803,152.893,165.891
242.103,203.531,153.348,166.138
241.134,203.500,154.020,166.705
239.460,202.671,154.610,166.822
240.304,206.469,155.255,167.054
240.836,207.256,156.945,167.314
239.580,201.117,157.638,167.319
241.914,200.608,158.838,167.751
241.510,197.879,159.981,167.437
239.871,202.462,160.633,166.582
241.156,207.602,161.185,166.585
239.018,206.250,161.965,166.499
237.634,207.017,162.836,165.938
237.568,213.113,163.788,166.573
236.727,209.226,164.040,166.301
234.714,210.378,164.693,165.666
232.448,210.806,164.997,165.311
237.299,215.225,166.885,165.683
236.830,218.510,169.129,165.856
229.158,215.891,172.009,166.580
225.104,214.774,174.485,166.615
237.107,212.181,174.169,166.257
230.921,209.025,172.543,164.283
229.376,211.977,171.249,162.914
230.952,212.306,169.720,161.006
226.222,215.227,169.841,160.022
232.784,217.441,170.387,159.839
229.732,217.918,170.652,159.410
235.071,216.871,170.391,159.033
241.396,217.541,171.602,159.611
238.668,217.687,172.440,159.987
235.131,217.801,172.620,160.339
236.359,218.413,173.008,161.059
238.125,221.257,173.954,162.099
236.197,222.820,174.646,163.090
235.847,221.400,174.612,163.889
237.462,215.504,174.228,164.170
251.177,214.630,175.691,163.979
254.416,213.101,176.420,162.931
244.333,213.123,176.080,162.783
248.094,215.250,176.391,162.844
249.700,216.716,177.359,163.275
235.841,215.646,177.774,164.654
231.755,215.164,177.749,165.803
231.426,214.601,177.669,166.677
234.910,211.193,177.747,169.475
234.047,206.706,177.795,171.556
239.380,205.072,178.336,173.635
235.216,199.497,178.808,175.326
230.717,196.555,180.318,176.711
235.518,199.351,181.018,177.551
235.495,198.552,182.290,178.800
234.050,196.325,184.169,179.837
232.578,200.584,185.529,180.082
233.719,203.376,186.171,180.629
233.895,201.976,187.239,180.299
231.020,205.306,188.146,179.015
223.501,201.392,187.824,177.506
224.935,199.271,186.673,175.393
224.082,199.662,185.434,172.714
222.625,200.154,184.309,169.530
218.563,202.622,183.613,167.106
221.526,204.988,182.222,163.253
224.545,206.586,179.875,160.105
228.646,207.688,175.985,156.830
230.417,208.868,172.790,152.995
234.596,212.626,169.703,150.016
237.965,214.320,166.237,147.747
241.392,217.686,163.581,146.642
238.561,214.734,162.385,145.612
238.921,216.851,159.449,144.120
243.394,218.990,156.341,142.940
244.832,222.087,153.395,142.418
252.945,227.185,151.942,140.993
254.964,225.426,150.187,139.294
258.465,227.288,148.575,136.965
261.192,228.810,148.272,135.501
257.544,230.680,148.830,135.074
256.869,229.420,148.985,134.586
256.344,227.676,149.148,134.999
257.860,234.057,149.695,136.132
253.099,231.087,149.435,136.418
248.553,231.031,147.935,136.011
247.068,229.984,146.084,135.198
248.138,226.479,144.171,134.165
252.304,229.508,142.743,134.251
247.433,225.099,143.190,135.064
251.969,222.378,143.100,135.005
254.190,222.972,143.195,135.238
255.789,222.469,144.221,135.578
257.103,225.432,146.289,136.581
256.230,225.360,148.888,138.054
256.515,226.132,150.776,139.237
251.513,218.105,152.353,141.065
251.195,219.490,153.000,143.201
248.299,221.186,153.973,145.520
241.535,214.947,152.143,144.468
241.165,216.369,150.717,143.098
241.409,218.184,149.882,142.081
242.174,218.453,148.117,140.949
242.554,217.119,146.082,139.449
239.390,217.525,146.393,138.408
238.432,219.930,145.977,138.092
236.899,221.221,146.309,138.915
236.066,222.120,147.346,140.713
247.588,216.951,147.043,140.257
245.852,218.297,145.781,142.296
246.962,217.272,144.683,143.041
248.866,216.619,143.652,143.928
249.702,222.202,142.111,144.247
254.744,224.752,141.287,143.933
256.232,223.445,140.197,142.875
255.858,224.363,138.986,141.136
256.562,225.154,138.543,140.114
257.688,225.969,138.432,139.063
260.054,228.336,139.113,138.847
258.608,227.420,139.324,139.408
264.865,231.807,139.323,138.177
264.965,234.439,140.276,138.351
265.016,237.205,142.702,139.586
262.772,231.664,143.507,139.885
256.252,233.894,144.898,140.405
252.362,232.739,145.278,141.040
253.589,232.502,146.132,141.879
250.603,228.515,146.769,142.784
255.451,233.373,147.964,142.976
253.440,231.914,149.701,143.751
254.538,229.464,151.414,144.709
252.486,229.608,152.365,145.133
251.627,232.163,154.120,145.742
244.731,229.535,155.094,148.173
247.017,227.032,155.397,149.492
247.404,228.392,156.742,151.310
244.863,224.050,157.273,151.393
243.861,224.632,157.827,151.682
245.052,224.172,158.081,151.550
240.560,224.582,159.969,151.954
239.520,221.202,157.590,151.289
239.917,222.716,158.118,151.227
239.162,220.569,155.981,149.192
238.099,221.063,155.955,148.803
238.686,226.733,159.165,148.101
238.812,225.832,162.042,150.287
233.692,224.905,165.270,152.591
232.941,223.099,168.065,155.346
235.220,223.264,168.275,156.522
235.509,223.907,167.597,156.758
235.219,222.553,167.326,157.464
237.243,224.113,167.033,157.544
238.067,223.484,160.840,157.462
241.655,222.269,155.881,156.030
244.680,220.582,150.145,154.649
245.010,221.969,146.983,154.420
248.355,227.355,144.391,153.668
248.804,227.785,140.698,153.500
252.500,229.496,140.693,155.607
252.677,229.016,138.562,154.788
255.674,228.609,139.537,155.410
257.316,228.113,140.988,156.950
248.926,217.087,142.538,156.954
246.355,207.148,143.275,155.187
247.479,207.017,143.518,152.696
248.710,206.150,143.192,151.101
248.434,206.312,143.219,150.389
248.447,207.158,143.670,149.386
247.333,208.241,144.078,149.395
247.004,212.016,145.066,149.513
248.155,212.545,145.387,150.927
248.078,203.223,145.381,149.132
248.226,204.609,145.290,148.162
248.173,205.979,144.374,146.251
248.562,213.787,144.735,147.919
250.288,210.643,144.679,149.324
251.601,209.961,145.309,152.482
256.365,218.371,146.987,156.394
248.824,201.363,148.264,157.820
252.313,208.110,150.164,160.962
245.677,201.378,152.066,161.161
251.651,207.439,153.568,163.132
255.151,212.128,155.718,166.303
254.629,220.649,158.034,170.303
259.115,219.488,160.583,173.999
267.857,222.509,164.080,177.902
263.738,226.259,167.269,182.849
320.272,311.700,178.508,171.427
336.940,319.407,196.531,161.196
329.198,326.784,215.096,152.225
325.444,332.651,231.641,146.241
323.638,334.088,245.086,141.397
319.845,336.053,254.288,137.105
316.629,336.367,264.512,132.330
309.889,344.158,269.857,131.865
307.782,337.527,276.900,127.834
306.988,343.128,280.258,127.787
305.771,341.378,283.501,126.175
302.647,343.357,284.896,124.821
300.797,339.556,287.407,122.259
302.695,343.295,289.028,121.982
302.871,348.391,289.823,123.769
304.959,347.636,290.249,125.519
305.598,346.080,290.516,126.759
304.164,352.385,289.376,130.267
302.332,348.296,288.953,134.173
302.505,347.211,291.451,135.375
304.468,347.907,292.116,137.809
294.987,343.373,291.690,137.964
294.485,349.984,288.914,143.725
298.021,346.019,287.768,144.670
296.768,343.253,288.859,145.811
297.698,341.959,291.685,148.131
297.543,341.512,295.778,149.809
298.695,341.087,297.339,152.537
296.699,341.147,297.480,153.021
297.147,341.255,295.902,153.694
296.894,341.951,294.754,154.159
296.721,341.800,292.956,153.604
289.965,340.110,296.676,155.844
282.624,306.836,287.980,168.762
292.663,295.932,282.216,179.275
281.503,283.130,279.327,188.786
288.183,286.822,277.639,199.313
301.609,302.258,274.660,205.298
307.560,303.924,269.758,208.583
308.458,295.234,265.731,213.543
306.061,294.193,264.684,217.314
304.194,292.305,265.281,220.933
304.960,290.809,265.111,223.872
306.769,294.386,264.553,224.688
309.178,294.896,263.621,225.856
318.311,301.824,259.197,223.414
318.118,296.208,258.765,223.158
314.540,289.707,257.389,224.985
320.992,292.503,256.144,225.849
320.594,295.183,254.752,225.512
321.322,294.953,252.648,225.246
321.868,293.173,250.562,225.486
322.022,301.090,249.214,223.870
328.260,300.528,249.276,223.289
324.809,300.468,250.357,222.122
321.480,299.436,251.704,220.934
322.048,297.449,252.331,221.746
316.494,292.109,252.378,223.747
317.323,291.862,253.798,225.313
313.665,290.822,255.448,226.133
308.429,293.988,257.195,226.439
296.633,279.558,259.588,230.523
289.841,272.994,263.011,233.504
288.395,271.643,266.463,234.937
265.572,256.861,269.639,237.869
279.864,263.322,275.846,241.389
271.228,261.762,281.139,243.371
251.801,256.299,286.489,245.957
261.456,259.354,290.607,246.831
257.405,260.478,295.041,246.635
271.784,265.973,296.777,245.181
255.881,259.056,300.616,245.888
246.300,256.319,305.663,247.498
247.306,254.664,311.080,247.896
249.407,257.475,315.363,247.093
256.483,262.838,316.388,246.332
250.125,262.551,317.944,244.819
248.855,243.464,318.634,237.437
256.373,254.921,317.584,234.099
240.226,246.037,317.590,233.207
260.126,263.735,316.440,232.606
255.010,267.182,314.653,234.330
263.682,266.706,313.236,233.817
250.135,253.765,312.466,233.106
253.389,262.297,312.079,232.367
267.801,265.690,311.748,233.322
273.584,266.502,308.590,234.963
270.566,254.757,307.891,232.796
268.162,254.928,305.984,234.403
273.934,264.669,305.142,233.233
259.753,235.015,306.576,227.630
267.501,239.064,304.847,222.001
261.820,241.971,305.613,219.557
253.170,226.980,303.168,216.451
263.739,240.712,301.283,212.140
258.810,234.840,300.429,208.753
272.674,252.008,297.234,205.531
256.688,226.804,295.728,202.424
265.302,235.145,295.372,199.490
259.451,231.388,291.188,195.851
269.153,235.748,290.173,190.930
275.696,245.491,289.958,186.767
277.648,258.702,288.589,186.051
272.413,247.736,289.770,181.541
280.038,265.146,289.388,180.910
277.779,261.884,288.066,176.114
276.425,262.062,288.135,171.324
280.340,266.387,287.906,167.228
105.908,273.087,282.164,167.639
99.158,313.785,276.242,181.058
96.533,309.533,275.372,190.595
91.910,302.689,275.558,199.224
85.411,301.057,277.924,205.918
84.190,298.161,280.467,212.677
80.919,293.905,282.757,217.671
82.553,291.575,283.311,220.976
79.107,287.940,284.712,223.844
85.213,290.528,282.205,223.820
84.715,293.876,280.180,222.220
84.866,295.661,278.862,220.647
86.112,297.899,278.698,219.213
85.164,298.311,277.050,217.044
85.462,299.743,276.761,217.558
86.007,301.331,276.861,215.983
87.196,299.797,275.978,215.564
90.033,303.798,273.855,213.599
93.086,304.197,270.253,211.119
97.421,306.198,267.227,210.602
94.112,303.896,267.407,210.038
95.083,306.286,267.035,208.882
96.109,306.484,265.751,208.478
96.001,304.029,264.772,208.627
101.997,307.371,262.506,207.898
93.840,306.273,266.388,208.381
91.091,307.110,269.502,208.265
89.413,305.206,271.515,207.554
87.078,304.163,273.971,209.830
81.779,297.786,276.271,212.351
83.645,293.688,278.196,217.910
78.728,288.320,279.788,221.358
81.652,284.520,279.436,224.029
76.938,279.001,282.819,229.047
74.649,273.113,286.324,234.958
70.999,270.370,289.631,238.473
68.176,268.808,293.368,240.774
68.619,273.148,295.352,241.058
69.753,273.361,296.467,240.375
69.236,275.565,297.973,239.085
5.737,274.297,302.416,241.774
61.798,240.030,310.777,246.648
172.434,215.820,299.013,254.462
181.207,201.191,287.444,256.287
194.336,204.799,276.402,257.775
198.023,192.601,269.091,252.989
200.215,190.896,265.266,249.712
196.180,193.300,263.011,247.612
197.574,187.616,259.128,244.164
205.062,214.624,254.387,246.810
205.257,205.779,250.281,248.620
205.920,194.021,244.624,244.294
205.080,196.488,240.357,241.780
207.258,190.652,236.849,238.845
211.767,195.664,233.978,233.324
212.809,197.038,230.350,228.156
215.102,199.669,227.062,224.251
211.258,199.531,222.557,218.645
213.385,203.007,219.163,214.965
220.012,203.289,215.731,211.090
220.950,204.340,211.442,207.427
222.742,204.012,207.060,203.477
223.454,206.389,201.027,198.371
222.621,209.129,197.184,195.667
222.215,210.388,193.317,192.855
225.951,212.212,191.017,189.844
224.417,212.727,189.488,187.268
224.210,212.724,189.172,185.564
219.552,210.731,188.832,182.676
218.118,216.839,189.117,179.019
219.350,216.503,189.454,176.730
215.676,217.242,189.258,174.289
217.862,218.961,189.816,172.311
222.664,220.214,188.547,170.926
223.214,216.840,185.827,170.003
225.090,216.669,182.884,167.370
225.315,217.918,179.310,165.220
225.914,215.460,176.270,162.945
237.772,210.779,175.401,164.764
232.877,213.243,175.124,165.557
240.737,211.927,175.562,167.391
237.483,212.346,175.150,168.001
235.744,212.372,174.819,168.598
242.096,212.267,175.290,169.143
237.839,211.123,175.254,168.938
235.732,213.081,175.315,169.271
234.171,216.639,175.081,169.429
235.033,214.282,174.781,169.280
232.998,213.076,174.935,169.922
234.549,217.272,173.759,169.422
233.785,216.977,172.395,168.970
234.069,217.436,170.973,168.422
236.581,217.147,170.299,167.792
236.797,216.291,170.243,167.017
237.049,217.171,169.990,166.080
236.742,216.587,169.386,165.360
238.855,216.522,169.159,165.178
238.178,215.812,169.357,165.253
236.506,216.665,170.286,166.199
245.394,216.319,171.720,166.475
240.465,214.918,172.981,167.035
238.958,218.696,173.866,167.513
241.145,216.828,174.333,167.812
241.022,214.614,175.210,168.228
235.911,214.371,175.572,168.918
232.189,212.595,176.987,169.837
231.264,213.393,178.111,170.394
226.049,213.075,178.858,170.780
222.815,214.974,180.224,171.259
224.638,212.703,180.912,171.174
225.135,212.486,181.734,171.319
223.514,213.274,183.312,171.207
214.832,211.553,186.323,170.509
217.070,214.979,185.332,169.911
216.269,215.578,184.930,168.673
217.869,216.261,183.445,167.165
210.121,216.055,182.312,165.376
212.284,220.878,179.124,162.491
214.593,223.690,174.873,158.466
216.614,223.706,171.042,156.526
220.584,225.368,167.464,152.737
220.933,224.978,165.570,150.843
224.619,225.767,164.025,148.928
227.055,226.442,161.799,147.365
228.839,227.431,159.943,145.554
234.287,221.372,156.328,143.654
236.922,223.146,153.417,142.788
239.984,223.329,150.824,142.555
244.260,223.988,146.238,141.219
244.826,222.559,143.338,139.646
247.783,223.861,139.661,138.879
247.886,224.781,137.667,138.448
247.516,223.415,137.160,137.956
247.928,223.531,136.251,138.085
249.839,223.251,135.502,137.952
250.699,223.048,134.439,137.171
251.193,222.904,134.373,136.542
251.228,223.908,135.110,135.972
251.459,224.405,135.601,136.469
253.805,224.286,134.859,136.328
250.756,224.201,135.522,136.962
250.268,223.905,135.531,137.358
249.493,223.571,135.413,137.739
250.263,222.810,134.754,136.813
251.089,224.083,134.260,136.626
250.780,224.946,132.835,136.917
249.812,226.270,132.438,138.534
249.869,224.415,132.504,139.997
252.042,225.670,131.668,140.026
253.774,223.868,131.835,140.322
251.671,221.979,133.077,140.239
250.892,218.127,132.094,138.763
251.874,216.366,130.872,137.352
249.887,220.282,130.387,136.992
252.358,218.446,130.353,136.829
251.909,220.382,130.683,137.192
252.275,217.215,131.390,137.045
250.954,218.926,132.242,137.953
251.528,217.984,132.760,139.312
249.073,223.605,133.531,140.648
247.163,221.934,134.215,142.005
248.504,223.219,133.882,143.015
249.737,223.416,134.399,143.779
249.037,223.345,134.831,144.318
247.573,223.344,136.255,145.575
244.947,224.122,137.192,146.446
255.548,231.449,141.535,148.483
248.426,227.811,144.116,149.905
249.530,226.977,146.721,151.332
254.792,223.073,151.150,152.556
253.203,223.988,155.349,153.480
253.176,223.680,158.994,154.624
247.859,221.800,161.246,155.721
248.077,221.852,166.439,156.585
245.031,220.817,169.493,158.023
246.381,220.327,173.452,159.920
245.308,222.452,175.686,159.877
235.350,221.271,175.152,161.753
234.493,222.682,171.634,162.224
236.073,220.212,168.664,162.989
239.876,218.905,164.553,162.282
242.883,221.873,162.441,162.637
240.608,221.741,161.717,162.734
239.059,221.578,161.444,163.370
239.947,220.905,160.891,163.378
238.472,220.087,160.365,163.540
239.980,218.800,159.302,163.099
239.052,220.414,159.127,162.687
239.742,220.349,159.180,163.021
240.448,220.611,159.431,163.415
242.638,222.073,159.809,163.117
240.614,223.351,159.224,163.007
241.680,223.826,159.526,162.200
242.862,225.739,159.050,162.603
243.784,223.876,158.202,162.815
243.967,221.315,159.621,163.376
243.614,219.470,158.710,162.423
243.820,221.257,159.990,162.746
242.483,222.496,159.844,161.514
242.679,223.595,160.023,162.145
241.051,221.603,158.957,161.589
241.843,223.107,159.753,163.318
241.034,223.441,160.003,164.303
241.774,224.968,160.922,164.398
243.585,224.284,162.119,164.641
241.551,223.282,160.760,165.131
242.076,221.111,159.251,165.235
241.437,221.649,158.886,165.596
240.753,222.159,158.360,165.622
240.187,220.328,157.779,165.622
238.517,220.327,157.805,165.503
239.593,220.879,158.233,165.617
235.870,218.913,159.684,166.271
238.204,215.476,158.247,167.515
237.883,216.237,158.682,169.122
234.259,217.201,160.098,170.600
232.516,213.597,160.421,172.419
244.395,214.988,162.109,174.476
241.576,214.022,162.838,176.155
239.650,215.558,164.149,177.344
237.873,215.344,164.894,178.492
239.870,215.229,166.341,179.636
238.343,210.585,167.589,180.563
237.673,209.117,168.758,181.468
237.552,209.357,169.766,181.996
236.307,208.402,170.874,183.132
234.636,207.161,171.983,184.007
232.458,207.616,173.294,185.333
231.915,208.685,173.954,185.956
232.749,206.452,174.081,186.485
232.052,206.147,175.156,187.400
230.609,207.097,175.702,187.958
231.819,206.709,175.653,188.385
230.847,204.788,176.204,189.301
232.259,206.893,176.209,188.780
232.491,206.508,176.314,189.088
231.617,206.450,176.656,189.492
233.046,206.196,177.262,189.669
234.373,206.923,178.289,190.332
232.145,208.167,180.048,190.954
232.310,207.410,181.893,192.072
230.259,206.383,183.078,193.267
229.686,204.148,184.362,194.278
229.903,206.895,185.449,195.528
229.329,205.767,186.347,196.697
227.946,206.920,187.024,197.565
224.686,205.689,188.013,198.488
222.052,203.351,188.242,198.994
220.684,201.990,188.872,199.862
227.333,199.986,190.749,201.487
222.238,207.844,191.402,202.799
222.288,206.893,191.970,204.188
220.857,206.452,192.670,205.555
228.270,201.976,194.551,207.368
223.254,207.400,196.112,208.655
222.014,204.003,197.159,210.455
225.389,206.710,197.786,211.246
223.179,206.565,197.814,211.846
223.938,208.391,197.544,212.458
224.768,205.203,197.567,211.507
224.657,208.031,198.063,211.549
227.007,208.635,197.237,211.221
227.598,204.599,196.231,211.585
226.393,205.268,196.105,212.414
226.773,205.938,195.528,212.561
227.243,202.654,194.036,210.354
227.611,203.658,192.623,208.559
230.064,203.565,190.469,207.050
229.675,204.228,189.178,205.438
227.984,201.630,188.260,205.278
228.286,202.141,188.371,204.304
230.367,205.884,188.069,202.554
231.901,204.044,187.478,200.564
234.067,202.623,188.879,200.726
234.729,203.186,189.448,200.704
235.740,201.855,190.200,200.898
235.425,206.135,191.010,201.626
231.576,203.797,192.126,203.078
228.914,199.572,193.015,204.667
230.460,196.996,193.172,206.000
233.700,195.476,193.781,206.762
226.458,193.148,195.462,208.536
229.133,193.859,194.688,209.020
232.531,195.343,195.762,210.227
231.127,197.090,196.362,209.295
229.913,197.652,193.992,207.563
230.124,197.828,192.011,206.472
229.853,197.120,190.308,204.951
233.264,198.897,190.184,204.715
237.694,202.405,190.028,203.136
237.243,201.671,190.289,202.421
236.559,203.101,190.680,202.147
235.893,202.208,190.461,201.349
236.785,199.461,191.609,202.836
233.396,200.462,192.748,204.042
232.717,198.435,192.905,204.878
231.704,197.981,192.883,205.064
242.224,203.169,194.854,205.860
239.895,204.708,196.668,206.970
237.521,201.462,198.091,207.810
237.699,211.358,199.055,208.524
239.015,206.570,199.974,209.579
237.656,207.206,201.363,210.498
233.368,199.752,202.224,212.565
231.090,200.788,203.527,213.991
230.375,203.617,203.327,214.108
242.441,220.761,206.534,218.754
232.068,210.123,207.560,221.683
229.494,207.304,207.761,223.225
232.526,205.398,207.744,223.426
232.108,198.104,206.500,221.873
241.702,212.861,209.383,224.205
237.560,204.330,209.771,224.556
236.005,196.903,211.289,224.479
233.216,196.402,212.762,223.807
230.736,196.815,213.103,223.030
229.300,195.027,213.627,223.118
223.628,194.883,211.588,220.219
221.588,192.236,210.591,219.196
219.392,192.293,209.645,218.285
216.526,192.890,206.823,216.201
231.444,194.954,207.856,215.257
226.461,197.325,207.610,213.920
224.797,198.889,206.241,211.559
226.016,198.638,205.967,210.891
225.189,198.259,204.570,209.149
223.755,196.829,204.255,208.530
222.340,195.063,203.697,208.130
221.710,194.771,203.162,207.795
226.512,195.814,201.445,206.449
224.615,197.536,200.194,205.088
225.021,197.706,199.468,204.220
226.855,198.923,198.795,203.428
229.354,200.848,196.875,201.003
228.141,202.365,195.777,199.341
227.854,202.236,194.779,198.357
226.691,203.354,193.638,196.977
224.934,203.611,193.269,196.266
224.194,204.238,193.073,195.795
225.342,202.346,192.315,195.348
224.698,201.993,192.608,195.402
223.764,201.978,192.804,195.757
222.383,201.293,193.163,196.927
219.757,199.415,193.581,197.858
217.476,200.015,194.429,198.976
217.460,200.160,194.948,200.274
227.637,201.381,195.664,201.295
223.635,201.781,195.520,201.698
223.563,202.989,194.979,201.339
224.659,201.684,194.531,201.329
222.583,202.464,194.593,201.731
222.769,201.680,194.214,201.596
222.968,202.109,194.370,202.204
224.113,202.859,193.869,201.989
225.905,205.519,193.143,201.508
228.825,206.063,192.893,201.029
229.635,203.621,193.115,200.953
229.788,201.146,193.800,201.724
230.830,201.254,194.059,201.288
231.858,202.067,194.800,200.893
228.409,201.312,195.724,201.081
227.957,203.717,195.967,201.300
228.634,205.058,195.512,201.371
231.173,205.044,195.314,201.215
227.837,203.718,195.481,201.204
228.353,205.716,195.675,201.252
226.215,205.869,196.723,201.933
224.757,204.828,197.938,201.955
234.619,202.139,200.133,202.333
229.169,201.563,201.131,203.042
226.489,205.920,201.710,203.850
227.035,203.568,202.462,205.035
227.015,201.375,203.143,205.987
225.712,201.048,203.814,207.210
