168.000,233.000,18.000,16.000
165.392,230.758,18.198,16.326
164.004,228.354,18.831,16.683
162.386,225.800,19.554,17.109
160.073,223.817,20.075,17.745
158.690,221.464,20.340,18.030
156.748,237.531,20.708,18.739
155.460,248.321,20.666,18.520
153.722,244.553,20.661,18.543
152.829,242.343,20.505,18.551
151.345,240.198,20.876,18.650
156.267,238.044,21.840,18.789
155.254,237.460,22.101,19.368
155.258,237.116,22.264,20.021
155.494,236.567,22.403,20.643
154.880,235.690,22.613,21.270
154.011,235.405,22.891,21.877
153.843,235.159,23.214,22.526
154.243,234.563,23.449,23.108
154.144,234.041,23.759,23.712
153.414,233.506,24.135,24.311
153.408,233.199,24.477,24.980
152.906,232.810,24.892,25.624
152.994,232.108,25.297,26.242
152.139,234.554,25.765,26.833
151.925,234.145,26.230,27.434
151.892,236.542,26.694,28.048
151.844,236.277,27.233,28.622
151.070,235.239,27.730,29.229
150.198,234.441,28.225,29.794
149.688,237.108,28.822,30.403
149.515,239.857,29.365,31.131
149.628,239.499,29.971,31.735
152.345,232.823,30.324,32.317
151.600,230.871,30.783,32.913
151.216,231.835,31.433,33.587
151.075,235.022,32.107,34.264
150.957,233.890,32.746,34.996
149.889,232.949,33.354,35.690
148.866,232.042,33.981,36.404
147.864,231.146,34.651,37.157
146.777,230.363,35.326,37.955
146.034,229.142,35.928,38.713
145.199,227.843,36.524,39.476
144.108,227.469,37.324,40.255
143.445,227.262,38.145,41.075
143.126,227.517,38.997,41.942
142.942,228.044,39.860,42.878
142.020,228.362,40.652,43.648
141.268,228.594,41.416,44.445
138.699,233.200,42.339,45.126
136.500,233.455,43.284,45.792
134.897,233.222,44.200,46.626
133.399,232.807,45.110,47.526
132.096,232.678,45.998,48.443
131.060,232.549,46.859,49.359
130.350,231.955,47.706,50.280
129.574,231.481,48.593,51.250
129.030,230.421,49.396,52.219
128.621,229.361,50.217,53.200
127.878,228.086,51.155,54.292
126.791,226.484,52.141,55.405
126.044,224.887,53.083,56.583
126.090,224.078,54.002,57.717
125.957,223.288,54.895,58.901
125.757,221.970,55.772,60.060
125.682,220.297,56.693,61.240
131.624,218.623,57.616,62.529
131.291,217.772,58.581,63.893
130.208,216.517,59.670,65.279
130.473,214.482,60.618,66.784
129.678,212.149,61.708,68.239
129.128,210.430,63.030,69.653
134.705,208.533,64.372,70.982
134.361,205.728,65.685,72.433
131.620,203.087,67.276,73.964
128.482,200.673,68.954,75.637
127.157,198.487,70.376,77.186
125.505,195.984,71.706,78.730
124.230,194.000,73.028,80.446
121.995,192.661,74.454,81.884
119.011,190.567,76.219,83.304
116.231,188.318,77.822,84.971
113.346,185.818,79.499,86.594
110.488,183.419,81.214,88.330
108.221,180.847,82.779,90.110
105.673,178.404,84.349,91.896
103.656,175.673,85.896,93.808
100.535,171.978,87.690,95.764
98.665,167.095,89.466,97.718
96.903,161.036,91.244,99.443
94.844,157.827,93.093,101.367
93.687,153.208,94.834,103.229
91.105,145.073,96.818,104.607
89.609,130.769,98.851,106.108
87.961,119.858,100.691,107.295
87.726,116.986,102.675,107.960
86.451,113.149,104.553,109.215
83.420,110.953,106.210,111.174
80.202,109.059,107.754,113.395
79.865,117.632,109.605,113.924
80.194,121.746,111.609,114.970
80.579,124.008,113.286,116.053
80.614,127.244,115.025,117.238
81.534,121.904,116.456,119.409
79.040,118.454,118.170,121.248
78.911,114.027,119.641,123.764
80.127,112.406,121.222,126.566
79.756,121.511,123.544,127.519
77.999,125.870,125.853,128.945
75.055,129.767,128.244,130.495
73.581,133.217,130.295,131.890
73.286,121.886,132.133,134.579
74.779,104.604,134.089,137.113
72.930,111.117,135.931,140.708
73.188,107.437,137.865,143.245
70.803,103.647,139.737,146.060
67.666,105.785,141.875,148.813
63.915,120.864,144.222,151.140
64.590,132.505,146.698,152.722
65.864,136.661,149.198,155.547
64.940,140.713,151.826,158.491
70.022,160.252,154.586,162.357
72.937,177.166,157.356,166.364
72.335,192.433,160.227,170.147
70.737,190.532,163.113,173.816
69.976,189.822,166.352,177.584
70.811,191.503,169.641,181.635
70.230,192.390,172.918,185.025
72.146,191.434,176.351,188.531
69.002,191.894,179.790,191.948
70.229,191.982,183.515,195.414
67.100,192.966,187.082,198.844
65.947,192.841,190.661,202.481
68.187,191.642,194.520,206.558
72.538,189.628,199.062,210.448
56.704,188.361,202.293,214.376
60.618,183.445,205.763,218.524
64.258,180.564,210.008,222.823
74.579,176.283,215.340,226.856
85.327,171.949,220.665,230.494
105.157,167.619,227.255,233.214
206.840,138.776,228.310,236.115
220.941,134.607,229.504,238.607
221.852,118.282,230.699,238.692
222.436,125.141,231.593,238.981
221.782,123.197,232.526,240.310
218.741,121.181,232.648,241.781
217.408,124.073,233.764,243.049
217.318,123.533,234.845,244.163
215.588,123.723,236.577,246.178
217.948,123.526,237.876,248.016
216.427,124.528,237.714,249.384
215.639,128.454,239.163,250.246
215.335,126.884,240.184,251.698
213.552,129.079,241.874,252.555
214.834,128.157,242.248,254.266
213.752,127.272,242.921,256.016
212.032,129.290,244.572,257.204
213.959,130.656,244.444,258.134
224.863,131.689,245.189,258.682
215.892,129.769,245.961,259.518
214.958,131.730,246.029,259.757
218.223,129.970,246.082,260.482
219.465,128.221,244.997,257.397
220.651,131.620,243.440,255.441
221.315,132.491,242.113,254.562
221.706,135.385,241.555,253.840
215.755,130.149,241.050,252.980
220.484,131.222,239.574,250.300
218.890,129.804,239.757,248.318
219.066,136.998,239.688,245.493
218.754,136.314,239.498,244.260
216.324,141.616,239.283,243.106
218.073,135.058,238.325,243.345
221.690,133.136,237.563,242.369
219.597,129.717,237.145,242.419
216.099,127.195,236.551,242.582
220.029,123.143,235.396,242.053
215.569,135.588,237.098,243.976
218.034,128.127,239.401,244.119
209.581,125.839,241.785,244.878
211.683,129.888,242.556,244.740
208.957,133.296,244.334,245.489
210.113,128.008,245.902,246.904
210.451,132.080,247.007,247.127
209.710,126.640,247.010,247.656
203.919,124.434,246.860,248.307
205.819,117.231,247.705,248.945
209.316,114.764,248.314,249.021
209.775,115.996,248.553,249.763
205.544,113.958,248.407,249.438
200.883,116.681,247.725,249.700
203.530,111.502,245.849,250.141
205.770,116.379,246.180,250.718
205.832,116.287,244.940,250.253
205.023,108.038,243.488,249.663
205.269,115.607,244.265,248.619
207.128,112.581,243.432,248.142
206.796,112.991,243.251,248.545
210.486,112.091,241.480,248.356
211.200,111.546,239.612,248.292
208.684,112.345,238.103,247.838
211.669,112.678,237.020,247.208
209.232,112.828,236.462,245.845
209.049,107.852,235.537,244.489
208.542,110.322,235.441,243.676
211.730,112.057,235.939,242.833
209.496,116.718,236.774,243.207
211.712,119.431,236.771,244.312
215.675,119.892,236.458,245.187
216.555,118.093,235.888,246.727
218.720,117.925,235.484,246.995
218.999,117.920,235.531,248.246
220.079,118.009,235.124,249.290
221.867,117.465,235.372,250.424
218.474,115.622,235.897,251.296
221.003,119.835,235.802,251.066
217.899,122.166,236.419,251.830
217.576,121.494,236.844,252.293
214.597,119.814,238.194,253.408
216.687,115.084,238.472,253.834
216.695,118.501,239.288,253.755
218.685,122.950,240.815,254.267
216.501,125.565,241.825,254.455
217.747,118.318,241.733,254.053
216.418,127.648,243.004,253.637
214.782,120.687,242.867,253.730
214.933,131.363,240.808,249.699
214.675,139.145,240.569,245.011
216.192,142.312,239.679,241.291
217.940,142.622,236.900,237.839
219.004,144.795,235.139,236.289
220.983,142.279,232.344,235.242
220.469,142.577,230.276,232.925
220.809,142.186,227.434,231.606
218.166,142.331,226.015,229.528
220.370,143.215,225.113,226.875
221.665,142.689,222.997,223.151
222.671,144.507,220.371,220.061
226.194,136.483,217.546,219.192
227.325,136.421,215.846,218.213
228.519,131.024,214.005,218.652
228.009,135.040,213.816,218.476
228.531,134.509,212.050,218.445
229.076,135.457,211.253,218.617
229.969,132.449,209.744,218.475
231.952,133.867,208.864,218.510
232.774,137.357,208.439,217.266
232.276,141.338,208.114,215.650
235.137,141.943,207.451,214.970
234.081,140.742,207.488,216.144
234.621,145.622,207.270,216.874
231.068,144.183,207.618,218.526
229.149,146.200,208.826,219.088
227.388,143.526,209.989,219.140
230.002,142.689,210.743,219.769
228.694,145.691,212.054,220.668
228.425,141.678,212.591,222.963
229.378,144.162,213.665,223.859
229.237,141.839,214.646,226.053
227.433,146.233,215.102,226.984
227.494,145.310,215.491,228.570
225.989,147.056,215.822,229.525
223.570,155.095,215.696,226.888
224.708,156.446,214.237,224.125
227.487,157.116,212.755,221.509
229.635,158.814,211.377,218.972
232.154,160.680,209.917,217.286
232.320,162.130,208.443,215.943
221.675,171.958,206.955,211.677
228.234,172.294,204.733,208.145
225.150,174.766,202.847,204.386
226.236,176.897,199.837,200.687
225.028,182.105,197.466,196.279
226.391,180.197,197.724,194.800
229.178,175.111,195.034,192.740
229.182,178.946,193.635,190.833
230.894,177.064,192.650,189.628
231.554,173.636,192.090,189.803
233.544,172.812,190.153,189.243
234.536,174.712,188.844,188.882
233.044,171.764,188.312,189.210
233.283,176.684,188.166,187.648
236.246,171.895,188.578,187.675
233.825,170.308,188.292,186.671
230.288,162.246,185.386,185.576
243.718,157.106,181.882,184.055
243.645,157.826,179.714,182.717
242.467,156.860,179.834,180.868
242.423,159.158,179.191,179.514
244.479,162.449,179.134,177.611
242.581,169.482,178.789,176.609
247.013,169.869,177.929,175.962
245.333,169.134,178.490,177.452
245.302,170.430,178.486,178.474
246.373,164.156,179.215,180.701
244.681,165.211,180.186,182.330
245.346,163.781,181.442,182.933
243.048,166.064,182.272,183.569
241.969,155.543,182.542,185.398
246.455,155.820,183.561,188.274
233.423,155.233,187.220,189.352
236.725,160.545,189.632,190.423
236.937,160.471,191.999,193.156
236.601,156.855,194.622,195.343
237.960,157.151,196.919,197.805
235.409,157.348,200.332,200.249
230.332,156.092,204.330,202.570
228.679,153.545,206.897,204.490
225.006,144.297,208.947,205.780
223.682,137.284,210.364,207.230
220.003,138.317,211.376,209.458
220.106,134.107,211.235,211.577
220.611,139.369,212.404,212.050
221.128,138.068,212.560,213.266
221.926,137.445,212.652,213.994
224.846,139.726,213.200,215.452
223.267,140.104,213.073,216.745
223.594,140.943,212.658,217.657
227.638,139.698,212.811,218.799
229.124,137.214,213.630,220.591
228.993,133.338,213.932,221.079
233.201,135.690,214.299,221.128
231.072,139.359,215.397,223.170
229.612,136.622,215.693,224.848
231.003,138.419,215.270,225.233
230.413,138.194,214.511,225.973
226.470,135.167,214.436,227.059
226.645,133.145,214.308,227.474
228.253,131.695,214.271,227.645
227.975,131.267,214.397,227.511
226.467,130.574,213.587,227.264
225.843,132.320,213.099,227.088
224.482,137.522,212.281,225.833
230.112,136.738,211.742,224.858
231.994,130.192,210.993,225.248
230.235,135.088,210.752,224.929
231.849,137.331,210.598,224.882
230.728,132.385,210.542,225.159
232.037,133.260,210.643,224.860
231.472,129.438,209.504,224.705
230.800,128.581,206.694,220.667
235.165,132.877,203.441,216.074
240.359,134.491,200.861,212.583
238.116,140.153,198.341,209.280
239.181,144.112,197.797,208.520
238.533,152.459,199.916,208.571
231.914,145.342,201.525,209.873
233.800,138.255,203.714,211.414
234.426,136.105,204.942,213.122
232.510,137.569,206.370,213.583
225.973,143.034,208.373,213.863
223.465,145.363,209.750,213.868
223.438,148.195,210.234,213.236
224.546,146.866,210.570,214.352
223.622,141.679,211.688,215.126
225.877,140.183,212.464,215.923
226.982,144.488,214.137,216.678
227.668,143.972,215.013,217.221
224.142,145.345,214.914,217.762
225.295,146.872,215.147,216.847
225.043,147.150,214.846,217.541
228.976,145.395,213.862,217.954
227.520,149.028,214.068,217.456
227.139,146.584,213.309,218.707
225.811,151.345,213.417,218.775
228.866,149.727,212.473,219.452
225.823,154.760,212.701,219.039
227.259,156.293,211.744,217.842
230.456,155.630,210.457,217.345
229.832,155.929,209.511,216.738
229.265,153.687,211.622,217.687
226.804,156.426,212.344,217.620
229.688,152.557,212.325,218.449
229.413,154.599,213.791,218.344
223.821,149.578,213.048,217.635
222.069,152.956,212.173,216.538
223.222,155.879,210.884,215.499
212.902,145.053,212.139,215.611
216.937,154.402,212.781,212.489
225.436,152.251,214.679,211.811
223.174,157.875,215.916,211.354
221.412,157.496,216.180,210.910
224.816,145.467,217.018,210.819
223.011,139.131,217.504,211.065
221.455,143.219,218.833,210.946
220.817,141.201,219.654,210.194
219.866,146.090,220.922,210.837
220.643,139.170,220.314,210.060
221.620,138.118,219.656,210.992
222.375,139.986,218.959,211.255
222.990,145.462,219.477,211.836
222.053,145.010,218.717,212.332
222.796,146.225,216.687,212.379
226.737,135.805,213.254,214.222
228.397,140.055,212.015,213.663
227.856,139.409,210.710,214.851
227.039,142.033,212.507,217.214
226.807,135.504,212.686,219.139
231.039,141.611,211.080,218.874
234.296,142.585,210.384,219.491
234.807,144.021,209.517,219.127
235.157,149.646,207.515,216.704
233.907,153.499,204.700,214.523
235.089,157.817,200.047,211.384
237.136,162.530,197.465,208.111
242.810,152.485,195.767,208.261
241.361,155.768,196.438,208.511
243.936,154.771,198.304,210.083
241.929,154.656,199.445,210.201
239.695,155.139,201.065,210.495
238.710,157.565,201.474,209.991
238.856,159.077,203.256,209.209
237.016,155.089,202.021,207.892
237.871,155.733,202.305,207.537
238.198,155.791,203.155,207.299
238.673,148.922,202.733,206.909
237.479,152.011,204.369,207.669
235.486,152.591,205.650,208.016
239.080,146.312,206.757,209.180
237.818,148.228,207.511,208.950
234.755,153.602,207.306,207.482
236.814,153.779,206.594,206.938
232.605,160.904,206.733,206.524
231.360,162.315,206.468,205.375
231.473,159.866,207.743,204.909
232.340,158.289,208.682,205.071
231.127,156.116,210.335,205.222
230.665,156.190,212.245,205.624
230.204,154.446,213.083,205.714
230.248,157.435,214.130,205.785
229.780,157.264,213.368,204.659
229.477,159.166,213.475,204.743
232.054,159.708,213.828,205.332
230.814,158.673,213.761,205.687
236.156,159.377,214.564,205.683
236.114,156.953,215.597,205.695
234.674,158.216,217.479,207.038
237.146,155.541,219.617,208.619
234.157,153.808,221.525,211.256
228.534,157.302,220.276,209.315
230.838,143.447,216.415,211.247
233.560,148.324,213.649,213.112
225.677,152.768,210.912,209.868
227.093,158.048,207.826,207.467
227.575,157.156,204.389,206.203
229.260,162.264,201.195,204.795
229.749,167.514,199.043,201.890
232.735,161.460,197.713,200.383
233.068,153.306,195.806,201.962
234.563,148.027,193.520,202.738
234.039,154.001,192.358,201.367
236.225,154.099,189.438,198.130
236.656,165.430,187.998,196.536
233.025,174.878,188.280,195.375
233.214,178.026,187.739,196.373
236.704,174.219,185.497,197.858
234.999,173.130,184.437,198.378
235.036,175.810,183.026,196.372
236.959,168.043,182.262,196.909
239.267,160.472,182.548,197.308
241.188,154.767,183.186,198.557
242.301,153.301,184.283,198.967
237.861,166.507,184.427,195.183
236.330,167.910,182.554,191.820
235.957,173.011,181.176,188.325
238.057,177.148,181.886,187.079
239.888,173.738,182.061,185.158
237.271,178.159,180.945,183.949
238.020,176.487,180.447,184.727
239.614,170.970,180.025,184.204
239.963,170.151,180.966,183.743
243.138,170.378,181.027,184.212
239.902,171.582,181.838,185.963
238.589,170.592,181.963,186.247
242.185,162.074,181.561,187.086
241.052,167.274,181.502,186.092
243.098,170.588,180.776,184.942
242.853,171.994,180.165,183.450
244.219,159.959,179.520,183.175
243.333,164.053,178.433,181.339
244.336,163.376,177.583,180.694
244.406,161.907,177.136,180.771
247.129,165.813,176.928,180.695
248.023,163.788,177.915,181.853
246.970,162.641,178.859,182.251
247.163,163.958,179.754,182.160
247.812,165.440,179.010,182.090
249.954,165.979,177.417,180.795
247.418,168.618,175.137,178.308
250.882,169.626,174.050,177.778
248.296,172.697,173.394,176.575
248.297,168.721,173.101,177.563
249.445,165.367,173.387,178.756
251.954,164.468,172.572,180.980
250.476,166.493,170.682,181.026
245.867,165.984,171.104,183.768
243.567,168.798,173.359,185.972
243.514,168.009,175.296,188.434
242.395,167.177,177.482,191.618
240.497,165.834,177.835,192.425
241.623,164.490,179.652,194.897
233.423,155.188,183.616,197.286
236.106,151.842,187.335,197.432
239.938,146.241,190.095,196.872
237.985,151.340,193.228,196.605
237.057,152.106,195.236,196.543
235.293,156.886,197.232,195.925
235.244,157.309,199.408,195.980
232.735,159.822,201.584,196.988
234.732,155.208,202.585,197.624
231.927,156.719,202.401,197.447
231.301,156.464,203.371,198.654
229.639,158.941,204.412,199.898
226.867,157.373,205.409,201.352
232.292,151.772,207.279,202.685
230.643,154.506,208.951,204.027
233.021,151.732,210.630,206.642
231.219,154.175,212.857,207.533
228.089,158.244,213.375,207.711
229.127,159.284,213.867,208.548
228.451,155.125,214.727,209.141
226.129,153.065,216.280,209.998
225.156,153.478,217.146,211.043
224.736,158.261,217.662,211.537
225.337,156.297,218.749,212.225
224.164,154.705,219.143,213.181
223.329,146.789,219.556,212.642
222.894,145.142,219.942,212.040
221.459,145.735,220.467,210.916
223.034,146.240,220.374,210.271
222.167,147.530,219.729,210.547
222.501,147.791,219.921,210.217
221.933,146.613,219.080,209.760
222.833,144.018,217.377,209.023
221.636,150.580,216.404,208.763
222.054,154.526,216.491,208.238
221.150,154.579,214.449,207.531
222.346,156.831,213.328,207.018
226.638,148.670,212.012,206.807
226.848,149.706,210.543,206.688
229.921,148.612,209.173,205.765
230.288,149.772,207.843,206.055
230.949,149.855,205.921,205.208
234.018,145.628,203.914,205.048
236.198,147.901,201.701,204.473
237.602,146.676,199.397,203.640
238.272,152.932,197.043,202.085
237.475,157.413,194.499,200.664
239.703,155.234,193.468,198.961
238.485,160.476,191.990,197.550
239.256,158.336,189.335,197.253
238.105,154.843,186.104,197.888
236.754,160.119,184.505,197.551
237.336,162.084,183.398,197.628
238.936,170.226,183.308,196.043
240.482,170.621,184.103,194.700
241.857,167.668,184.020,194.307
239.563,165.436,184.502,193.663
240.870,164.297,183.845,194.358
240.474,162.584,184.280,195.366
242.001,167.107,184.719,194.982
241.720,165.585,185.320,194.022
239.343,168.749,184.785,191.037
237.613,169.885,183.032,188.495
240.970,163.359,181.196,187.251
243.449,148.936,179.207,189.394
243.490,149.346,180.066,189.940
243.476,145.427,181.993,192.124
245.163,142.845,182.622,193.115
247.887,137.460,183.891,195.248
247.267,142.007,185.037,196.126
246.619,140.621,186.029,196.481
245.103,144.767,186.273,196.660
245.678,147.654,185.960,195.995
241.659,152.911,187.115,196.325
242.514,153.701,188.574,198.292
239.524,157.473,190.273,199.219
239.020,155.101,191.176,201.124
240.038,150.903,193.593,201.404
240.760,150.871,194.859,201.376
241.157,149.072,196.954,202.180
235.408,153.689,196.401,200.994
238.498,155.479,196.325,201.900
235.847,154.350,197.951,202.375
231.968,159.509,199.779,200.462
235.636,150.059,202.272,201.956
230.767,155.164,201.151,201.383
233.315,152.849,201.339,202.287
231.677,153.200,200.447,202.745
231.259,154.993,200.068,202.085
234.160,152.945,199.341,201.328
232.712,153.725,197.779,201.082
231.054,156.143,197.148,200.824
233.219,150.702,195.983,201.536
235.168,153.652,194.888,201.845
238.115,151.016,195.194,203.150
237.429,148.656,195.694,203.466
238.496,149.172,194.410,204.676
239.989,138.227,195.137,209.029
238.163,136.240,196.837,211.575
238.496,137.355,198.337,212.861
238.077,143.329,199.167,212.570
234.220,146.703,199.477,212.635
232.318,150.311,199.107,212.181
232.127,158.245,199.196,210.996
231.248,157.795,199.008,210.391
237.374,158.555,199.665,209.037
236.931,165.648,200.264,206.092
238.588,163.411,202.704,205.424
239.251,162.148,205.074,204.910
238.676,154.074,204.601,205.086
237.859,163.154,205.212,203.999
240.548,157.253,204.923,203.209
238.442,160.405,205.989,203.621
235.772,159.144,206.489,202.392
232.020,156.278,203.430,201.301
228.407,152.700,203.021,199.835
229.652,155.963,205.113,200.260
231.809,156.233,207.524,200.748
229.477,152.408,210.100,202.218
226.777,154.778,211.474,203.091
228.863,153.669,213.032,203.756
229.414,153.238,214.039,204.128
227.068,156.519,215.656,204.474
226.319,155.502,215.295,204.643
228.525,155.947,216.207,204.669
230.431,158.244,215.394,203.964
230.533,159.919,215.403,203.858
231.613,161.319,216.473,203.747
230.553,159.353,217.126,202.235
228.689,159.144,215.646,201.546
224.998,159.787,213.464,201.038
225.371,158.612,210.740,200.510
227.436,156.383,208.985,200.885
231.344,157.516,207.117,200.296
229.441,160.780,205.501,199.139
230.090,159.521,203.298,197.831
230.275,161.506,201.363,197.207
231.458,156.211,198.557,197.021
231.319,156.932,196.833,197.287
233.357,152.326,196.461,199.017
235.063,155.387,196.159,199.617
234.740,154.972,195.811,200.781
234.964,156.429,194.886,200.696
234.253,156.400,193.522,201.347
233.676,160.544,192.139,199.966
238.637,156.657,193.652,200.133
236.151,156.603,191.822,199.220
236.126,158.306,190.994,199.559
233.891,162.724,190.472,198.527
239.736,157.731,188.764,199.626
239.473,158.119,188.620,200.288
239.614,156.999,188.113,200.058
239.954,156.731,188.370,200.238
244.760,152.852,188.194,201.561
239.546,158.929,189.321,201.092
242.769,156.105,190.382,201.194
242.200,156.369,190.500,200.662
244.791,155.386,191.790,201.911
247.088,156.652,195.266,202.976
244.822,156.367,198.218,203.280
243.192,153.664,200.785,203.877
242.153,157.688,203.961,204.563
240.906,160.513,206.977,205.747
240.940,160.162,209.730,207.061
239.060,157.620,211.464,207.909
236.391,155.808,213.419,208.143
232.117,150.915,213.319,209.085
231.433,153.387,215.148,209.578
232.107,156.834,215.764,209.825
234.107,148.454,216.491,210.318
234.970,149.770,216.772,210.531
234.269,152.422,215.748,209.761
233.167,156.061,215.869,209.510
230.439,158.275,214.941,209.005
231.417,157.787,214.390,208.241
231.351,157.443,213.947,207.909
233.011,157.479,213.508,206.484
230.606,158.419,212.816,205.510
231.122,157.356,212.335,205.141
232.331,157.726,211.282,204.808
230.952,160.033,211.128,204.398
233.355,156.518,211.375,205.186
235.000,157.379,212.377,206.127
235.409,155.675,214.136,206.668
235.039,155.007,215.704,208.724
232.923,151.183,217.500,208.908
231.110,150.942,216.588,207.301
231.263,145.647,212.109,205.415
230.670,140.983,211.329,207.368
226.451,141.997,213.185,208.599
232.733,146.370,215.649,209.529
234.997,146.036,218.144,210.964
233.000,146.748,219.265,211.743
233.456,155.545,219.997,211.610
233.428,160.941,220.184,211.150
234.992,160.515,220.911,211.210
235.540,158.629,221.267,211.167
234.455,160.271,222.387,211.647
232.872,159.382,222.876,211.788
231.970,157.252,223.160,211.571
231.601,155.082,223.459,211.396
233.590,158.627,224.058,212.756
231.686,165.313,225.504,213.542
232.120,156.386,225.933,215.679
228.562,156.631,226.667,217.007
225.311,150.618,226.908,216.858
223.249,147.980,225.201,217.225
221.526,145.303,224.275,217.200
223.811,145.715,223.918,217.837
224.871,145.434,223.783,218.812
223.864,145.157,223.434,219.458
224.486,147.519,223.033,218.730
225.021,150.964,223.406,217.094
225.027,156.353,224.191,216.142
224.774,159.734,226.284,215.324
221.208,162.047,226.530,214.451
222.381,165.075,225.499,214.669
221.849,156.640,224.836,213.104
226.513,156.335,226.041,212.853
227.021,156.496,225.521,211.118
223.776,160.635,224.749,210.330
224.950,147.821,221.488,211.616
227.091,155.332,219.471,212.000
228.107,147.217,218.006,212.940
228.976,149.360,215.650,211.483
224.029,154.566,213.813,209.156
226.587,150.109,210.683,209.384
226.643,146.354,207.844,207.929
228.127,144.268,206.296,207.143
228.533,157.162,204.622,202.242
227.513,161.576,202.931,199.411
227.443,165.285,202.086,196.553
229.371,170.207,200.759,193.670
227.446,172.345,199.242,189.599
229.968,171.892,198.965,187.419
230.084,170.432,199.096,186.100
230.503,173.979,199.835,186.123
232.077,171.265,200.344,186.126
232.690,169.679,200.127,186.976
234.493,169.216,198.324,185.820
232.121,162.034,193.503,185.437
231.575,167.992,189.327,184.034
236.240,169.271,184.292,181.735
238.347,170.323,181.337,179.513
238.434,175.163,179.705,177.362
238.439,176.837,177.438,175.931
237.831,178.439,174.468,173.433
236.859,177.621,171.730,170.562
237.528,180.914,170.327,168.720
237.599,183.466,168.985,166.359
239.458,180.916,166.688,163.616
238.422,180.720,164.739,160.967
240.371,182.015,163.841,159.129
245.671,182.760,162.201,157.751
245.559,182.945,160.541,156.508
246.076,184.690,158.303,154.956
248.356,185.762,157.117,153.775
248.061,185.681,156.801,152.877
248.770,186.177,157.165,151.828
248.566,189.066,158.035,151.294
248.086,189.540,158.433,150.435
249.357,185.397,160.051,151.490
248.968,186.842,161.497,151.842
249.689,184.628,161.911,152.497
249.583,180.589,163.354,153.196
249.220,181.338,163.539,153.874
248.706,183.466,162.979,154.013
245.976,182.388,161.594,155.028
250.887,188.201,161.262,155.394
244.611,193.138,157.763,153.829
242.975,190.483,156.560,152.790
245.477,186.868,155.879,151.969
247.098,183.456,153.831,150.032
248.943,187.034,152.954,149.338
251.167,188.609,151.594,147.842
247.931,193.733,149.912,145.236
246.458,192.537,147.612,142.796
247.093,190.928,145.839,141.299
247.198,190.503,144.041,139.873
247.740,193.038,143.795,140.352
248.145,190.533,142.645,140.314
249.708,187.512,140.911,140.512
250.529,190.038,139.281,140.107
252.461,188.427,138.855,140.183
250.390,189.577,138.394,140.142
250.135,189.823,137.568,140.214
248.910,191.251,137.376,139.630
247.946,191.293,136.668,138.974
249.595,191.580,136.522,139.249
254.963,189.666,137.568,140.136
255.683,185.010,137.696,141.631
255.402,191.470,137.673,141.415
249.363,197.331,141.279,141.368
252.901,197.748,144.747,143.199
252.905,198.402,146.952,145.745
254.190,193.645,148.785,149.504
253.028,194.517,150.842,152.189
252.129,192.785,152.831,154.818
248.593,192.135,155.064,157.135
248.562,188.887,157.664,159.300
249.724,183.807,159.041,161.577
255.807,182.774,161.220,164.665
250.936,183.988,163.583,167.561
250.415,182.948,166.139,169.642
248.607,178.926,168.589,172.780
252.162,173.856,169.915,174.709
256.795,169.344,171.767,177.318
255.391,169.765,173.645,179.111
254.203,165.022,175.734,180.598
249.095,165.562,177.737,181.580
248.891,170.668,179.689,181.850
245.454,167.683,181.441,182.665
245.416,170.725,182.659,183.953
244.592,166.357,184.741,186.592
241.483,167.926,187.056,187.760
240.865,160.127,187.893,189.171
241.109,162.712,186.468,188.083
242.496,165.659,185.279,184.337
241.230,170.284,185.599,182.800
242.597,166.338,185.316,180.593
242.256,167.859,184.345,179.550
244.316,166.084,184.406,178.522
244.056,169.538,184.980,178.417
241.959,170.522,184.726,178.619
241.150,172.476,184.564,178.548
240.038,173.871,184.178,178.581
241.547,172.168,183.861,178.920
238.464,177.132,183.224,177.865
240.035,177.009,182.827,177.490
237.687,179.448,181.903,176.890
237.666,181.232,181.224,176.323
237.241,182.121,180.572,175.753
237.465,179.740,180.520,177.092
238.904,175.569,180.661,178.235
238.645,176.447,180.432,179.377
237.469,177.329,180.834,179.600
239.043,173.044,181.274,181.217
240.248,176.573,180.246,179.826
239.492,180.524,179.510,179.503
238.523,181.478,177.229,178.543
238.152,184.046,176.134,177.737
239.950,184.330,175.390,176.848
242.972,183.376,176.680,176.635
242.446,184.539,176.792,175.898
242.493,185.872,177.190,175.524
243.395,184.101,178.340,176.229
242.643,184.772,178.605,176.866
242.297,186.511,179.218,176.812
242.326,185.016,180.048,177.821
240.552,186.576,180.337,176.899
238.091,188.968,180.216,176.327
241.839,185.191,181.698,177.593
240.328,184.384,182.412,178.773
238.590,182.794,181.741,178.900
241.256,183.318,180.544,179.196
240.193,183.675,180.167,178.676
239.600,184.226,178.799,177.636
237.340,186.774,177.264,176.305
237.058,185.363,175.082,175.806
238.898,188.095,173.021,174.835
236.338,190.057,172.017,173.128
242.782,186.926,170.949,172.635
241.755,185.892,170.296,172.734
242.436,185.835,169.586,172.178
242.645,184.010,169.267,171.512
243.286,186.664,168.987,170.965
243.074,187.394,168.599,169.843
244.778,187.331,168.779,169.155
244.050,186.702,168.177,168.291
242.739,190.357,168.270,167.356
243.992,180.983,169.342,168.355
237.793,181.798,172.088,168.471
241.200,182.812,172.981,169.853
240.503,182.335,173.927,171.082
241.447,180.070,174.249,171.975
239.189,176.994,175.431,173.340
240.703,177.948,176.113,175.296
239.839,178.178,176.989,176.183
238.877,180.691,178.199,176.428
236.795,180.463,179.928,176.061
234.921,179.672,180.796,176.005
234.958,181.109,181.028,176.264
235.215,181.825,181.735,176.515
234.302,179.698,183.086,176.828
234.100,178.071,183.846,177.412
238.305,175.816,183.832,177.347
238.807,176.814,184.603,177.793
236.468,178.040,185.324,178.793
237.026,176.345,185.826,179.890
232.468,177.535,186.455,180.810
236.032,174.169,184.436,180.825
242.868,179.276,183.053,181.106
239.079,174.056,182.422,181.050
238.824,171.009,181.002,180.603
236.719,173.700,180.360,179.377
236.710,174.858,179.248,178.746
239.265,173.642,177.960,177.366
238.420,178.275,176.325,177.107
236.551,175.767,175.052,175.892
237.426,177.103,175.641,176.089
238.962,173.744,175.671,176.029
234.897,177.132,175.722,175.717
236.323,177.279,175.876,175.170
237.308,177.363,175.025,175.206
235.915,175.931,174.467,174.248
237.662,176.474,173.270,174.276
240.929,173.285,173.034,174.404
240.805,173.818,172.522,174.648
238.855,175.248,171.522,173.854
238.244,176.179,169.062,172.195
238.687,178.286,166.823,169.758
240.831,181.464,165.990,168.665
237.435,186.926,164.694,166.735
236.762,191.756,163.504,164.124
236.349,192.721,162.181,161.145
236.694,193.964,160.480,159.563
236.531,192.593,158.344,157.563
237.573,193.485,156.864,156.846
239.058,194.528,155.176,156.392
238.254,193.443,153.839,155.607
243.326,196.301,153.637,155.174
246.102,192.412,152.602,155.332
246.780,188.166,151.464,155.714
245.169,188.972,151.412,156.123
244.997,190.628,150.602,156.128
244.647,188.756,149.663,156.955
248.138,184.506,148.932,158.404
249.455,180.604,149.162,160.634
247.408,176.347,149.655,162.416
247.774,174.032,149.205,163.377
251.555,173.979,149.347,165.667
251.056,177.299,149.089,166.202
250.504,179.524,148.600,165.632
245.572,184.183,149.244,163.565
245.436,187.123,149.717,161.799
248.523,188.438,150.952,161.097
244.690,188.664,151.592,160.386
247.335,189.705,151.695,160.230
245.865,189.109,151.805,159.750
247.858,189.070,152.538,160.465
246.872,190.071,153.488,160.624
243.977,190.444,153.919,160.068
243.769,190.771,155.323,159.985
244.109,187.630,157.291,160.727
245.427,185.602,159.015,161.476
244.695,181.323,161.525,163.108
245.676,179.006,163.687,164.274
246.237,177.193,164.889,165.844
249.493,175.019,167.671,167.067
244.209,179.928,168.172,166.356
242.991,182.651,168.402,165.690
240.375,184.029,168.212,164.313
240.425,185.728,168.178,164.081
240.452,184.315,169.402,165.003
242.004,182.069,170.354,165.895
241.844,183.076,172.534,167.556
243.119,180.426,174.895,170.324
241.403,178.313,175.283,171.642
239.871,181.872,175.323,172.327
241.480,179.261,177.361,173.306
241.843,175.732,177.558,174.156
240.143,176.848,178.223,174.554
242.284,173.063,178.466,176.420
240.856,172.902,179.589,178.292
239.800,171.622,180.790,179.815
241.074,171.947,181.560,181.477
241.127,174.345,182.770,182.235
241.630,173.729,184.217,182.900
242.116,172.569,186.146,184.163
235.563,172.800,186.165,185.250
239.547,169.702,185.977,186.478
239.555,172.475,185.577,186.759
236.676,175.313,185.699,185.095
233.851,177.756,184.440,184.372
235.922,179.425,183.438,183.085
236.568,177.425,182.163,182.499
238.674,176.509,181.896,182.100
238.392,178.506,182.011,181.356
238.669,177.633,180.628,180.936
237.834,177.781,179.891,180.484
238.180,175.688,179.995,180.062
241.154,176.285,177.727,178.917
241.018,178.585,175.868,177.237
240.259,179.004,174.384,175.796
239.567,179.351,173.739,175.175
242.126,182.969,173.415,174.281
241.072,180.012,172.998,173.154
240.411,180.228,172.285,172.278
240.893,183.147,171.507,172.237
240.060,182.996,171.176,172.048
240.632,184.858,170.684,172.400
242.085,184.011,170.465,172.296
244.209,183.704,170.331,172.559
242.486,185.023,171.446,172.295
242.059,183.492,172.282,172.120
239.773,184.334,172.940,172.466
240.540,186.776,173.789,172.712
