339.000,314.000,54.000,40.000
333.318,314.861,55.023,38.616
327.455,315.728,55.021,37.677
321.773,315.653,55.328,36.948
317.487,316.714,55.550,36.540
311.389,316.988,55.315,36.131
306.457,317.553,54.952,35.849
300.473,317.953,55.184,35.555
295.741,318.366,54.883,35.112
290.418,317.902,55.623,34.886
285.039,318.308,55.312,34.812
285.913,318.434,55.579,34.586
318.560,319.606,58.161,35.027
360.740,320.341,59.140,34.899
398.321,319.646,59.235,35.390
430.832,320.072,58.090,35.234
428.613,319.504,57.504,34.946
419.969,319.921,56.866,34.675
415.697,320.092,56.710,34.354
411.029,320.824,56.305,34.438
405.633,320.526,55.610,34.515
401.314,321.027,55.358,34.344
394.907,321.477,55.165,34.113
390.334,320.945,55.444,34.084
384.559,321.412,55.040,33.895
380.668,322.442,55.580,33.808
375.480,322.944,56.075,33.827
368.145,322.722,56.082,33.769
363.824,322.844,56.550,33.723
358.510,323.554,56.254,34.058
352.993,323.711,56.375,34.082
348.665,324.458,56.810,34.157
342.078,324.421,56.209,33.838
337.524,325.408,56.201,33.961
332.473,326.445,56.063,33.890
326.345,326.122,55.352,33.992
322.119,326.725,55.665,33.914
316.599,326.723,54.985,34.100
312.204,327.750,54.769,33.853
306.125,327.466,55.012,34.215
303.662,327.626,55.252,34.181
331.163,328.582,57.824,34.242
372.544,329.149,59.441,34.180
410.793,329.684,59.900,34.376
449.523,329.633,59.180,34.263
486.964,329.473,58.850,34.603
499.761,329.714,56.960,34.184
490.653,330.445,56.301,34.121
485.351,330.331,55.569,34.097
481.280,331.096,56.611,33.955
476.128,331.789,56.654,33.813
471.302,332.117,55.990,33.815
466.258,332.507,56.155,33.762
461.358,332.931,55.715,33.752
456.721,333.516,56.100,33.651
450.176,334.284,55.956,33.484
446.253,334.995,55.718,33.315
440.755,334.348,55.839,33.314
435.582,335.586,55.647,33.368
431.467,336.170,55.747,33.162
425.177,335.752,56.270,33.404
421.183,337.253,56.521,33.490
415.997,337.100,56.406,33.744
411.109,337.717,55.729,33.782
405.752,337.393,55.828,34.065
401.309,338.515,56.197,34.060
396.887,338.859,55.947,33.994
391.414,339.109,56.048,34.170
387.080,340.195,55.578,33.967
381.800,340.284,55.421,33.864
377.029,341.300,56.167,33.728
372.205,334.972,56.116,35.752
367.697,313.445,55.834,36.886
362.135,303.056,55.767,35.241
357.735,305.060,55.495,34.567
353.768,306.853,56.305,34.242
348.520,307.235,56.115,34.124
343.273,308.469,55.924,34.092
339.286,309.299,56.344,33.886
334.354,309.712,55.868,33.995
328.633,309.343,55.733,34.184
324.116,311.148,55.230,34.090
318.372,310.477,55.624,34.227
314.057,311.107,55.712,34.054
308.048,312.000,55.668,33.809
303.464,311.903,55.951,33.933
298.907,312.517,56.361,34.034
294.082,313.278,56.079,34.053
288.221,314.093,56.210,34.007
283.347,314.668,56.203,33.948
278.454,315.012,56.324,33.932
271.982,315.488,57.125,33.742
265.615,315.334,56.555,33.679
261.508,316.319,56.199,33.788
255.657,316.676,55.628,33.799
251.686,313.684,56.010,34.685
245.472,293.306,55.784,35.965
241.121,272.466,55.888,37.030
235.307,252.244,55.474,36.233
230.371,253.294,55.058,34.908
237.071,254.528,56.151,34.573
273.834,254.070,57.391,34.942
314.467,254.857,58.273,34.649
340.484,254.850,57.097,34.270
334.937,255.509,56.632,33.942
327.796,256.375,56.236,33.732
323.137,256.476,56.023,33.950
318.102,256.778,56.153,33.812
312.164,256.321,56.001,33.763
307.705,257.742,56.174,33.782
301.208,257.384,55.886,33.923
296.828,258.076,55.837,33.983
291.663,258.449,55.288,34.081
287.227,259.305,54.790,33.978
281.692,259.631,54.148,34.185
276.558,259.145,54.050,34.094
271.260,260.109,53.864,33.786
266.492,260.300,54.110,33.760
261.021,260.948,53.467,33.554
256.319,261.283,53.705,33.464
251.416,261.138,54.866,33.223
246.295,261.751,55.688,33.149
243.847,262.570,56.065,33.004
269.744,262.531,58.633,33.409
312.331,263.476,59.098,33.458
350.976,263.225,59.725,33.788
383.624,262.049,58.101,33.789
381.744,262.333,57.459,33.826
373.815,262.298,56.859,33.650
370.557,262.383,56.915,33.788
365.944,262.538,56.804,33.858
360.477,263.190,56.040,33.983
356.013,262.734,56.596,33.859
351.028,262.248,56.548,33.850
346.224,263.000,56.638,33.927
340.000,262.757,56.229,34.167
335.610,262.622,56.168,33.965
330.468,262.858,55.753,33.792
325.494,262.493,55.949,33.889
320.297,262.759,55.638,33.571
315.483,262.448,56.388,33.593
308.874,262.551,56.817,33.606
304.804,262.983,56.680,33.643
300.064,262.517,56.528,33.764
294.998,263.053,56.700,33.755
290.134,262.016,56.663,33.857
296.998,262.560,57.552,33.827
333.315,262.695,59.417,34.226
374.893,261.506,59.623,34.435
412.626,261.266,59.789,34.705
450.139,260.520,59.677,34.606
487.586,259.755,58.826,34.471
495.425,259.776,57.079,34.304
486.316,259.948,56.240,33.961
482.508,259.806,56.686,33.553
477.747,258.696,56.489,33.608
472.497,259.644,56.585,33.382
467.102,259.033,56.083,33.480
462.959,258.707,56.323,33.591
458.128,257.731,56.423,33.450
453.430,257.765,56.237,33.868
448.420,256.994,55.609,33.938
443.746,256.638,56.481,33.855
438.578,256.255,55.894,33.981
432.759,255.995,56.302,33.902
428.407,256.274,55.902,33.639
423.972,256.149,55.762,33.219
418.673,256.686,56.074,34.046
413.865,276.907,56.343,35.694
409.054,297.239,55.893,36.309
404.150,299.863,54.741,35.071
399.697,299.563,55.207,34.228
394.367,298.057,55.321,33.635
390.410,298.369,55.848,33.398
385.613,297.814,55.462,33.496
380.487,296.865,55.630,33.566
376.011,297.681,55.538,33.341
370.619,297.073,55.390,33.223
366.033,296.554,55.563,33.221
359.898,297.005,55.902,33.046
355.309,295.560,56.440,33.095
350.691,296.240,55.875,33.066
345.127,295.637,56.838,33.136
340.476,295.472,56.639,33.230
336.602,294.918,56.595,33.379
331.871,294.594,56.486,33.409
327.296,294.921,55.721,33.483
323.432,294.527,55.879,33.383
336.345,295.832,57.797,33.648
376.737,294.909,58.781,33.684
416.341,294.413,57.791,33.825
429.530,294.600,56.236,33.410
419.992,294.429,56.407,33.263
415.795,293.906,55.604,33.176
411.856,293.846,55.880,33.204
407.400,293.772,56.062,33.160
403.141,293.080,56.207,33.484
398.415,292.819,56.776,33.433
393.006,292.405,56.736,33.517
388.934,292.492,56.400,33.790
384.467,293.181,56.392,33.840
378.784,292.872,56.530,33.785
374.630,292.235,56.494,33.605
369.447,292.008,56.257,33.530
364.793,291.630,56.517,33.742
360.384,291.196,56.267,33.942
355.533,292.050,56.710,33.784
351.123,291.974,56.902,33.630
346.408,291.778,57.044,33.479
342.243,291.448,56.865,33.272
336.448,291.793,56.373,33.320
332.599,292.226,56.475,33.412
327.636,291.363,56.149,33.178
323.516,291.851,56.170,33.208
319.006,292.052,56.279,33.436
314.590,290.379,56.810,33.422
308.834,290.581,56.239,33.137
304.634,291.221,55.816,33.035
299.274,289.895,56.443,32.887
295.369,290.505,55.334,32.831
290.742,289.910,56.018,33.082
285.663,289.966,55.460,33.435
281.420,289.054,56.376,33.507
275.916,289.090,56.888,33.629
272.691,289.282,57.752,33.659
286.012,289.551,60.215,33.831
326.846,290.416,60.842,34.352
368.493,289.233,60.709,34.265
399.608,288.427,58.656,33.737
398.220,288.523,57.451,33.449
391.240,288.715,56.350,33.220
388.228,288.718,56.496,33.344
383.543,288.469,56.871,33.453
378.980,287.996,56.822,33.471
375.213,287.425,56.565,33.380
370.925,287.918,57.141,33.318
366.266,287.869,56.289,33.187
361.883,288.632,56.574,33.199
356.991,288.623,56.182,33.354
352.964,288.476,56.449,33.496
347.976,287.271,56.022,33.433
343.565,288.068,56.248,33.377
339.336,287.718,56.398,33.518
333.640,287.431,55.830,33.928
329.812,287.602,56.347,33.555
325.585,287.962,56.626,33.539
321.390,286.855,56.856,33.556
317.180,287.495,56.440,33.643
313.477,288.430,57.103,33.339
309.686,288.678,57.517,32.930
305.341,288.404,57.529,32.525
301.128,288.733,57.752,32.242
296.341,288.977,57.959,31.965
292.357,288.690,57.938,31.736
288.941,288.558,57.756,31.678
285.968,289.579,57.909,31.799
289.771,289.629,58.129,31.674
324.647,290.151,58.979,31.978
369.438,290.278,59.231,31.743
410.670,290.284,58.782,31.776
425.866,289.623,58.387,31.834
418.488,288.693,58.235,31.504
417.083,289.629,58.315,31.575
416.823,289.553,58.893,31.509
414.833,289.639,58.524,31.508
414.215,289.627,58.576,31.579
413.318,289.553,58.317,31.735
413.728,289.733,58.598,31.828
413.132,289.389,58.908,31.737
411.838,289.971,57.945,31.859
411.778,289.629,58.221,31.886
411.711,289.317,58.401,31.761
412.074,289.778,58.325,32.046
412.990,290.261,58.093,32.243
413.018,290.628,58.007,32.351
412.792,290.400,58.122,32.395
412.236,289.905,58.050,32.375
413.271,290.539,57.080,32.533
412.898,289.521,56.801,32.658
413.203,289.844,56.820,33.005
413.182,290.844,56.589,33.207
413.982,290.789,55.910,33.542
413.585,290.252,54.853,33.946
413.277,290.546,55.170,34.170
412.328,289.343,54.108,34.384
412.551,290.081,54.641,34.457
410.963,290.887,54.642,34.567
410.519,290.132,54.057,35.002
408.716,289.449,54.036,35.034
406.603,289.909,54.033,35.014
404.879,290.459,54.208,35.080
403.135,290.010,53.784,35.278
401.447,290.023,53.639,35.307
399.391,289.665,53.687,35.447
396.618,290.159,53.964,35.325
393.346,290.538,53.996,35.275
390.340,290.467,53.944,35.223
386.388,289.755,54.413,35.586
381.896,289.403,54.045,35.507
378.780,290.316,54.345,35.274
375.163,290.174,54.811,35.431
369.846,289.878,54.191,35.461
366.499,289.953,54.988,35.635
361.101,290.130,54.912,35.740
355.666,290.695,54.426,35.673
350.427,289.808,54.058,35.891
345.258,290.255,53.901,35.772
350.312,290.681,55.293,35.952
386.171,290.755,57.367,36.419
422.922,291.023,56.360,36.325
422.772,291.469,55.722,36.275
412.261,290.319,54.863,35.930
407.721,291.020,54.236,35.891
401.667,291.428,53.984,35.615
395.365,292.321,53.840,35.323
388.252,292.175,53.909,34.973
381.087,292.333,54.220,35.167
373.835,293.226,54.385,34.956
365.802,292.830,54.246,34.899
358.162,293.562,54.321,35.028
350.114,293.809,54.954,35.005
341.754,294.969,55.281,34.786
333.781,295.551,55.217,34.733
325.552,295.694,55.041,34.777
317.548,296.264,55.031,34.638
309.049,296.481,55.454,34.608
299.787,296.891,55.699,34.672
290.370,297.250,55.171,34.716
284.768,297.122,54.286,34.798
309.323,297.683,57.311,35.226
346.633,298.558,57.215,35.229
381.196,298.341,57.469,35.151
414.172,298.687,57.522,35.135
429.240,298.752,55.753,35.180
417.250,300.093,55.456,35.076
405.926,298.970,54.851,34.779
398.539,300.038,54.983,34.557
389.008,300.304,55.469,34.552
378.539,299.958,54.284,34.243
368.872,300.236,54.668,34.225
359.997,301.454,54.740,34.172
350.747,300.812,55.176,34.302
340.299,301.003,55.632,34.241
330.146,301.882,54.689,34.053
320.885,301.798,54.757,34.030
311.154,301.958,55.038,34.154
300.359,302.345,55.716,33.992
290.444,302.567,55.586,33.937
279.964,302.223,54.994,34.114
270.989,303.376,54.868,34.039
268.113,304.105,55.354,33.862
295.323,304.490,57.183,34.038
332.633,303.602,56.927,34.069
365.291,303.613,57.497,34.015
398.714,304.037,58.268,34.120
431.419,304.599,58.958,34.163
464.925,304.199,58.700,34.083
479.872,304.568,57.116,33.765
465.799,304.875,56.356,33.884
455.053,304.885,56.193,33.694
445.701,304.897,55.971,33.448
436.538,305.609,55.950,33.289
425.957,306.796,56.209,33.172
417.673,307.423,56.235,33.041
408.437,307.064,56.497,32.641
399.812,307.614,56.874,32.570
391.562,306.903,57.297,32.683
383.504,307.549,57.337,33.140
375.199,306.727,57.834,33.732
368.855,306.545,57.536,33.947
361.164,306.043,57.877,34.611
355.980,306.989,57.703,35.095
349.626,305.338,58.004,35.547
345.200,306.014,58.507,35.416
348.115,306.564,58.471,34.689
382.624,307.454,59.878,34.293
425.234,307.971,58.907,33.924
466.420,308.379,58.471,33.665
506.596,308.379,58.703,33.221
547.911,308.150,58.502,32.817
571.145,306.966,57.910,32.484
566.759,307.299,57.564,32.485
563.812,306.729,57.577,32.128
563.276,306.483,58.015,32.267
563.486,305.926,57.762,32.283
562.645,306.033,57.880,32.304
561.280,306.268,57.075,32.557
560.757,304.919,57.114,32.515
560.720,304.893,56.713,32.333
560.476,305.381,57.472,32.278
560.038,304.144,57.451,32.107
559.341,304.417,57.717,32.074
559.602,304.868,56.217,32.045
559.418,304.279,54.998,32.066
559.965,304.384,55.559,32.165
559.949,304.746,55.164,32.169
559.874,303.919,54.893,31.915
560.671,303.472,54.656,32.063
560.514,302.574,55.312,32.099
560.539,302.821,55.516,32.093
547.450,303.561,57.815,32.554
504.725,302.904,60.026,33.424
457.270,303.092,60.297,33.641
418.740,302.444,59.899,34.214
375.575,302.072,59.521,34.349
337.523,302.083,58.084,34.218
327.128,301.034,56.643,33.947
333.750,301.452,56.463,33.387
333.686,300.880,56.079,33.173
332.820,301.550,55.602,33.057
333.399,300.864,56.409,33.136
333.023,300.829,56.145,33.435
333.729,299.376,55.718,33.356
333.160,299.134,54.498,33.101
334.164,298.715,54.637,32.925
334.570,298.674,54.342,32.904
335.171,298.606,54.958,32.966
335.205,298.009,54.837,33.042
335.190,296.789,54.588,33.025
336.212,297.020,54.883,32.901
335.040,296.984,55.346,32.655
335.535,296.534,55.538,32.685
336.560,295.504,55.747,32.584
336.974,295.070,55.429,32.634
336.455,294.927,56.090,32.839
337.536,294.381,56.507,32.673
336.940,293.316,56.211,32.912
337.631,293.053,56.170,32.784
337.127,293.213,56.275,32.801
338.377,292.025,56.463,32.613
337.524,292.232,56.555,32.523
338.118,291.921,56.618,32.615
339.165,291.355,56.138,32.875
339.970,290.431,56.040,32.740
340.525,290.323,56.244,32.814
340.240,289.198,55.744,32.824
341.312,288.893,55.523,33.101
342.137,289.152,55.864,33.200
341.823,287.656,55.454,33.171
341.532,287.346,55.700,33.348
342.142,287.020,55.797,33.092
341.813,286.360,55.995,33.144
341.587,287.158,55.987,33.304
341.845,288.657,55.882,33.349
342.436,290.812,55.520,33.127
342.593,292.145,55.280,33.078
343.258,293.913,55.508,33.150
342.741,296.435,55.956,33.054
342.139,298.782,56.265,33.167
343.125,302.497,56.794,33.495
341.787,305.235,56.590,33.125
343.250,309.017,56.666,32.928
343.502,312.966,55.993,32.949
344.159,315.418,56.051,32.738
344.005,317.826,56.319,32.609
344.456,320.071,56.355,32.314
344.051,321.194,56.052,32.196
344.810,322.012,55.984,32.105
344.583,322.685,55.683,32.391
345.137,306.380,56.118,34.960
345.198,285.103,55.798,36.568
345.237,264.358,55.057,37.366
345.572,249.734,54.597,35.468
345.726,250.197,54.472,34.703
346.149,250.794,54.541,34.369
346.893,251.990,54.330,33.884
346.398,251.320,54.365,33.770
346.690,251.975,54.529,33.645
346.996,251.697,55.493,33.878
346.218,251.143,55.924,34.119
346.470,252.136,55.482,34.056
345.966,252.150,55.613,34.028
345.148,252.356,54.899,33.788
345.312,252.466,55.036,33.675
345.349,252.787,54.872,33.396
345.730,253.301,55.310,33.394
345.818,252.641,55.445,33.076
345.050,253.240,55.966,32.903
345.419,252.479,56.565,32.676
344.904,252.498,56.677,32.990
345.300,252.930,56.829,33.161
344.310,252.338,56.404,33.253
344.676,253.098,56.506,33.265
344.989,253.458,56.560,33.062
345.046,253.951,57.084,33.012
343.361,254.556,57.085,33.022
343.750,254.577,57.163,33.240
344.291,255.063,57.233,33.346
344.360,255.609,56.926,33.275
343.083,256.816,56.558,33.019
344.262,258.330,56.385,33.162
344.493,259.527,56.266,33.318
343.548,261.102,56.127,33.324
343.552,262.474,56.534,33.206
343.941,264.130,56.844,33.179
343.872,265.485,56.462,33.099
343.889,268.354,56.419,32.855
343.377,269.615,56.055,32.945
343.953,271.715,56.249,32.969
343.716,273.702,55.849,32.938
343.143,275.464,55.975,32.967
343.841,277.208,56.011,33.031
343.802,279.297,56.276,33.067
344.080,281.583,56.600,32.935
344.349,283.297,55.890,32.856
344.430,265.911,55.800,34.759
344.113,245.489,56.175,35.721
344.612,228.429,55.783,34.652
343.912,229.676,54.893,33.760
344.682,231.854,54.743,32.999
344.507,233.775,54.879,32.742
344.225,235.401,55.016,32.732
344.145,236.057,55.381,32.808
344.767,237.848,55.750,33.022
343.749,238.628,56.822,32.979
344.329,239.793,56.519,32.885
343.299,240.368,55.556,32.875
344.889,241.287,55.749,32.716
344.475,241.981,55.673,32.864
345.161,243.056,55.917,32.847
344.399,244.210,56.095,32.872
344.045,244.073,56.031,32.742
344.325,245.495,56.178,32.765
344.094,245.318,56.134,33.011
343.382,246.177,56.454,33.118
342.993,246.942,56.233,33.298
343.602,247.234,56.867,33.409
342.533,248.126,56.186,33.413
342.657,248.259,56.286,33.407
342.634,229.524,56.881,35.449
341.934,208.337,56.133,36.115
341.716,186.889,55.936,36.864
341.566,177.284,55.005,34.996
342.874,179.119,55.304,34.272
341.553,180.715,55.208,33.814
342.501,181.786,55.550,33.359
341.753,182.601,55.296,33.253
342.117,183.445,55.354,33.066
341.817,183.992,55.712,32.903
341.673,184.799,56.109,32.922
341.688,184.960,56.355,32.747
341.362,185.430,56.777,32.670
341.145,185.028,56.777,32.527
341.049,185.845,56.940,32.598
340.666,186.161,57.493,32.684
341.915,185.957,58.074,32.863
340.758,186.934,58.133,32.855
340.645,187.171,57.939,32.755
340.503,185.983,57.573,32.721
340.441,186.542,56.848,32.798
341.113,186.694,57.127,32.761
340.564,186.818,56.432,32.877
340.966,186.567,56.592,32.818
341.264,186.193,56.422,32.907
341.637,185.946,56.797,32.904
341.121,186.806,56.323,33.157
341.501,187.220,57.048,32.896
341.207,186.656,56.667,32.776
340.377,186.367,57.348,32.825
340.564,186.299,56.947,32.695
341.180,186.314,57.364,32.886
340.728,186.037,57.455,32.971
341.119,185.801,57.247,32.858
340.801,186.969,57.074,32.810
340.985,186.931,57.336,32.741
340.246,187.289,57.467,32.528
340.439,186.431,56.822,32.596
339.810,185.702,56.713,32.746
340.408,185.945,56.954,32.643
339.972,186.086,57.188,32.683
339.834,186.386,57.027,32.789
340.852,185.836,57.074,32.810
340.844,186.241,56.712,32.925
340.892,185.443,56.301,32.766
340.029,185.123,56.215,32.683
340.629,186.184,56.575,32.613
339.822,185.210,56.616,32.664
340.365,184.579,56.958,32.581
339.778,184.852,57.426,32.614
340.788,185.366,57.590,32.749
339.372,184.807,57.524,32.651
340.245,185.689,57.508,32.453
340.596,185.495,57.461,32.548
340.737,185.449,57.573,32.428
339.435,185.405,57.526,32.324
339.426,184.979,57.355,32.279
339.415,185.347,57.876,32.330
339.813,185.426,58.117,32.388
338.435,184.908,57.917,32.292
339.517,185.678,57.924,32.355
339.375,185.672,58.367,32.171
338.054,185.489,57.565,32.127
338.531,184.380,57.583,32.268
338.776,184.469,57.685,32.136
338.174,184.638,58.312,32.206
338.728,185.099,57.729,32.475
338.240,185.566,57.789,32.686
338.158,184.751,57.359,32.598
338.557,185.302,57.701,32.693
338.179,184.809,57.471,32.638
338.111,186.298,57.239,32.459
337.162,185.462,56.160,32.389
338.527,186.102,57.017,32.452
337.007,186.421,57.348,32.487
337.586,186.563,57.420,32.645
337.766,186.613,56.712,32.848
337.800,187.050,56.347,32.775
336.716,187.142,56.851,32.586
337.148,186.776,57.667,32.806
336.477,186.613,57.588,32.952
336.539,186.652,57.816,33.232
337.296,187.258,57.579,33.251
337.310,187.252,58.160,32.912
337.177,186.989,58.641,32.805
337.123,187.578,58.636,32.935
336.523,187.266,58.294,32.867
336.976,187.669,58.595,32.698
337.656,188.211,58.373,32.643
337.279,188.236,58.535,32.413
336.239,188.606,58.433,32.467
336.729,188.062,58.655,32.450
336.799,188.899,58.476,32.645
336.640,189.357,58.670,32.441
336.812,188.641,58.537,32.512
336.202,189.184,57.905,32.609
336.010,189.348,57.677,32.654
336.178,189.032,57.605,32.545
336.660,189.881,57.483,32.720
337.037,190.488,57.402,32.364
335.825,189.733,56.705,32.064
337.000,190.600,56.882,32.063
337.288,190.937,56.826,32.235
336.579,191.749,56.732,32.082
336.826,191.619,56.750,32.173
337.283,191.849,56.556,31.904
336.020,191.800,56.374,31.642
337.371,192.401,55.773,31.608
337.396,192.927,55.293,31.730
337.493,192.540,55.081,31.890
337.248,193.386,55.320,32.034
336.353,193.439,55.481,32.104
336.950,194.253,56.052,32.028
336.266,194.303,56.369,32.160
336.529,194.443,56.814,32.305
336.318,194.573,56.279,32.141
337.074,194.356,56.262,31.994
336.030,195.282,55.954,32.032
336.742,196.044,56.178,32.103
335.766,196.209,55.785,32.328
335.863,196.782,56.628,32.292
336.257,197.388,56.198,32.478
336.978,197.297,56.100,32.456
336.307,197.775,56.651,32.361
336.211,198.730,56.901,32.289
336.143,199.023,56.932,32.291
335.193,199.313,56.966,32.546
335.154,198.443,56.569,32.843
335.904,199.076,56.737,32.839
335.930,200.412,56.549,32.819
335.973,199.982,56.935,32.949
335.939,201.495,56.636,32.857
336.122,201.776,56.801,32.950
334.768,202.978,56.651,32.771
335.233,203.097,56.898,32.825
335.553,203.633,56.581,32.538
334.985,204.159,56.379,32.399
335.447,205.451,56.236,32.355
334.455,205.470,56.443,32.383
334.761,206.183,56.820,32.376
334.205,206.991,56.964,32.168
333.825,207.530,57.210,32.290
334.435,207.593,57.111,32.284
333.656,207.821,57.031,32.456
333.953,208.647,57.336,32.459
333.031,209.539,57.565,32.473
333.315,210.091,57.889,32.475
333.794,211.270,57.473,32.389
333.245,212.079,57.474,32.419
334.018,212.659,56.881,32.412
333.743,212.223,56.921,32.475
333.521,213.083,57.120,32.539
333.091,213.717,57.077,32.272
332.358,213.834,57.294,32.297
332.500,214.412,57.540,32.262
332.623,214.426,57.454,32.299
332.390,214.928,57.588,32.314
332.034,216.060,57.195,32.524
332.054,216.976,56.861,32.658
332.751,217.011,56.347,32.409
332.311,218.079,56.399,32.422
331.952,218.792,55.880,32.461
332.026,218.438,56.065,32.617
332.029,219.153,56.416,32.649
331.866,219.907,57.094,32.455
331.256,220.265,56.805,32.395
330.869,221.177,56.890,32.331
331.399,221.277,56.999,32.382
330.966,221.902,57.605,32.407
330.999,222.470,57.960,32.442
331.621,222.572,57.899,32.362
331.115,223.529,57.919,32.385
331.840,223.804,57.285,32.418
331.392,224.165,56.957,32.455
330.923,225.036,56.559,32.422
331.772,225.860,56.530,32.223
331.523,226.002,56.955,32.434
330.591,226.399,56.911,32.638
331.018,226.423,57.043,32.909
330.419,227.304,57.192,32.668
330.977,227.914,56.818,32.552
330.626,228.432,56.443,32.531
330.610,228.969,56.836,32.358
330.133,229.324,56.839,32.329
329.578,230.744,57.269,32.264
329.751,230.355,56.587,32.280
330.605,231.532,56.695,32.379
330.455,231.356,57.031,32.442
330.020,231.257,56.626,32.443
331.148,232.663,56.822,32.498
329.516,232.731,56.801,32.617
329.452,233.354,56.446,32.573
329.564,233.340,55.943,32.671
329.750,234.581,56.333,32.603
329.903,235.341,56.783,32.427
329.172,235.062,56.811,32.509
328.485,236.302,56.510,32.381
329.390,237.502,57.024,32.459
328.429,237.020,56.948,32.422
328.791,237.698,57.255,32.435
329.472,237.859,56.848,32.371
329.220,238.357,56.300,32.584
330.509,238.766,55.700,32.460
330.312,238.777,56.498,32.342
329.123,239.868,56.289,32.188
329.443,239.988,56.584,32.151
328.926,240.687,55.893,32.325
328.448,240.257,55.703,32.351
328.592,241.035,55.780,32.403
328.154,241.302,56.122,32.299
327.941,241.756,56.040,32.402
328.051,241.874,56.297,32.608
328.889,242.962,56.354,32.537
328.433,243.519,56.829,32.417
326.984,243.077,57.289,32.495
327.753,244.269,57.109,32.268
327.777,244.291,57.197,32.208
328.037,244.628,56.903,32.176
328.688,244.959,56.456,32.104
327.477,244.904,56.700,32.128
327.743,245.303,56.441,32.253
327.704,246.136,56.733,32.304
327.721,246.452,56.627,32.186
327.624,245.156,56.079,32.413
327.408,247.571,56.243,32.445
327.036,247.108,55.669,32.615
327.034,247.009,55.521,32.672
327.105,247.198,55.913,32.454
327.133,247.363,55.769,32.648
327.223,247.207,56.024,32.714
327.414,247.283,56.077,32.565
328.067,247.276,56.453,32.309
327.511,248.078,55.847,32.287
327.560,247.382,55.905,32.140
326.106,247.751,55.804,32.059
327.558,247.838,55.894,31.965
326.993,247.771,56.099,31.910
327.435,247.686,56.203,31.906
326.993,247.487,56.272,31.916
326.973,247.414,56.521,31.961
326.949,247.257,56.603,32.063
327.006,247.092,56.683,32.193
327.429,247.116,56.910,32.336
326.367,246.357,56.889,32.320
326.070,245.436,56.830,32.226
327.395,245.923,56.626,32.246
326.737,245.994,57.057,32.233
327.029,245.884,56.335,32.050
327.613,245.833,56.030,31.819
327.664,245.963,56.085,31.741
327.804,245.831,56.206,31.722
327.931,245.284,55.860,32.112
328.296,245.699,55.805,32.014
328.607,245.269,55.251,31.927
328.509,245.042,55.652,31.688
328.343,244.136,56.177,31.835
328.594,244.856,56.623,31.938
327.662,244.283,56.651,32.004
327.640,244.688,56.726,32.003
327.649,244.283,56.528,31.921
327.417,244.753,56.464,31.905
327.088,244.478,56.576,31.971
327.760,245.309,56.199,31.977
327.864,245.320,56.171,31.972
327.831,245.404,56.226,32.052
327.831,245.809,56.493,31.956
328.079,245.360,56.243,31.881
328.063,246.056,56.831,31.864
328.415,245.427,56.567,31.899
327.351,246.026,56.710,31.856
327.225,245.635,56.455,31.915
328.301,245.445,55.950,32.052
328.824,246.645,56.103,32.070
327.973,245.854,55.667,32.162
328.301,246.814,55.956,32.008
328.429,246.947,56.506,32.208
327.784,247.562,56.196,32.341
328.376,247.515,56.072,32.363
328.366,247.330,56.214,32.506
328.556,248.137,56.068,32.505
327.912,249.181,56.170,32.453
328.381,250.025,55.501,32.472
328.253,250.420,56.106,32.246
327.845,250.794,56.318,32.442
327.956,252.129,56.200,32.308
327.746,253.263,56.101,32.282
326.978,254.360,56.368,32.225
327.557,254.785,56.258,32.333
327.352,255.697,56.245,32.305
328.032,256.517,56.598,32.313
327.078,257.197,56.610,32.294
327.435,257.963,56.823,32.464
326.688,247.092,56.842,34.711
326.623,225.958,56.686,36.154
326.852,204.359,56.809,37.018
327.357,191.196,56.725,34.854
326.402,192.943,56.147,33.797
327.087,194.832,56.673,33.254
326.508,196.837,55.824,32.876
327.076,198.349,55.589,32.686
327.000,199.219,55.231,32.414
327.104,200.573,55.499,32.388
326.502,200.378,55.404,32.453
327.205,201.229,55.928,32.470
326.636,202.662,55.421,32.450
327.144,203.289,55.975,32.503
327.029,203.965,56.242,32.598
327.423,205.325,56.575,32.507
326.150,205.110,56.621,32.591
326.741,206.420,56.516,32.459
326.715,207.298,56.552,32.268
326.673,208.578,56.406,32.228
327.052,209.029,56.251,32.162
326.258,209.609,56.491,32.282
326.023,210.463,56.225,32.333
327.091,210.868,56.192,32.547
327.201,211.945,56.171,32.728
326.766,212.960,56.018,32.852
326.491,214.294,56.475,32.718
325.888,215.020,56.228,32.535
327.244,217.373,56.708,32.627
326.285,217.740,56.413,32.591
327.248,219.327,56.307,32.477
327.350,220.472,56.499,32.760
325.618,221.889,56.138,32.752
326.089,223.651,56.387,32.620
326.230,224.506,56.017,32.671
326.886,226.078,56.598,32.743
326.022,227.852,56.916,32.647
326.383,228.996,56.982,32.813
325.888,230.919,56.698,32.911
326.679,232.639,57.061,32.824
325.861,233.822,57.467,32.846
324.852,234.996,56.980,32.923
326.418,237.111,57.205,32.953
325.612,237.733,57.079,32.940
326.697,239.754,57.046,32.757
326.798,241.354,56.564,32.765
326.264,242.116,56.459,32.781
326.777,243.281,56.535,32.625
326.339,244.836,56.366,32.402
326.640,247.002,56.741,32.433
326.270,247.867,56.720,32.420
325.984,248.694,57.077,32.444
325.647,249.959,57.136,32.354
326.810,251.327,57.122,32.364
326.847,252.215,57.465,32.389
326.836,243.857,57.406,34.710
327.140,222.622,57.668,36.077
326.544,201.072,57.400,36.420
327.009,197.737,56.096,34.174
327.292,199.377,55.465,33.332
326.762,200.947,54.869,32.941
327.426,203.203,55.512,32.746
327.520,204.498,55.400,32.712
327.558,205.784,55.935,32.484
326.965,207.591,55.955,32.233
327.045,208.680,55.928,32.058
327.298,210.106,56.504,32.121
326.437,211.229,57.321,32.264
326.785,212.569,57.326,32.388
327.061,213.568,57.612,32.546
326.890,214.701,57.655,32.785
326.861,216.022,56.482,32.582
328.028,217.425,56.099,32.387
327.982,217.677,55.684,32.676
328.365,219.249,56.251,32.757
328.409,219.373,56.093,32.892
328.516,220.757,56.252,32.719
327.281,222.143,56.402,32.653
328.616,223.301,56.305,32.614
328.143,223.815,56.276,32.349
328.927,224.710,56.187,32.320
328.481,225.063,56.137,32.283
327.818,226.117,56.227,32.285
327.923,227.345,56.006,32.266
327.718,228.457,56.086,32.014
328.344,229.438,56.189,32.342
329.099,229.760,55.876,32.316
328.173,230.703,55.791,32.458
328.601,231.519,56.234,32.414
328.344,232.753,56.106,32.346
329.066,233.680,56.277,32.295
328.752,235.132,56.083,32.243
328.255,236.118,55.956,32.437
328.803,237.328,55.760,32.579
328.330,237.982,55.897,32.501
328.982,239.607,56.044,32.202
328.908,240.708,55.984,32.159
328.590,241.904,55.654,32.137
329.795,243.538,55.855,32.222
328.200,243.828,55.648,32.340
328.482,245.336,55.858,32.287
328.895,246.696,56.344,32.204
328.325,247.155,56.607,32.312
328.622,248.628,56.510,32.006
328.312,248.561,56.634,32.015
327.851,249.384,56.646,31.767
328.075,250.805,56.600,31.862
327.889,251.298,56.468,32.057
327.985,252.398,57.020,32.341
328.045,253.457,56.479,32.488
328.806,255.530,56.055,32.639
328.543,257.815,55.822,32.524
329.048,259.785,55.207,32.489
328.556,262.314,55.476,32.389
328.957,263.863,55.386,31.972
328.423,266.423,54.809,32.010
328.672,269.064,55.155,32.147
329.136,271.160,55.278,32.277
328.872,274.429,55.446,32.160
328.654,276.016,55.895,32.084
328.443,278.617,55.985,31.972
329.406,280.826,55.743,31.880
329.554,283.376,55.383,31.716
329.272,285.385,55.279,32.014
329.085,287.997,55.157,32.200
329.412,290.738,54.891,32.116
329.411,292.290,55.431,32.024
329.199,295.921,55.360,32.143
329.495,291.797,55.705,33.589
329.780,271.119,55.778,34.923
329.062,251.273,56.170,35.595
329.903,240.209,56.359,33.973
330.036,243.618,56.979,33.439
329.339,247.057,57.036,32.922
329.494,249.210,56.897,32.343
329.404,252.179,56.177,32.185
330.283,254.150,56.503,32.105
329.041,256.060,57.110,32.110
329.540,257.811,57.223,32.226
329.683,259.191,57.407,32.149
329.943,261.088,57.594,32.131
329.153,262.758,57.109,32.043
329.707,264.178,57.349,32.031
330.648,265.558,57.382,32.158
329.706,266.391,57.395,32.156
330.136,268.394,57.154,32.183
329.397,270.091,57.002,32.358
329.813,271.504,57.072,32.285
330.053,272.393,57.211,32.387
329.178,273.727,57.514,32.316
329.299,275.045,56.987,32.367
328.995,265.628,56.370,34.217
329.813,244.420,56.588,35.490
330.596,224.971,56.366,35.658
330.431,220.779,55.604,33.836
330.204,222.618,55.186,33.054
330.350,225.745,55.792,32.535
330.470,227.048,55.885,32.145
330.934,228.667,56.375,32.220
329.619,230.408,56.489,32.113
329.761,232.069,56.507,32.071
329.796,233.358,55.688,32.086
330.594,235.575,55.860,32.221
329.626,236.097,55.922,32.555
330.637,238.278,56.607,32.581
329.909,238.887,56.203,32.502
330.677,240.903,56.367,32.357
329.526,242.422,55.673,32.114
330.939,244.291,55.681,32.082
329.814,245.857,55.448,32.077
330.058,247.032,55.407,32.129
330.571,248.800,56.410,32.222
330.190,250.310,56.043,32.321
330.653,252.424,55.881,32.441
330.285,254.001,56.365,32.438
331.707,256.636,56.736,32.321
330.661,239.803,56.546,34.140
330.373,219.606,56.555,35.104
329.851,200.081,57.411,35.552
