0.219927
0.159811
0.200251
0.198716
0.163955
0.176856
0.142934
0.148697
0.163589
0.143894
0.150947
0.157902
0.164541
0.136711
0.162639
0.169880
0.131807
0.117067
0.184682
0.149280
0.110007
0.218873
0.316198
0.087490
0.125617
0.151083
0.129366
0.120485
0.141887
0.162696
0.138081
0.134032
0.222742
0.141441
0.144953
0.154968
0.152862
0.126970
0.167253
0.168936
0.237021
0.134936
0.163236
0.158252
0.159677
0.137100
0.180228
0.147179
0.146984
0.139518
0.179757
0.240371
0.151588
0.117828
0.172268
0.158315
0.247670
0.184819
0.169824
0.149819
0.168455
0.256894
0.155412
0.153097
0.171965
0.231698
0.179142
0.182298
0.182992
0.202230
0.206423
0.170184
0.164460
0.127122
0.189667
0.209393
0.200307
0.243092
0.212967
0.198047
0.252587
0.220480
0.207394
0.171562
0.210982
0.227371
0.159243
0.167674
0.234658
0.180247
0.286125
0.182118
0.174037
0.193785
0.214724
0.168988
0.159494
0.159852
0.259255
0.253932
0.230095
0.229096
0.208046
0.149965
0.274378
0.151628
0.221824
0.227577
0.166931
0.271825
0.268287
0.181911
0.162776
0.242466
0.214285
0.223594
0.168921
0.148525
0.192922
0.212141
0.257123
0.172852
0.190279
0.203594
0.172938
0.208355
0.256146
0.302682
0.228107
0.255808
0.174380
0.237051
0.202031
0.309272
0.225399
0.215412
0.149281
0.235959
0.161786
0.194777
0.190419
0.232749
0.269955
0.265794
0.149594
0.276225
0.282674
0.175479
0.197262
0.153383
0.134786
0.127611
0.173727
0.178909
0.178355
0.121140
0.163145
0.240082
0.179513
0.192346
0.184192
0.182655
0.223246
0.163302
0.234504
0.166341
0.226227
0.198410
0.278660
0.222502
0.266138
0.243249
0.181652
0.270617
0.198439
0.208819
0.225683
0.232798
0.209378
0.297701
0.196910
0.173859
0.265635
0.271015
0.206200
0.176770
0.144972
0.241126
0.186072
0.154038
0.207343
0.126960
0.179569
0.196806
0.161647
0.221926
0.265040
0.220107
0.184798
0.260514
0.230197
0.243917
0.200404
0.308550
0.185082
0.247396
0.148336
0.206397
0.180070
0.147855
0.221299
0.177975
0.217554
0.229815
0.249707
0.198984
0.174022
0.156311
0.166963
0.231176
0.208377
0.138771
0.162042
0.258835
0.341021
0.289749
0.136005
0.138297
0.221128
0.167633
0.163054
0.279187
0.156199
0.196964
0.208273
0.172047
0.183450
0.143788
0.152415
0.149705
0.142082
0.175684
0.208381
0.215857
0.162868
0.178108
0.241464
0.164428
0.255780
0.200921
0.176994
0.231228
0.180843
0.261122
0.230078
0.237386
0.244938
0.245388
0.158495
0.128516
0.175610
0.176827
0.222240
0.143451
0.208416
0.165977
0.167159
0.180880
0.205368
0.153497
0.128086
0.260911
0.169364
0.157921
0.105582
0.147272
0.130184
0.172654
0.129149
0.137875
0.098393
0.122011
0.135063
0.215827
0.199355
0.213523
0.170285
0.155869
0.148822
0.172675
0.162146
0.148444
0.137525
0.184909
0.171245
0.165588
0.185919
0.148086
0.153173
0.148500
0.191782
0.129108
0.158221
0.144585
0.128024
0.124952
0.143299
0.160540
0.130414
0.143466
0.170960
0.128598
0.147981
0.190385
0.138961
0.213529
0.147039
0.133461
0.168410
0.157650
0.174078
0.137404
0.157463
0.161836
0.087528
0.189909
0.164682
0.163404
0.127566
0.177275
0.149394
0.184076
0.163108
0.141448
0.161450
0.177461
0.138485
0.145872
0.180725
0.145493
0.185875
0.123540
0.174891
0.113024
0.111803
0.167003
0.144376
0.205903
0.130712
0.171776
0.172926
0.128229
0.149518
0.125905
0.104934
0.127462
0.177798
0.188132
0.171587
0.140014
0.164257
0.110728
0.114134
0.108387
0.188843
0.105403
0.170416
0.126804
0.130788
0.155136
0.156367
0.176013
0.237218
0.134430
0.181904
0.137725
0.215737
0.152019
0.168704
0.182876
0.198532
0.217602
0.164861
0.230767
0.164969
0.125644
0.179953
0.158068
0.185132
0.237647
0.230750
0.244816
0.161416
0.175957
0.203174
0.217759
0.147351
0.150804
0.187957
0.106190
0.154326
0.101312
0.155961
0.169163
0.133638
0.117943
0.134160
0.115925
0.174897
0.125601
0.162150
0.139555
0.203366
0.181442
0.137070
0.163789
0.125627
0.222263
0.106864
0.254489
0.122679
0.253020
0.186659
0.099176
0.171957
0.170291
0.183954
0.143607
0.312438
0.172331
0.209741
0.187215
0.200104
0.198530
0.177263
0.193184
0.155773
0.151446
0.206532
0.209221
0.217911
0.132465
0.119763
0.145789
0.163563
0.138652
0.123873
0.152263
0.190980
0.168247
0.173157
0.148083
0.186398
0.162151
0.158779
0.164108
0.147385
0.231154
0.220753
0.143422
0.200990
0.201204
0.200381
0.192249
0.195229
0.185598
0.238777
0.155529
0.205837
0.233014
0.123921
0.171307
0.227341
0.259968
0.225079
0.187913
0.132958
0.188173
0.108575
0.170471
0.197441
0.134785
0.162145
0.162645
0.121837
0.141980
0.160445
0.171469
0.178174
0.107504
0.170538
0.157239
0.237296
0.158869
0.202075
0.170089
0.198368
0.184667
0.203163
0.269542
0.170111
0.242120
0.243890
0.254900
0.243541
0.337379
0.164666
0.212373
0.160634
0.190082
0.186286
0.133889
0.160802
0.165327
0.132987
0.142519
0.204308
0.186395
0.260005
0.182519
0.170724
0.161048
0.278643
0.208921
0.266123
0.165873
0.179999
0.163121
0.215664
0.231311
0.169367
0.146001
0.144465
0.171267
0.197409
0.173258
0.188666
0.206608
0.194535
0.199139
0.203529
0.223264
0.146394
0.145612
0.158382
0.189572
0.171769
0.170807
0.160990
0.184999
0.234679
0.318430
0.254870
0.213975
0.198557
0.252667
0.192596
0.137455
0.174438
0.263816
0.162997
0.204139
0.165645
0.145426
0.150958
0.136058
0.184296
0.153756
0.206917
0.208018
0.179214
0.146737
0.184070
0.119999
0.138760
0.199320
0.197889
0.213486
0.192682
0.272153
0.176523
0.177335
0.204012
0.294333
0.244064
0.137308
0.227610
0.259501
0.218073
0.216445
0.280631
0.211846
0.171855
0.160315
0.247237
0.120275
0.320806
0.257380
0.210651
0.183638
0.185180
0.231868
0.141507
0.155803
0.167310
0.201490
0.170989
0.226037
0.220661
0.145380
0.222783
0.176418
0.180088
0.161874
0.175333
0.170175
0.203049
0.147773
0.117299
0.167663
0.151624
0.089736
0.145791
0.201290
0.139492
0.168485
0.205212
0.093073
0.176250
0.113626
0.154124
0.145373
0.157395
0.110181
0.126908
0.150209
0.084641
0.131750
0.137246
0.142992
0.149377
0.131529
0.160676
0.139618
0.128438
0.140738
0.175588
0.113579
0.160863
0.191534
0.165821
0.215364
0.170562
0.161514
0.193185
0.155765
0.191351
0.228614
0.214002
0.123743
0.193444
0.208668
0.164342
0.173880
0.184173
0.184770
0.171113
0.135206
0.118680
0.167156
0.154635
0.127214
0.125300
0.130103
0.163735
0.132674
0.141063
0.150417
0.167910
0.159136
0.168384
0.165984
0.139091
0.149213
0.144246
0.201571
0.215154
0.137826
0.119962
0.141747
0.156375
0.151477
0.135979
0.160122
0.175374
0.159215
0.151205
0.171424
0.163111
0.137913
0.185836
0.179854
0.173412
0.211079
0.147494
0.204038
0.156311
0.178568
0.184870
0.186609
0.155411
0.182270
0.221772
0.155776
0.128144
0.153071
0.113045
0.274379
0.156881
0.162876
0.206544
0.163047
0.148093
0.141607
0.162407
0.112772
0.141233
0.146972
0.115892
0.153943
0.095451
0.145721
0.143437
0.146388
0.165852
0.140485
0.168517
0.157311
0.192633
0.201981
0.120597
0.196402
0.183874
0.230628
0.234727
0.132107
0.157296
0.213530
0.155168
0.159722
0.152542
0.151753
0.147145
0.207046
0.203855
0.141214
0.136689
0.176940
0.195889
0.159452
0.186332
0.119613
0.156922
0.204521
0.173032
0.165521
0.175997
0.123189
0.143185
0.127335
0.204475
0.165565
0.160521
0.134145
0.113291
0.185781
0.211755
0.159324
0.148242
0.245387
0.167122
0.168753
0.204490
0.267250
0.201196
0.125200
0.227261
0.202279
0.131334
0.171067
0.212138
0.234458
0.274348
0.223515
0.209492
0.222196
0.245384
0.210445
0.231709
0.133055
0.195827
0.186238
0.187199
0.250355
0.168476
0.130605
0.191732
0.274592
0.143739
0.193762
0.203079
0.154191
0.171178
0.254063
0.223260
0.135051
0.241398
0.149812
0.219658
0.222312
0.163417
0.188019
0.183945
0.310376
0.209068
0.307482
0.260721
0.227807
0.251461
0.236281
0.196146
0.206855
0.236709
0.161502
0.269930
0.203469
0.222034
0.273493
0.239269
0.241759
0.332548
0.168175
0.142241
0.264183
0.273659
0.248362
0.239371
0.317098
0.200959
0.289711
0.122333
0.225260
0.210809
0.148656
0.219649
0.193467
0.192989
0.189886
0.209835
0.166095
0.191714
0.212532
0.179292
0.280515
0.244894
0.237835
0.219570
0.216619
0.280540
0.172994
0.226852
0.221094
0.267239
0.256898
0.327333
0.313984
0.221777
0.205591
0.198985
0.186753
0.202249
0.132643
0.273103
0.167574
0.192926
0.182738
0.200711
0.122249
0.136268
0.151098
0.155575
0.178730
0.180951
0.118376
0.201154
0.146590
0.149027
0.149484
0.173243
0.159067
0.151267
0.141698
0.174621
0.175221
0.210386
0.153158
0.132226
0.100885
0.147959
0.118913
0.117296
0.149433
0.181731
0.147653
0.120353
0.121145
0.144506
0.139132
0.169157
0.197949
0.119175
0.199605
0.123947
0.132537
0.134935
0.162583
0.133651
0.140440
0.186266
0.152879
0.133847
0.130439
0.170505
0.239801
0.171634
0.100060
0.159891
0.124000
0.145497
0.133795
0.174861
0.113501
0.203252
0.169975
0.176220
0.177557
0.154129
0.161158
0.140877
0.122791
0.125035
0.162291
0.142050
0.137759
0.159165
0.155571
0.172827
0.181864
0.195197
0.146005
0.173487
0.130620
0.157231
0.157058
0.153344
0.173156
0.144657
0.143624
0.133816
0.203383
0.202244
0.205475
0.184388
0.188859
0.147326
0.172891
0.118780
0.270566
0.166740
0.224616
0.246158
0.117253
0.129441
0.143713
0.188154
0.145554
0.159545
0.143810
0.182545
0.125213
0.186318
0.146940
0.205315
0.199101
0.178239
0.099379
0.169762
0.135903
0.128856
0.089513
