227	297	33	31
212	188	198	244
169	259	86	73
180	252	39	71
187	257	38	65
218	256	40	70
245	263	64	60
142	261	157	112
163	208	145	266
190	327	119	152
236	306	98	165
281	326	85	129
302	295	144	176
190	190	318	278
163	191	304	199
192	187	268	296
197	173	217	172
198	185	352	217
235	203	255	243
227	159	240	198
236	216	246	195
235	194	321	192
185	213	239	224
203	188	316	182
215	149	246	310
167	186	316	291
184	178	338	173
205	195	270	239
158	129	320	348
239	240	224	118
194	182	217	307
182	135	274	251
189	208	315	146
183	87	243	396
26	0	521	437
94	61	418	288
171	221	279	207
231	195	258	214
199	129	282	354
261	231	200	126
187	206	207	270
173	105	279	406
7	0	571	416
21	0	615	467
22	0	599	331
15	0	572	512
1	0	579	348
48	0	418	512
36	40	566	439
31	6	580	339
4	0	569	349
45	0	417	512
10	0	627	384
31	0	590	372
68	48	458	416
42	0	437	480
9	0	608	341
49	15	468	496
64	107	298	404
35	15	436	489
17	0	593	366
23	0	489	493
39	2	422	478
23	0	598	359
87	89	305	396
87	306	278	203
155	181	209	330
181	280	207	231
176	289	280	219
174	243	293	268
221	270	259	241
181	200	370	311
228	259	310	231
213	129	204	148
256	233	181	278
307	331	116	148
208	164	167	323
325	316	89	172
227	224	173	273
297	170	142	163
254	184	179	305
301	175	135	158
249	158	175	233
332	191	97	93
434	170	28	144
358	207	118	166
295	198	130	197
337	177	86	127
340	218	78	244
274	151	109	286
326	181	118	90
393	182	41	57
381	200	53	31
380	202	54	29
380	202	53	31
331	212	112	72
377	205	69	106
435	196	78	85
449	253	96	108
400	224	200	76
363	185	129	203
1	0	412	443
221	118	365	393
3	0	626	512
76	25	530	481
93	84	500	386
292	176	277	236
342	148	149	256
138	47	411	312
111	198	479	313
345	142	217	294
345	146	229	365
173	35	432	476
113	142	427	353
65	150	538	361
389	201	173	303
410	175	140	110
298	151	266	320
383	247	186	264
253	235	302	258
201	204	235	285
258	232	212	258
136	148	327	334
38	10	500	402
51	0	577	447
304	123	192	190
209	213	253	272
204	207	156	272
218	198	200	259
218	151	219	219
205	123	242	233
212	181	166	226
228	208	214	199
194	230	174	259
222	209	201	265
205	197	218	232
184	227	77	241
206	208	244	243
212	211	116	253
214	203	266	291
223	189	283	257
281	197	117	119
193	230	193	167
215	138	233	306
233	182	213	168
179	207	195	256
212	196	276	252
230	175	304	213
237	167	149	148
194	218	187	253
208	221	212	268
286	124	143	96
215	246	212	221
237	194	250	313
318	68	249	268
231	227	332	276
363	121	260	274
324	193	208	163
350	241	63	260
386	225	155	192
361	219	81	255
354	236	54	267
386	129	207	257
364	211	119	187
337	227	101	258
381	201	166	205
350	234	63	250
361	197	232	269
321	194	247	251
403	13	152	339
392	178	186	234
387	174	189	291
380	188	189	208
374	198	209	240
390	165	182	218
362	223	68	281
365	208	191	223
335	220	203	254
256	235	190	175
267	292	85	64
370	241	128	266
351	291	65	58
449	246	87	224
411	290	62	50
466	270	123	180
385	281	89	109
387	286	82	113
386	288	59	59
436	269	92	163
369	290	66	44
363	294	54	38
355	293	59	44
351	295	48	33
344	294	50	34
336	295	50	35
329	295	50	35
322	294	50	35
316	294	50	35
309	295	49	34
301	296	50	34
294	296	50	34
287	295	51	35
279	296	52	35
273	296	54	35
277	296	51	34
304	297	54	34
336	296	55	34
367	296	52	34
395	296	53	34
425	296	51	34
438	297	47	33
426	296	49	33
417	296	49	33
410	297	49	34
404	297	50	35
398	297	49	34
390	298	49	34
382	298	49	34
375	299	49	33
367	298	50	34
360	299	50	33
352	299	49	33
346	299	50	34
338	299	50	34
331	299	50	34
324	299	49	34
318	301	49	33
310	300	47	33
303	299	48	33
294	300	50	33
288	300	49	32
280	301	50	33
274	301	49	33
266	302	47	32
260	301	48	33
253	302	47	32
245	302	47	32
238	302	47	32
224	299	10	96
160	310	41	81
154	297	55	127
150	297	82	135
41	170	199	217
159	214	168	159
112	163	193	237
135	191	195	187
158	172	211	223
232	200	116	172
104	185	251	307
62	34	261	155
148	159	223	243
53	30	288	218
168	172	181	231
110	79	211	166
230	205	97	289
130	204	223	198
126	146	235	283
110	105	203	151
117	206	226	275
115	174	220	216
189	191	141	94
111	173	253	318
149	103	199	252
187	184	109	84
116	200	221	269
133	139	198	265
138	180	211	217
122	47	289	417
196	100	237	322
221	130	199	264
288	188	185	305
289	138	277	357
230	124	357	332
63	12	282	377
72	0	358	330
124	95	125	174
144	139	415	245
83	57	164	228
211	72	286	349
84	44	166	218
142	108	383	297
121	128	150	111
351	217	32	229
339	229	218	151
162	144	333	221
167	120	178	167
219	245	102	253
296	304	64	49
311	307	41	40
236	237	106	98
307	216	243	168
116	134	297	194
117	123	169	123
281	173	253	240
163	195	142	127
202	150	241	271
155	154	131	92
136	246	137	230
378	197	256	279
181	117	248	360
189	232	195	135
228	216	179	236
283	135	124	364
331	126	137	381
240	143	252	315
313	144	156	292
331	146	124	101
404	149	118	160
279	153	182	244
261	168	165	144
374	128	108	314
336	190	130	73
389	153	134	110
258	160	193	218
269	138	177	307
309	140	138	127
213	154	307	306
329	118	164	214
214	123	221	319
355	163	84	104
409	158	122	110
282	210	200	208
292	148	191	118
77	213	246	92
275	147	127	197
380	129	77	296
214	165	199	280
276	148	142	181
319	149	147	340
246	99	324	382
16	0	419	259
25	3	238	104
246	217	107	112
26	202	167	233
275	207	145	203
318	211	97	79
267	368	147	95
270	179	369	311
292	223	109	88
301	197	162	205
283	214	94	100
319	201	105	153
236	219	144	166
279	227	101	83
286	384	100	110
310	210	102	96
252	331	143	166
295	213	117	95
299	195	236	227
299	218	103	106
280	199	324	219
277	231	85	72
284	239	124	244
307	218	101	76
293	234	112	259
320	219	93	74
268	306	141	157
267	206	134	263
295	225	102	74
320	190	88	243
307	216	101	80
283	280	89	210
200	221	180	216
109	114	271	336
7	0	573	499
0	0	632	268
0	0	528	439
32	0	576	321
75	303	134	197
87	362	75	78
100	368	64	72
112	370	54	69
122	366	40	72
116	367	47	73
119	366	44	73
115	366	50	72
119	366	45	73
116	367	48	72
117	366	47	73
117	366	46	73
116	366	48	73
117	365	47	74
118	366	46	74
117	366	47	74
120	367	43	73
116	367	48	72
119	366	44	72
116	367	48	72
118	366	44	73
114	367	50	73
116	367	53	71
133	369	65	66
54	309	189	138
184	373	76	61
254	367	58	67
221	330	132	118
297	369	54	67
304	367	48	72
309	367	44	72
306	368	48	72
310	366	43	73
304	367	49	73
309	366	45	73
307	366	48	73
305	366	49	73
308	366	46	73
307	367	47	73
307	367	47	74
311	367	43	73
306	368	48	72
312	366	41	74
308	367	45	72
309	368	45	72
313	367	42	71
308	368	46	72
314	367	40	72
307	368	47	72
309	367	46	72
312	366	42	72
307	367	46	73
308	367	45	72
311	367	44	73
305	365	72	79
201	298	231	177
354	348	103	86
430	364	67	78
463	366	67	77
471	366	59	71
479	364	50	72
483	366	46	72
480	365	49	74
485	363	44	75
480	366	49	72
486	364	43	74
483	365	46	73
483	366	47	73
481	364	49	74
482	366	48	73
482	365	48	74
482	365	46	75
479	365	50	73
479	365	51	73
481	365	49	71
484	365	47	73
480	365	49	73
484	365	45	74
481	365	48	74
483	364	46	76
486	365	48	74
508	364	59	70
538	368	64	53
480	321	159	96
261	210	123	277
239	201	173	277
273	189	152	299
301	178	178	310
298	184	122	261
298	193	130	235
301	195	131	266
298	181	120	300
304	202	71	178
303	200	207	202
301	189	77	221
311	186	66	227
303	197	123	235
300	196	109	216
305	198	75	208
312	190	66	189
300	195	155	277
307	186	107	205
306	176	94	254
306	194	100	241
299	185	123	264
302	193	99	274
305	188	172	291
293	196	95	170
300	191	85	225
303	201	74	183
301	207	179	161
283	226	64	161
283	277	186	118
306	322	126	56
408	199	92	169
376	339	50	33
404	344	54	33
420	331	66	47
316	302	77	175
275	266	159	173
291	296	72	186
291	241	158	162
275	307	61	46
300	336	64	129
293	288	120	151
231	222	213	205
251	216	130	152
558	190	72	173
316	248	130	168
246	213	150	298
234	203	121	175
258	255	147	125
259	211	150	234
273	246	84	129
299	249	119	166
250	200	90	144
184	135	207	239
289	277	98	56
285	298	88	189
257	185	144	237
271	237	86	102
296	310	75	182
553	167	53	159
551	167	80	145
554	162	82	177
302	248	91	196
278	279	116	198
286	194	130	234
271	269	81	127
271	262	128	174
279	282	65	46
301	310	78	127
269	239	201	216
110	155	392	330
42	28	407	303
15	0	498	388
76	36	388	348
296	149	272	334
321	178	191	146
153	216	174	145
431	275	98	57
477	294	97	144
323	184	281	264
246	119	144	308
151	173	195	338
184	93	384	310
171	112	244	233
101	204	302	280
306	145	256	218
218	141	132	370
186	137	224	278
101	163	398	269
353	180	185	181
172	183	327	254
301	151	247	249
171	170	385	218
179	171	168	231
223	133	313	229
218	313	125	79
226	228	159	138
261	226	176	143
288	209	168	161
250	222	280	196
333	217	212	181
325	252	193	121
185	197	324	291
117	196	171	169
284	191	284	220
226	138	325	276
263	138	225	260
172	179	332	288
147	233	209	126
307	210	149	216
192	186	275	223
132	204	131	117
370	161	130	167
246	156	237	274
155	190	103	107
225	181	122	110
321	200	109	149
310	185	221	268
289	180	219	139
313	179	210	188
314	203	118	97
297	169	236	342
169	174	142	134
304	197	176	173
302	191	152	169
322	216	92	102
377	292	115	181
311	206	117	111
313	191	245	127
143	183	266	150
124	132	515	339
259	197	134	102
268	182	164	108
255	157	150	175
262	178	156	87
513	150	108	161
243	177	221	114
277	152	117	183
298	173	145	120
234	167	143	136
287	142	164	147
285	176	161	113
196	123	193	145
151	139	322	223
309	171	139	109
309	165	121	128
189	133	254	170
169	133	216	261
276	169	157	119
167	131	211	165
254	187	127	85
262	184	178	100
243	163	104	177
341	146	146	171
311	166	146	122
198	107	216	227
263	135	179	258
283	157	136	124
256	191	92	56
342	178	110	86
281	177	358	140
308	173	134	115
237	142	203	158
220	142	207	172
52	146	152	343
128	163	131	341
327	153	166	229
208	244	87	258
186	131	225	267
228	141	255	251
216	155	141	208
152	174	109	136
153	191	78	94
154	191	96	98
148	174	161	273
216	101	259	306
304	124	243	243
236	157	157	217
162	180	129	123
159	188	194	110
188	166	433	134
161	153	119	240
146	192	113	93
155	189	239	94
213	175	231	330
300	227	118	237
339	251	97	251
299	194	215	301
351	198	168	290
386	185	178	325
389	159	206	315
344	157	173	119
429	183	129	148
437	188	98	118
443	186	181	99
409	192	124	104
438	187	136	87
434	186	173	96
434	187	148	109
439	190	139	82
441	190	113	94
439	192	152	89
433	190	170	105
439	188	179	94
434	189	185	103
486	186	147	95
435	189	172	93
437	189	145	101
444	189	113	93
446	190	170	87
446	190	79	90
438	189	201	95
445	191	87	92
441	191	136	82
443	191	98	93
443	191	126	85
444	190	96	90
448	191	84	83
470	185	168	93
441	188	116	88
439	191	186	87
438	190	134	90
440	190	136	90
487	182	152	230
100	11	165	229
135	103	255	307
24	9	226	143
218	109	125	163
136	138	336	219
266	115	123	133
241	145	128	143
265	127	108	153
114	158	262	187
267	114	113	143
120	158	304	204
263	125	96	121
85	196	356	211
261	143	101	93
167	193	136	93
270	110	82	157
213	125	220	204
269	122	113	122
186	123	326	256
262	114	113	142
192	136	267	269
268	127	93	121
100	142	358	251
267	113	104	125
134	145	216	209
269	101	94	145
94	186	232	236
264	109	86	114
136	173	363	225
310	116	95	116
310	201	266	230
370	113	109	143
256	179	162	281
291	180	190	245
473	108	101	165
345	137	266	349
380	161	227	160
327	265	152	131
338	245	193	139
311	251	237	147
410	176	119	189
347	242	177	154
309	262	220	135
355	225	138	160
325	290	103	115
424	187	170	98
332	277	98	125
446	229	133	53
365	242	102	137
336	270	88	124
343	262	264	10
511	233	60	41
507	234	64	39
507	235	63	37
505	235	67	40
507	237	65	37
504	235	67	39
504	234	66	39
501	234	70	43
500	234	74	39
502	233	71	41
503	233	68	41
504	233	67	41
501	233	69	41
500	233	71	40
504	233	65	40
504	233	66	41
517	232	67	50
551	231	76	48
498	247	112	142
400	293	56	53
423	285	138	89
473	297	89	99
471	292	59	81
483	291	79	93
464	293	90	91
473	297	88	100
356	282	10	27
319	278	28	31
289	276	51	33
283	276	50	32
277	277	49	31
270	276	48	33
264	277	46	30
256	277	46	30
250	278	46	30
243	276	47	31
236	277	46	30
224	277	57	33
222	278	46	30
147	258	94	89
62	260	134	73
114	261	130	56
57	260	193	57
64	259	138	67
61	260	136	70
63	261	133	70
73	261	126	76
99	249	154	126
135	252	152	130
167	246	139	211
209	246	150	143
222	254	136	257
255	246	164	115
227	242	173	223
243	243	173	192
261	262	136	83
271	256	126	99
273	251	138	106
187	243	227	236
235	250	182	111
169	243	199	158
242	246	162	173
263	255	136	117
252	247	128	89
250	258	153	99
253	236	130	103
222	237	167	243
189	239	161	97
234	244	156	93
165	247	132	79
263	249	110	86
241	258	98	77
265	258	117	91
259	248	140	108
175	255	118	71
262	258	97	80
286	257	126	83
278	263	177	248
279	262	172	249
332	240	160	271
370	229	169	282
353	238	214	172
379	241	179	110
383	250	101	62
348	278	113	33
354	251	95	78
342	283	54	30
396	251	63	60
331	284	85	32
391	247	76	100
316	284	49	31
342	268	63	50
304	285	45	33
295	285	46	31
288	286	47	31
279	285	47	31
273	286	48	30
265	285	49	33
258	287	49	32
251	286	48	32
244	286	47	31
238	286	46	32
230	286	48	33
222	285	49	33
215	285	49	33
208	285	49	33
201	285	49	34
193	285	48	34
186	285	50	34
179	286	49	33
173	285	48	33
170	286	50	33
192	288	52	30
225	289	51	31
255	289	53	31
281	289	56	34
270	272	92	58
143	198	168	291
208	194	192	136
191	197	142	85
123	179	218	308
151	191	171	63
97	179	238	304
177	176	150	66
126	185	186	274
197	188	127	67
82	179	240	279
187	185	141	72
92	178	243	302
174	180	135	67
89	180	232	258
175	184	149	91
112	189	229	247
174	179	138	85
115	189	209	305
180	181	131	71
86	179	238	286
184	182	130	72
86	177	239	293
181	183	134	69
88	179	239	290
190	180	120	71
94	184	219	272
180	179	144	85
129	194	201	289
169	180	185	198
177	189	210	322
210	190	212	321
251	191	208	320
280	190	204	321
323	180	145	98
248	181	275	193
339	185	98	80
253	178	261	254
348	197	133	60
311	182	198	267
277	187	159	95
263	178	256	327
335	182	143	87
330	194	164	71
216	288	65	31
231	220	141	197
255	175	92	189
258	179	274	262
201	284	55	48
190	291	47	31
184	291	46	31
176	291	46	30
170	291	47	31
164	290	48	31
181	293	53	30
214	293	51	30
246	293	49	31
275	292	49	31
306	292	49	31
334	292	50	32
362	291	51	32
362	290	51	34
351	290	50	32
345	290	50	32
339	290	49	32
333	289	50	34
325	291	51	32
319	290	52	33
312	290	51	34
305	289	53	34
299	290	50	32
292	290	50	32
286	290	49	32
279	288	50	33
273	290	50	32
267	289	49	32
260	291	50	32
253	290	49	33
247	290	50	33
240	290	51	32
232	289	51	33
236	289	53	33
265	292	54	31
298	290	55	32
328	289	57	34
356	289	57	34
386	289	57	34
398	289	54	37
390	288	53	37
382	288	53	35
376	287	54	37
370	289	54	35
364	288	53	36
357	288	54	36
350	289	51	34
342	288	54	36
335	288	54	36
328	289	53	35
321	287	54	38
314	288	55	38
308	289	55	36
301	289	54	37
294	289	54	37
288	288	52	36
280	289	54	36
274	290	53	36
268	290	52	35
283	292	55	33
313	290	61	36
344	291	57	34
374	290	57	34
404	291	58	34
431	288	61	38
458	289	59	36
460	290	55	36
447	290	58	37
443	290	56	35
436	290	56	36
429	289	57	37
423	291	55	36
416	289	55	37
408	291	55	36
402	291	55	36
395	290	55	35
389	292	53	33
383	292	52	34
375	290	52	34
369	292	51	33
362	290	53	35
355	292	53	34
348	292	52	34
341	292	53	33
333	292	53	35
326	291	54	35
319	291	53	35
313	291	54	35
307	292	53	34
301	291	52	34
292	291	54	36
295	290	57	36
319	294	63	35
355	293	60	35
384	292	61	36
398	292	55	35
387	293	56	33
381	293	54	35
375	294	52	33
369	292	52	34
362	294	52	33
355	293	53	34
349	293	53	34
342	295	53	33
333	293	55	35
328	294	53	33
322	295	53	33
316	294	52	34
308	296	54	32
302	294	56	35
