0.524115
0.296462
0.296340
0.440981
0.425061
0.497013
0.235209
0.256428
0.426491
0.453055
0.338524
0.497923
0.281402
0.224566
0.342198
0.204700
0.246452
0.180788
0.211236
0.168430
0.251525
0.211344
0.353097
0.348945
0.306572
0.204498
0.252776
0.300452
0.287428
0.184164
0.193522
0.176554
0.249051
0.176851
0.275645
0.261672
0.228694
0.231750
0.237864
0.215317
0.285740
0.177544
0.233101
0.211185
0.229713
0.227823
0.171445
0.250435
0.166085
0.127885
0.170256
0.207626
0.169943
0.159283
0.119703
0.122855
0.190178
0.211350
0.246483
0.149325
0.146079
0.190333
0.189645
0.234732
0.243056
0.264370
0.225788
0.225047
0.198987
0.182826
0.221610
0.153958
0.143395
0.185051
0.109769
0.115791
0.116435
0.182911
0.226110
0.257323
0.387791
0.247095
0.302733
0.317804
0.518197
0.327852
0.322847
0.318095
0.423090
0.493392
0.559395
0.352861
0.379582
0.355906
0.512023
0.286290
0.264286
0.266045
0.368041
0.191512
0.320891
0.575560
0.406261
0.502509
0.244075
0.292600
0.313298
0.405966
0.272161
0.280268
0.275861
0.474441
0.376901
0.439564
0.312376
0.409577
0.464101
0.288549
0.291829
0.258660
0.268085
0.326299
0.261809
0.242868
0.207418
0.265256
0.309388
0.416429
0.349115
0.252157
0.313083
0.402016
0.383057
0.581762
0.199498
0.292845
0.237687
0.291337
0.414320
0.227811
0.304873
0.192714
0.274825
0.384083
0.680176
0.355855
0.408587
0.254848
0.145895
0.155304
0.141905
0.137117
0.164606
0.234771
0.128514
0.148043
0.201604
0.139691
0.185888
0.154322
0.192140
0.152489
0.142557
0.155449
0.187932
0.156733
0.213164
0.124053
0.128864
0.169605
0.132688
0.179420
0.158165
0.162962
0.111341
0.158119
0.146609
0.176686
0.139521
0.126249
0.218125
0.173659
0.111134
0.149272
0.120584
0.180636
0.189363
0.114995
0.118501
0.132327
0.115183
0.194328
0.135516
0.192641
0.190813
0.141788
0.207115
0.146113
0.204628
0.121968
0.218643
0.174719
0.149405
0.166755
0.206972
0.231777
0.143882
0.159786
0.168585
0.125327
0.089159
0.149528
0.178284
0.140656
0.172821
0.139507
0.142625
0.177337
0.154584
0.179199
0.182390
0.183091
0.138787
0.184282
0.161805
0.140445
0.132530
0.210406
0.184298
0.197236
0.163322
0.323724
0.245256
0.148470
0.148916
0.216598
0.247127
0.144426
0.225484
0.150129
0.145553
0.125683
0.136964
0.148148
0.131324
0.127833
0.134906
0.094273
0.111737
0.157752
0.160305
0.163067
0.125654
0.123569
0.152488
0.173438
0.154971
0.152877
0.152371
0.131419
0.165901
0.126611
0.175132
0.132339
0.200248
0.182568
0.158531
0.143934
0.186569
0.192777
0.217793
0.156037
0.119128
0.140786
0.236953
0.190146
0.204003
0.124153
0.170826
0.150143
0.165511
0.126614
0.166475
0.130913
0.148747
0.114703
0.129858
0.164148
0.126398
0.209239
0.261629
0.166377
0.200555
0.187670
0.161037
0.204846
0.158051
0.120571
0.133155
0.101948
0.159334
0.188041
0.150620
0.126214
0.132960
0.159327
0.136850
0.204914
0.174033
0.190854
0.130020
0.176205
0.111614
0.397584
0.244887
0.184205
0.100935
0.159192
0.214516
0.194534
0.312338
0.223161
0.432710
0.193221
0.104688
0.159873
0.146482
0.216316
0.167176
0.124675
0.184702
0.202531
0.160710
0.175240
0.185948
0.122288
0.162479
0.158128
0.210218
0.170947
0.114056
0.159069
0.167352
0.306082
0.280603
0.168899
0.124692
0.123538
0.096197
0.111410
0.135568
0.172633
0.274099
0.287100
0.200706
0.229742
0.195497
0.149458
0.133385
0.163572
0.200365
0.280867
0.368589
0.134363
0.298961
0.370932
0.296077
0.286577
0.243763
0.288250
0.321194
0.424455
0.548853
0.376636
0.180470
0.249854
0.216902
0.370505
0.376909
0.193265
0.261159
0.496437
0.180882
0.216925
0.194420
0.396503
0.206886
0.219576
0.356309
0.273518
0.354908
0.259331
0.184383
0.245601
0.196861
0.197532
0.184973
0.234773
0.192592
0.148407
0.192847
0.518803
0.296350
0.335179
0.423151
0.309876
0.314049
0.308673
0.391049
0.485365
0.387896
0.133514
0.425653
0.448601
0.276242
0.301220
0.310080
0.182238
0.296030
0.180999
0.157112
0.249069
0.265144
0.239677
0.339874
0.206477
0.311076
0.314978
0.256582
0.322487
0.223775
0.272385
0.337578
0.239187
0.289567
0.221769
0.263404
0.319950
0.478369
0.340365
0.239215
0.413691
0.212758
0.150280
0.225026
0.371765
0.215276
0.320436
0.510634
0.184550
0.203018
0.130734
0.115133
0.102847
0.176280
0.212579
0.219022
0.260612
0.252294
0.232215
0.283966
0.297177
0.390995
0.291618
0.421062
0.182813
0.241806
0.399109
0.144102
0.109665
0.161196
0.154247
0.149764
0.200800
0.143103
