234	172	10	7
499	455	96	50
499	455	95	52
499	454	95	53
499	454	96	52
499	454	95	53
499	455	95	52
499	454	95	51
497	454	96	52
499	453	95	52
498	453	96	53
500	453	96	53
500	454	96	52
499	454	95	52
500	454	94	52
500	453	94	53
501	454	95	52
500	454	95	52
505	458	107	50
553	458	84	50
574	469	48	39
480	376	126	47
358	363	41	26
373	387	39	44
324	356	85	63
195	210	73	37
248	114	93	33
242	115	116	47
251	116	100	35
246	116	109	44
283	125	63	21
247	116	106	30
242	115	116	36
249	116	104	29
248	114	108	38
250	115	109	33
242	115	114	31
237	115	124	32
249	115	111	33
255	115	102	30
254	115	102	30
249	115	112	32
248	115	110	33
239	114	121	33
254	116	108	31
248	115	110	33
389	153	63	54
401	108	62	66
271	35	56	59
157	140	58	54
224	83	58	33
222	75	79	10
209	93	46	24
179	93	55	35
246	1	72	40
154	91	103	40
87	117	105	85
230	211	121	195
227	440	108	57
235	432	183	58
231	431	100	59
229	431	201	72
240	434	90	62
345	429	117	68
239	433	97	60
230	436	109	60
242	436	87	58
234	436	100	56
384	430	85	63
248	433	251	69
241	433	90	47
236	436	95	54
229	435	106	65
237	435	89	58
232	435	103	62
250	431	90	65
242	431	108	68
235	447	95	61
235	477	126	31
357	487	69	24
347	404	125	68
197	205	93	81
252	108	103	40
297	118	106	48
252	111	104	33
258	111	98	30
256	110	99	31
257	111	98	31
253	111	102	30
258	109	96	34
263	110	147	66
242	109	189	65
248	117	172	56
251	114	106	31
255	111	104	32
266	112	89	29
248	110	99	29
250	112	107	28
255	110	99	30
250	110	97	29
249	111	100	30
250	111	109	30
264	111	89	29
248	110	108	31
275	114	82	30
249	110	100	35
254	110	109	36
290	121	100	40
252	110	104	35
253	110	101	31
266	112	82	28
248	110	93	29
260	112	99	30
258	110	90	29
247	110	112	32
249	113	109	31
259	112	95	30
250	111	98	29
248	111	110	28
254	112	101	29
249	111	111	31
250	112	107	30
247	111	108	31
250	111	100	30
249	110	106	33
253	111	90	30
252	112	104	30
252	111	101	34
253	112	104	33
250	112	105	35
254	112	100	33
252	111	98	31
256	112	99	33
261	110	94	40
256	111	93	29
249	112	108	30
252	111	102	32
254	110	99	38
254	111	96	33
254	111	102	33
254	111	96	36
256	111	98	38
258	111	87	28
248	111	107	30
254	112	95	33
253	112	94	31
249	111	101	31
251	110	102	32
254	111	96	29
247	111	105	30
251	113	105	31
254	112	96	31
252	112	104	31
253	111	99	33
256	112	100	31
251	111	101	35
256	112	102	31
255	112	95	28
247	111	107	32
256	112	101	30
260	111	88	30
254	111	100	32
263	112	87	30
254	111	99	32
258	111	97	31
252	111	102	32
256	112	100	31
256	111	95	39
261	112	87	30
248	111	104	30
248	111	108	31
251	111	105	30
251	110	96	29
253	111	101	30
252	109	104	32
253	110	105	31
254	111	102	32
250	110	104	31
257	112	95	31
251	111	102	32
260	112	98	30
256	110	96	32
263	112	91	32
247	110	98	34
256	111	95	33
255	111	95	31
253	112	101	32
256	112	97	30
216	111	132	48
165	113	90	29
131	113	85	29
150	112	95	31
156	112	97	29
141	110	93	44
122	111	106	32
117	111	109	31
121	110	115	37
118	117	127	29
143	112	94	29
133	111	108	36
122	112	110	33
121	112	112	38
129	113	98	32
132	111	105	44
123	113	115	45
122	118	116	29
133	112	93	33
134	112	95	33
134	112	102	30
138	111	100	45
109	120	136	32
69	133	113	31
135	113	95	38
140	113	85	30
133	112	97	31
134	112	104	31
122	111	100	29
125	112	108	31
127	113	110	31
140	114	94	30
134	113	92	29
127	113	107	35
134	113	99	34
134	112	92	29
135	112	98	33
134	113	96	29
134	112	91	30
134	111	91	36
131	112	103	30
134	112	95	28
134	113	100	30
134	111	98	29
130	112	104	30
134	112	102	28
132	111	93	29
133	113	99	28
132	112	83	27
133	111	90	31
135	112	99	30
130	112	101	31
127	112	101	29
134	114	93	26
135	112	85	25
126	114	64	19
128	113	98	29
129	113	84	25
121	115	92	31
127	112	74	27
126	112	97	32
131	112	97	31
140	112	90	30
128	111	97	33
132	110	93	29
133	111	98	31
132	111	102	29
134	110	103	31
139	110	94	31
134	110	98	31
139	110	92	28
135	111	96	30
135	111	93	30
136	111	99	29
129	110	92	32
135	110	91	31
139	110	87	33
134	112	89	29
142	111	82	30
134	111	83	31
134	112	90	31
135	111	86	30
136	111	99	31
134	111	77	27
129	113	98	33
131	111	85	41
131	112	88	31
96	165	93	94
136	166	82	40
124	194	98	49
127	207	96	26
127	201	72	26
128	200	92	28
130	203	81	28
130	205	92	32
131	205	94	29
130	204	85	27
129	204	83	27
129	204	93	29
129	204	100	30
128	204	90	27
126	203	84	25
120	203	109	34
126	203	92	26
125	204	83	29
125	204	73	27
128	205	68	28
129	206	85	31
126	206	76	29
125	206	76	26
132	207	76	27
135	207	75	27
129	206	75	25
128	207	67	23
129	207	69	24
131	207	78	27
127	206	71	24
130	206	84	28
127	206	76	26
129	206	87	28
126	205	84	27
124	206	86	31
133	206	89	29
133	205	91	28
134	206	85	26
133	205	83	26
135	206	86	28
134	205	87	26
133	205	95	29
137	205	93	32
129	206	92	27
140	206	97	30
134	205	92	27
141	205	87	31
132	206	88	29
133	206	92	31
134	207	92	28
133	207	92	28
133	207	91	28
133	206	100	29
127	207	98	27
131	206	78	26
131	207	67	24
132	208	69	26
136	208	80	26
127	207	69	24
128	205	61	25
132	206	65	27
127	206	76	24
127	205	76	27
128	204	98	33
123	204	109	34
122	203	96	29
124	204	77	24
123	203	80	27
132	204	88	28
130	204	100	31
127	203	100	34
131	203	100	34
130	204	99	32
130	204	101	35
144	203	85	36
137	203	91	38
136	204	90	37
134	206	98	34
128	205	87	29
133	206	93	30
138	206	86	30
127	206	89	30
127	205	88	31
126	205	63	22
128	207	56	23
126	206	43	18
125	206	56	43
124	205	65	25
127	204	82	31
125	204	93	31
122	204	94	36
123	205	90	25
126	206	92	31
130	205	93	33
116	204	108	36
123	203	108	34
127	202	98	33
129	204	97	31
124	204	91	35
128	205	101	31
128	204	89	30
129	204	86	33
129	204	95	33
133	204	97	33
132	205	89	28
132	204	93	33
134	203	99	34
128	203	92	31
132	205	91	32
132	206	87	29
129	205	89	30
132	206	83	28
120	205	105	33
128	204	82	26
131	207	76	26
130	206	78	27
130	206	70	23
133	206	65	27
130	205	83	27
129	204	78	27
132	204	72	27
133	204	83	26
132	204	77	25
125	204	73	28
130	204	103	38
135	203	92	35
137	203	95	31
138	203	89	34
131	202	90	31
139	204	92	31
132	202	92	35
140	204	90	31
133	204	97	32
135	205	98	30
130	205	96	28
136	206	79	25
138	206	87	28
130	205	104	30
135	205	100	30
132	205	94	31
130	204	105	32
131	205	91	28
128	204	88	28
125	205	77	26
128	204	76	27
133	205	85	27
131	204	86	28
132	205	81	26
133	206	77	26
135	206	77	25
135	204	74	26
136	205	77	27
134	205	86	30
132	205	85	29
132	205	88	30
136	205	83	27
133	204	80	27
129	205	73	22
128	205	98	28
131	204	99	30
132	204	96	30
128	205	97	29
136	205	95	32
129	205	86	29
129	205	89	33
129	206	92	31
130	206	102	31
125	205	85	26
127	207	105	31
136	205	92	31
128	206	68	22
130	206	83	29
133	206	79	28
133	207	78	26
135	206	68	24
134	206	87	29
132	205	78	25
133	206	58	22
128	205	49	23
130	205	42	20
130	204	51	31
131	205	61	24
131	204	68	26
131	205	99	31
125	204	83	26
129	205	80	26
134	206	98	33
128	205	50	20
130	206	38	22
129	207	68	31
135	207	96	33
128	206	75	25
129	208	68	25
126	207	78	27
131	207	79	27
131	206	73	25
130	207	64	22
131	208	68	25
132	208	73	27
129	208	83	31
129	207	77	28
126	206	93	37
120	205	96	36
118	205	103	32
110	204	89	28
129	206	83	29
129	206	70	23
127	205	68	23
127	206	45	16
127	205	40	17
124	205	64	26
126	205	68	25
128	206	76	24
128	207	82	25
131	206	87	25
132	206	81	27
134	206	39	17
130	206	39	18
131	206	51	28
134	208	35	15
142	208	71	31
129	208	57	21
126	207	71	23
124	206	91	26
116	198	114	40
134	209	57	17
123	207	70	22
128	207	69	24
125	208	68	21
128	207	85	26
127	207	53	18
127	206	41	19
128	206	41	21
128	206	39	21
129	206	34	16
126	205	86	31
128	206	55	20
129	205	58	28
129	206	65	24
131	206	62	23
128	205	59	25
131	205	62	25
133	206	66	23
130	206	59	21
130	207	44	17
128	206	40	21
126	206	46	27
133	208	41	19
133	207	48	24
132	207	38	17
130	208	38	19
129	207	37	19
128	207	40	21
129	207	40	20
127	207	45	27
127	208	44	17
128	207	39	22
128	207	42	23
128	208	39	17
127	207	41	26
127	207	38	16
124	206	86	29
128	207	41	17
127	207	41	19
128	207	40	22
126	207	47	29
128	208	43	19
127	206	45	23
127	205	45	26
127	207	45	19
127	205	44	25
126	207	40	17
127	206	45	22
126	206	41	17
127	207	40	20
128	208	42	17
126	208	40	17
126	207	41	23
126	208	44	17
125	208	43	22
124	209	43	20
125	208	42	21
127	208	40	18
126	207	42	24
127	208	43	23
125	207	44	22
125	207	44	22
126	207	42	20
128	206	50	28
130	208	41	16
126	206	49	21
126	206	41	17
127	206	42	21
129	206	42	19
127	206	43	20
126	207	46	21
125	207	49	24
126	208	42	18
141	208	76	31
130	207	93	28
151	210	81	28
132	207	81	24
124	206	112	31
123	207	112	31
139	210	106	29
131	207	82	27
128	208	65	24
129	209	62	24
130	208	63	24
130	209	69	25
129	208	67	24
130	209	73	25
133	209	77	26
131	207	79	26
130	209	86	27
131	208	74	26
131	207	86	29
125	206	82	27
127	207	89	29
129	206	71	25
128	207	64	25
128	206	50	21
126	206	44	20
126	206	45	25
126	206	42	20
126	206	43	27
125	208	44	22
126	207	43	23
124	207	47	23
124	206	46	24
125	207	49	21
126	207	50	24
126	208	43	17
129	208	62	29
127	209	55	19
127	208	46	19
125	208	47	26
126	209	48	19
126	209	49	24
130	209	48	20
127	207	50	30
133	209	71	26
134	209	92	29
131	208	98	30
127	209	105	30
130	208	102	34
136	208	94	29
116	207	108	34
122	206	108	33
122	207	105	32
128	207	104	33
134	208	97	32
132	207	92	29
138	201	96	35
105	152	174	103
138	135	73	45
131	133	94	32
130	142	103	30
132	139	89	28
131	133	96	29
134	135	98	28
133	134	99	30
133	134	97	29
139	134	96	30
134	135	87	25
135	136	97	29
135	135	92	27
135	135	98	28
132	135	102	28
135	135	97	29
172	135	86	26
115	182	62	24
167	189	54	17
179	188	38	14
163	188	38	14
164	189	37	14
179	189	39	14
182	188	37	12
179	188	38	13
174	188	41	14
180	188	37	13
181	187	36	16
182	187	36	14
183	188	36	14
182	188	37	15
181	188	37	14
182	187	37	15
183	189	36	13
184	190	35	12
185	189	34	12
184	188	50	16
185	190	36	17
186	190	36	15
186	190	36	14
186	190	34	13
185	190	32	13
185	190	33	13
185	191	29	11
186	190	29	11
185	190	32	12
184	189	32	13
185	188	33	13
186	189	33	13
185	188	27	12
186	188	25	12
186	189	24	11
185	189	26	11
185	188	27	12
184	188	27	11
184	188	27	11
185	188	26	12
184	188	25	11
185	188	25	12
183	188	27	13
185	188	26	12
185	189	23	10
185	190	22	10
186	190	22	10
187	190	23	11
186	190	30	13
186	190	32	13
187	191	34	12
187	191	34	13
186	191	34	14
186	191	34	13
186	190	34	13
186	190	35	13
184	189	36	14
185	190	36	14
184	189	33	15
185	190	37	13
184	189	36	14
186	189	35	14
180	189	40	16
127	191	140	10
181	134	82	32
188	134	85	30
203	131	94	35
191	131	97	29
180	134	88	34
170	133	46	34
167	132	88	43
182	131	84	32
186	132	95	31
186	132	91	27
175	132	80	25
176	135	65	23
174	133	61	33
180	134	79	27
184	134	79	30
178	133	93	32
178	134	73	25
177	133	88	59
180	139	102	31
181	135	89	29
185	134	90	30
152	161	122	10
179	135	64	29
181	134	97	30
184	134	86	31
182	133	97	35
170	133	114	35
176	133	111	34
175	131	99	32
165	133	103	31
184	131	91	33
180	131	94	29
167	130	105	36
177	129	98	31
146	128	125	42
87	161	101	26
26	185	41	19
23	185	40	22
19	185	42	19
18	185	39	17
18	184	41	21
17	186	42	17
18	186	40	16
18	186	42	19
17	186	42	15
18	186	38	17
17	186	41	14
18	187	40	18
17	187	39	14
18	186	40	19
16	185	40	15
15	184	41	18
15	183	42	20
13	182	48	19
10	182	41	17
9	182	40	17
5	181	42	20
2	182	40	34
0	180	47	21
1	180	32	17
0	179	41	23
2	177	37	39
1	178	35	40
31	176	32	53
108	104	40	28
135	106	79	44
136	105	128	64
128	104	127	40
124	102	126	41
119	98	120	49
118	96	83	66
119	96	128	54
130	97	120	42
116	101	131	77
87	130	121	97
108	96	128	34
112	97	123	58
118	99	124	54
114	99	129	47
114	96	129	46
124	93	111	73
85	139	123	118
112	95	135	43
112	96	130	55
115	102	132	47
113	100	128	41
121	92	79	145
103	95	145	56
122	97	118	39
117	98	131	44
132	98	116	35
120	102	130	40
137	100	108	54
139	102	105	41
143	104	109	41
146	106	111	49
143	107	118	51
149	108	113	41
139	108	102	39
147	109	108	41
141	108	112	40
149	108	111	40
142	107	103	39
146	108	100	42
148	107	98	50
150	108	109	48
146	107	115	50
145	108	118	46
140	105	121	61
147	107	116	43
141	104	122	49
140	105	126	49
139	105	120	38
138	105	110	34
136	103	112	35
140	105	113	37
140	105	94	36
137	104	112	38
140	105	93	29
142	104	83	36
138	102	86	40
138	104	94	36
140	105	88	33
142	105	76	36
142	106	82	35
141	107	92	33
139	106	82	34
139	106	89	44
140	106	91	39
141	108	85	31
147	109	91	35
141	108	92	37
143	108	99	35
145	108	89	35
143	107	89	32
142	107	113	38
138	106	123	39
138	106	113	37
140	105	100	39
138	106	101	45
141	106	113	43
142	106	109	38
139	107	112	35
141	104	96	40
135	106	102	41
142	105	99	39
142	105	87	36
142	105	82	36
141	105	81	39
145	106	86	36
148	106	79	38
148	106	77	35
144	107	78	38
138	117	86	31
134	108	133	38
141	107	110	34
145	107	86	34
145	109	98	33
141	108	118	34
142	107	107	35
143	109	113	36
139	108	118	39
141	108	117	40
141	106	115	39
144	106	116	42
136	105	120	44
139	105	126	47
144	105	115	39
140	105	122	41
145	104	120	41
149	105	107	37
144	105	100	41
148	105	100	44
149	105	98	48
151	104	100	48
143	103	108	54
145	106	112	47
145	104	103	42
145	105	111	48
149	105	115	54
147	104	117	65
140	107	124	47
140	107	123	41
140	105	99	37
138	108	113	40
136	105	112	46
137	106	122	45
138	105	124	43
139	106	129	47
143	105	118	42
139	108	118	40
142	106	104	40
145	108	100	40
136	106	97	48
140	106	128	54
141	108	121	41
142	103	115	54
138	106	133	53
141	105	125	47
142	104	122	44
137	103	122	42
135	103	132	48
135	103	129	49
109	182	62	48
134	106	50	17
158	106	61	42
82	208	67	41
132	102	77	44
138	104	109	47
139	106	119	46
141	105	123	55
141	107	118	41
142	105	114	50
139	107	125	51
146	108	112	38
129	116	89	75
286	216	86	50
164	195	105	55
138	219	128	47
140	210	121	47
143	211	119	43
139	215	110	42
142	216	114	48
142	216	113	41
138	213	109	43
141	213	108	45
140	215	124	42
135	212	121	41
140	214	122	39
140	212	113	42
137	212	122	41
138	212	127	44
141	213	120	45
139	213	126	44
140	213	121	41
138	213	104	37
139	214	119	41
140	214	123	40
140	214	124	41
135	213	113	38
140	215	123	40
138	214	130	39
137	215	116	39
141	214	116	42
138	215	107	35
137	217	108	39
137	217	115	42
139	216	106	36
139	217	109	42
141	216	116	41
137	217	120	42
137	216	128	47
138	217	122	41
138	215	116	41
138	214	114	45
136	214	117	45
135	213	115	47
137	213	108	38
134	212	115	49
141	213	108	39
135	213	119	41
135	213	111	40
137	214	118	40
136	214	124	40
139	215	113	38
141	215	103	36
140	214	98	40
136	215	108	41
135	215	114	40
141	215	99	37
142	218	103	38
141	215	94	39
131	218	104	36
143	217	109	39
141	218	103	33
142	216	98	33
144	217	105	34
140	216	124	39
139	215	101	34
151	218	110	37
134	214	96	35
139	216	111	38
136	215	121	38
136	214	110	38
133	214	121	41
132	214	116	39
134	213	122	41
142	214	109	38
153	213	105	39
129	212	100	38
145	216	105	40
143	213	115	41
145	214	111	39
141	214	107	40
138	214	116	40
137	214	113	41
141	215	114	37
140	215	118	39
143	216	111	41
146	216	101	39
147	216	106	38
142	216	101	38
137	219	109	40
142	218	109	41
142	218	88	33
143	218	89	38
151	219	84	41
131	217	103	42
139	219	114	41
149	215	102	43
139	215	103	41
141	218	103	41
140	215	111	44
139	214	111	34
137	217	108	38
145	215	99	37
141	214	105	41
137	214	116	39
134	214	132	40
136	215	113	34
136	216	103	38
129	214	138	39
133	215	118	34
142	214	106	37
141	214	104	39
138	216	110	35
144	216	91	33
141	218	95	35
139	218	106	37
139	218	106	32
142	217	108	34
133	215	109	40
127	216	89	31
127	217	116	38
130	215	110	36
126	215	123	41
131	216	121	39
128	216	131	42
130	216	120	36
127	215	125	44
129	214	131	47
132	215	133	41
129	215	136	41
137	215	126	40
141	215	117	38
138	213	111	38
139	214	113	37
136	212	116	40
139	212	112	41
139	213	116	44
138	214	109	35
131	214	114	36
134	214	89	34
138	215	103	34
134	215	126	38
140	216	97	33
140	217	87	31
139	218	92	33
148	220	90	34
144	219	93	32
143	218	108	34
144	217	106	38
145	216	99	42
146	217	92	34
145	217	101	36
144	216	101	40
138	213	124	42
138	216	113	36
142	216	118	36
137	216	117	37
140	215	121	38
134	216	120	35
139	215	115	37
141	215	110	35
143	214	112	35
142	215	112	37
139	215	107	37
140	216	96	35
139	217	116	36
142	215	107	37
138	215	116	38
138	216	120	37
140	218	112	35
137	218	109	33
135	217	118	37
140	218	121	36
137	217	110	36
141	217	112	36
137	217	120	35
148	219	109	35
136	217	110	34
134	217	115	36
140	216	98	35
146	216	82	31
143	179	88	46
147	140	73	36
155	134	105	44
142	143	110	30
144	137	114	35
138	131	116	33
141	129	124	37
138	129	123	35
134	130	127	35
141	130	120	36
138	131	126	35
142	131	124	34
136	131	128	34
138	132	127	34
134	130	132	36
145	132	119	33
136	132	128	33
134	133	125	33
144	134	117	34
135	134	120	31
140	134	122	35
139	133	117	33
148	135	107	31
138	133	119	34
148	133	116	34
138	131	120	37
126	131	131	37
134	132	128	35
135	131	130	37
132	130	133	35
144	131	118	36
139	129	120	36
143	130	119	37
140	129	117	37
142	130	118	36
139	128	120	38
140	129	118	36
145	129	107	39
140	129	124	38
139	128	126	39
139	129	102	32
146	132	110	34
139	130	121	36
135	133	121	34
144	131	119	35
136	131	112	34
160	132	95	34
135	130	122	36
143	134	112	34
135	132	116	33
150	132	94	31
128	131	101	37
133	131	128	38
136	132	122	37
130	131	126	37
129	131	128	34
141	131	121	35
132	130	126	36
144	131	113	36
135	130	132	37
142	132	124	35
144	129	123	37
140	129	122	35
145	131	121	33
141	131	111	33
142	129	124	37
140	129	115	36
136	129	123	36
138	131	121	33
138	131	123	36
137	130	126	34
139	130	123	37
139	131	125	32
145	131	122	33
143	131	124	34
137	129	129	35
140	131	122	30
132	129	126	35
137	131	107	30
142	129	120	34
139	130	120	36
135	130	131	36
139	130	123	34
136	127	111	85
132	129	132	41
140	129	123	40
131	129	134	37
147	129	117	37
128	126	125	37
137	128	125	35
134	128	130	37
143	128	120	35
132	126	128	37
139	128	127	36
135	129	126	35
133	129	118	34
138	129	121	34
131	131	131	35
136	130	119	33
147	132	115	35
140	129	114	33
149	130	110	36
145	130	112	33
143	130	123	36
140	130	123	36
143	130	122	36
137	130	126	35
138	131	124	34
140	131	121	34
142	130	124	35
144	128	121	36
144	130	116	36
141	129	117	37
138	129	122	36
144	130	117	36
143	130	119	40
139	130	121	38
140	129	125	35
87	153	122	28
140	128	124	43
144	129	121	39
145	129	117	38
148	128	117	37
147	129	106	33
145	128	119	38
144	128	112	34
135	129	126	38
145	130	120	36
134	129	123	36
144	129	120	37
130	128	129	36
139	131	118	34
155	131	108	36
147	130	118	36
161	132	105	34
138	128	118	36
157	131	103	37
136	129	127	37
149	130	114	36
134	129	133	38
144	131	123	35
141	128	119	36
142	130	124	38
138	130	119	34
144	130	116	36
135	129	120	34
149	129	108	37
136	127	121	40
138	130	126	36
132	129	130	36
142	130	122	37
133	128	134	38
146	131	119	34
134	129	131	38
143	131	121	35
136	129	104	34
140	137	72	24
138	146	68	27
141	144	72	28
125	142	129	38
131	145	128	34
139	144	121	35
144	147	103	30
135	144	115	33
137	146	113	32
136	145	109	32
134	146	120	38
136	145	105	31
142	145	117	35
137	145	98	28
138	144	128	44
140	145	132	38
139	143	127	39
142	146	126	36
139	143	128	38
140	144	130	43
136	136	133	63
135	133	131	43
137	137	125	38
141	137	96	29
143	137	109	33
142	136	119	38
147	137	110	38
142	138	111	36
146	139	113	34
142	138	117	36
145	139	108	34
140	139	122	35
138	138	119	36
139	139	124	35
144	138	121	36
139	137	124	36
148	139	117	34
153	138	106	34
147	138	111	33
148	137	100	33
148	140	116	35
147	139	95	33
145	139	115	34
142	139	114	34
147	138	104	33
146	139	112	37
142	139	109	34
128	143	145	46
138	157	124	35
139	162	119	33
144	161	119	34
150	162	108	33
146	162	110	36
149	163	107	33
141	162	118	35
150	163	105	33
147	162	111	35
146	163	98	31
146	164	115	32
144	161	109	34
148	165	120	34
148	165	102	32
145	165	103	32
144	164	116	32
143	162	113	36
135	163	113	34
150	165	87	30
136	163	114	36
143	161	115	36
150	164	108	35
149	163	109	36
142	163	115	39
142	163	108	31
146	164	111	35
146	163	110	35
148	163	115	34
147	164	89	29
141	164	117	40
143	164	94	28
143	166	116	33
139	164	118	34
137	163	130	38
137	164	118	32
142	165	124	35
140	164	125	37
140	163	118	36
144	165	118	35
137	163	132	37
136	163	130	36
136	163	132	35
140	165	94	28
136	164	123	35
139	163	128	37
140	163	94	28
140	165	91	31
144	159	76	115
143	164	117	33
143	163	104	33
146	163	116	36
146	164	104	33
145	163	119	35
147	163	98	30
150	162	114	36
152	162	93	33
147	162	107	34
149	162	107	34
148	162	112	34
147	162	108	34
148	162	109	34
151	163	94	31
149	162	104	34
152	162	114	36
149	163	116	36
125	183	105	114
145	163	119	36
139	165	113	76
142	164	123	35
141	163	115	36
145	162	95	33
144	164	103	33
134	163	115	32
143	163	114	34
138	162	122	35
143	162	104	32
141	163	121	33
143	163	109	32
136	162	122	35
135	162	128	36
140	162	104	34
137	162	114	38
138	163	125	41
137	163	123	38
139	163	122	34
140	163	126	35
147	163	94	32
143	163	121	35
147	162	108	33
141	163	121	35
145	162	116	35
145	165	112	33
142	163	114	32
137	164	131	35
146	164	119	35
139	164	118	33
142	163	125	35
139	165	104	32
138	164	121	35
129	163	134	36
140	163	104	32
143	163	119	37
136	162	99	30
144	163	112	34
140	162	120	36
132	162	131	36
148	162	106	34
139	163	110	33
145	163	121	35
145	162	120	37
142	161	125	36
140	164	118	34
139	163	129	35
138	162	124	35
135	167	135	38
137	179	87	30
133	182	130	38
142	179	106	33
137	179	122	38
141	180	125	37
132	179	125	33
134	179	123	34
136	178	130	39
138	179	129	37
139	179	124	37
139	178	118	36
133	178	129	41
141	179	120	38
136	178	121	35
133	178	122	34
133	177	113	36
129	176	123	35
138	180	126	36
135	179	123	33
134	177	128	37
139	178	115	33
130	177	132	39
132	178	128	36
131	177	128	41
130	178	136	39
133	178	125	35
133	177	132	37
137	177	130	36
131	177	135	38
137	178	124	33
124	176	117	32
133	178	125	37
137	178	120	35
134	178	105	32
142	179	99	31
141	179	109	34
129	178	134	36
138	179	107	31
140	179	98	31
140	180	119	37
139	178	121	36
132	177	132	36
146	182	110	34
139	179	93	29
139	179	70	28
122	164	132	107
138	179	129	42
135	178	122	33
128	176	123	36
133	178	117	34
137	177	109	32
130	177	120	34
131	178	120	33
134	177	132	35
134	176	127	34
133	178	133	36
134	177	124	34
138	176	124	35
130	176	132	37
130	176	128	36
136	177	132	36
130	176	138	37
133	176	132	37
131	177	136	36
135	176	134	39
143	177	124	34
134	176	126	35
139	178	122	34
