483 271 55 44
480 243 56 52
480 209 55 52
476 200 56 47
474 199 56 46
470 199 57 46
468 199 57 46
467 197 57 46
464 198 57 46
462 196 58 46
460 196 57 47
458 195 57 47
456 196 57 45
455 196 57 46
452 195 58 46
450 195 57 46
448 193 58 46
447 193 56 46
445 193 58 47
443 193 57 46
441 193 58 46
439 192 57 46
438 192 57 47
436 192 56 46
434 192 58 47
432 192 58 46
431 191 59 47
429 190 58 47
428 190 57 47
426 190 57 48
425 191 58 47
423 190 57 47
422 190 58 47
421 190 57 46
421 189 56 47
419 190 57 47
417 190 57 47
417 189 57 47
416 189 57 47
415 190 57 47
414 190 57 47
414 189 58 48
413 190 57 47
413 189 57 47
412 190 57 47
411 189 57 47
411 190 57 47
411 190 57 47
410 189 58 47
411 189 57 47
410 189 57 47
411 189 57 48
410 189 57 47
411 189 57 47
410 190 56 48
410 190 57 47
410 190 57 47
410 190 57 47
410 190 57 47
410 190 58 47
410 191 57 47
411 191 57 48
411 192 57 47
411 191 58 48
411 192 58 46
411 193 58 47
412 193 57 46
412 193 57 46
412 194 57 47
413 194 58 47
413 195 57 47
414 195 57 46
414 196 57 46
414 196 57 46
414 196 57 46
415 197 57 45
415 197 57 47
415 198 57 46
415 198 57 47
416 198 57 47
417 198 57 47
417 198 58 47
418 199 57 47
418 199 58 47
419 199 57 46
419 200 57 47
419 200 58 46
419 201 58 46
420 201 58 46
421 201 57 46
421 201 57 46
421 202 58 46
422 201 57 46
423 202 57 46
423 202 58 47
423 202 59 46
424 202 57 47
424 203 58 46
425 203 58 46
425 203 57 47
426 203 57 46
426 203 57 46
426 204 57 46
426 203 58 47
427 204 56 47
427 205 57 47
427 205 57 46
427 205 57 47
427 205 58 47
428 206 58 47
428 206 57 46
429 206 56 46
429 208 57 45
428 208 57 47
428 208 57 46
428 209 58 46
429 210 57 46
428 210 58 46
428 210 57 46
429 211 58 46
429 212 58 45
429 212 58 46
429 213 57 46
429 213 57 47
430 214 57 46
429 214 57 46
429 215 58 46
429 215 57 47
430 216 57 46
430 216 56 47
430 217 57 46
429 218 57 47
428 219 58 46
428 219 57 46
429 220 56 46
429 221 56 46
429 221 57 46
428 223 57 45
429 198 55 51
428 184 57 46
428 185 56 47
428 185 56 46
428 186 57 46
428 186 55 46
427 187 57 46
428 188 55 46
427 188 57 46
427 189 56 46
426 190 56 46
426 191 57 46
426 191 57 46
426 192 57 46
425 193 57 47
426 193 57 47
426 195 57 46
426 152 55 50
427 118 52 50
425 90 55 47
425 90 56 46
424 90 56 46
425 91 56 45
425 92 56 46
425 92 55 45
425 92 56 45
425 93 56 44
424 94 55 45
425 93 55 46
424 94 55 46
424 94 56 45
424 94 56 46
424 95 57 46
424 95 56 45
425 95 56 46
424 96 55 47
424 96 57 47
424 97 56 47
424 98 55 45
424 99 55 45
424 100 57 46
425 109 57 53
426 143 54 47
425 144 56 46
425 144 57 46
425 145 57 47
425 145 57 46
425 146 56 46
426 146 56 46
425 147 57 46
426 148 58 47
426 148 58 46
426 148 57 46
426 148 57 46
426 149 56 46
427 149 56 46
427 150 56 46
427 150 57 45
428 151 56 45
427 151 58 46
428 151 57 46
428 152 57 47
428 151 57 46
428 152 58 46
428 151 57 47
429 152 57 47
429 152 57 47
429 151 57 47
430 151 57 47
429 151 57 47
430 151 57 47
431 151 58 47
431 151 56 47
430 151 57 46
431 150 58 47
431 150 57 47
432 150 56 46
432 150 56 46
432 150 57 46
432 150 58 46
433 149 57 46
434 149 56 46
434 149 57 46
434 149 57 46
434 148 57 46
435 148 56 46
435 149 57 46
435 147 57 47
435 148 58 47
438 188 55 50
439 223 53 50
440 256 54 50
438 267 56 46
437 266 57 47
437 266 57 46
438 266 56 46
438 266 56 46
438 265 56 47
438 265 55 47
438 266 56 46
439 265 56 47
438 266 56 47
439 265 56 47
439 265 57 46
439 265 57 46
440 265 56 46
439 265 58 47
439 265 58 47
439 265 57 47
439 265 57 47
439 265 58 47
439 265 57 48
439 265 58 47
439 265 57 47
439 265 58 47
439 265 58 47
439 266 56 47
439 266 57 46
439 266 58 46
439 265 57 47
439 266 58 46
440 266 57 46
440 267 57 47
439 267 57 45
440 267 57 46
440 267 57 45
440 267 56 46
439 267 57 46
439 267 57 46
440 268 57 46
439 267 57 46
440 268 56 46
439 268 57 46
439 268 57 46
439 268 57 46
439 268 58 46
439 269 57 47
439 268 58 47
439 269 57 46
440 269 57 47
440 269 56 47
440 269 56 47
439 269 57 47
439 270 57 46
440 270 57 47
440 271 56 46
439 270 57 47
440 271 57 47
440 271 57 47
440 272 58 46
439 272 57 47
440 272 57 47
440 273 58 46
440 274 57 46
440 274 57 47
440 274 58 47
440 274 59 46
440 275 57 47
440 275 57 47
440 275 57 46
441 276 57 46
441 277 58 46
440 277 57 46
441 278 57 47
440 277 58 47
441 278 57 46
441 278 58 47
441 279 58 47
441 279 58 47
441 279 59 47
441 280 58 46
441 280 57 47
441 281 58 47
442 281 57 47
443 282 57 46
442 282 58 46
443 282 58 47
443 283 57 46
443 283 58 46
443 283 57 47
443 284 58 46
443 285 57 46
443 285 58 46
443 285 58 46
444 286 59 47
444 286 58 47
444 286 59 46
444 286 58 47
444 287 59 46
444 287 60 47
445 288 59 47
444 288 60 48
445 288 60 48
445 289 61 48
445 289 60 48
444 290 61 47
445 291 61 47
445 291 60 46
445 292 61 46
445 292 62 47
445 293 62 46
444 293 64 46
444 293 64 47
444 293 63 48
444 294 64 47
444 294 65 47
444 295 66 46
444 296 67 47
444 296 66 46
444 297 67 46
444 297 66 46
443 297 68 46
444 298 68 46
444 299 69 46
443 299 70 46
444 298 70 46
442 299 72 46
443 299 70 46
442 299 73 47
443 301 71 46
443 300 70 46
443 301 71 46
443 301 72 45
442 302 72 45
443 302 71 45
443 303 71 44
443 304 71 44
443 303 71 45
444 304 68 44
445 304 67 43
443 305 69 44
444 305 67 43
443 305 68 44
444 306 68 43
443 306 68 44
445 306 66 44
443 305 69 45
444 306 66 45
444 306 67 45
444 306 66 45
445 306 64 45
446 306 65 44
444 306 65 44
446 306 64 46
447 306 65 45
445 306 66 45
448 307 64 45
449 307 63 45
448 307 63 44
450 307 61 46
449 307 63 46
450 308 64 44
449 308 65 44
449 308 65 44
450 308 65 45
449 308 65 45
450 308 65 43
451 308 66 44
451 308 66 44
452 308 66 44
452 307 66 44
453 306 66 44
454 306 66 44
454 305 67 44
455 306 67 43
454 304 69 44
456 305 69 46
455 306 70 44
456 305 70 45
457 306 69 44
459 306 70 44
459 307 70 44
459 305 70 46
460 303 71 48
464 306 70 46
463 304 70 48
465 306 70 45
466 305 70 48
361 309 84 42
290 308 83 45
239 310 74 44
237 310 71 46
243 310 71 46
240 310 71 46
239 311 71 45
240 312 71 44
242 313 69 44
242 313 70 45
244 314 67 44
245 314 67 45
247 315 64 44
248 316 64 43
250 316 62 43
251 317 61 42
251 317 63 43
253 317 60 43
254 317 60 44
253 317 60 44
254 318 60 44
254 318 59 44
255 319 61 44
257 318 59 45
258 319 59 45
258 319 58 45
259 320 58 44
260 319 58 45
261 319 57 45
260 319 57 45
261 319 58 45
261 319 60 44
261 319 60 44
261 319 61 45
261 319 61 45
261 319 61 45
261 318 61 45
262 319 61 45
262 318 61 45
262 318 61 45
262 318 61 44
263 319 60 43
263 318 60 43
264 318 60 44
264 318 60 44
264 318 60 44
264 315 61 46
264 315 61 47
265 318 61 43
265 317 61 44
266 316 61 44
267 317 61 44
268 316 61 45
268 315 61 46
268 315 61 46
271 317 60 44
271 317 60 44
273 317 61 45
273 317 60 45
274 317 61 46
276 317 61 46
278 317 60 45
280 318 60 46
281 318 62 46
282 318 61 46
285 318 61 46
286 319 60 46
289 318 62 47
291 319 62 46
293 319 62 47
295 319 62 47
298 320 61 46
301 319 62 48
305 321 61 47
308 321 61 46
311 322 61 47
314 321 62 48
318 323 61 47
321 323 61 47
325 324 62 47
329 324 62 46
333 325 62 46
337 325 61 46
340 325 62 47
345 326 60 47
349 326 61 47
354 327 61 46
359 327 61 47
363 327 62 46
369 328 60 46
374 328 61 46
379 328 61 47
384 329 60 46
389 329 62 46
395 330 59 46
400 330 62 46
405 331 60 46
412 330 61 46
418 331 60 46
424 332 62 45
430 332 60 45
437 331 60 46
442 332 61 45
448 332 62 45
455 332 59 46
461 332 61 46
468 332 58 46
474 332 60 45
481 332 60 45
488 332 61 46
496 333 60 46
502 333 60 45
509 332 59 46
516 332 61 45
523 332 59 45
529 332 60 46
516 332 69 45
447 334 70 43
386 333 68 45
363 331 60 47
377 333 61 46
386 332 61 46
388 332 61 46
396 332 61 46
403 332 61 46
410 331 61 46
417 330 61 46
425 330 62 46
433 330 61 45
442 329 60 45
449 328 60 46
458 328 59 45
465 327 61 45
472 326 60 46
499 323 61 46
446 323 71 45
379 324 69 44
322 323 66 45
310 321 60 47
325 320 60 47
332 320 62 47
337 320 61 46
344 319 63 46
353 319 60 46
360 319 60 46
369 319 60 45
377 319 59 46
385 317 60 46
393 318 61 45
401 317 61 45
409 317 61 46
417 316 60 45
425 316 59 45
385 313 70 45
319 313 69 45
259 313 69 46
206 313 65 47
204 312 60 47
219 312 60 46
224 311 61 46
230 311 61 46
238 311 61 46
245 310 61 45
253 310 61 45
262 310 59 45
269 309 61 45
278 308 60 46
286 308 61 45
294 307 60 46
302 306 60 45
310 305 60 45
269 304 71 45
202 305 70 45
142 304 70 45
99 304 60 47
104 304 60 46
118 304 59 45
122 304 60 45
127 304 61 45
136 304 61 45
144 304 60 45
152 304 61 45
159 304 61 46
167 304 60 46
175 304 62 45
183 303 61 46
191 304 62 46
199 304 60 45
208 304 61 45
215 304 61 46
223 305 61 45
233 305 59 44
240 304 61 45
249 304 60 45
256 304 60 45
265 304 60 44
283 303 62 47
222 303 71 45
157 303 69 45
112 303 60 46
117 302 59 47
132 303 60 45
136 303 61 45
141 303 61 46
148 303 61 46
157 303 60 45
165 303 60 45
172 302 61 46
180 302 60 45
188 302 61 45
196 302 60 45
203 302 61 45
212 302 61 45
219 302 61 45
227 301 61 45
235 301 61 45
243 301 59 45
251 302 60 44
258 302 60 45
267 301 59 44
274 301 61 44
281 301 60 45
298 299 62 46
236 300 72 44
169 300 70 45
117 300 64 46
115 300 59 45
128 299 60 44
133 300 61 44
136 299 61 44
142 299 62 45
150 300 61 44
157 299 61 45
162 300 61 44
170 299 61 45
177 299 60 44
183 299 62 44
190 299 61 45
196 299 62 45
203 299 62 45
209 299 61 45
215 299 61 45
222 299 61 45
229 299 61 45
235 299 62 45
242 299 60 45
248 299 60 45
255 299 60 45
261 298 60 46
267 298 60 45
273 298 60 45
279 298 61 45
285 298 60 45
292 298 60 45
298 298 59 44
304 298 59 44
310 297 60 45
316 297 59 45
322 297 59 45
339 295 60 45
282 295 71 46
213 295 69 44
153 294 66 45
140 294 58 45
152 294 59 45
157 293 60 45
159 293 60 45
163 292 61 44
169 292 59 44
174 291 61 44
179 292 60 44
185 290 59 44
190 290 59 44
195 290 59 44
200 290 59 44
206 289 59 44
211 289 59 44
216 288 59 44
221 288 60 44
226 288 59 44
231 287 60 44
237 287 59 44
242 287 59 44
247 287 60 43
252 286 59 43
257 286 59 44
258 285 64 46
188 286 70 44
121 286 68 45
98 285 58 44
108 285 58 44
113 286 59 43
114 285 59 44
118 285 58 44
122 285 59 44
126 285 60 44
130 286 60 43
136 285 59 44
140 285 59 43
145 285 58 44
149 285 59 44
154 285 58 44
158 284 59 44
163 284 60 44
167 284 59 44
172 283 60 44
176 284 59 44
181 283 59 44
185 282 60 45
190 283 60 44
193 282 60 44
199 282 60 44
203 282 59 44
207 281 59 44
211 281 59 44
216 281 60 44
220 280 59 44
225 280 59 44
229 280 60 45
246 279 58 44
211 279 66 45
138 280 69 42
77 279 63 45
66 279 57 44
77 279 57 43
79 279 59 44
79 279 59 44
83 278 58 43
87 279 58 44
89 279 58 44
94 278 58 44
116 240 52 47
120 206 52 46
123 172 50 48
125 143 55 45
128 142 56 43
131 143 56 43
135 144 56 43
139 144 56 43
143 144 56 43
147 145 56 44
150 145 56 43
154 145 56 43
157 146 57 44
161 146 56 43
164 145 55 44
168 145 55 45
172 146 55 45
176 144 55 45
179 148 57 43
182 147 55 45
186 146 56 45
189 145 57 46
193 147 57 44
196 147 56 45
200 145 54 46
204 148 56 45
207 147 57 46
211 147 57 44
215 148 57 44
218 148 56 44
221 148 56 44
225 148 55 45
230 149 55 44
233 149 56 44
236 149 57 44
240 149 56 44
244 148 56 45
248 149 56 44
251 148 55 45
255 149 55 44
259 148 56 44
262 149 56 44
266 149 56 44
191 149 68 41
122 148 67 43
61 148 64 42
35 147 52 43
44 147 52 44
49 148 52 43
48 147 52 44
51 147 54 44
56 146 52 43
58 147 54 44
63 147 53 43
66 146 53 43
70 146 54 44
74 146 54 44
77 145 54 45
81 144 55 45
85 145 55 44
89 145 55 44
93 145 56 44
97 145 56 43
100 144 56 43
106 144 54 44
109 145 55 43
114 145 55 43
117 144 55 44
122 143 53 44
126 144 54 43
130 143 53 45
134 143 54 44
138 142 54 44
143 143 54 44
147 142 54 44
151 142 54 44
155 142 54 44
159 141 54 44
163 141 55 43
167 141 54 44
172 141 55 43
176 141 54 43
180 140 54 44
184 140 53 43
188 140 54 43
192 139 54 43
196 139 54 44
201 138 53 45
205 138 53 45
208 138 54 45
212 137 54 45
216 138 54 44
221 138 54 44
224 137 54 44
234 137 58 44
177 137 68 41
104 136 68 43
49 136 59 42
45 137 51 43
56 136 51 43
56 136 52 44
57 135 52 44
61 137 50 42
64 135 51 43
68 135 53 43
71 134 53 44
75 135 53 42
79 134 53 43
83 134 53 44
87 134 53 43
91 133 53 44
94 132 52 44
99 133 53 44
103 132 52 44
106 132 53 44
110 132 53 44
114 132 52 43
118 132 54 44
122 132 53 43
125 131 54 45
130 131 53 45
133 131 54 44
138 130 54 44
142 131 54 44
146 130 54 44
149 130 54 44
154 129 55 44
158 129 53 44
162 129 54 44
166 129 54 44
170 129 54 43
173 129 54 43
177 128 55 44
181 128 53 44
186 127 53 44
190 128 53 43
193 126 53 44
196 126 54 44
202 126 53 44
205 127 53 43
209 126 54 44
212 126 54 43
217 126 52 44
220 125 53 44
224 126 54 43
228 125 54 44
232 125 54 43
235 125 55 43
252 124 53 43
232 123 60 43
160 124 70 39
94 124 64 41
81 123 52 42
92 122 52 43
93 121 52 44
94 120 51 44
98 121 51 43
101 121 53 44
106 121 51 42
108 120 51 44
112 120 52 44
117 120 52 42
120 120 52 43
124 120 53 43
127 118 54 44
132 117 53 44
135 118 54 44
139 118 53 44
143 117 53 44
146 118 53 44
151 117 53 44
155 117 53 44
159 118 54 43
176 121 51 45
180 153 50 46
185 188 48 46
187 207 52 44
190 207 54 44
194 207 54 43
198 208 55 43
201 208 55 43
206 209 53 44
211 209 54 43
214 210 54 43
218 210 54 43
223 211 53 44
227 212 54 43
231 212 54 43
235 213 53 43
239 213 54 44
243 213 53 43
