277 261 43 26
281 257 44 32
286 257 43 31
292 258 44 32
297 257 43 32
301 256 44 32
307 257 43 32
312 256 44 32
317 256 44 33
322 256 44 32
327 256 44 32
331 256 44 31
336 255 43 32
313 256 47 31
277 255 47 31
246 256 47 31
238 255 43 31
247 255 43 32
253 254 42 32
257 255 42 31
262 255 42 32
267 254 42 31
272 254 43 31
277 254 42 32
282 253 44 32
286 253 44 32
292 252 43 32
298 252 43 32
302 252 44 32
307 252 44 32
314 252 44 32
319 252 43 32
324 250 43 33
329 251 44 32
335 251 44 32
340 250 43 31
345 250 45 32
350 250 44 33
357 250 44 32
362 250 43 32
367 250 45 31
373 250 43 32
363 250 45 31
329 250 48 30
297 249 47 31
265 248 46 31
238 248 44 31
235 249 44 30
245 249 42 30
250 248 42 31
254 248 43 30
260 246 43 32
266 246 43 32
271 246 43 31
276 246 43 32
282 246 43 31
288 246 43 32
294 245 43 32
300 245 43 32
306 246 43 31
310 246 43 31
316 246 43 31
321 245 44 32
327 245 43 32
333 244 43 32
338 244 44 32
335 244 44 32
303 245 47 30
269 244 46 30
240 245 45 29
209 244 46 31
185 245 43 31
186 244 42 31
196 245 43 31
201 245 42 31
206 245 42 31
211 245 42 30
216 244 42 31
221 243 42 31
226 244 43 31
232 243 42 32
237 243 43 31
243 242 44 32
247 242 43 32
254 242 43 31
259 242 43 32
264 243 43 31
271 244 41 29
275 242 43 30
280 242 43 31
284 242 43 31
263 242 47 30
228 242 47 31
196 242 47 31
165 241 47 32
135 240 46 34
125 240 44 34
134 240 44 33
141 239 43 33
145 240 43 33
149 239 43 33
154 239 43 33
160 238 43 34
166 240 42 33
170 239 44 33
176 240 43 32
182 239 42 33
187 238 43 33
192 239 43 33
198 239 42 33
203 238 43 33
208 238 43 33
214 239 42 33
219 238 43 33
223 238 43 32
229 238 43 33
234 239 44 32
240 238 43 33
245 238 42 32
250 237 44 32
255 236 44 33
260 236 44 33
266 236 44 33
271 236 44 33
276 236 43 33
281 236 43 33
266 235 47 33
232 236 49 32
199 236 48 32
168 236 47 33
160 237 44 33
169 236 43 33
175 236 43 32
179 236 44 32
184 236 43 32
189 236 43 33
194 235 42 33
200 235 42 33
204 234 42 33
210 235 42 33
215 235 42 33
220 235 44 32
224 235 44 33
230 235 44 32
235 234 43 33
241 235 43 32
247 235 43 32
251 235 44 33
256 234 43 33
262 235 43 32
266 235 43 31
255 233 47 32
222 233 49 33
189 233 47 34
165 233 43 33
167 235 43 32
176 234 43 32
180 234 42 32
186 234 42 32
189 234 43 32
196 235 42 31
200 235 42 31
205 234 43 31
212 235 43 31
216 234 42 32
222 235 43 31
227 235 43 30
232 234 43 32
238 235 43 33
242 233 43 34
248 234 43 32
254 234 42 31
259 234 43 31
265 234 43 30
270 235 42 29
276 233 43 32
281 234 42 30
286 234 43 30
292 234 43 30
298 233 42 31
301 233 43 31
279 234 45 30
243 233 47 31
212 233 45 30
198 233 42 30
207 234 42 29
214 232 41 31
218 233 41 29
223 233 42 30
229 233 41 30
235 232 41 31
240 233 42 28
245 234 42 28
250 231 41 30
256 232 41 29
261 232 41 28
267 232 41 28
272 233 42 28
278 231 42 29
283 233 41 26
287 232 42 28
264 232 44 27
228 230 46 30
197 230 46 30
167 230 45 28
136 230 44 29
112 232 42 29
114 232 41 29
123 233 41 28
128 232 41 28
133 230 42 30
138 232 41 27
143 232 41 28
149 231 40 29
154 231 41 29
161 231 40 28
165 231 40 28
171 232 39 27
176 232 40 26
181 232 39 26
188 232 38 26
193 232 39 26
198 232 40 26
203 231 39 26
209 231 39 27
214 232 38 26
220 232 38 26
225 233 38 25
231 232 35 25
235 234 36 25
241 232 39 29
246 232 37 28
252 234 38 27
263 236 33 25
265 233 31 24
271 232 34 27
276 233 39 30
282 235 32 27
282 235 32 27
282 235 32 27
201 230 35 29
187 229 36 30
202 232 37 30
207 234 34 30
206 232 34 30
215 233 29 27
219 234 29 27
220 231 33 28
226 231 32 27
231 230 33 29
241 233 29 28
243 230 31 28
252 230 28 26
258 231 26 25
266 230 26 26
270 230 29 25
272 230 27 27
280 233 28 28
285 234 28 28
295 234 22 24
305 234 29 26
297 236 43 30
297 236 43 30
297 236 43 30
297 236 43 30
297 236 43 30
297 236 43 30
215 267 37 27
131 230 36 30
140 229 36 30
149 230 38 32
150 230 38 31
154 230 35 29
162 229 34 28
166 229 34 29
170 227 34 29
179 228 35 25
189 226 30 23
191 229 32 20
130 170 22 19
130 170 22 19
130 170 22 19
130 170 22 19
74 113 26 20
65 108 30 19
71 106 24 11
64 107 18 9
89 72 14 8
112 67 17 11
113 67 15 12
113 67 15 12
113 67 15 12
113 67 15 12
113 67 15 12
113 67 15 12
113 67 15 12
113 67 15 12
113 67 15 12
113 67 15 12
141 65 19 11
141 61 21 11
134 61 19 12
138 61 15 10
139 62 12 9
138 61 13 10
138 61 13 10
135 59 14 9
136 61 15 11
134 60 16 12
134 59 17 13
134 60 18 12
133 60 17 12
146 60 17 11
119 97 21 14
145 59 21 12
145 59 21 12
123 96 19 13
122 96 18 13
136 60 17 12
135 60 17 12
144 60 19 12
133 60 21 13
145 60 20 12
144 60 21 12
142 60 19 12
142 60 19 12
142 60 19 12
142 60 19 12
142 60 19 12
142 60 19 12
142 60 19 12
142 60 19 12
142 60 19 12
142 60 19 12
142 60 19 12
142 60 19 12
142 60 19 12
116 61 16 12
112 59 17 13
112 59 17 13
112 59 17 13
112 59 17 13
113 61 18 12
113 61 18 12
113 61 18 12
113 61 18 12
113 61 18 12
113 61 18 12
113 61 18 12
113 61 18 12
113 61 18 12
113 61 18 12
113 61 18 12
139 96 19 15
139 96 19 15
139 96 19 15
161 129 24 16
170 166 22 16
170 166 22 16
170 166 22 16
172 208 24 19
207 232 33 24
210 226 37 28
218 222 35 30
228 223 29 26
235 224 28 25
241 225 29 27
249 224 28 28
261 223 29 22
262 223 27 27
263 223 29 28
265 226 34 29
272 226 31 25
276 222 34 24
288 223 31 24
287 223 32 24
292 223 33 25
294 234 34 27
296 225 37 30
330 139 39 27
247 221 30 19
220 224 25 17
190 224 22 14
167 222 22 15
172 222 22 16
182 223 21 15
187 223 18 15
193 223 18 13
198 223 19 14
203 224 17 14
209 223 18 13
213 223 20 14
218 223 19 13
223 222 20 15
229 222 19 15
235 221 19 15
240 222 19 15
246 222 17 15
287 195 20 12
256 221 19 16
287 194 17 12
266 222 19 14
272 221 18 14
258 221 21 15
219 221 26 16
188 221 25 17
156 221 25 16
126 221 25 17
113 219 21 17
123 220 16 15
129 221 20 13
117 223 25 18
119 221 38 22
125 220 38 23
128 219 40 24
133 219 40 28
141 219 39 28
145 217 40 26
150 217 40 28
156 217 39 28
162 217 38 28
168 218 37 27
173 219 38 26
178 219 38 26
185 219 38 26
190 218 38 25
195 219 37 24
200 218 37 25
205 219 38 25
211 218 37 25
216 218 38 25
221 219 37 24
224 219 40 24
232 218 38 25
231 218 39 26
204 218 43 23
167 218 44 23
136 219 43 22
203 262 41 30
169 261 45 34
89 216 42 27
97 216 42 27
101 217 40 27
106 218 39 26
112 219 40 25
118 220 36 24
121 220 38 24
125 221 38 24
130 221 37 23
137 220 35 24
140 220 33 23
168 174 28 19
152 220 24 17
198 188 30 19
198 188 30 19
198 188 30 19
198 188 30 19
198 188 30 19
198 188 30 19
170 137 26 20
170 137 26 20
196 188 35 21
196 187 36 22
194 186 38 23
194 186 38 23
159 176 25 18
159 176 25 18
170 173 21 14
196 190 27 17
196 190 27 17
196 190 27 17
196 190 27 17
196 190 27 17
196 190 27 17
196 190 27 17
196 190 27 17
196 190 27 17
224 170 29 20
193 179 31 21
203 183 31 20
200 170 27 19
201 170 23 18
201 171 24 21
200 170 23 19
201 182 22 17
206 182 22 16
206 182 22 16
206 182 22 16
204 232 26 20
204 233 28 27
199 171 28 21
198 170 25 21
203 181 29 20
203 181 29 20
199 171 26 21
199 171 26 21
200 170 22 19
205 182 24 17
203 234 28 22
201 232 30 30
197 168 32 25
195 171 30 23
197 170 28 21
197 172 25 19
204 181 31 21
188 170 30 21
151 168 32 21
151 168 32 21
151 168 32 21
208 215 23 18
214 219 25 16
214 219 25 16
210 216 21 17
210 216 21 17
255 264 26 21
207 300 31 23
207 300 31 23
207 300 31 23
162 367 36 28
220 425 28 35
222 425 28 30
222 425 28 30
168 344 34 53
64 306 33 32
58 310 38 30
59 310 36 26
56 311 39 28
55 311 39 30
59 309 38 29
36 404 30 22
35 409 27 23
35 409 27 23
35 409 27 23
35 409 27 23
35 409 27 23
35 409 27 23
35 409 27 23
35 409 27 23
105 459 21 20
112 462 17 16
116 436 23 16
155 401 24 19
108 460 19 17
108 460 19 17
156 400 23 18
156 400 23 18
107 459 19 16
111 426 25 25
111 424 26 30
111 424 26 30
110 425 27 29
56 342 26 52
107 424 28 31
107 424 28 31
110 453 26 30
110 470 26 31
111 486 25 26
111 486 25 26
112 488 26 25
111 488 25 25
111 488 25 25
88 487 26 25
47 487 29 26
10 487 30 27
-2 486 22 29
0 485 17 29
0 486 19 27
0 485 18 27
0 484 16 28
0 484 15 29
0 484 15 29
0 484 15 29
0 485 16 29
0 486 15 30
0 486 15 29
0 486 16 29
0 487 19 28
0 486 18 28
0 486 18 27
0 487 16 27
0 487 16 27
111 491 19 19
105 472 31 21
105 472 31 21
121 355 24 17
121 355 24 17
121 355 24 17
121 355 24 17
121 355 24 17
121 355 24 17
121 355 24 17
121 355 24 17
121 355 24 17
121 355 24 17
121 355 24 17
121 355 24 17
121 355 24 17
152 346 20 14
152 346 20 14
152 346 20 14
152 346 21 14
152 346 21 14
157 385 17 12
156 422 19 13
156 422 19 13
155 455 20 15
155 455 20 15
151 490 22 16
151 490 22 16
151 490 22 16
151 490 22 16
166 410 26 23
166 410 26 23
166 410 26 23
166 410 26 23
166 410 26 23
166 410 26 23
166 410 26 23
166 410 26 23
166 410 26 23
166 410 26 23
166 410 26 23
166 410 26 23
166 410 26 23
166 410 26 23
166 410 26 23
166 410 26 23
166 410 26 23
166 410 26 23
166 410 26 23
166 410 26 23
166 410 26 23
166 410 26 23
166 410 26 23
166 410 26 23
166 410 26 23
166 410 26 23
232 374 27 19
204 429 36 23
204 429 36 23
204 429 36 23
204 429 36 23
204 429 36 23
204 429 36 23
288 439 23 18
288 439 23 18
288 439 23 18
288 439 23 18
288 439 23 18
233 492 26 20
233 492 26 20
233 492 26 20
233 492 26 20
233 492 26 20
233 492 26 20
233 492 26 20
233 492 26 20
233 492 26 20
233 492 26 20
233 492 26 20
233 492 26 20
233 492 26 20
233 492 26 20
233 492 26 20
233 492 26 20
233 492 26 20
233 492 26 20
233 492 26 20
233 492 26 20
215 433 21 19
212 428 26 19
254 376 30 22
254 376 30 22
216 449 22 16
216 449 22 16
216 449 22 16
233 430 19 14
265 473 19 15
232 430 18 12
217 455 20 15
217 454 21 16
232 431 19 13
264 471 28 17
264 471 28 17
264 471 28 17
264 471 28 17
264 471 28 17
264 471 28 17
264 471 28 17
264 471 28 17
264 471 28 17
264 471 28 17
264 471 28 17
264 471 28 17
294 494 28 17
285 476 33 23
264 476 27 20
265 476 26 18
267 475 26 19
266 475 27 20
264 475 28 20
265 475 27 19
264 475 28 20
264 475 28 20
265 476 27 19
247 494 19 16
267 476 26 18
266 477 26 19
266 477 27 20
265 477 28 20
266 478 27 19
266 478 26 18
267 478 25 18
266 477 25 18
266 478 25 18
267 476 25 18
268 476 25 18
248 495 19 16
267 475 26 19
242 494 21 17
242 494 21 17
242 494 21 17
242 494 21 17
273 485 30 20
335 495 30 20
322 493 25 19
327 495 23 16
329 496 23 16
327 496 21 16
324 496 24 16
325 495 24 17
326 496 22 15
326 496 21 15
324 496 22 16
323 496 24 16
323 496 24 16
327 496 21 15
327 496 21 15
329 497 20 15
329 497 20 15
323 496 22 16
326 496 22 16
327 496 23 16
326 496 22 16
325 496 20 16
325 496 20 16
325 496 20 16
325 496 20 16
371 494 21 18
327 496 21 16
297 494 24 18
248 386 17 13
234 377 16 11
238 378 16 10
230 348 14 10
237 377 14 9
238 377 13 8
237 377 14 8
236 377 16 9
236 376 16 10
236 376 16 10
236 377 13 8
237 378 11 7
237 378 10 7
237 378 11 7
237 377 12 8
237 378 10 7
238 378 9 6
237 377 9 7
238 378 9 6
238 378 9 6
238 378 10 6
238 378 10 6
238 378 10 7
238 379 10 6
237 379 9 6
238 379 9 6
238 378 10 7
247 387 11 12
272 386 9 9
272 386 9 8
272 386 9 9
250 386 17 7
218 384 16 11
181 385 19 14
145 383 15 12
122 384 13 15
118 378 15 10
116 378 12 7
115 377 13 9
115 377 15 9
115 377 15 10
113 376 17 11
113 377 17 11
114 377 18 11
114 377 18 11
149 385 12 13
150 386 9 8
149 386 9 8
150 386 8 9
150 386 8 7
150 385 9 8
150 386 9 8
142 386 12 8
113 385 14 8
113 385 14 8
113 385 14 8
113 385 14 8
145 391 11 10
166 421 14 10
166 421 14 10
166 421 14 10
166 421 14 10
166 421 14 10
166 421 14 10
166 421 14 10
166 421 14 10
166 421 14 10
166 421 14 10
166 421 14 10
166 421 14 10
166 421 14 10
166 421 14 10
166 421 14 10
166 421 14 10
166 421 14 10
166 421 14 10
181 402 16 10
181 402 16 10
181 402 16 10
218 399 13 10
210 399 20 11
175 399 19 11
175 399 19 11
212 403 19 12
170 389 18 11
128 396 19 13
128 396 19 13
128 396 19 13
128 396 19 13
128 396 19 13
128 396 19 13
128 396 19 13
128 396 19 13
128 396 19 13
128 396 19 13
128 396 19 13
128 396 19 13
128 396 19 13
128 396 19 13
128 396 19 13
128 396 19 13
128 396 19 13
128 396 19 13
128 396 19 13
128 396 19 13
128 396 19 13
128 396 19 13
128 396 19 13
103 400 20 13
103 400 20 13
103 400 20 13
103 400 20 13
103 400 20 13
103 400 20 13
103 400 20 13
103 400 20 13
103 400 20 13
103 400 20 13
103 400 20 13
103 400 20 13
103 400 20 13
103 400 20 13
103 400 20 13
103 400 20 13
103 400 20 13
103 400 20 13
103 400 20 13
103 400 20 13
103 400 20 13
103 400 20 13
103 400 20 13
103 400 20 13
103 400 20 13
103 400 20 13
103 400 20 13
103 400 20 13
103 400 20 13
103 400 20 13
103 400 20 13
103 400 20 13
103 400 20 13
103 400 20 13
103 400 20 13
103 400 20 13
103 400 20 13
103 400 20 13
136 393 18 10
136 393 18 10
136 393 18 10
136 393 18 10
166 395 22 11
166 395 22 11
166 395 22 11
132 393 17 9
165 395 16 10
135 393 17 10
135 393 17 10
135 393 17 10
135 393 17 10
135 393 17 10
135 393 17 10
135 393 17 10
156 395 14 10
156 395 14 10
120 395 20 8
120 395 20 8
89 383 15 11
71 417 18 13
71 417 18 13
42 395 20 11
42 395 20 11
35 394 23 11
32 394 25 12
38 394 24 12
37 394 24 10
37 394 24 10
37 394 24 10
37 394 24 10
37 394 24 10
35 394 21 10
31 394 24 14
39 394 23 11
39 394 23 11
5 393 18 10
35 395 21 12
35 395 21 12
35 395 21 12
35 395 21 12
30 392 20 12
30 392 20 12
30 392 20 12
30 392 20 12
30 392 20 12
35 393 23 12
40 393 19 10
30 394 23 14
30 394 26 12
39 393 23 11
39 393 21 10
39 393 21 10
39 393 21 10
-3 394 27 13
-2 383 19 11
77 352 13 10
100 334 18 10
100 334 18 10
100 334 18 10
100 334 18 10
100 334 18 10
100 334 18 10
100 334 18 10
100 334 18 10
100 334 18 10
99 370 17 11
99 370 17 13
99 371 17 14
100 370 16 13
100 370 17 12
100 370 17 12
100 369 17 13
98 369 19 15
98 369 19 15
99 369 18 15
98 368 19 15
98 368 19 15
98 369 20 15
90 370 19 14
90 370 19 14
90 370 19 14
90 370 19 14
90 370 19 14
90 370 19 14
90 370 19 14
90 370 19 14
90 370 19 14
90 370 19 14
90 370 19 14
90 370 19 14
90 370 19 14
90 370 19 14
90 370 19 14
90 370 19 14
90 370 19 14
121 372 17 14
121 372 17 14
121 372 17 14
121 372 17 14
121 372 17 14
121 372 17 14
