330 247 65 31
339 245 62 26
343 244 60 25
346 252 60 24
350 259 61 25
352 267 61 25
355 273 62 26
361 281 61 26
364 290 61 26
367 297 62 25
370 303 64 27
373 301 62 25
368 299 63 26
348 297 66 25
333 296 65 24
317 295 65 24
300 290 65 26
282 287 66 25
275 286 65 25
280 284 65 26
286 281 65 26
289 279 65 25
293 276 66 26
295 275 67 26
298 272 67 26
304 269 65 26
308 267 64 26
313 265 63 26
316 262 64 26
320 259 65 28
322 256 65 27
324 254 66 27
328 251 64 28
327 248 65 27
332 244 61 27
334 231 61 27
336 217 62 28
335 204 62 28
335 200 66 27
337 197 69 28
335 195 68 27
321 193 69 28
299 190 70 28
280 187 71 28
263 184 70 28
260 182 70 27
262 180 69 26
264 177 71 26
266 177 70 26
268 175 70 27
270 174 71 28
268 174 72 27
270 173 71 27
269 171 72 28
272 171 72 27
273 171 72 27
273 169 73 28
275 169 74 28
275 169 74 28
276 159 69 29
279 148 69 30
279 137 69 29
279 133 75 29
281 133 74 28
280 134 74 28
282 133 75 29
283 132 75 29
284 133 77 29
287 133 77 29
290 133 76 29
291 133 76 29
291 133 77 29
295 135 77 29
296 135 76 28
297 135 79 29
298 136 80 29
302 137 79 30
304 138 78 29
300 138 77 28
283 139 78 28
263 140 78 28
243 141 78 27
225 142 81 28
229 142 79 28
234 143 81 29
236 144 82 29
240 145 81 28
243 146 80 27
244 147 80 26
247 148 81 26
250 149 81 26
254 148 82 27
257 139 79 27
260 129 80 28
264 121 79 28
267 122 79 27
271 124 80 27
274 125 80 27
278 126 79 27
281 127 80 27
286 128 79 26
289 129 81 27
293 130 80 26
295 132 78 25
303 131 75 26
308 133 75 27
312 133 73 26
320 135 71 25
323 135 70 25
326 136 70 25
332 138 67 24
336 138 69 25
340 139 68 25
343 139 69 25
347 141 68 24
351 142 69 23
357 142 70 27
362 143 71 25
367 144 69 25
373 145 68 25
366 146 68 25
353 147 66 25
335 147 69 26
321 149 67 25
307 151 66 25
290 151 68 25
277 152 70 25
282 154 70 25
290 155 69 24
294 156 69 23
291 157 69 25
278 160 67 25
260 158 70 27
246 160 68 26
243 161 67 26
251 162 66 25
258 163 68 27
264 165 68 26
269 166 65 26
275 167 67 28
277 168 67 28
263 169 67 28
249 172 67 26
234 172 68 27
233 174 71 26
243 177 71 25
247 177 72 26
253 178 72 26
260 180 71 26
267 181 71 26
270 182 69 25
259 183 70 25
243 184 70 25
227 185 69 25
214 186 67 26
204 188 68 26
210 189 69 27
214 191 67 25
222 193 66 25
230 194 64 24
236 196 64 24
243 197 62 24
241 198 61 24
228 198 62 26
212 200 64 26
195 200 67 27
195 202 68 27
204 203 67 28
213 204 67 26
221 205 66 26
227 207 67 25
232 209 68 26
237 209 71 26
245 211 73 27
249 212 74 26
242 214 74 26
228 215 77 27
213 217 77 27
201 219 76 26
204 220 79 28
214 223 78 26
222 224 75 26
227 226 76 27
235 227 73 25
240 230 75 24
235 231 74 24
219 232 73 25
205 233 74 26
192 234 74 27
177 234 76 27
170 234 77 28
177 235 77 27
186 236 77 27
192 236 74 27
201 237 71 24
208 236 74 28
213 237 73 26
218 236 74 27
224 236 76 28
230 236 78 28
237 237 78 29
242 237 75 27
249 236 76 27
257 236 73 29
263 236 72 28
267 236 74 28
260 237 75 30
245 237 74 27
230 238 75 27
215 237 75 28
200 238 75 29
184 238 75 28
172 237 75 29
173 238 74 29
182 237 74 29
185 238 74 27
192 238 75 26
199 239 74 26
203 239 74 26
209 237 74 28
214 238 74 27
220 238 73 27
224 238 72 25
229 238 74 27
235 237 74 27
240 238 72 27
243 237 73 27
248 235 74 28
254 226 73 28
260 214 71 28
264 203 71 29
268 195 73 26
272 195 72 25
277 194 69 25
281 193 68 26
285 192 67 26
288 191 65 25
292 188 66 26
296 186 66 27
297 184 66 26
301 181 66 27
302 179 67 27
305 175 65 28
307 173 66 27
307 170 66 27
309 167 66 27
310 164 67 26
310 161 68 26
312 158 68 26
312 156 68 25
311 153 69 24
313 149 69 25
314 146 67 25
314 144 67 26
316 141 67 26
317 139 66 26
317 137 66 26
318 135 66 27
320 133 66 26
322 132 66 26
323 130 66 26
323 128 66 26
325 127 65 26
326 124 65 27
326 124 65 26
328 122 65 26
329 121 64 26
330 121 64 25
333 118 64 26
332 118 65 26
334 118 65 25
337 117 64 24
338 116 65 24
339 115 65 24
342 113 63 24
339 112 64 25
316 112 64 24
300 113 63 24
297 113 62 23
302 110 64 24
307 109 62 24
308 109 64 24
312 109 64 25
315 108 65 26
319 109 63 25
322 109 66 25
326 109 63 25
328 109 65 25
329 110 68 25
335 109 63 25
339 110 66 24
342 112 66 24
346 112 66 23
350 112 66 24
355 114 66 23
360 113 66 23
366 112 65 25
369 113 64 24
371 112 65 26
376 115 67 24
383 113 66 26
385 114 67 25
388 114 66 26
395 115 67 26
401 115 67 26
404 116 67 26
411 117 66 26
415 110 64 26
422 101 63 26
424 97 64 25
430 102 66 24
435 105 68 25
436 109 68 26
424 115 68 27
408 120 69 28
393 127 68 27
379 133 69 28
365 141 66 27
356 149 65 26
358 157 68 27
368 167 64 22
374 175 64 23
382 183 64 23
383 191 66 23
369 197 69 26
351 203 69 26
338 211 67 26
326 217 66 28
322 227 66 25
333 236 63 23
341 244 63 23
348 251 65 22
353 256 63 25
285 299 65 23
296 307 66 24
306 315 66 24
318 322 66 23
327 329 65 23
337 336 65 24
347 342 66 24
356 351 67 24
366 357 69 25
376 363 67 27
387 371 67 26
396 378 68 26
400 385 69 26
396 396 67 24
383 402 69 25
373 406 71 28
363 414 71 27
353 422 71 28
342 429 72 28
336 438 68 26
328 443 66 26
316 451 69 25
307 456 70 26
306 463 72 25
321 466 71 27
332 471 70 27
344 471 68 28
354 473 71 28
366 475 69 26
374 475 72 27
385 474 71 25
395 472 69 25
406 468 67 25
416 464 65 26
427 459 65 25
436 454 65 26
446 446 66 27
454 441 64 26
449 435 64 26
436 429 64 25
426 420 64 26
414 417 65 24
402 407 65 26
390 401 64 26
380 394 63 26
369 388 63 26
357 383 65 25
345 375 64 26
333 370 64 26
321 366 64 26
308 362 63 26
297 358 65 26
284 355 66 27
271 352 67 27
258 350 68 27
247 348 67 27
234 347 68 26
227 346 66 27
233 346 72 26
243 345 68 24
249 342 69 27
257 339 68 27
266 341 62 26
272 350 62 26
280 358 63 26
286 366 65 26
293 367 67 26
297 365 69 24
305 361 72 27
312 359 70 27
321 357 70 27
329 354 69 27
335 352 68 26
329 349 67 27
313 346 68 27
299 345 68 26
284 343 67 25
272 339 66 27
268 336 68 26
278 333 67 25
285 330 67 26
286 326 66 26
274 323 67 27
259 320 67 26
244 317 66 26
230 314 67 27
221 311 66 25
224 307 67 26
232 304 67 26
239 301 67 25
244 297 66 26
251 295 67 26
246 291 66 25
231 289 66 25
215 287 66 23
196 284 66 23
181 280 66 23
168 275 65 25
152 271 65 25
136 270 65 23
125 266 66 23
128 261 66 25
137 259 65 23
142 254 65 24
146 250 65 25
140 248 65 23
121 244 68 23
105 240 67 24
90 237 68 24
71 233 69 23
66 226 66 25
72 223 66 26
77 219 66 26
82 217 69 24
88 211 68 26
91 206 69 26
94 203 70 25
101 198 68 24
108 190 64 26
111 187 66 26
114 190 67 27
121 194 67 25
126 198 66 26
129 201 70 26
133 204 70 27
138 205 71 27
142 198 67 28
148 188 71 30
154 180 68 29
159 173 69 29
162 165 68 28
166 165 67 27
171 169 67 27
175 171 68 26
180 173 66 27
185 176 67 26
188 178 68 26
190 180 71 25
196 172 68 26
201 162 67 27
206 154 66 27
213 146 65 27
216 138 65 28
222 130 63 27
224 123 63 25
230 115 62 26
235 108 63 25
239 97 63 27
241 89 62 26
247 82 62 26
250 73 62 26
252 65 62 26
240 57 65 26
220 47 70 27
201 37 72 29
186 29 73 29
171 21 68 30
156 12 69 33
146 7 70 30
149 1 69 28
161 0 59 19
169 1 46 13
189 2 37 10
189 2 37 10
189 2 37 10
194 64 35 18
190 0 41 11
189 0 57 13
190 0 64 19
193 0 65 24
198 6 64 25
201 12 64 26
203 17 65 27
209 29 64 26
213 40 63 25
215 49 65 25
220 61 65 26
223 71 65 25
228 84 65 26
231 96 64 26
235 101 67 26
235 102 67 25
241 103 67 25
243 103 69 25
247 105 68 26
238 107 68 26
219 110 70 25
202 110 69 27
194 114 69 25
198 113 68 27
205 115 67 26
210 118 67 25
212 120 66 24
218 120 66 26
223 118 64 27
226 109 65 26
230 103 65 24
234 94 64 25
237 89 65 27
240 93 67 25
245 97 66 24
249 95 65 27
251 99 66 25
257 99 64 25
260 95 66 25
266 85 64 26
270 75 63 27
272 68 64 27
277 71 64 26
280 74 66 26
283 76 64 27
288 81 64 25
290 84 66 24
295 84 64 25
297 86 65 26
303 90 65 25
305 91 64 25
310 93 64 26
314 97 63 24
316 98 66 26
321 101 66 26
323 105 65 25
327 101 64 24
330 94 65 25
332 90 70 27
336 94 72 28
339 99 73 27
342 104 76 28
345 107 75 25
351 110 72 25
354 113 72 26
357 117 71 25
359 121 71 24
363 124 73 26
367 128 73 26
371 132 71 25
374 137 69 25
380 141 67 25
385 138 66 24
392 130 64 25
396 124 64 24
399 117 64 26
402 110 64 26
406 108 66 25
409 112 67 26
414 115 68 27
418 120 66 26
423 123 66 27
427 119 64 25
430 110 63 26
435 103 63 26
439 98 62 26
441 98 65 25
446 103 63 24
445 110 64 23
431 112 66 24
415 113 64 25
396 116 64 26
382 120 64 26
367 122 64 27
366 125 61 24
373 128 62 25
377 131 62 25
378 134 62 25
362 136 65 26
344 139 66 25
328 141 65 26
318 144 65 25
323 146 65 25
328 149 65 23
332 150 65 26
336 152 64 25
341 155 66 24
342 157 66 23
348 160 65 23
353 161 65 24
357 162 63 25
360 164 64 25
362 166 64 24
366 168 65 24
370 169 65 25
373 171 65 24
378 173 64 24
382 174 64 25
384 175 66 25
389 172 63 26
392 164 63 26
397 155 64 26
401 146 64 27
403 139 66 25
405 141 67 25
407 144 67 25
415 146 68 24
417 148 67 23
418 148 67 24
405 149 67 25
385 147 66 27
371 149 65 26
372 150 64 26
380 150 64 26
384 153 64 24
388 152 65 24
392 152 64 25
398 152 64 26
401 152 63 27
404 153 64 26
405 154 65 26
391 153 66 27
374 154 65 27
356 154 66 27
339 154 67 27
324 155 65 27
308 154 66 27
302 154 65 25
307 153 65 26
313 153 65 26
317 152 64 27
323 152 63 26
327 151 64 26
332 151 63 26
336 150 63 26
339 149 63 26
341 148 64 27
345 147 64 27
334 145 66 28
315 144 66 28
300 144 67 28
282 142 66 27
282 143 65 24
289 141 66 26
294 142 66 25
298 139 65 26
302 139 66 25
306 138 66 25
310 136 65 27
315 135 65 28
319 135 64 27
321 136 65 26
325 135 64 26
330 135 67 25
335 134 65 26
337 135 68 24
342 134 65 26
347 134 65 26
352 134 64 26
355 135 66 27
360 135 65 27
362 136 67 27
368 137 67 27
371 139 68 25
373 139 67 27
377 142 68 26
385 143 65 26
389 144 65 27
391 145 66 28
396 150 66 24
400 149 65 26
404 151 65 26
408 153 66 25
412 155 64 25
416 157 64 27
420 159 65 26
424 161 65 26
428 164 66 26
431 166 66 26
437 168 66 26
441 172 65 26
445 173 65 27
442 177 66 26
427 179 67 27
410 182 66 27
394 186 67 27
378 189 68 27
362 192 67 27
346 196 66 27
330 199 65 27
314 202 66 27
308 207 65 24
313 210 66 25
320 214 65 25
323 218 66 24
329 221 66 24
332 224 66 25
337 227 64 26
339 231 65 25
345 234 64 26
347 239 64 24
353 241 65 25
356 243 66 26
359 248 65 25
360 251 68 24
366 253 66 25
368 256 68 24
374 259 67 24
377 261 68 23
375 262 67 25
360 263 66 25
342 262 66 26
327 261 66 25
309 260 66 26
291 258 67 26
277 257 65 25
275 255 65 26
281 254 65 25
286 252 65 26
289 250 66 27
294 248 65 26
297 246 67 27
302 243 65 26
307 241 64 26
311 237 64 26
314 235 67 27
318 232 66 26
321 229 66 25
327 228 65 24
331 225 65 24
336 222 64 24
339 218 64 25
343 216 63 26
347 213 64 26
352 210 63 26
354 208 64 27
359 206 63 27
359 204 63 26
345 202 67 26
327 200 66 26
311 198 66 26
294 197 67 26
279 195 67 26
262 194 66 25
246 193 67 25
233 190 65 26
231 189 65 25
237 187 66 26
241 187 65 26
247 186 64 25
251 184 63 25
256 182 64 25
260 181 65 26
264 180 65 25
269 179 65 25
272 177 65 24
278 176 66 24
284 174 67 25
288 173 67 26
291 171 68 27
296 169 70 27
298 168 70 27
305 167 70 28
311 166 70 28
315 165 70 28
320 164 69 27
322 162 70 27
326 161 69 27
332 161 70 25
335 159 71 26
325 157 72 27
311 156 72 27
295 154 70 27
280 153 71 27
263 152 70 26
250 150 71 26
251 148 73 27
260 147 70 26
264 146 72 26
270 145 73 26
276 144 70 25
280 143 70 24
285 142 68 24
291 141 69 25
294 140 69 24
300 139 70 25
305 138 69 26
310 136 69 25
316 134 70 27
321 132 69 28
326 130 67 26
330 128 69 26
334 127 68 26
339 125 69 25
344 122 68 25
351 120 67 26
356 118 67 26
358 113 67 28
346 113 69 24
330 108 70 26
314 101 66 28
301 97 66 27
285 95 68 26
269 89 65 27
268 84 66 27
276 81 67 27
279 78 67 27
287 71 66 28
291 68 67 26
297 64 67 27
301 61 67 27
307 58 68 27
313 55 67 27
315 55 68 25
321 52 68 25
324 47 68 26
332 53 66 26
337 60 65 26
341 68 66 26
347 74 65 28
351 84 66 25
354 94 66 26
360 99 65 26
365 109 65 26
369 114 66 26
375 123 67 26
381 131 65 26
383 138 65 26
389 142 65 27
396 150 65 25
399 157 66 26
401 162 66 27
410 169 66 26
413 175 65 25
416 180 67 26
422 187 67 26
426 191 68 27
433 197 67 26
436 197 68 27
442 196 68 26
446 192 69 26
451 190 68 27
455 189 69 27
453 188 68 26
437 187 69 28
421 187 70 28
405 186 69 27
389 185 71 27
374 183 70 28
359 182 68 27
343 180 69 27
326 177 71 28
311 177 70 27
296 174 70 27
280 172 70 27
266 169 70 27
269 168 67 27
275 166 69 26
280 163 70 25
284 160 70 25
291 156 69 25
295 150 68 25
299 146 69 25
303 139 68 26
309 135 68 25
312 127 69 27
319 122 68 28
321 117 68 27
325 112 68 27
331 106 70 26
332 100 68 27
326 113 68 26
363 59 68 27
366 55 67 27
369 50 68 26
375 44 68 27
377 38 68 27
380 34 70 27
371 29 71 26
353 25 71 25
336 19 71 26
319 10 69 28
303 8 70 27
285 4 73 26
278 1 68 24
285 0 64 20
290 1 61 16
296 1 59 13
300 0 57 12
289 0 57 11
272 0 57 11
255 1 58 11
240 1 57 12
231 1 57 13
236 1 58 14
237 1 70 27
240 13 68 27
246 25 68 27
247 38 68 26
251 51 66 26
256 65 67 26
258 78 66 27
262 91 66 27
265 99 69 25
270 101 67 25
274 107 68 25
278 112 68 25
280 117 70 25
287 122 67 26
289 129 68 25
291 136 68 25
297 140 68 25
301 148 67 24
303 151 70 26
307 150 71 26
311 147 70 25
315 143 69 25
317 138 70 26
321 135 71 25
327 129 70 26
328 124 70 26
333 120 69 28
337 128 68 26
340 135 68 25
345 139 69 27
348 145 69 27
350 150 69 27
355 150 69 26
355 147 70 26
360 140 69 27
363 140 69 27
367 145 67 27
370 154 68 26
375 158 67 27
378 166 67 26
380 170 68 27
383 175 67 28
386 183 68 26
389 187 68 28
391 193 68 28
393 198 69 27
400 205 67 27
400 212 68 26
401 216 69 27
408 222 68 28
407 228 71 25
412 236 68 24
416 239 68 27
417 236 69 28
420 233 68 28
422 228 67 27
428 224 67 26
429 220 69 27
432 225 66 27
434 234 68 26
438 238 66 28
439 246 70 29
431 252 69 28
413 260 70 27
395 264 68 26
377 270 69 28
359 276 69 29
340 282 70 29
324 289 70 28
305 295 70 28
289 302 69 29
272 309 67 28
269 319 68 25
274 316 67 26
278 313 66 27
281 310 66 27
282 307 67 27
285 304 66 28
287 301 66 28
291 298 66 28
294 294 67 29
298 292 67 27
301 294 65 27
302 301 67 26
304 308 67 26
306 313 69 28
