153	324	66	54
154	326	67	53
153	327	66	54
153	331	66	53
152	332	66	53
151	333	67	54
151	336	66	53
150	336	66	54
150	340	67	52
148	339	66	53
147	342	68	53
147	344	67	53
146	344	66	54
145	347	66	52
145	348	67	52
144	350	66	52
143	351	65	52
142	353	65	52
142	354	65	52
141	357	65	52
140	358	65	52
140	355	64	55
140	331	64	57
136	294	63	50
135	293	65	51
134	296	65	52
134	296	64	52
132	298	66	53
132	299	64	52
130	300	65	53
130	302	64	52
129	304	64	52
128	305	64	52
127	306	64	51
127	309	64	51
127	309	64	52
127	310	64	52
125	312	64	52
124	312	64	53
124	314	64	52
123	315	64	52
122	317	64	52
122	319	63	51
121	320	64	51
120	321	64	52
120	324	63	51
118	324	65	51
118	325	64	50
116	327	64	52
116	328	64	51
115	329	64	51
115	331	64	51
114	332	64	51
113	334	64	51
113	335	64	50
112	336	65	50
110	338	64	51
110	338	62	50
109	340	63	50
108	342	63	50
107	343	64	50
106	344	64	50
105	346	64	50
105	346	62	49
103	348	63	49
103	336	63	52
99	310	60	48
98	310	61	48
97	312	62	48
96	312	62	49
95	313	62	49
95	315	61	49
94	315	62	50
93	317	60	49
91	317	61	49
90	319	61	48
90	320	59	49
88	320	60	48
87	321	61	49
87	321	59	49
86	323	60	49
84	324	60	48
83	326	60	48
82	326	61	48
81	326	62	48
109	328	65	49
179	329	59	50
179	329	60	51
179	329	61	51
177	331	61	51
176	331	60	51
175	332	61	51
174	333	60	50
171	333	61	50
170	334	61	49
169	335	60	50
168	335	60	50
166	335	59	50
164	336	60	50
162	337	60	49
161	338	60	49
159	338	61	51
158	339	60	50
156	341	61	50
155	342	60	50
153	328	60	53
146	296	60	48
144	295	60	50
143	297	58	48
142	298	57	49
140	300	59	49
138	301	59	49
136	302	59	49
135	303	58	49
132	304	58	49
131	306	58	49
128	307	59	49
127	309	59	49
125	309	58	49
124	310	58	49
121	314	60	47
120	314	59	48
119	316	58	48
117	317	58	48
115	319	58	47
113	320	59	48
111	321	58	47
110	325	57	46
108	325	58	48
106	326	59	47
104	328	59	47
103	329	59	47
103	332	59	47
130	333	62	49
262	346	24	42
275	345	55	46
274	346	57	48
272	346	58	48
271	349	56	48
270	350	56	47
270	353	56	47
267	353	57	47
266	355	58	48
265	357	58	48
263	357	58	49
261	360	58	48
260	361	58	49
259	362	58	48
258	364	58	49
257	360	57	50
256	342	56	51
257	328	52	48
255	313	55	46
254	312	55	46
252	316	55	46
251	316	57	46
250	318	55	47
248	319	55	47
247	322	55	46
245	323	56	47
244	324	56	47
244	327	55	46
243	328	55	47
240	329	56	47
239	332	56	46
239	333	55	47
238	334	54	47
237	336	55	46
234	336	58	49
233	338	56	48
232	341	55	47
231	342	55	47
231	345	55	46
229	346	56	47
228	348	56	47
226	340	56	50
226	322	55	49
226	308	52	47
223	307	54	45
223	310	53	45
222	311	54	45
221	313	53	45
220	316	53	45
219	316	53	45
218	319	53	45
216	320	54	46
214	321	54	45
214	325	54	44
213	325	54	46
211	327	54	46
210	329	54	46
208	331	54	46
207	331	54	46
207	334	55	46
206	335	54	46
205	337	54	46
203	339	54	46
203	341	54	46
202	342	54	46
201	344	54	46
200	346	54	46
198	348	54	46
197	350	54	45
196	351	55	46
195	352	55	46
194	354	54	46
193	337	55	48
193	321	53	46
192	308	54	44
191	310	55	44
190	311	54	45
189	313	53	45
188	315	54	45
187	315	54	45
186	318	53	45
186	319	54	45
184	321	55	45
184	322	54	44
183	324	54	45
182	325	54	45
183	326	54	44
182	328	54	45
181	329	54	46
180	329	55	47
180	331	54	45
179	332	54	46
178	334	55	46
177	335	55	46
177	338	55	44
177	339	55	45
177	340	54	45
177	342	54	44
176	342	55	45
176	344	54	45
176	345	55	45
176	347	54	45
175	347	54	45
175	349	54	45
176	350	53	45
175	345	53	47
174	328	53	47
175	311	52	45
175	293	52	45
175	291	52	43
174	294	53	43
174	293	54	44
175	294	53	44
174	295	53	44
174	297	53	44
174	297	52	44
174	297	53	46
174	299	53	44
173	301	53	44
174	301	52	44
174	303	51	43
173	304	53	43
174	305	54	43
174	306	52	43
175	307	51	43
174	308	53	43
174	309	52	42
175	310	52	42
174	311	52	42
174	311	52	43
174	313	52	42
174	314	52	43
174	314	53	43
174	317	53	42
175	316	51	42
175	317	52	42
174	318	52	42
175	320	52	42
175	320	52	42
175	320	52	42
175	323	51	42
176	322	52	42
175	322	52	43
175	324	52	42
175	324	52	42
176	326	52	41
176	326	52	42
175	327	52	42
175	327	53	42
175	329	51	42
175	329	51	42
175	330	51	42
174	331	52	42
175	332	52	42
175	333	51	42
175	333	50	42
174	336	52	41
175	336	51	42
175	336	51	42
175	338	50	41
175	337	51	42
174	339	51	41
174	339	50	42
175	341	50	41
174	341	50	42
174	342	50	42
174	344	50	41
174	344	50	41
175	345	50	41
173	345	51	42
173	346	51	42
173	346	50	42
174	348	51	41
174	348	50	42
174	350	50	41
174	350	50	42
173	352	50	41
173	352	49	41
173	353	49	41
172	355	50	41
173	355	50	41
173	357	49	40
173	358	49	41
173	358	49	40
172	360	50	41
172	359	50	41
173	361	49	40
172	361	50	41
171	363	50	41
171	364	49	40
171	365	49	41
171	366	49	41
171	367	49	40
171	369	49	40
170	369	49	40
169	371	49	40
169	371	48	41
169	372	48	40
168	373	48	40
167	374	49	41
167	375	49	40
166	376	50	40
166	376	49	41
165	372	49	42
164	366	49	40
164	360	49	41
163	359	49	41
162	362	49	40
161	362	49	40
161	363	48	40
160	364	48	40
160	367	49	40
159	366	49	40
158	368	48	40
157	369	48	40
157	370	48	40
157	370	47	40
155	372	48	40
154	374	48	39
153	375	49	40
152	375	48	39
151	376	49	40
151	372	48	38
150	364	48	39
149	356	48	40
148	349	48	38
147	347	46	39
145	347	48	39
145	350	47	39
144	350	48	39
143	351	47	38
142	352	48	39
142	353	47	38
140	355	46	38
140	356	46	37
140	358	45	37
138	359	45	36
138	361	45	36
136	361	47	36
136	360	44	37
135	352	45	37
134	346	46	37
133	338	46	36
132	331	45	36
130	325	45	36
130	317	44	36
130	315	44	36
128	316	45	36
127	318	45	36
127	319	45	35
126	320	44	36
125	320	45	37
125	321	44	37
124	323	45	37
123	324	45	37
123	324	44	37
121	325	45	37
120	328	46	36
119	328	46	37
119	329	46	37
122	330	46	37
138	331	46	37
155	333	46	36
170	332	46	38
176	335	45	37
174	336	45	37
174	336	44	37
173	336	43	38
172	338	44	37
171	339	45	37
171	339	44	37
171	341	44	37
170	342	44	37
169	342	45	37
168	339	45	38
167	331	46	39
166	325	45	38
166	319	43	36
165	310	44	37
164	303	43	37
164	301	44	36
164	304	41	34
166	303	36	35
165	307	36	34
165	307	35	33
164	308	37	27
169	308	39	25
111	316	64	68
161	315	36	20
159	314	35	27
158	311	37	35
157	311	38	36
154	312	40	36
153	314	40	35
153	314	40	37
153	315	38	35
152	316	37	35
152	317	36	35
151	318	37	34
150	319	37	34
147	320	41	34
146	321	41	34
145	322	40	34
143	322	41	35
142	323	41	35
141	324	43	35
141	325	42	34
150	325	44	35
167	327	42	35
183	328	43	35
199	329	43	36
214	330	42	36
226	330	41	35
224	331	42	35
222	332	43	35
222	332	42	35
221	334	42	34
219	334	42	35
218	335	42	34
217	337	42	35
216	338	42	35
215	337	42	36
214	339	41	34
213	340	42	34
212	341	41	34
211	341	41	34
209	342	42	35
208	344	42	34
207	343	42	35
206	345	41	34
205	339	42	35
204	330	42	36
202	323	42	35
202	316	41	35
202	317	41	33
200	317	40	34
199	318	40	33
198	319	41	33
197	320	42	34
195	321	41	34
194	321	42	34
193	321	42	34
192	322	42	34
191	323	42	34
190	324	41	34
189	324	40	34
188	324	40	35
187	325	41	34
186	327	41	34
185	327	42	35
183	328	42	33
183	328	41	34
195	329	44	34
214	330	41	34
230	331	41	34
246	332	40	33
252	333	39	32
249	333	40	33
247	332	40	33
247	334	40	33
246	334	40	33
245	335	40	33
243	336	40	33
243	337	41	33
241	337	41	34
240	337	42	34
239	338	42	34
238	338	41	34
238	339	41	35
237	340	41	34
237	340	42	34
236	341	40	34
234	342	41	35
235	344	41	34
233	344	41	34
232	344	41	34
231	345	42	34
231	345	41	34
230	346	41	35
229	346	41	35
229	346	41	34
228	347	42	35
227	348	41	35
227	348	42	35
226	350	41	34
226	350	41	34
226	351	42	33
225	351	41	33
224	352	41	34
224	353	41	33
223	353	41	34
223	354	41	34
222	352	41	34
221	344	41	35
222	338	41	35
222	332	40	35
221	333	41	35
220	334	41	33
220	334	40	35
220	336	40	33
219	336	41	34
219	338	40	34
219	338	41	35
218	338	41	34
219	339	40	34
218	340	40	35
217	339	41	35
216	341	42	35
216	342	41	35
216	343	41	35
217	344	40	34
216	338	41	35
216	329	41	35
216	321	41	35
216	319	40	34
216	321	41	33
215	321	41	33
215	322	40	33
216	322	40	34
216	324	40	34
215	325	40	33
215	324	41	34
215	325	40	33
215	326	40	34
215	326	41	33
215	327	40	33
215	327	40	34
214	328	40	34
214	328	40	34
214	330	41	33
214	328	41	35
214	331	40	34
213	331	40	34
214	331	40	34
214	332	40	34
214	332	40	34
213	333	40	34
213	333	40	34
213	334	40	34
213	335	40	33
213	336	40	33
213	336	40	34
214	337	40	33
212	337	40	34
212	338	42	34
212	338	40	34
212	338	41	34
212	339	40	34
213	340	40	34
212	340	40	33
213	341	39	33
213	341	39	33
213	342	38	33
212	342	39	33
212	343	39	33
211	343	39	33
212	344	39	33
211	343	39	34
212	345	38	33
211	344	39	33
210	345	40	33
210	345	40	33
209	346	41	33
209	341	40	34
208	335	41	34
208	327	41	33
208	324	39	33
208	324	38	33
207	326	39	33
208	325	38	33
207	326	38	33
207	326	38	32
206	327	37	32
205	327	39	32
205	327	39	32
205	328	37	32
204	328	37	32
204	328	38	32
203	329	38	31
203	329	37	33
201	329	38	32
200	328	39	33
200	329	39	32
199	329	39	33
199	329	39	33
198	330	39	33
198	329	40	33
197	330	40	33
196	329	40	34
196	330	41	34
195	330	40	34
195	330	41	34
195	323	40	35
193	314	40	35
194	309	40	34
194	310	38	33
193	310	39	34
192	311	40	33
192	311	40	33
192	311	40	33
191	310	40	34
191	310	40	34
191	311	39	33
191	312	39	32
190	312	38	33
190	312	39	33
190	312	38	33
190	312	38	33
190	312	38	32
190	313	38	32
190	313	36	32
190	314	37	33
201	313	41	34
276	314	30	33
274	314	39	33
275	315	39	32
275	314	39	33
275	316	38	32
275	315	38	32
275	316	37	32
275	316	37	32
275	316	38	33
274	316	38	33
274	316	38	33
274	316	38	33
275	317	38	32
274	316	38	33
275	317	37	33
274	317	38	33
275	318	38	32
275	318	38	32
275	311	38	33
274	302	38	34
274	295	37	34
276	291	37	33
275	291	37	33
275	292	37	33
277	293	36	32
276	293	37	33
276	293	37	33
276	293	36	33
276	293	37	33
276	294	37	33
276	294	37	33
276	293	38	34
276	293	37	33
276	295	38	33
277	294	38	34
277	294	37	34
276	295	38	33
276	295	37	33
277	295	38	33
276	295	38	34
277	295	38	34
275	295	38	34
275	297	38	33
275	296	38	34
276	296	38	34
276	301	38	35
276	311	36	33
277	318	37	32
277	318	37	32
278	319	36	31
278	319	36	32
277	319	36	32
277	320	37	31
277	319	36	32
276	320	38	31
277	319	37	32
276	320	38	32
276	320	37	31
277	321	37	31
276	321	37	32
276	321	37	32
276	322	37	31
275	322	37	31
276	322	37	32
275	321	37	32
274	322	38	32
274	323	39	33
275	323	37	32
275	323	37	32
274	324	38	32
274	323	37	33
274	325	38	32
274	324	38	32
274	325	37	32
274	325	37	32
273	326	37	32
273	326	37	32
273	326	37	32
273	326	38	32
273	326	38	32
273	327	37	32
272	326	39	32
272	328	38	32
271	328	38	32
271	328	37	32
272	329	37	31
271	329	37	31
271	329	37	32
271	329	37	31
271	329	37	32
271	330	37	31
270	330	38	32
271	331	37	31
270	331	37	31
270	331	37	31
269	331	37	32
269	331	36	32
269	331	37	32
269	332	36	32
268	332	37	32
269	332	36	32
268	332	36	32
267	332	36	32
267	334	36	32
268	333	36	32
268	334	35	31
267	333	35	31
267	335	36	31
267	334	36	31
266	335	37	31
265	336	36	31
265	336	36	31
264	336	36	30
265	337	36	31
264	337	35	31
263	337	36	31
263	337	36	31
262	338	35	30
262	338	35	31
261	339	36	31
260	339	37	31
261	340	36	32
260	340	35	31
260	341	36	31
259	340	36	31
259	341	36	32
258	341	36	31
258	342	36	31
258	342	35	31
256	342	36	31
256	342	36	31
256	343	36	31
255	343	36	31
255	343	37	32
254	344	36	31
255	345	36	31
254	345	36	31
253	345	36	31
251	345	37	31
251	346	37	31
251	345	37	31
250	346	36	31
250	346	36	31
250	346	37	32
248	346	37	32
248	347	36	31
248	348	36	31
248	349	35	31
247	348	35	31
247	349	36	31
247	349	35	30
246	350	35	31
245	350	35	31
245	351	35	31
244	351	36	31
244	352	36	31
243	352	36	31
242	352	37	31
241	353	37	31
240	352	37	31
240	354	36	31
239	353	36	31
239	353	36	31
238	346	36	31
238	337	37	31
237	330	37	31
236	331	37	32
236	332	37	31
235	332	37	31
235	332	37	32
234	333	36	32
234	334	36	32
234	334	36	31
233	335	36	31
232	336	36	30
232	337	35	30
232	338	36	30
231	337	37	31
230	337	37	31
230	338	37	31
230	338	37	31
230	338	37	31
229	339	37	32
227	339	38	31
235	340	37	32
253	340	38	32
270	341	36	31
278	341	36	31
277	341	37	31
277	342	36	31
276	341	35	32
275	342	36	32
275	342	36	32
275	342	36	32
275	344	36	31
275	343	36	31
273	343	37	31
273	343	37	32
273	344	37	32
273	344	37	32
272	336	37	32
271	328	38	33
271	320	37	32
271	319	36	32
271	321	37	32
271	321	36	31
269	321	37	31
270	322	37	31
269	322	37	31
269	322	36	31
269	323	36	31
269	323	36	31
270	324	36	31
269	324	36	32
269	325	35	31
269	325	36	31
269	324	36	31
269	326	36	32
268	325	37	32
269	326	36	31
269	322	36	32
269	313	36	32
268	305	37	33
268	296	36	33
269	292	35	31
268	293	36	31
268	294	36	31
269	294	35	31
268	294	35	32
268	294	35	32
268	294	35	32
268	296	36	31
268	297	36	31
268	297	36	32
268	297	36	32
268	298	35	31
268	298	36	32
269	298	35	32
269	300	35	31
268	299	36	32
268	299	36	32
268	300	37	32
268	301	37	32
268	301	37	32
269	302	35	32
270	302	35	32
270	303	35	31
270	304	36	31
269	303	36	31
270	305	35	31
269	305	35	31
269	305	35	31
270	306	35	30
270	308	35	30
270	308	34	31
270	308	35	31
271	309	35	30
271	309	36	31
270	309	36	31
271	310	36	31
270	311	36	31
270	311	36	31
270	311	36	31
270	312	36	31
270	313	36	31
270	314	36	30
271	313	35	30
271	315	35	30
271	315	36	30
271	315	35	31
272	316	35	31
273	316	35	30
272	317	35	30
272	317	36	31
273	319	34	30
274	319	34	30
273	319	35	30
274	320	34	30
274	320	34	30
275	321	34	29
274	322	34	30
274	314	35	31
274	306	36	32
275	303	35	31
274	304	35	30
275	305	34	29
275	305	36	30
276	306	34	29
276	306	34	30
276	307	35	29
277	307	34	29
276	307	34	30
277	308	34	29
277	308	35	30
277	309	35	29
278	310	35	30
278	309	34	30
278	310	34	29
280	311	33	29
279	311	34	29
279	313	34	29
280	314	33	28
281	315	33	27
281	315	33	27
284	316	31	26
283	315	32	26
283	315	31	26
284	315	32	26
284	316	32	26
283	315	32	26
284	316	32	26
284	316	33	26
284	316	32	26
284	317	32	26
284	317	32	26
284	317	32	26
284	317	32	27
284	318	32	27
283	318	33	27
284	318	32	27
284	319	32	27
284	320	31	26
284	320	31	26
284	320	30	27
283	319	30	28
282	320	31	27
281	321	31	26
280	321	32	26
280	322	32	26
279	322	33	26
279	322	32	26
279	322	33	27
