0.039652
0.065086
0.044185
0.059284
0.047890
0.059532
0.046925
0.050769
0.060940
0.059586
0.068695
0.069439
0.067036
0.060754
0.069704
0.053662
0.045046
0.050793
0.061405
0.052043
0.055999
0.078296
0.058918
0.052322
0.051991
0.060298
0.059446
0.054452
0.047122
0.049086
0.056407
0.049466
0.053174
0.057812
0.050755
0.069160
0.060522
0.050278
0.074232
0.076776
0.071655
0.060353
0.065948
0.064635
0.067348
0.053303
0.060945
0.073316
0.084391
0.045225
0.047699
0.079821
0.089540
0.056455
0.059452
0.047379
0.046245
0.052579
0.062749
0.048328
0.054302
0.053224
0.064910
0.066448
0.061193
0.073555
0.061177
0.061689
0.063750
0.068323
0.048382
0.042464
0.042137
0.050043
0.070438
0.048403
0.057641
0.057511
0.057185
0.053494
0.056544
0.055029
0.053516
0.040365
0.044681
0.051527
0.062430
0.046471
0.047415
0.042917
0.046872
0.042809
0.042912
0.058841
0.077009
0.060086
0.044267
0.075114
0.061755
0.048337
0.043803
0.048274
0.043863
0.056579
0.048605
0.072273
0.051262
0.063318
0.065957
0.063262
0.061940
0.047131
0.043695
0.046506
0.075759
0.063516
0.045825
0.063666
0.047304
0.046139
0.059518
0.069204
0.062646
0.050059
0.074836
0.057781
0.047381
0.071461
0.072963
0.070325
0.044724
0.046541
0.045887
0.051359
0.049886
0.059504
0.046992
0.048661
0.052685
0.079217
0.069450
0.068163
0.071921
0.061284
0.069401
0.052411
0.052941
0.040213
0.060255
0.071619
0.072127
0.073153
0.075548
0.077712
0.065541
0.044472
0.057988
0.049151
0.051724
0.063077
0.061945
0.056134
0.061581
0.071116
0.063233
0.062533
0.068599
0.052532
0.043087
0.078329
0.085465
0.083662
0.063624
0.068077
0.060166
0.064759
0.059400
0.052391
0.055279
0.053484
0.059017
0.065799
0.068365
0.077187
0.059790
0.065226
0.073155
0.062027
0.052928
0.061358
0.049831
0.055104
0.040268
0.082143
0.059775
0.069970
0.065228
0.063701
0.057420
0.056394
0.066710
0.062805
0.064912
0.052178
0.046678
0.067491
0.051171
0.046498
0.045312
0.045586
0.066993
0.059362
0.063351
0.071232
0.065576
0.064522
0.049229
0.066633
0.064212
0.073151
0.042966
0.059544
0.060574
0.062878
0.076601
0.059722
0.060194
0.074201
0.069863
0.064146
0.070421
0.067396
0.055425
0.055465
0.055394
0.055421
0.055339
0.057600
0.063116
0.067711
0.050927
0.066437
0.041990
0.053152
0.044579
0.073055
0.050662
0.045156
0.054892
0.063215
0.053335
0.044592
0.040538
0.039261
0.062058
0.053499
0.050623
0.063437
0.061096
0.064511
0.062550
0.060590
0.069374
0.062100
0.047694
0.045087
0.061460
0.058224
0.054474
0.045634
0.049590
0.052767
0.050623
0.060775
0.046231
0.056089
0.059226
0.041724
0.049898
0.064944
0.040969
0.064600
0.064201
0.066572
0.050700
0.059050
0.065990
0.050947
0.053553
0.052780
0.054981
0.050951
0.054646
0.055845
0.064015
0.074505
0.047682
0.056491
0.050655
0.059906
0.045143
0.062648
0.045809
0.044103
0.062011
0.068826
0.073283
0.046829
0.048303
0.044435
0.060775
0.061394
0.047798
0.044995
0.059711
0.052958
0.085548
0.054483
0.056684
0.046590
0.044835
0.060920
0.062009
0.067631
0.061697
0.048557
0.061545
0.063597
0.071876
0.045625
0.061826
0.060836
0.059365
0.061215
0.057630
0.045819
0.046288
0.060766
0.059941
0.073054
0.080278
0.065865
0.065137
0.063581
0.054602
0.068644
0.049056
0.064824
0.048291
0.050481
0.044905
0.050539
0.055256
0.063985
0.072597
0.054299
0.056037
0.060385
0.069898
0.076988
0.067066
0.068636
0.058181
0.045482
0.063919
0.046695
0.039095
0.040578
0.053540
0.054795
0.057530
0.039902
0.038837
0.059329
0.059200
0.058009
0.058718
0.064328
0.059318
0.042620
0.055919
0.061857
0.058838
0.065170
0.039557
0.058230
0.057940
0.041212
0.062050
0.074180
0.059602
0.053402
0.055347
0.055061
0.053316
0.049562
0.050529
0.048544
0.042668
0.044655
0.046630
0.045362
0.070912
0.062241
0.063268
0.068520
0.044695
0.046041
0.048975
0.061668
0.059990
0.060980
0.063053
0.058331
0.062650
0.067925
0.061238
0.054147
0.073839
0.055163
0.065415
0.063477
0.041055
0.053306
0.041149
0.064598
0.060068
0.047563
0.061346
0.073273
0.059957
0.061084
0.064830
0.065071
0.047723
0.055933
0.058397
0.061896
0.052443
0.050156
0.042187
0.069018
0.068756
0.065233
0.063004
0.059654
0.060475
0.059763
0.057353
0.059062
0.035902
0.078863
0.064277
0.050699
0.058695
0.060583
0.058965
0.061654
0.058192
0.073689
0.061424
0.060626
0.057999
0.061343
0.060814
0.059585
0.061351
0.068466
0.058396
0.061787
0.066907
0.084753
0.061914
0.056396
0.064766
0.052075
0.047040
0.052592
0.057989
0.057302
0.057904
0.076033
0.049134
0.052431
0.049312
0.049676
0.053828
0.049474
0.048277
0.063715
0.052013
0.042815
0.068374
0.062347
0.049267
0.060310
0.069536
0.066695
0.072528
0.057615
0.045820
0.046949
0.062724
0.063965
0.062624
0.068958
0.075277
0.055479
0.045265
0.056270
0.060261
0.064908
0.081125
0.069830
0.065498
0.060663
0.047752
0.056037
0.056942
0.067779
0.049690
0.059816
0.047709
0.058483
0.061866
0.066522
0.067891
0.066242
0.063962
0.071248
0.059226
0.048906
0.059294
0.059158
0.070370
0.063412
0.047760
0.049846
0.054999
0.062433
0.063146
0.046542
0.061164
0.057444
0.061883
0.047119
0.065324
0.051094
0.051196
0.052182
0.046688
0.047454
0.062340
0.043845
0.054760
0.048908
0.044479
0.052347
0.045259
0.064168
0.063733
0.051539
0.062392
0.048044
0.045745
0.059192
0.059913
0.046291
0.046553
0.060078
0.068006
0.064792
0.059005
0.061044
0.054369
0.057375
0.057777
0.054022
0.061221
0.061009
0.045778
0.041060
0.059321
0.058757
0.063276
0.066581
0.058660
0.058869
0.061696
0.042247
0.041018
0.044367
0.064234
0.050018
0.042967
0.056425
0.062258
0.059508
0.059836
0.061581
0.051961
0.053538
0.061975
0.049271
0.046906
0.057840
0.073773
0.069858
0.049318
0.061812
0.047516
0.048679
0.045022
0.061072
0.048469
0.046272
0.062454
0.048102
0.049673
0.058942
0.048368
0.075421
0.062171
0.060978
0.058116
0.048986
0.063622
0.049338
0.053581
0.041768
0.065773
0.047206
0.042205
0.059303
0.042852
0.045548
0.058600
0.045135
0.046103
0.058730
0.047591
0.048882
0.063724
0.068357
0.065848
0.068882
0.055329
0.047707
0.042702
0.041949
0.060882
0.077520
0.064430
0.054389
0.060510
0.057895
0.060990
0.056212
0.056798
0.059976
0.068229
0.073483
0.064714
0.064514
0.069326
0.062041
0.047635
0.065763
0.060293
0.058409
0.061297
0.051177
0.071668
0.065973
0.067213
0.061803
0.061867
0.055842
0.046693
0.045067
0.042367
0.050217
0.063491
0.065980
0.071206
0.051283
0.039235
0.062851
0.060221
0.056949
0.044536
0.046923
0.055799
0.065271
0.076257
0.061570
0.052968
0.067052
0.049449
0.059468
0.056880
0.054954
0.054446
0.053803
0.053120
0.055036
0.066690
0.076196
0.066917
0.064601
0.062605
0.055910
0.052581
0.046487
0.056839
0.062442
0.043765
0.046150
0.048429
0.055511
0.054502
0.047392
0.037211
0.075358
0.063334
0.060319
0.046191
0.043436
0.048273
0.059437
0.046852
0.043545
0.042992
0.043186
0.044591
0.049362
0.048111
0.045966
0.064076
0.066906
0.056769
0.061945
0.061244
0.060521
0.065394
0.063067
0.058728
0.063862
0.044772
0.063986
0.059769
0.045133
0.043736
0.049897
0.045151
0.046992
0.068543
0.073715
0.076650
0.069032
0.057879
0.044123
0.041227
0.061167
0.056937
0.065275
0.059786
0.059803
0.063925
0.080779
0.059317
0.063689
0.050367
0.052799
0.052521
0.059707
0.053063
0.057031
0.061406
0.058372
0.060798
0.060609
0.067578
0.065410
0.048130
0.057889
0.057911
0.058514
0.066246
0.071784
0.076320
0.074059
0.079526
0.070336
0.073681
0.060869
0.063372
0.066806
0.048887
0.046703
0.062605
0.064342
0.065825
0.062261
0.063225
0.054914
0.041794
0.054223
0.047521
0.057977
0.054679
0.055721
0.047176
0.061184
0.044157
0.053737
0.049409
0.066406
0.058533
0.065946
0.058600
0.057234
0.045216
0.047804
0.043760
0.061569
0.044604
0.042986
0.054784
0.044334
0.064401
0.043889
0.045848
0.065881
0.058375
0.058038
0.063236
0.050244
0.060684
0.060835
0.070070
0.064788
0.078539
0.045193
0.064547
0.063137
0.061392
0.059259
0.045443
0.046319
0.046572
0.042702
0.055118
0.060626
0.050996
0.061706
0.062380
0.058103
0.058703
0.056677
0.046203
0.052793
0.040953
0.048312
0.058528
0.045241
0.063320
0.042200
0.047648
0.051709
0.068394
0.060332
0.045918
0.043594
0.043506
0.058583
0.057341
0.054295
0.060503
0.060960
0.059893
0.063224
0.070221
0.055174
0.059474
0.043874
0.061031
0.061973
0.051167
0.064013
0.073416
0.059173
0.071663
0.076411
0.059715
0.040211
0.039734
0.056628
0.056524
0.065450
0.065666
0.055399
0.065920
0.052397
0.048035
0.048438
0.068073
0.051019
0.067574
0.050730
0.043612
0.060028
0.069694
0.064772
0.076603
0.080581
0.083153
0.081371
0.074595
0.061678
0.052507
0.064703
0.060752
0.060844
0.074053
0.073868
0.074140
0.073562
0.075242
0.076724
0.083609
0.061822
0.060697
0.078286
0.101069
0.056351
0.057645
0.055719
0.057811
0.055910
0.055845
0.071386
0.069486
0.065495
0.064475
0.044532
0.053809
0.058559
0.053773
0.075974
0.075597
0.064893
0.062491
0.070225
0.049028
0.053147
0.053975
0.046114
0.054266
0.074551
0.061222
0.063686
0.058820
0.063292
0.064991
0.039833
0.052426
0.059494
0.059975
0.063653
0.079571
0.046921
0.061279
0.055761
0.049792
0.055787
0.079998
0.062949
0.062492
0.065178
0.059612
0.077312
0.056432
0.072017
0.060637
0.067892
0.068638
0.050210
0.065397
0.064877
0.047920
0.062193
0.050638
0.063474
0.058511
0.058975
0.056860
0.055559
0.058738
0.053114
