0.024202
0.110752
0.114231
0.065019
0.055894
0.057995
0.070495
0.065296
0.062222
0.065899
0.062644
0.046227
0.064085
0.064957
0.044456
0.074855
0.065022
0.057946
0.044612
0.064775
0.050270
0.060267
0.078961
0.061160
0.068595
0.058261
0.057526
0.052785
0.060986
0.064806
0.071735
0.061694
0.062223
0.056424
0.060895
0.055449
0.058184
0.058082
0.061634
0.072586
0.061854
0.061568
0.061086
0.060248
0.059173
0.054578
0.042644
0.040952
0.064551
0.061182
0.044693
0.063359
0.070163
0.047396
0.051117
0.062262
0.043545
0.059283
0.057418
0.063389
0.063506
0.048450
0.077571
0.070807
0.064379
0.044592
0.041188
0.047509
0.052363
0.055904
0.053425
0.055287
0.059788
0.058694
0.056645
0.058363
0.058868
0.058570
0.061620
0.058607
0.059820
0.043047
0.044291
0.052987
0.044922
0.046220
0.049695
0.046857
0.072188
0.056965
0.050219
0.060999
0.060230
0.063657
0.042704
0.064414
0.058138
0.057731
0.053873
0.043944
0.044972
0.053323
0.058250
0.048282
0.054832
0.042245
0.046513
0.052264
0.063857
0.051751
0.050872
0.050915
0.068364
0.075559
0.062370
0.054662
0.062100
0.045517
0.045110
0.045599
0.044681
0.054346
0.045140
0.053263
0.046792
0.057543
0.062569
0.049265
0.046471
0.055173
0.052875
0.053504
0.050680
0.048215
0.047080
0.047864
0.057618
0.038803
0.044752
0.067594
0.060876
0.051388
0.055169
0.057916
0.057613
0.064043
0.063997
0.063897
0.069409
0.058038
0.048689
0.043400
0.047256
0.061423
0.065462
0.045402
0.042643
0.049904
0.044520
0.051986
0.043120
0.043763
0.048971
0.056471
0.078092
0.042818
0.046227
0.057291
0.065199
0.046410
0.056768
0.060328
0.042670
0.061982
0.050873
0.064863
0.050346
0.039253
0.036827
0.065212
0.070080
0.074721
0.075467
0.074974
0.079934
0.063126
0.064879
0.067601
0.072493
0.068433
0.078334
0.069303
0.051822
0.065052
0.066744
0.065274
0.076879
0.053577
0.069647
0.060385
0.084651
0.063786
0.063924
0.047796
0.065367
0.060259
0.073942
0.060818
0.053460
0.048534
0.064605
0.063673
0.053183
0.050446
0.049210
0.062923
0.067267
0.060823
0.066001
0.050829
0.068995
0.052706
0.050145
0.047162
0.048174
0.054893
0.055567
0.059310
0.058978
0.045606
0.060763
0.060853
0.057474
0.067020
0.062523
0.061420
0.058043
0.062228
0.055746
0.040208
0.058218
0.044722
0.039240
0.060943
0.049860
0.063811
0.061271
0.060007
0.052646
0.059772
0.053158
0.045157
0.059820
0.063156
0.043458
0.053336
0.051219
0.070023
0.050903
0.062896
0.067136
0.045943
0.046224
0.070009
0.069068
0.069293
0.066535
0.053515
0.059646
0.068520
0.059282
0.056478
0.048347
0.057259
0.064019
0.055306
0.052357
0.041906
0.050406
0.052848
0.058424
0.065771
0.051844
0.048681
0.047859
0.048852
0.057035
0.053274
0.061618
0.062242
0.059517
0.062845
0.060273
0.061045
0.056231
0.050165
0.041123
0.058579
0.059013
0.056429
0.049111
0.053413
0.058147
0.070590
0.072508
0.058337
0.060014
0.060102
0.107426
0.057506
0.069521
0.069111
0.067039
0.061397
0.040554
0.060606
0.058305
0.050602
0.055041
0.058128
0.065838
0.050053
0.053832
0.060031
0.061218
0.044678
0.054857
0.061129
0.064031
0.053847
0.061181
0.062814
0.046571
0.058631
0.043394
0.067545
0.057524
0.057212
0.074672
0.069627
0.056237
0.055921
0.060889
0.064952
0.055862
0.077271
0.054733
0.059476
0.063084
0.058783
0.060083
0.040908
0.066731
0.062924
0.056611
0.060116
0.068044
0.063193
0.048680
0.049071
0.049613
0.065236
0.057528
0.074784
0.062059
0.064318
0.050579
0.046165
0.047472
0.044752
0.062247
0.049369
0.056318
0.048073
0.061470
0.049405
0.054630
0.048445
0.061254
0.051943
0.052114
0.063379
0.061143
0.059264
0.059881
0.059161
0.068256
0.042023
0.048195
0.042892
0.042483
0.072324
0.082659
0.055161
0.044740
0.055773
0.059812
0.064061
0.060696
0.053615
0.084027
0.067834
0.062688
0.070629
0.059834
0.069952
0.070266
0.054476
0.054225
0.059407
0.064135
0.050395
0.054924
0.052538
0.060170
0.068240
0.067413
0.063490
0.064989
0.065310
0.059501
0.068043
0.061230
0.071621
0.072698
0.070638
0.060113
0.080052
0.075576
0.056002
0.070869
0.071088
0.073842
0.073489
0.075151
0.066868
0.049165
0.037074
0.048772
0.050748
0.047690
0.055712
0.055830
0.058102
0.055324
0.056450
0.057877
0.058378
0.058473
0.060030
0.058642
0.044293
0.047785
0.047363
0.056344
0.057625
0.057598
0.060142
0.067085
0.055644
0.059737
0.062186
0.060650
0.048358
0.052382
0.058090
0.063424
0.056216
0.053228
0.046773
0.062732
0.072027
0.061963
0.063846
0.066061
0.046313
0.051543
0.052825
0.063358
0.067851
0.069560
0.050092
0.073977
0.066837
0.064060
0.049321
0.055494
0.056723
0.059441
0.066686
0.053128
0.052880
0.074078
0.049686
0.064615
0.057152
0.059310
0.055472
0.055972
0.059190
0.060731
0.063446
0.063709
0.064390
0.065339
0.062641
0.047128
0.045758
0.048786
0.053562
0.054928
0.054871
0.076384
0.072813
0.081849
0.071419
0.080035
0.048657
0.066760
0.048983
0.066110
0.051543
0.061184
0.068224
0.071931
0.077347
0.055691
0.061370
0.047170
0.058795
0.058614
0.059312
0.061271
0.064337
0.060996
0.060949
0.059428
0.060554
0.061791
0.064510
0.060719
0.059479
0.052449
0.053782
0.061727
0.057920
0.061363
0.048408
0.046156
0.058270
0.046484
0.061340
0.046208
0.054674
0.056887
0.058386
0.059913
0.057652
0.058131
0.058189
0.057710
0.065115
0.056951
0.049719
0.062446
0.063138
0.067286
0.048021
0.060403
0.066432
0.067562
0.061288
0.046706
0.049415
0.047509
0.056408
0.057123
0.065079
0.062974
0.065665
0.088518
0.068658
0.056981
0.061355
0.052216
0.057839
0.058755
0.062604
0.081592
0.044964
0.061196
0.060353
0.061990
0.049325
0.047246
0.048615
0.046694
0.056990
0.068662
0.056061
0.077064
0.065696
0.063879
0.068434
0.068076
0.059539
0.055985
0.062814
0.058566
0.057208
0.058053
0.060410
0.059614
0.077594
0.057037
0.048111
0.044079
0.060652
0.066249
0.081143
0.069133
0.084722
0.065356
0.071242
0.054971
0.047297
0.048485
0.047729
0.047817
0.053721
0.048764
0.062852
0.046796
0.047506
0.063141
0.056881
0.048933
0.056923
0.059866
0.046689
0.060323
0.071396
0.084700
0.061943
0.059378
0.061256
0.067390
0.053997
0.054768
0.060615
0.061278
0.056601
0.061231
0.057049
0.062748
0.066538
0.064095
0.063908
0.064806
0.055872
0.056053
0.057532
0.044209
0.061870
0.055212
0.072577
0.048678
0.094648
0.090166
0.072424
0.066401
0.074270
0.060841
0.061556
0.046273
0.044029
0.054635
0.062901
0.053897
0.046171
0.059160
0.036272
0.040981
0.063351
0.064363
0.056393
0.064441
0.054222
0.071814
0.044592
0.069864
0.075054
0.042122
0.060864
0.055152
0.055334
0.055568
0.055645
0.058712
0.062581
0.062319
0.090228
0.058846
0.056180
0.056096
0.058771
0.044388
0.059585
0.062882
0.059119
0.048491
0.068286
0.062786
0.042374
0.056453
0.070079
0.066669
0.057527
0.056157
0.050824
0.061670
0.044946
0.043681
0.056694
0.052603
0.057577
0.061477
0.061515
0.067230
0.050865
0.064327
0.055692
0.070223
0.076146
0.063332
0.041046
0.059384
0.046458
0.054955
0.073209
0.059214
0.062155
0.057439
0.058600
0.077611
0.042623
0.045347
0.058017
0.069537
0.071815
0.065593
0.068028
0.055241
0.048823
0.049402
0.050234
0.068643
0.060265
0.067786
0.059959
0.060781
0.043481
0.053677
0.060045
0.067334
0.054083
0.060499
0.065884
0.061616
0.050661
0.062536
0.051585
0.044068
0.065022
0.058861
0.062048
0.048096
0.045016
0.041076
0.046936
0.057521
0.055488
0.062223
0.056049
0.061493
0.063210
0.053051
0.057452
0.055510
0.077140
0.059233
0.049689
0.044022
0.049107
0.049345
0.058882
0.058813
0.050929
0.049006
0.058805
0.075924
0.054993
0.058201
0.054597
0.042790
0.044500
0.059638
0.056311
0.068088
0.068752
0.070653
0.060620
0.063764
0.064120
0.049252
0.059567
0.044414
0.054982
0.057791
0.057624
0.057013
0.046105
0.056593
0.061878
0.055226
0.048522
0.044249
0.044748
0.076443
0.062005
0.061965
0.050132
0.044203
0.049770
0.079367
0.055090
0.057069
0.069034
0.056038
0.060535
0.049558
0.054375
0.049122
0.062257
0.057004
0.056932
0.065646
0.066392
0.060563
0.084745
0.072341
0.053064
0.047590
0.045315
0.051401
0.048456
0.042338
0.060797
0.052100
0.049419
0.070483
0.063621
0.060626
0.068459
0.059834
0.070440
0.086504
0.045007
0.055976
0.065159
0.063802
0.051157
0.045552
0.056237
0.044419
0.044801
0.057907
0.042065
0.043116
0.055434
0.042776
0.045289
0.054871
0.041564
0.066192
0.042917
0.048639
0.053215
0.050396
0.055714
0.050398
0.040639
0.054362
0.062663
0.058590
0.057851
0.061268
0.064934
0.064892
0.053031
0.055326
0.071567
0.076938
0.064421
0.051899
0.057892
0.055495
0.056919
0.058603
0.059013
0.057370
0.061797
0.059230
0.062049
0.064250
0.043226
0.050533
0.059662
0.047038
0.062493
0.045152
0.054675
0.058023
0.054689
0.049596
0.044302
0.045723
0.045583
0.052998
0.046592
0.054187
0.058067
0.059534
0.055568
0.058425
0.081719
0.043413
0.069052
0.060292
0.060881
0.060478
0.055812
0.055003
0.058914
0.061896
0.058957
0.059204
0.047696
0.058638
0.061547
0.059953
0.048405
0.052388
0.063005
0.088309
0.064275
0.067849
0.068019
0.069881
0.058521
0.062132
0.043140
0.045489
0.046269
0.071070
0.060205
0.067341
0.067351
0.066199
0.063352
0.061597
0.050160
0.057640
0.055415
0.063301
0.058463
0.071560
0.073530
0.064178
0.075402
0.054482
0.062787
0.068099
0.062015
0.076404
0.081654
0.062361
0.046625
0.072698
0.067671
0.064245
0.056659
0.049473
0.062177
0.063211
0.064910
0.052410
0.054545
0.051195
0.042085
