357	379	63	24
353	378	61	23
335	377	59	25
318	377	59	24
300	378	58	25
283	378	59	25
266	378	58	25
262	379	57	23
267	379	59	24
271	379	60	24
273	378	59	23
277	378	58	23
279	379	57	24
280	378	62	23
281	378	64	23
285	378	59	23
288	377	59	23
292	378	59	23
294	377	57	24
296	377	59	23
299	377	57	24
302	376	57	24
304	377	58	23
305	376	60	22
307	376	60	24
311	376	56	23
312	375	60	24
315	375	59	24
316	375	58	25
316	374	61	23
320	374	59	24
320	373	61	24
326	374	57	24
327	373	58	24
329	373	58	23
330	372	60	24
333	372	58	23
333	372	61	22
334	373	62	23
339	371	60	23
343	371	57	23
339	371	59	24
320	369	61	25
301	370	59	24
284	369	59	25
267	369	59	25
251	369	58	26
249	369	58	24
256	370	56	24
259	369	58	24
261	370	57	24
262	370	58	23
262	369	60	24
264	369	60	23
266	369	60	23
267	369	61	24
267	369	63	23
269	370	62	23
273	370	61	23
274	369	61	24
279	369	57	24
279	370	60	24
284	370	58	23
283	369	59	24
287	368	59	24
290	368	58	24
289	369	62	23
289	369	63	24
294	368	60	23
298	368	57	24
298	368	61	23
300	367	59	23
301	368	61	23
302	368	62	23
307	368	59	24
308	368	59	24
312	358	55	27
314	348	57	28
316	339	57	27
316	340	58	24
318	342	59	23
319	343	60	23
322	343	58	24
323	343	59	24
325	343	58	24
326	344	58	24
327	344	59	23
328	344	62	23
328	344	63	23
332	344	61	23
332	345	62	23
333	345	60	23
319	344	61	24
299	345	60	24
282	345	59	24
274	346	58	24
278	347	57	23
279	348	59	23
279	348	59	23
283	348	58	23
281	349	62	23
282	349	63	23
282	349	66	22
286	349	62	22
287	350	64	22
289	349	63	22
292	349	61	22
293	349	62	22
294	350	63	22
298	349	61	22
298	349	61	22
299	349	60	22
299	350	61	22
299	350	62	22
305	350	57	23
300	350	60	23
284	349	59	24
264	349	58	24
246	349	58	25
236	350	58	23
239	350	59	23
242	351	60	23
244	351	59	22
245	351	58	22
247	351	58	23
248	352	58	23
248	352	60	22
249	352	62	22
252	352	61	23
253	352	60	23
254	352	61	23
255	352	59	23
256	353	60	23
259	352	58	22
261	353	58	23
262	352	58	24
262	353	57	23
266	352	57	23
266	353	58	23
266	353	59	23
269	353	57	23
269	352	58	24
270	353	58	24
270	354	58	23
273	353	60	23
274	354	58	23
276	353	58	24
276	354	58	23
278	355	58	22
284	354	53	23
283	353	55	23
284	353	57	24
285	353	57	24
287	352	57	24
289	353	56	24
290	353	56	24
289	353	58	23
289	353	61	22
292	353	59	23
293	353	59	23
295	355	58	23
294	353	60	23
294	354	61	23
294	354	63	23
297	354	61	22
296	355	64	23
296	354	64	22
296	353	67	22
305	354	59	23
305	354	60	24
308	353	59	24
310	354	58	23
311	354	58	23
311	354	57	23
311	355	60	23
312	354	61	23
315	354	57	24
315	354	58	24
317	354	57	24
317	354	58	23
318	354	57	23
320	354	57	23
320	354	59	23
321	354	59	23
319	354	62	23
324	353	56	23
325	354	56	23
325	354	58	23
326	354	58	23
329	354	57	24
330	353	56	24
329	354	60	23
332	353	57	24
333	353	57	24
333	352	58	24
333	352	59	24
333	353	60	23
334	353	60	22
335	352	59	23
336	353	60	23
338	351	58	23
338	351	59	22
341	350	58	23
342	351	57	22
342	352	58	21
343	351	60	22
343	351	59	22
346	351	58	22
346	351	57	22
346	351	59	22
346	351	59	22
348	351	59	22
348	350	60	22
350	350	59	22
351	350	58	22
350	351	61	21
354	350	59	21
354	350	60	22
355	349	58	23
356	350	58	21
357	349	58	22
358	349	58	22
360	349	56	22
359	349	60	22
356	348	58	23
337	348	60	24
318	347	59	24
298	348	58	23
284	348	57	23
285	348	56	23
289	348	57	22
290	349	56	22
292	349	57	22
292	348	57	22
292	348	58	22
293	348	57	23
294	347	58	22
293	347	59	23
296	348	58	22
296	346	59	23
296	347	59	23
297	348	59	22
296	347	60	21
297	347	60	22
297	347	60	22
297	347	62	22
300	346	58	22
302	346	56	22
302	345	58	22
303	345	58	21
304	345	58	23
305	344	57	22
306	344	58	22
306	343	59	21
307	343	57	22
308	343	58	22
309	343	56	22
309	341	58	22
300	340	60	23
279	340	59	24
260	339	59	24
240	339	60	25
221	338	59	24
210	338	59	22
212	338	58	22
216	337	59	22
216	337	59	23
216	336	59	22
218	336	58	23
217	335	60	22
219	335	58	23
220	335	59	22
221	335	58	22
221	335	59	22
222	334	59	22
223	333	60	23
223	334	59	22
224	333	58	22
225	333	59	22
225	333	59	21
224	332	60	22
228	332	57	22
227	332	57	22
228	332	59	23
228	330	58	22
228	331	59	23
228	331	60	22
229	331	58	22
230	330	58	22
231	330	58	23
231	329	60	22
234	329	57	23
233	328	59	22
234	328	58	22
234	328	57	22
233	328	60	22
234	327	59	21
236	327	57	22
236	326	58	21
236	326	59	22
237	325	58	21
237	325	58	22
238	324	57	22
238	324	57	22
239	323	57	22
239	323	57	22
239	322	58	22
240	323	59	22
241	322	57	23
241	322	58	22
242	322	57	22
243	321	57	22
243	322	58	22
243	321	58	22
245	320	57	22
245	321	57	22
246	320	59	21
247	318	57	22
248	320	58	22
250	319	54	22
250	319	58	22
252	318	56	22
252	319	57	22
253	319	58	21
254	319	57	21
256	319	56	21
259	318	56	22
259	319	56	22
261	318	55	21
262	319	57	22
264	318	56	21
266	318	56	22
269	319	55	22
269	318	57	22
271	317	56	23
273	317	58	22
277	318	56	23
278	317	57	23
279	317	57	23
282	318	57	23
284	317	56	23
285	318	58	22
288	318	58	22
290	318	59	22
291	319	60	21
291	317	60	22
278	318	58	23
260	318	56	23
241	318	57	23
224	318	58	24
207	318	58	23
197	319	57	23
224	318	58	23
221	319	57	23
223	318	58	22
227	319	57	22
229	318	59	22
234	319	55	23
237	319	56	22
240	320	57	21
244	319	57	22
248	319	56	21
251	320	56	21
254	320	57	22
257	319	57	22
260	319	58	23
264	320	57	22
269	319	56	22
273	319	55	23
273	319	59	22
277	319	59	23
279	319	60	23
284	319	58	22
288	318	58	23
294	318	56	23
295	318	60	23
298	319	60	23
303	319	59	23
307	320	59	23
311	319	60	22
312	319	58	23
301	320	57	24
283	319	57	24
266	319	60	23
251	320	58	23
245	320	57	23
250	321	57	23
257	321	57	22
261	320	57	23
266	320	56	22
269	320	59	22
273	320	58	23
278	320	58	23
280	320	57	23
283	320	59	24
287	320	59	23
292	320	58	23
294	320	61	23
300	319	60	23
302	320	60	23
294	320	60	24
278	319	59	24
261	320	58	24
245	321	58	23
229	321	58	23
212	321	59	22
200	322	59	22
203	321	60	21
212	321	56	22
215	321	58	22
220	321	57	22
223	321	57	22
228	321	56	23
232	322	57	22
238	321	56	21
241	321	56	22
245	321	56	23
252	321	54	22
256	321	54	22
260	321	54	22
261	320	57	22
265	320	57	23
270	320	57	22
273	320	58	21
278	320	57	22
283	319	57	22
287	319	57	23
292	318	57	22
294	319	57	22
298	319	58	22
303	319	58	22
309	318	57	22
312	319	58	22
304	318	57	21
288	317	56	22
271	317	57	22
255	318	56	22
246	318	55	22
248	317	55	22
257	317	54	22
261	318	55	21
263	317	60	21
272	318	55	21
275	317	57	21
278	316	58	22
281	317	60	21
286	316	61	22
292	316	59	22
294	316	60	21
285	315	57	22
268	315	57	22
252	315	58	22
236	315	60	22
223	315	58	22
208	313	58	23
192	314	58	23
188	315	58	22
197	313	57	23
204	314	57	22
209	313	58	22
213	313	57	23
220	312	57	22
223	313	59	22
227	311	60	22
232	312	59	22
238	311	57	22
243	311	58	23
248	310	57	22
254	309	57	22
259	309	57	23
265	309	56	23
270	309	56	22
274	310	57	22
279	309	58	22
283	308	58	21
286	309	59	22
293	308	59	22
296	307	60	22
303	306	60	23
309	306	57	23
316	307	57	22
317	306	59	22
308	305	58	23
289	305	59	23
274	305	59	23
259	305	58	23
243	305	58	22
233	305	59	22
238	304	58	21
246	304	57	23
251	304	58	22
258	304	57	23
261	304	59	20
269	303	57	22
274	302	56	22
279	302	57	22
285	302	56	21
291	302	56	22
293	302	58	21
302	301	55	22
303	301	59	21
311	300	57	22
313	300	59	22
319	299	58	22
323	299	59	23
327	299	57	22
310	298	61	23
295	298	58	23
281	297	58	23
266	297	58	23
251	296	57	22
237	295	58	22
232	295	60	22
242	295	57	21
247	295	59	22
254	294	57	22
259	294	60	21
265	294	57	23
271	293	58	22
275	293	60	23
269	292	58	23
252	292	59	23
238	291	59	23
224	291	59	23
210	292	60	22
197	291	58	23
197	291	58	23
204	291	59	22
212	291	59	22
216	291	60	21
223	290	58	21
229	290	59	22
236	289	57	22
243	289	56	22
248	289	57	22
252	289	59	22
259	288	58	22
267	288	57	23
272	288	56	22
276	287	57	23
281	288	59	25
288	286	57	22
293	286	59	24
297	286	60	23
304	286	58	22
299	285	58	22
283	285	59	23
268	284	58	21
254	284	58	23
239	284	59	23
224	284	60	23
210	283	60	22
196	282	59	23
196	282	57	22
203	282	59	23
211	282	59	22
216	282	60	22
223	282	59	22
229	281	58	22
235	282	58	22
241	282	58	23
247	282	57	22
253	281	57	22
259	282	58	23
263	281	60	22
271	281	57	24
278	281	56	22
274	280	57	21
257	280	60	23
241	280	59	23
228	280	58	23
212	280	59	24
196	280	60	24
185	280	58	23
174	280	57	22
177	281	59	23
186	281	58	21
192	280	59	22
197	280	58	22
205	280	57	22
210	281	58	22
215	280	59	22
221	280	59	22
229	280	57	22
235	280	57	23
240	279	57	22
246	279	58	22
252	279	57	23
258	279	58	22
259	280	58	22
246	279	58	22
231	279	59	22
217	279	59	22
204	279	58	23
189	279	60	22
176	279	59	23
177	279	57	22
185	279	58	22
192	279	61	22
200	279	57	23
205	279	58	22
210	278	58	21
216	279	59	22
223	278	58	22
229	278	57	23
234	279	57	23
240	278	58	22
247	279	57	22
253	278	56	22
260	279	56	23
265	279	56	22
271	279	56	22
277	279	57	22
278	280	58	21
266	279	59	22
251	279	58	22
237	279	57	22
223	279	58	22
207	279	59	21
193	279	58	22
179	279	59	22
175	279	57	22
182	278	57	22
191	279	57	22
198	278	57	23
201	279	60	22
207	279	59	22
213	277	59	23
221	278	56	23
227	279	57	22
231	277	58	23
238	277	57	22
243	277	59	23
250	278	57	22
254	277	58	22
260	277	59	22
267	276	58	21
273	276	59	23
277	276	60	22
284	276	60	22
290	275	59	21
293	275	58	22
281	275	60	22
265	274	60	22
252	273	57	22
237	273	59	23
224	273	57	23
222	273	57	23
232	273	58	22
239	272	58	21
245	272	57	22
249	273	58	22
256	272	58	21
262	271	58	21
267	271	59	21
273	271	59	21
279	271	58	22
287	270	58	21
291	270	58	21
296	270	59	21
290	269	58	22
275	269	58	21
259	270	59	22
246	269	58	22
231	269	59	23
217	268	58	22
202	268	59	23
197	268	57	22
204	268	59	22
211	268	59	22
216	267	59	22
224	267	58	23
230	267	57	21
235	267	58	22
240	266	60	22
246	265	58	22
254	265	57	23
258	265	58	22
264	265	58	22
270	264	57	21
278	263	56	21
284	263	54	22
278	262	58	22
263	262	58	22
247	260	60	23
232	260	60	23
216	260	61	23
204	259	58	23
190	259	59	23
174	259	58	23
160	258	59	23
157	259	57	22
165	257	57	22
169	257	60	23
176	257	58	22
182	256	59	23
188	256	58	22
194	256	57	22
199	255	58	22
205	254	57	22
211	254	56	22
216	254	58	21
222	253	57	21
227	253	58	22
232	252	57	22
237	251	57	23
241	251	60	23
247	250	59	23
254	250	56	22
259	249	58	22
266	249	58	22
266	249	58	22
254	249	59	21
237	248	58	22
223	248	59	23
207	248	59	22
194	248	58	22
188	248	57	21
194	248	60	21
203	247	58	22
207	248	60	22
213	247	60	22
219	247	59	22
225	247	59	22
230	247	58	22
235	247	59	22
241	246	59	22
246	246	57	22
253	246	57	21
258	247	58	22
263	247	59	21
268	246	58	21
263	247	60	22
247	246	60	21
232	246	60	23
217	246	59	23
205	246	57	23
189	246	58	22
174	246	60	23
171	246	58	23
176	246	61	22
185	246	59	22
191	247	59	22
196	246	58	22
229	245	58	21
231	244	60	22
237	244	59	22
243	243	59	22
249	244	57	22
253	243	58	22
258	243	58	23
263	243	59	22
268	243	59	21
265	242	59	22
250	241	59	22
234	242	57	22
218	240	58	22
203	240	59	23
188	241	58	23
173	240	59	22
167	241	58	23
175	240	59	21
183	240	58	22
186	240	61	22
193	240	59	22
198	240	58	22
205	240	57	21
211	240	56	22
215	240	59	22
220	240	58	22
225	240	57	21
230	239	57	21
234	239	59	22
239	240	57	21
244	240	58	21
252	247	54	26
256	256	55	26
261	266	54	25
268	275	52	26
272	286	54	25
278	297	52	20
279	296	57	22
285	295	57	21
289	293	58	22
291	294	58	22
278	293	59	22
262	293	58	21
246	293	59	23
236	292	56	22
237	293	56	22
246	293	56	22
251	294	58	21
255	293	57	22
248	293	58	22
232	293	60	23
217	293	59	22
205	293	57	23
192	294	58	22
197	293	58	22
205	293	58	22
210	294	60	22
216	294	61	22
223	294	59	22
229	294	58	21
233	294	62	23
240	293	59	22
246	294	57	22
252	293	58	22
258	294	59	23
263	294	59	22
270	294	56	22
259	293	58	23
243	294	59	23
230	294	58	23
215	294	60	23
201	294	61	22
189	294	58	22
182	294	60	21
191	294	60	22
199	294	58	22
207	295	58	22
213	294	59	21
218	294	59	22
223	293	62	22
230	293	58	23
237	293	58	22
244	294	58	23
251	293	57	22
256	292	59	22
261	292	58	22
252	291	58	23
238	291	58	22
222	292	59	22
210	291	59	22
194	290	60	22
180	290	61	23
175	290	57	22
183	290	57	23
191	290	58	23
197	289	59	23
202	290	60	23
207	290	61	21
215	290	61	22
222	289	60	22
230	289	59	23
238	288	57	23
243	289	58	22
248	289	59	23
254	289	59	24
261	289	59	24
267	289	58	23
273	290	60	23
267	289	60	24
251	289	60	22
237	289	60	23
224	289	62	23
209	290	61	23
197	289	60	23
186	290	60	23
188	290	62	21
200	290	60	21
208	290	58	22
212	291	62	22
222	290	59	22
228	290	59	23
232	291	60	23
239	291	60	22
246	291	58	23
253	292	58	23
259	292	58	23
264	293	60	22
271	292	59	24
277	293	59	24
284	293	58	25
290	293	58	24
295	294	57	24
296	294	58	24
285	294	59	23
268	295	59	23
254	295	58	23
241	295	59	23
236	296	57	22
242	296	60	22
254	295	57	22
259	297	57	23
263	296	60	23
270	297	59	23
277	297	56	23
280	297	59	22
285	297	60	23
291	298	60	23
297	297	61	23
302	299	59	23
309	299	59	23
314	299	60	23
320	299	59	22
324	300	58	24
314	300	61	23
298	301	59	23
285	301	58	23
270	303	58	24
254	303	60	24
239	303	60	23
233	304	61	23
241	304	61	23
249	305	60	23
255	306	58	23
261	305	59	22
266	306	59	23
271	306	57	23
276	308	56	22
279	308	61	22
287	309	56	22
288	309	60	22
292	309	59	22
280	309	61	23
263	308	61	23
247	309	60	24
232	309	59	24
217	309	59	24
201	310	60	23
185	309	60	23
170	310	58	22
153	309	60	24
140	309	58	22
140	309	58	23
147	308	59	23
152	309	61	22
157	309	58	22
161	309	61	22
167	307	58	23
169	308	59	23
174	308	59	23
178	307	60	23
182	307	58	23
188	306	56	22
193	298	54	25
196	287	56	26
201	278	55	27
203	270	58	24
208	272	57	23
210	273	59	23
216	274	56	23
220	274	57	22
224	274	56	22
227	273	58	22
230	273	57	23
214	273	62	23
201	273	59	22
204	272	59	23
212	273	59	22
217	272	59	21
221	272	59	21
225	271	58	22
230	270	59	22
236	270	55	22
239	270	56	23
243	270	57	22
247	269	57	22
250	268	59	21
255	268	58	22
258	267	59	22
264	266	58	21
270	266	57	22
275	266	56	22
279	265	55	22
284	265	56	22
287	265	58	22
293	264	58	22
297	265	59	21
303	264	57	21
309	264	56	22
311	264	58	21
316	263	59	22
321	264	58	22
323	263	62	21
330	264	60	21
334	263	62	21
338	263	62	21
346	263	58	22
352	263	57	22
351	263	58	22
335	263	61	22
319	263	60	22
304	263	59	22
291	263	58	22
275	264	59	22
262	264	59	22
250	263	57	21
249	263	60	22
257	263	61	22
265	263	59	21
271	263	58	22
278	262	56	21
284	262	57	22
288	262	59	22
295	261	60	21
302	261	57	22
308	260	57	22
313	260	56	22
