177	318	45	34
174	318	43	35
172	320	43	35
168	322	43	35
166	323	43	35
163	325	43	35
160	326	43	35
158	328	42	35
155	329	43	35
152	331	43	35
149	332	43	35
147	333	43	35
144	335	42	35
142	337	42	35
139	338	43	35
136	341	42	35
134	341	43	35
131	344	42	35
129	345	41	35
126	346	42	35
123	348	42	34
120	349	42	34
118	351	42	35
114	352	42	34
135	354	58	36
227	354	40	37
295	356	39	30
363	361	31	20
391	360	42	34
385	361	42	34
389	362	41	35
389	363	42	35
387	364	42	36
385	365	42	35
384	367	42	35
381	368	42	36
379	371	42	34
376	371	41	35
374	373	42	35
372	374	41	35
370	376	41	34
367	378	41	35
365	379	41	35
363	380	41	34
360	381	41	35
359	382	41	35
355	384	42	35
354	386	41	35
351	387	41	34
349	389	41	34
347	390	40	34
344	391	41	35
342	392	41	34
339	394	41	34
337	396	41	34
334	397	41	34
332	398	40	35
330	399	41	35
327	401	41	35
325	403	41	35
322	405	41	34
319	406	41	35
317	407	41	35
315	410	42	34
313	411	41	34
310	413	41	34
310	384	38	48
308	336	38	47
304	289	40	46
298	251	44	36
296	254	44	35
294	255	43	35
292	258	44	35
289	260	44	34
287	261	43	34
285	263	43	35
282	265	44	35
281	267	43	34
278	268	43	35
277	270	43	35
273	271	43	36
271	274	43	35
269	276	43	34
266	278	43	34
264	278	42	35
262	281	43	35
260	281	43	36
257	284	43	35
256	286	42	35
252	288	43	34
250	290	42	34
247	292	43	34
244	293	43	34
241	294	42	34
240	296	43	35
237	298	42	34
234	300	41	34
232	302	41	34
230	304	42	34
227	305	41	33
224	306	42	34
222	309	42	34
220	311	41	33
216	313	42	34
214	313	41	33
211	316	42	33
209	316	41	34
206	319	42	34
204	320	40	33
188	331	40	32
186	333	40	33
184	334	40	32
180	336	41	33
179	338	40	32
176	340	40	33
174	341	39	32
171	343	40	32
168	344	40	32
166	346	40	32
164	348	39	32
161	349	40	32
159	350	39	32
156	352	39	32
153	354	40	32
151	355	39	32
149	356	39	32
147	357	39	32
145	359	39	33
141	361	40	32
141	342	37	45
138	294	37	44
135	245	37	44
131	208	39	34
128	209	41	32
126	212	42	33
124	213	41	32
159	214	64	34
263	215	35	37
331	217	32	19
295	210	93	47
177	68	38	31
134	59	32	24
80	11	22	23
79	12	23	23
80	12	23	23
80	12	24	24
80	12	23	23
80	12	22	23
80	12	22	23
80	12	22	23
80	12	23	23
80	12	22	23
80	12	22	23
80	12	22	23
80	12	22	23
80	12	22	23
80	12	22	23
80	12	22	23
80	12	22	23
80	12	22	24
80	12	23	23
80	12	23	24
80	12	22	23
80	12	23	24
80	12	23	24
80	11	22	24
79	12	23	23
80	12	23	24
80	11	23	23
80	12	22	23
80	12	23	23
80	12	22	23
80	12	22	23
80	12	23	23
79	12	22	23
79	12	23	23
80	12	22	23
79	12	22	23
80	12	23	23
79	12	22	23
80	12	23	23
80	12	22	23
80	12	22	23
80	12	23	23
80	12	22	23
80	12	22	23
80	11	22	24
80	12	23	23
80	12	22	23
80	11	22	23
79	12	22	23
80	12	23	23
80	12	22	23
79	12	23	23
79	12	23	23
79	12	59	58
80	18	100	52
64	10	40	25
80	12	22	23
80	12	22	23
79	12	23	23
80	12	23	23
80	12	25	25
80	12	22	23
79	12	23	23
79	12	23	23
79	12	22	23
80	12	23	23
80	12	23	23
80	12	22	23
80	12	22	23
79	12	22	23
79	12	23	23
80	12	22	23
80	12	23	23
80	12	23	22
80	12	22	23
80	12	22	23
79	12	23	23
79	12	22	23
80	12	22	23
80	12	22	23
80	12	22	23
80	12	22	23
80	12	22	23
79	12	22	23
79	12	23	23
79	12	22	23
79	12	23	23
80	12	22	23
80	12	22	23
79	12	22	23
79	12	23	23
80	12	22	23
79	12	22	23
80	12	23	23
80	12	23	23
79	12	22	23
80	12	23	22
80	12	22	23
80	12	22	23
80	12	22	23
80	12	22	23
80	12	22	24
80	12	22	23
79	12	22	23
80	12	23	23
80	12	22	23
80	12	22	23
79	12	22	23
80	12	23	23
80	12	22	23
79	12	23	23
79	12	22	23
80	12	23	23
133	59	11	17
133	60	30	22
134	59	37	24
148	63	26	21
135	59	41	24
134	59	35	25
141	60	39	24
134	60	42	26
134	58	43	27
79	12	23	24
79	12	23	23
79	12	23	23
79	12	22	23
79	12	23	23
80	12	23	23
80	11	22	23
79	12	22	23
79	13	23	23
80	13	22	23
80	12	22	23
80	12	22	23
80	12	23	23
80	12	22	23
80	12	22	23
80	12	23	23
80	12	22	23
80	12	22	23
80	12	23	23
79	12	22	23
79	12	23	23
80	12	23	23
79	12	22	23
79	12	23	23
79	12	22	23
80	12	23	23
80	11	22	23
80	12	23	23
80	12	22	23
80	12	22	23
79	12	23	23
80	12	22	23
79	12	23	23
79	12	23	23
79	12	23	23
79	12	23	23
79	12	23	23
80	12	22	23
80	12	23	23
80	12	22	23
80	12	22	23
79	12	22	23
80	13	23	23
80	12	22	23
80	11	22	23
79	12	23	23
79	12	22	23
80	12	23	23
79	12	22	23
79	12	23	23
79	12	23	23
80	12	22	23
79	12	22	23
80	12	22	23
80	12	22	23
80	12	22	23
80	12	22	23
80	12	22	23
80	12	22	23
80	11	22	23
79	12	23	23
80	12	22	23
80	12	23	23
79	12	22	23
79	12	23	23
79	12	22	23
79	12	23	23
80	12	23	23
79	12	22	23
80	11	22	23
79	12	23	23
79	11	22	23
79	12	23	23
80	11	23	23
80	11	22	23
80	11	23	23
79	12	23	23
80	12	23	23
80	12	22	23
80	12	22	23
80	12	23	23
80	12	22	23
79	12	22	23
79	12	23	23
80	12	22	22
80	12	22	23
80	12	22	24
79	12	22	23
80	12	22	23
80	12	22	23
80	12	22	23
80	12	22	23
80	11	22	23
79	11	22	23
79	12	22	23
79	12	22	23
79	12	22	23
79	12	23	23
79	12	22	23
79	12	23	23
80	12	22	23
80	12	22	23
80	12	22	23
80	12	23	23
80	12	22	23
80	12	23	23
80	12	23	23
80	12	22	23
80	12	22	23
79	12	22	23
79	12	23	23
80	12	22	23
80	11	22	22
79	13	22	23
79	12	22	23
79	12	22	23
79	13	23	23
79	12	23	23
80	12	23	23
80	13	23	23
80	11	22	23
79	13	23	22
79	12	22	23
80	12	23	23
80	12	22	23
80	11	22	23
79	11	22	23
80	11	23	23
80	11	22	23
80	12	23	23
80	12	22	23
80	11	22	23
80	12	22	23
79	12	22	23
79	12	23	22
80	11	22	23
79	12	23	23
80	12	22	23
80	12	22	23
80	12	22	23
80	12	21	23
80	12	22	23
79	12	22	23
79	12	22	23
80	12	22	23
80	12	22	23
79	12	22	23
80	12	22	23
80	12	22	23
80	12	22	23
80	12	22	23
80	12	22	23
80	12	22	23
80	12	22	23
80	12	22	23
80	12	22	23
80	12	22	23
80	12	22	22
80	12	22	23
80	12	22	23
80	12	22	22
80	12	22	23
80	12	22	23
80	12	22	23
80	13	22	22
80	12	22	23
80	12	22	23
79	12	22	23
80	12	22	23
80	11	22	23
79	12	23	22
80	12	22	23
80	12	22	23
80	12	22	23
80	12	22	23
80	12	22	23
80	12	22	23
80	12	22	23
80	12	22	23
79	12	22	23
80	12	22	23
79	12	22	23
80	12	23	23
80	12	22	23
80	12	22	23
80	12	22	23
79	12	22	23
80	12	22	23
80	12	22	23
80	12	22	23
80	12	22	23
80	12	22	23
80	12	22	23
79	12	22	23
80	12	22	23
79	12	22	23
79	12	22	23
79	12	22	23
79	12	23	23
79	12	22	23
79	12	23	23
79	12	22	23
79	12	22	23
80	12	22	23
80	12	22	23
79	12	22	23
79	12	22	23
79	12	22	23
79	12	22	23
79	12	22	23
80	12	22	23
80	12	22	23
79	12	22	23
80	13	22	23
80	12	23	23
80	12	22	23
79	12	22	23
79	12	22	23
80	12	23	23
79	12	22	23
79	12	22	23
79	12	22	23
79	12	23	23
80	12	22	23
79	12	22	23
79	12	22	23
80	12	23	23
79	11	22	23
80	12	23	23
80	12	22	23
80	12	23	23
80	12	22	23
80	12	22	23
80	12	22	23
79	12	23	23
80	12	23	23
80	12	22	23
80	12	22	23
80	11	22	24
79	12	22	23
79	12	22	23
79	13	23	23
79	12	22	23
79	12	23	23
79	12	22	23
79	12	23	23
79	12	22	23
79	12	23	23
79	11	23	23
79	12	23	23
79	12	22	23
79	12	22	23
80	12	22	23
80	12	22	23
80	12	22	23
80	12	22	23
80	12	22	23
79	11	23	23
79	11	22	23
79	12	23	23
80	12	23	23
80	12	22	23
80	12	22	23
80	12	22	23
80	12	22	23
80	12	23	23
80	12	22	23
79	12	22	23
79	12	23	23
79	12	23	23
79	12	22	23
79	12	23	23
80	12	22	23
80	12	22	23
79	12	22	23
79	12	22	23
80	12	22	23
80	12	22	23
79	12	22	23
80	12	23	23
79	12	22	23
79	12	22	23
79	12	22	23
80	12	22	23
80	12	22	23
80	12	22	23
80	12	22	23
80	12	22	23
80	12	22	23
80	12	22	23
80	11	21	23
79	12	23	23
80	12	22	23
80	12	22	23
80	12	22	23
80	12	22	23
79	12	22	23
79	12	22	23
80	12	23	23
79	12	22	23
79	12	23	23
80	12	22	23
80	12	23	23
80	12	22	23
79	12	22	23
79	12	23	23
80	12	22	23
80	12	23	23
80	12	22	23
80	12	23	23
80	12	22	23
79	12	22	23
79	12	23	23
79	12	23	23
79	12	22	23
79	12	23	23
79	12	23	23
79	12	22	23
79	12	23	23
79	12	23	23
79	12	22	23
79	12	23	23
79	12	22	23
79	12	23	23
79	12	23	23
79	12	23	23
80	11	23	23
80	11	22	23
80	12	23	23
80	12	22	23
80	12	22	23
80	11	22	24
80	12	22	23
80	12	22	23
80	12	22	23
80	12	22	23
79	12	22	23
79	12	23	23
79	12	23	23
79	12	23	23
79	12	23	23
79	12	23	23
79	12	23	23
79	12	23	23
79	12	23	23
79	12	22	23
79	12	23	23
79	12	23	23
79	12	23	23
79	12	23	23
79	12	23	23
79	12	23	23
79	12	23	23
79	12	23	23
79	12	23	23
79	12	23	23
79	12	23	23
79	12	23	23
79	12	23	23
79	12	23	23
79	13	23	23
79	12	23	22
79	12	23	22
79	12	23	23
79	13	23	23
79	12	23	23
79	12	23	23
79	12	23	23
79	12	23	23
79	12	23	23
79	12	23	23
79	12	23	23
79	12	23	23
79	12	23	23
79	12	23	23
79	12	23	23
79	12	23	23
79	12	23	23
79	12	23	23
79	12	23	23
79	12	23	23
79	12	23	23
79	12	23	23
79	12	23	23
79	12	23	23
79	12	23	23
79	12	22	23
79	12	23	23
79	12	23	23
79	12	23	23
79	12	23	23
79	12	23	23
79	12	23	23
79	12	23	23
79	12	23	23
79	12	23	23
79	12	23	23
79	12	23	23
79	12	23	23
79	12	23	23
79	12	23	23
79	12	23	23
79	12	23	23
79	12	23	23
79	12	23	23
79	12	23	23
79	12	23	23
79	12	23	23
79	13	23	23
79	12	23	23
79	12	23	23
79	12	23	23
79	12	23	23
79	11	23	23
79	12	23	23
79	12	23	23
79	13	23	23
79	12	23	23
79	12	23	23
79	12	23	23
79	12	23	23
79	12	22	23
79	12	23	23
79	12	23	23
79	12	23	23
79	12	23	23
79	12	23	23
79	12	23	23
79	12	23	23
79	12	23	23
79	12	23	23
79	12	23	23
79	12	23	23
79	12	23	23
79	12	23	23
79	12	23	23
79	12	23	23
79	12	23	23
79	12	23	23
79	12	23	23
79	12	22	23
79	12	23	23
79	12	23	23
79	12	23	23
79	12	23	23
79	12	23	23
79	12	23	23
79	12	23	23
79	12	23	23
79	12	23	23
79	12	23	23
79	12	22	23
79	12	23	23
79	12	23	23
79	12	23	23
79	12	23	23
79	12	23	23
79	12	23	23
79	12	23	23
79	12	23	23
79	12	23	23
79	12	23	23
79	12	23	23
79	12	23	23
79	12	23	23
79	12	23	23
79	12	23	23
79	12	23	23
79	12	23	23
79	12	23	23
79	12	23	23
79	12	23	23
79	12	23	23
79	12	23	23
79	12	23	23
79	12	23	23
79	12	23	23
79	12	23	23
79	12	23	23
79	12	23	23
79	12	23	23
79	12	23	23
80	13	23	23
79	11	22	23
79	12	23	23
79	12	23	23
79	12	23	23
79	12	23	23
79	12	23	23
79	12	23	23
80	12	23	23
80	12	23	22
79	12	22	23
79	12	23	23
79	12	23	23
79	12	22	23
79	12	23	23
79	12	23	23
79	12	23	23
79	12	23	23
79	12	22	23
79	12	23	23
79	12	22	23
79	12	23	23
79	12	22	23
79	12	23	23
79	12	23	23
79	12	23	23
79	12	23	23
79	12	23	23
79	12	23	23
79	12	23	23
79	12	23	23
79	12	23	23
79	12	23	23
79	12	23	23
79	12	23	22
79	12	22	23
79	12	23	23
79	12	22	23
79	12	22	22
79	12	22	23
79	12	22	23
79	12	23	23
79	12	23	23
79	12	23	23
79	12	23	23
79	13	23	23
79	12	22	23
79	12	23	23
79	12	22	23
79	13	23	23
79	12	23	23
80	12	23	23
79	11	23	23
80	12	23	23
80	12	23	23
79	12	23	23
79	12	23	23
79	12	23	23
79	12	23	23
79	12	23	23
79	12	23	23
79	12	23	23
79	12	23	23
79	12	23	23
79	12	23	23
79	12	23	23
79	13	23	23
79	12	23	23
79	12	23	23
79	12	23	23
79	12	23	23
79	12	23	23
79	12	23	23
79	12	23	23
79	12	23	23
79	12	23	23
79	12	23	22
79	12	23	23
79	12	22	23
79	12	23	23
79	12	23	23
79	12	22	23
79	12	23	23
79	12	23	22
79	12	23	22
80	12	23	23
79	12	22	23
79	12	23	23
79	12	23	23
79	12	23	23
79	12	23	23
79	12	23	23
79	12	23	23
80	12	23	23
80	12	23	23
79	12	22	23
79	12	23	23
79	12	23	23
79	12	22	23
79	12	23	23
79	12	23	23
79	12	23	23
79	12	23	23
79	12	23	23
79	12	23	23
79	12	23	23
79	12	22	23
79	13	23	23
79	12	23	23
79	12	23	23
79	12	23	22
80	13	23	23
79	12	22	23
79	12	23	22
79	12	23	23
79	12	23	23
79	12	23	23
79	12	23	23
79	12	23	23
79	12	23	23
79	12	23	23
79	12	23	23
79	12	23	23
79	12	22	23
79	12	23	23
79	12	23	23
79	12	22	23
79	12	23	23
79	12	23	23
79	12	23	23
79	12	23	23
79	12	23	23
79	12	23	23
79	12	23	23
79	12	23	23
79	12	23	23
79	12	23	23
79	12	23	23
79	12	23	23
79	12	23	23
79	12	23	23
79	12	23	23
79	12	22	23
79	12	23	23
79	12	23	23
79	12	23	23
79	12	23	23
79	12	23	23
79	12	23	22
79	12	23	23
79	12	23	23
79	12	23	23
79	12	23	23
79	12	23	23
79	12	23	23
79	12	23	23
79	12	23	23
80	12	23	23
79	12	22	23
79	12	23	23
79	12	23	23
79	12	23	23
79	12	22	23
79	12	23	23
79	12	23	23
79	12	22	23
79	12	23	23
79	12	23	23
79	12	22	23
79	12	23	23
79	12	23	23
79	12	23	23
79	12	23	23
79	12	23	23
79	12	22	23
79	12	23	23
79	12	23	23
79	12	23	23
79	12	23	23
79	12	23	23
79	12	23	23
79	12	23	23
79	12	22	23
79	12	23	23
79	12	23	23
79	12	23	23
79	12	23	23
79	12	23	23
79	12	23	23
79	12	23	23
79	12	23	23
79	12	23	23
79	12	23	23
79	12	23	23
79	12	23	23
79	12	23	23
79	12	22	23
79	12	23	23
79	12	22	23
79	12	23	23
79	12	22	23
79	12	23	23
79	12	23	23
79	12	23	23
79	12	23	23
79	12	23	23
79	12	23	23
79	12	24	23
79	12	23	23
79	12	23	23
79	12	23	23
79	12	23	23
79	12	23	23
79	12	22	23
79	12	23	23
79	12	23	23
79	12	23	23
79	12	23	23
79	12	23	23
79	12	23	23
79	12	23	23
79	12	23	23
79	12	23	23
79	12	22	23
79	12	23	23
79	12	23	23
79	12	23	23
79	12	23	23
79	12	23	23
79	12	22	23
79	12	23	23
79	12	23	23
79	12	23	23
79	12	23	23
79	12	23	23
79	12	23	23
79	12	23	23
79	13	23	23
79	12	23	23
79	12	23	23
79	12	23	23
79	13	23	23
79	12	23	23
79	12	23	23
79	12	23	23
79	12	23	23
79	12	23	23
79	12	23	23
79	12	23	23
79	12	23	23
79	12	23	23
79	12	23	23
79	12	23	23
79	12	23	23
