376	359	29	20
376	356	28	20
373	352	28	21
370	346	28	21
367	343	28	21
363	341	28	20
360	335	28	21
356	332	28	20
352	329	28	21
347	324	28	21
344	320	28	21
341	317	28	20
337	312	28	21
332	306	29	22
328	303	29	21
325	301	28	20
311	284	27	20
305	278	28	20
313	275	40	21
380	272	21	21
338	282	34	33
318	286	49	38
297	285	67	51
281	271	84	66
268	241	101	96
517	242	25	24
515	240	28	21
512	235	28	22
508	231	28	21
504	229	29	21
501	223	28	22
496	219	28	21
494	215	27	21
501	224	28	21
466	189	28	23
433	159	88	76
451	260	29	21
447	256	28	21
443	253	28	21
439	248	29	21
435	245	29	21
432	240	28	21
429	237	28	21
425	234	28	21
421	230	28	21
417	227	28	21
414	223	28	21
410	218	28	21
406	215	28	21
402	212	29	21
398	208	28	21
394	205	29	21
391	202	28	21
387	198	29	21
382	194	29	21
368	163	73	35
364	280	28	15
361	276	29	21
357	272	29	21
352	269	29	21
349	264	29	21
346	262	29	21
343	258	29	21
304	258	52	65
272	205	93	137
543	235	29	24
545	233	28	21
542	230	28	21
538	226	28	21
535	222	28	22
532	220	28	21
527	216	29	22
523	213	29	21
520	210	29	22
517	207	28	21
512	203	30	21
509	200	29	22
505	197	29	21
501	193	29	22
498	190	29	21
495	187	29	22
490	184	29	22
441	153	28	19
436	159	13	11
438	160	10	10
438	159	10	10
438	160	10	10
438	161	10	10
438	161	10	10
438	161	10	10
438	160	10	10
438	159	10	10
438	160	10	10
438	160	10	10
439	159	10	10
439	159	10	10
440	160	10	10
439	161	10	10
439	160	10	10
439	160	10	10
439	159	10	10
439	159	10	10
439	159	10	10
439	161	10	10
439	160	10	10
439	160	10	10
439	160	10	10
440	159	10	10
440	159	10	10
439	158	10	10
439	159	10	10
439	158	10	10
440	159	10	10
439	159	10	10
440	158	10	10
439	159	10	10
440	158	10	10
439	159	10	10
440	158	10	10
439	159	10	10
440	159	10	10
435	142	30	41
414	146	37	27
423	155	50	20
410	152	58	27
511	243	18	12
507	246	28	21
502	241	30	22
499	238	29	22
496	235	29	22
493	231	29	22
488	227	30	22
485	224	30	22
482	221	30	22
479	217	29	22
473	214	30	22
471	211	30	22
467	207	30	22
463	203	31	22
460	201	29	22
457	197	29	22
452	193	30	22
449	190	30	22
446	187	30	22
443	183	30	22
439	180	29	22
436	177	29	22
432	173	30	22
428	169	30	23
424	165	30	23
421	162	30	23
416	159	31	22
414	156	30	22
409	153	31	22
407	149	30	22
403	146	29	22
390	190	21	17
386	219	33	22
385	239	29	22
382	236	30	22
377	232	30	23
374	229	30	22
371	225	30	22
367	222	31	22
364	219	30	22
360	215	31	22
356	212	31	22
353	208	30	22
350	205	30	22
345	201	31	22
342	198	31	23
336	252	28	18
332	248	29	22
328	245	30	22
325	241	30	22
321	238	30	22
318	234	30	22
314	230	31	21
310	227	30	21
307	223	30	22
304	220	31	22
299	215	31	22
296	212	31	22
293	208	31	22
289	204	30	22
285	201	31	22
282	198	31	23
279	206	79	41
263	298	32	22
260	294	32	22
257	291	30	22
256	287	32	23
291	303	42	32
278	267	81	68
275	264	93	75
270	258	98	80
265	242	106	97
526	253	22	20
535	246	31	23
532	243	30	22
528	239	31	22
525	235	31	22
520	232	31	23
517	228	31	22
514	223	30	22
510	219	32	23
507	215	31	23
503	212	32	22
499	207	31	23
496	204	31	23
491	201	32	23
476	156	72	75
475	287	32	23
471	285	30	22
468	282	31	22
464	276	31	23
459	272	32	23
456	268	31	22
453	264	31	23
449	259	32	23
446	255	31	22
442	251	32	22
438	246	32	22
434	242	32	22
432	238	32	23
427	234	32	22
423	229	32	23
421	226	31	22
370	197	33	21
363	181	47	38
343	188	53	28
359	194	40	26
367	192	51	12
366	183	47	39
286	182	103	117
380	313	35	26
375	309	33	22
372	305	32	23
369	302	32	23
365	298	32	23
361	293	33	23
357	289	33	23
354	285	32	22
351	281	31	23
347	277	32	22
343	273	32	22
340	269	33	22
335	264	32	22
339	260	38	23
332	286	48	21
321	285	58	28
312	278	75	44
284	251	85	85
271	263	100	76
268	254	104	85
267	252	104	85
267	252	106	85
274	261	98	76
277	268	94	68
286	287	82	50
287	289	81	50
284	286	85	51
280	286	88	53
280	280	90	58
273	260	97	76
269	246	101	93
517	179	22	20
528	174	31	29
485	142	101	97
512	270	33	25
509	268	33	23
506	265	33	23
502	261	32	23
498	257	32	23
494	253	32	22
490	249	32	23
487	244	32	23
482	241	32	23
479	238	32	23
475	233	33	23
471	229	33	23
468	225	33	23
463	222	33	23
460	218	32	23
456	213	32	23
422	159	70	65
437	313	33	22
433	309	32	23
429	306	32	23
425	301	33	23
421	297	34	23
418	294	32	23
414	291	32	23
410	287	33	23
406	283	33	23
402	280	33	23
398	276	33	23
394	272	34	23
390	268	33	24
386	265	33	23
383	261	33	23
380	258	33	23
375	255	33	23
371	251	33	23
367	247	33	23
363	244	34	23
359	241	34	23
355	237	33	23
351	233	34	23
348	230	33	23
344	226	33	23
346	195	44	19
357	195	35	19
369	196	25	17
373	195	17	14
374	198	11	10
375	198	10	10
375	197	10	10
375	198	10	10
374	198	11	10
376	198	10	10
375	198	11	10
373	198	12	10
372	197	17	12
368	197	26	18
418	242	13	14
417	240	32	23
413	236	33	23
409	232	33	23
404	229	34	23
401	226	33	24
397	222	32	23
393	219	33	23
389	216	34	23
369	182	94	74
368	291	35	24
365	290	33	23
361	288	33	23
357	284	33	23
352	279	33	23
350	278	32	23
345	275	33	23
341	270	33	23
337	267	33	23
333	266	33	23
329	261	33	23
325	258	32	23
320	258	33	24
317	255	32	24
313	251	33	23
308	249	33	23
304	248	34	23
300	245	33	23
296	242	34	23
332	285	41	31
325	288	60	28
327	287	57	30
326	286	58	31
302	290	65	48
288	275	71	60
414	207	58	33
476	214	34	24
473	209	33	23
468	207	34	23
464	206	34	24
461	202	34	23
456	198	34	23
452	197	34	24
448	193	33	24
444	189	33	23
440	187	33	24
436	184	34	24
431	180	33	24
428	176	33	24
435	155	20	16
439	158	11	11
439	158	10	10
439	160	10	10
438	161	10	10
439	159	10	10
439	160	10	10
439	159	10	10
438	161	10	10
439	161	10	10
439	158	10	10
439	158	10	10
439	159	10	10
438	159	10	10
439	159	10	10
438	159	10	10
439	160	10	10
438	160	10	10
438	160	10	10
438	161	10	10
439	160	10	10
439	160	10	10
439	160	10	10
438	160	10	10
439	160	10	10
439	160	10	10
438	160	11	10
439	160	10	10
438	160	10	10
438	158	11	10
438	158	11	10
438	158	11	11
438	159	13	11
437	159	13	11
438	159	12	11
437	158	12	11
437	158	12	12
436	157	13	12
437	157	12	12
438	159	11	11
438	159	11	11
438	160	11	10
438	159	12	10
438	157	12	12
438	159	12	10
438	159	13	11
438	158	12	12
438	158	12	12
438	158	13	12
438	158	14	12
438	157	11	11
438	157	12	11
437	158	13	12
439	159	11	11
438	157	13	12
438	157	13	12
438	160	10	10
439	160	10	10
439	159	10	10
439	159	10	10
439	158	10	10
439	158	10	10
440	159	10	10
439	159	10	10
439	159	10	10
439	158	10	11
439	158	10	10
439	158	10	10
439	159	10	10
439	159	10	10
439	158	10	11
439	158	10	11
439	158	10	11
439	157	10	11
438	158	10	11
438	159	10	10
439	158	10	11
439	158	10	11
439	159	10	11
439	160	10	10
439	159	10	10
439	160	10	10
439	160	10	10
439	159	10	10
439	161	10	10
439	161	10	10
439	159	11	10
438	158	10	10
438	158	12	11
438	159	11	10
439	159	10	10
439	159	10	10
439	159	10	10
439	159	10	10
439	158	10	10
439	159	10	11
438	157	11	11
439	159	11	11
438	159	11	11
438	158	12	11
438	158	12	11
