0.030503
0.077981
0.079242
0.075050
0.081567
0.080027
0.082849
0.094223
0.052243
0.057789
0.073700
0.072914
0.071342
0.059436
0.062533
0.058132
0.066402
0.061232
0.064103
0.055429
0.042811
0.059672
0.054047
0.059304
0.056890
0.054653
0.054505
0.054103
0.063619
0.053840
0.053115
0.048435
0.060122
0.061353
0.057845
0.066349
0.061940
0.054542
0.042208
0.060490
0.071724
0.064084
0.060216
0.053061
0.054265
0.049808
0.052561
0.051190
0.066668
0.067498
0.056356
0.066842
0.051655
0.047210
0.061211
0.061602
0.068202
0.076606
0.053520
0.043190
0.057291
0.058707
0.076258
0.070237
0.083304
0.049481
0.053841
0.049185
0.064381
0.047308
0.057404
0.061703
0.069998
0.064655
0.048315
0.056985
0.064533
0.059762
0.062677
0.056807
0.064633
0.048812
0.055149
0.060574
0.064607
0.047507
0.048530
0.061025
0.062406
0.057637
0.057594
0.056643
0.068589
0.061848
0.061935
0.065315
0.049812
0.048396
0.064129
0.049321
0.059749
0.059405
0.043914
0.059821
0.055871
0.048650
0.055367
0.063370
0.058691
0.044614
0.060955
0.075513
0.072794
0.044680
0.044956
0.047423
0.044478
0.066185
0.056771
0.041551
0.040777
0.066358
0.051647
0.065198
0.040845
0.067251
0.059702
0.057801
0.054264
0.060671
0.063602
0.063120
0.064028
0.064709
0.071041
0.066053
0.073588
0.060465
0.062533
0.057912
0.064475
0.071892
0.068615
0.066934
0.065623
0.062863
0.058442
0.063469
0.058559
0.058312
0.065966
0.067403
0.055453
0.041352
0.048593
0.057692
0.052302
0.051560
0.055269
0.045053
0.046565
0.044825
0.063969
0.058843
0.042470
0.059736
0.043794
0.066212
0.065882
0.064361
0.058483
0.044048
0.053090
0.063095
0.039373
0.052620
0.064977
0.062253
0.065462
0.065316
0.063577
0.044066
0.046210
0.060209
0.049500
0.063926
0.066592
0.067738
0.059933
0.054264
0.058841
0.059531
0.064297
0.049569
0.042916
0.042135
0.048024
0.048586
0.042790
0.063699
0.084127
0.062450
0.054175
0.056953
0.050785
0.051533
0.054326
0.066766
0.066972
0.062641
0.064994
0.043611
0.048872
0.051459
0.052771
0.067025
0.065470
0.041414
0.065251
0.065503
0.068426
0.066877
0.066429
0.072262
0.047546
0.072553
0.071245
0.053644
0.063018
0.046193
0.067603
0.075539
0.066604
0.059139
0.059200
0.044063
0.062519
0.068882
0.061308
0.068399
0.044223
0.058024
0.064590
0.067682
0.066002
0.058424
0.054368
0.067661
0.052617
0.058367
0.063217
0.056189
0.058283
0.059763
0.064207
0.071956
0.046107
0.050480
0.067061
0.055039
0.050066
0.057330
0.084682
0.056409
0.053447
0.045371
0.059618
0.064571
0.065755
0.064209
0.079866
0.053930
0.052047
0.052523
0.058535
0.061774
0.061820
0.061200
0.063252
0.065335
0.063781
0.064237
0.049750
0.052383
0.065833
0.059559
0.059397
0.049601
0.052069
0.050583
0.061019
0.077117
0.052839
0.046671
0.055963
0.070556
0.074791
0.066195
0.071176
0.060873
0.061610
0.060196
0.060546
0.054863
0.054260
0.055402
0.044162
0.053500
0.059071
0.057811
0.051500
0.047929
0.055532
0.057644
0.051756
0.062544
0.062730
0.058968
0.058235
0.060783
0.062129
0.045623
0.050275
0.054780
0.063919
0.065484
0.041544
0.059180
0.064726
0.056350
0.061345
0.068818
0.057340
0.063932
0.051546
0.059406
0.064245
0.042564
0.044920
0.058951
0.060469
0.068604
0.068844
0.069644
0.062210
0.061888
0.055054
0.066915
0.063070
0.051118
0.047181
0.044283
0.036855
0.066595
0.060243
0.047867
0.048472
0.067843
0.046875
0.051617
0.049899
0.062778
0.046075
0.058982
0.066622
0.062809
0.068690
0.063049
0.063483
0.067320
0.051629
0.045118
0.059496
0.048801
0.059535
0.057284
0.054365
0.054776
0.055899
0.055708
0.055930
0.062234
0.063183
0.063395
0.064284
0.062342
0.049425
0.058636
0.067762
0.053543
0.052856
0.059890
0.048154
0.062145
0.069125
0.057987
0.058352
0.074133
0.061994
0.059951
0.064251
0.061193
0.066145
0.059827
0.041187
0.043678
0.042933
0.072960
0.078780
0.050772
0.064859
0.069393
0.049848
0.063251
0.059085
0.055546
0.065756
0.046365
0.052037
0.065838
0.075391
0.046691
0.051805
0.057310
0.064090
0.062281
0.059526
0.059237
0.058194
0.071670
0.063547
0.056554
0.064645
0.054742
0.047978
0.046432
0.048976
0.064862
0.059656
0.063565
0.055829
0.050505
0.041625
0.056836
0.051095
0.055960
0.056334
0.057168
0.057333
0.061848
0.063221
0.058128
0.060813
0.061593
0.059358
0.052104
0.043487
0.073348
0.045994
0.078359
0.068148
0.070270
0.059919
0.057482
0.065258
0.064536
0.052042
0.048069
0.069431
0.073218
0.056482
0.058971
0.052126
0.070549
0.051349
0.047669
0.045436
0.059956
0.052586
0.059288
0.050195
0.045849
0.052832
0.065295
0.064699
0.053645
0.042783
0.054165
0.072172
0.073666
0.062318
0.048115
0.043734
0.041979
0.055435
0.063375
0.058353
0.046797
0.061520
0.044580
0.068014
0.072475
0.047105
0.044938
0.063888
0.044728
0.067030
0.058426
0.062714
0.067312
0.050230
0.040805
0.048023
0.067880
0.067169
0.067371
0.042664
0.061672
0.045487
0.039034
0.056088
0.043754
0.067028
0.061295
0.063118
0.062756
0.065024
0.079389
0.054726
0.066161
0.059073
0.064760
0.067605
0.075436
0.071800
0.076706
0.064995
0.065076
0.059780
0.062762
0.063596
0.073675
0.066745
0.074893
0.069685
0.056658
0.049844
0.045330
0.043240
0.060119
0.077432
0.053367
0.048887
0.069807
0.061590
0.061817
0.054580
0.053950
0.059668
0.051099
0.051591
0.065515
0.052264
0.046257
0.060597
0.067983
0.048053
0.052494
0.059800
0.040368
0.051510
0.071041
0.053323
0.060073
0.068424
0.057141
0.070379
0.048263
0.046412
0.054026
0.052192
0.066169
0.068062
0.059042
0.053594
0.058110
0.058736
0.052462
0.038119
0.040887
0.044516
0.037170
0.064612
0.058985
0.065224
0.058271
0.061570
0.058626
0.056974
0.057199
0.059261
0.068074
0.068453
0.063742
0.064706
0.065048
0.053050
0.055007
0.059079
0.061944
0.057116
0.060530
0.062931
0.048665
0.047020
0.053184
0.050789
0.059310
0.063709
0.058701
0.060738
0.048954
0.055156
0.052772
0.052126
0.068585
0.055174
0.067092
0.056858
0.060701
0.065954
0.061045
0.055591
0.070950
0.058373
0.062501
0.049541
0.051853
0.059350
0.058908
0.063437
0.059800
0.061697
0.066932
0.055084
0.044585
0.051520
0.062056
0.063855
0.048065
0.056233
0.052001
0.070148
0.053694
0.053321
0.049266
0.040053
0.056351
0.050135
0.053311
0.067531
0.068906
0.056103
0.062810
0.066881
0.051042
0.060570
0.062096
0.056660
0.063212
0.061618
0.070542
0.060328
0.044211
0.053833
0.056681
0.058159
0.045581
0.058007
0.045571
0.042972
0.047410
0.047186
0.040946
0.063339
0.051533
0.049105
0.060801
0.049486
0.044426
0.053879
0.063365
0.052516
0.060165
0.057537
0.047443
0.038274
0.036392
0.036854
0.038656
0.057577
0.064650
0.051388
0.077484
0.069710
0.060626
0.047472
0.060614
0.049886
0.055998
0.060194
0.062599
0.064307
0.085664
0.065986
0.076248
0.049939
0.052457
0.070056
0.062442
0.066867
0.074479
0.070915
0.070086
0.072162
0.075237
0.074913
0.076149
0.055131
0.075264
0.054028
0.056824
0.059142
0.047467
0.070132
0.050581
0.051585
0.061723
0.064850
0.041642
0.050376
0.045885
0.061947
0.057167
0.062931
0.063060
0.050531
0.063607
0.053226
0.067537
0.050717
0.062315
0.060980
0.060818
0.064194
0.054698
0.048775
0.068814
0.051635
0.055857
0.055734
0.048129
0.072406
0.060461
0.054208
0.052542
0.047629
0.063991
0.068480
0.064079
0.064032
0.066523
0.070419
0.047048
0.042688
0.044737
0.054772
0.056265
0.056725
0.056071
0.059672
0.057992
0.058071
0.061763
0.068150
0.051547
0.058547
0.062289
0.052749
0.059906
0.049610
0.065622
0.053411
0.051889
0.057595
0.066789
0.058528
0.072517
0.055014
0.051596
0.077730
0.066066
0.055282
0.062629
0.057628
0.066815
0.063210
0.063340
0.049011
0.077637
0.061772
0.043137
0.057982
0.054710
0.068037
0.073219
0.067991
0.047259
0.054692
0.043229
0.066900
0.059474
0.057974
0.052778
0.051267
0.057011
0.062759
0.059683
0.061550
0.060457
0.058773
0.059180
0.060596
0.062342
0.053005
0.063344
0.063320
0.053729
0.060964
0.050780
0.056753
0.049201
0.055813
0.051787
0.068123
0.075782
0.067730
0.048387
0.067292
0.060803
0.060308
0.056632
0.050977
0.064871
0.047280
0.066769
0.065604
0.064009
0.070575
0.067264
0.053874
0.056929
0.043204
0.044411
0.062612
0.069826
0.067487
0.061464
0.066980
0.070946
0.069542
0.043561
0.041001
0.059174
0.062445
0.044257
0.063132
0.065302
0.061313
0.065013
0.056871
0.062015
0.049333
0.047398
0.056508
0.048031
0.050644
0.047451
0.052216
0.048958
0.062839
0.051428
0.065681
0.045146
0.066539
0.057734
0.058270
0.057000
0.058399
0.060536
0.074361
0.054730
0.067756
0.090106
0.081302
0.066320
0.060753
0.062398
0.061366
0.061360
0.063466
0.067633
0.066667
0.074025
0.076831
0.051032
0.049979
0.057906
0.060733
0.061869
0.059899
0.049093
0.050600
0.043899
0.045148
0.056588
0.051386
0.060592
0.066279
0.053601
0.062175
0.048222
0.046320
0.042252
0.051480
0.048515
0.056355
0.046917
0.049416
0.063642
0.069854
0.049482
0.068048
0.051236
0.056344
0.057745
0.070811
0.066249
0.058477
0.061761
0.063131
0.064516
0.067073
0.065857
0.055135
0.049488
0.047501
0.064658
0.059559
0.058205
0.059876
0.050817
0.053662
0.055843
0.053678
0.058490
0.048648
0.052737
0.062233
0.063329
0.066855
0.063032
0.059353
0.054307
0.054636
0.070936
0.056266
0.068609
0.065627
0.048237
0.058158
0.057090
0.057429
0.057084
0.055490
0.064341
0.067115
0.057214
0.055611
0.057637
0.055467
0.055457
0.057819
0.057259
0.061099
0.043273
0.041571
0.064350
0.077789
0.064820
