244	282	43	28
240	283	46	26
236	284	45	26
234	283	47	26
232	285	46	26
229	284	45	26
227	286	46	25
225	285	45	26
222	286	45	26
218	286	46	26
217	287	46	26
215	287	44	26
213	287	46	26
211	288	45	26
208	288	47	26
207	289	46	26
204	290	46	26
200	290	46	25
200	290	44	25
196	290	46	25
195	290	45	26
192	291	45	26
190	291	43	26
187	292	44	26
185	292	46	26
183	292	45	26
181	293	47	26
178	293	44	26
177	294	45	26
182	293	46	26
190	294	46	26
199	294	46	26
205	295	45	25
213	294	47	26
221	295	47	26
230	295	46	27
235	296	48	25
244	296	47	26
254	295	46	26
260	296	46	26
268	297	46	26
276	297	47	26
279	297	47	26
273	297	48	26
271	298	45	26
268	298	44	26
264	298	45	27
261	299	45	26
258	299	45	26
256	296	45	26
254	291	43	26
251	287	45	25
248	289	46	26
245	289	45	26
242	290	47	26
240	292	46	26
238	293	45	26
234	294	45	26
232	295	46	26
229	292	46	26
226	288	44	26
224	287	45	26
221	290	45	26
219	290	45	26
216	291	46	26
214	293	45	27
211	294	45	26
208	295	44	26
206	295	44	27
204	292	43	26
201	288	43	26
199	284	43	26
195	280	44	26
192	276	45	26
190	274	44	26
188	275	43	26
185	277	44	26
181	279	44	26
178	279	43	26
176	281	45	26
173	281	43	26
170	282	45	27
166	283	44	26
166	284	45	27
171	285	45	25
178	286	45	26
184	287	46	26
192	287	47	26
199	288	46	26
206	289	45	26
214	290	45	26
219	289	45	26
220	290	45	26
215	291	45	26
210	291	47	26
209	292	46	26
216	293	45	25
223	294	46	25
227	295	46	25
222	294	47	26
220	290	44	26
216	286	44	26
212	281	45	26
209	276	45	26
205	272	45	26
202	267	45	26
198	263	46	26
195	259	46	26
192	253	44	25
188	254	44	25
185	254	46	25
184	254	45	26
190	255	46	26
198	256	46	26
204	255	46	26
211	255	45	26
218	256	45	26
224	256	45	27
232	256	46	27
239	257	45	26
246	258	48	26
253	258	47	26
260	259	45	26
259	259	45	27
252	259	47	26
249	259	45	26
245	259	46	26
241	259	45	26
237	261	45	25
233	261	46	25
230	261	46	26
226	261	46	25
224	262	46	24
222	262	45	24
217	262	47	24
213	263	46	25
210	262	45	25
207	262	44	25
203	262	45	25
199	262	45	25
197	263	46	25
194	263	46	25
191	263	46	25
187	262	48	26
184	263	48	25
186	263	50	25
193	263	50	24
200	263	50	25
208	263	50	24
214	263	50	25
223	262	49	26
230	262	48	25
238	264	48	24
244	263	47	25
252	263	46	24
259	263	45	24
257	263	46	24
252	263	44	24
249	263	43	24
248	263	45	23
244	264	45	24
241	264	45	25
239	263	44	25
235	264	46	25
231	263	48	25
229	263	49	25
226	263	48	24
224	264	49	24
221	263	50	24
218	263	50	24
216	263	50	24
214	262	50	24
212	263	50	27
210	262	51	25
208	261	51	24
207	262	48	24
205	261	49	24
203	260	49	25
201	260	49	24
200	261	48	24
198	261	49	25
197	260	49	25
196	259	47	25
196	259	46	25
194	260	47	26
192	259	47	25
190	258	47	27
190	258	47	26
188	259	46	26
188	259	47	26
188	259	46	26
187	259	45	26
185	259	45	26
186	259	46	26
185	260	46	26
184	260	47	26
185	261	47	27
185	261	46	26
185	263	47	27
185	264	47	27
186	265	46	27
186	265	46	27
186	267	46	26
186	268	47	27
188	269	46	26
189	271	47	26
189	271	47	26
191	271	47	26
193	272	46	26
194	273	45	27
194	274	47	26
197	274	46	26
198	273	45	27
200	273	45	27
200	274	46	27
202	274	46	27
204	275	46	27
206	276	46	27
208	276	46	26
209	275	46	27
211	275	46	26
214	276	45	26
216	276	45	26
218	276	45	26
219	276	45	26
222	276	46	26
224	277	46	26
225	277	47	26
229	276	46	25
231	277	46	26
233	276	46	26
236	277	45	26
238	277	46	26
240	276	46	26
242	276	46	26
245	276	46	26
247	276	46	27
249	276	46	26
252	276	45	26
253	276	46	27
246	276	46	26
238	276	45	26
231	276	45	26
234	275	45	26
239	274	46	27
243	275	45	26
246	275	45	26
249	275	45	27
254	274	44	27
256	275	45	26
258	274	45	26
262	274	45	26
264	274	46	25
269	274	46	25
271	274	46	23
275	274	46	23
279	273	46	24
282	273	45	26
281	274	45	26
275	273	46	26
267	273	46	26
262	274	47	26
256	273	46	26
250	274	46	26
245	273	47	26
249	274	46	27
256	274	46	26
262	274	46	27
266	274	46	26
271	274	45	27
275	274	45	26
279	273	46	27
282	274	45	27
279	274	44	28
272	274	46	27
267	274	45	27
261	276	46	27
256	276	45	27
250	275	46	27
245	276	46	26
245	276	47	27
253	277	47	27
258	276	47	27
264	276	46	27
269	277	46	27
274	277	46	27
279	277	45	26
284	277	46	26
289	276	46	26
288	277	46	26
284	277	46	26
279	277	46	26
273	277	47	26
269	277	45	26
264	278	46	26
264	278	47	26
273	279	46	26
280	279	46	26
286	279	46	25
292	279	46	26
297	278	46	26
303	279	46	26
307	279	46	26
313	279	46	27
314	280	46	27
310	281	46	26
305	280	46	27
302	280	45	27
296	281	45	27
291	281	47	27
291	281	48	26
297	281	47	26
305	281	47	26
311	281	46	26
318	281	46	26
324	281	43	26
328	281	45	26
335	281	45	26
338	281	44	26
336	281	44	27
331	281	44	26
326	280	46	26
321	281	45	27
315	281	46	26
311	280	46	26
306	280	46	26
303	281	43	26
297	280	46	26
293	280	45	26
288	280	44	26
285	280	46	26
292	279	45	26
299	279	46	26
305	280	45	26
312	279	46	26
317	279	45	25
319	279	45	26
313	278	45	26
308	278	46	26
304	278	45	26
299	278	45	26
295	278	45	25
290	278	44	26
285	278	43	26
279	278	42	26
274	278	40	26
270	277	39	26
266	277	37	24
259	278	42	23
255	277	41	23
257	277	39	23
265	277	41	24
273	276	40	25
279	276	39	26
285	275	40	25
289	276	39	24
292	274	41	25
300	275	36	24
304	275	37	24
311	276	34	24
313	274	38	25
320	273	36	25
326	274	36	25
331	273	37	27
335	273	36	26
340	273	36	26
344	272	44	36
344	271	44	27
339	272	42	27
334	272	38	27
328	272	37	26
322	271	36	26
319	271	37	26
324	271	37	26
330	271	35	26
335	271	35	26
338	271	36	26
338	271	42	26
348	269	38	27
352	270	39	25
355	270	40	25
364	269	37	26
368	269	37	26
373	270	31	25
366	270	33	24
359	270	34	25
352	270	35	25
346	270	37	25
344	270	36	25
350	270	35	25
355	269	39	24
361	268	38	26
365	269	36	26
372	269	36	25
371	267	36	27
366	267	34	25
359	269	39	25
354	269	37	25
349	269	35	25
340	269	40	25
336	269	39	25
330	268	37	27
322	267	37	26
318	269	35	26
311	268	35	26
308	269	35	25
313	269	36	26
320	269	34	25
325	269	35	26
330	269	36	25
335	269	33	25
339	269	32	25
339	269	33	26
333	269	33	26
325	269	34	26
323	270	36	25
328	270	34	25
335	270	33	26
339	270	34	25
343	270	34	26
347	270	34	26
343	271	34	25
336	270	36	27
329	269	36	27
322	270	37	27
317	270	38	27
322	270	38	27
328	270	39	27
333	271	39	27
338	270	38	27
341	271	41	27
345	272	38	27
343	271	39	27
337	271	41	27
329	272	43	27
324	271	42	26
316	273	42	26
312	271	42	25
315	273	42	25
322	272	43	26
327	272	41	26
327	273	40	25
320	273	42	26
315	273	41	26
310	272	41	26
304	273	41	27
296	273	44	27
290	274	43	27
285	274	44	25
292	274	43	26
300	274	42	26
305	274	42	25
309	273	41	27
312	275	41	26
311	275	43	27
307	275	43	28
297	275	46	27
292	275	44	27
287	275	43	26
286	276	43	26
292	276	43	26
299	276	43	26
304	276	43	26
310	276	42	27
314	276	41	26
318	276	40	26
322	276	41	26
325	276	41	26
327	276	43	26
328	277	46	25
334	277	45	26
338	277	44	25
339	277	43	25
333	277	44	26
328	278	41	26
321	278	43	26
312	278	45	26
306	279	45	25
309	279	46	26
317	278	43	27
321	279	42	26
324	279	43	27
325	280	42	27
320	279	42	27
311	280	42	27
303	280	42	27
296	280	41	28
288	280	40	27
281	281	41	26
281	280	41	26
285	280	42	26
287	281	42	27
290	280	41	26
294	279	40	26
295	274	37	26
296	269	39	27
295	264	38	26
295	260	40	26
296	261	40	25
296	261	40	25
294	261	40	25
286	262	40	25
275	262	42	26
265	262	42	25
258	262	42	26
259	262	42	25
262	262	41	25
262	262	42	26
262	262	43	25
262	262	43	25
264	262	42	26
264	262	41	26
265	262	41	25
265	262	42	25
264	262	41	25
264	262	41	26
265	261	41	25
266	262	41	25
265	262	41	25
268	245	39	25
266	245	40	26
262	246	40	25
251	246	42	25
240	245	43	25
233	245	44	26
233	245	45	26
238	246	42	26
239	245	42	26
240	245	40	25
240	244	40	26
240	244	40	25
240	245	39	26
241	244	39	25
242	245	39	25
241	245	39	25
241	245	39	26
241	244	39	26
241	244	39	26
241	244	40	25
240	244	40	25
234	245	42	25
224	244	42	25
213	245	44	26
203	244	44	26
194	245	42	26
188	244	41	26
191	244	41	25
194	245	41	26
194	244	41	25
195	244	40	25
194	245	40	26
194	245	40	26
193	245	42	26
194	245	40	26
193	245	43	26
192	245	43	26
192	245	43	27
192	246	44	26
192	246	43	25
193	246	42	25
192	246	42	26
196	246	43	26
206	246	43	26
217	247	41	26
219	247	43	25
217	247	43	26
215	247	42	26
213	247	44	26
212	247	43	25
213	248	44	26
213	247	43	26
213	248	43	27
213	247	42	27
213	248	42	26
214	252	40	26
215	257	40	27
215	262	39	26
215	266	39	25
215	266	39	25
214	266	40	26
213	266	41	24
214	266	41	24
213	266	42	24
214	265	41	25
214	265	40	25
215	266	40	26
215	267	40	26
214	266	41	25
214	266	41	26
213	267	41	26
215	266	41	25
214	267	41	25
214	267	42	25
213	267	43	24
214	268	42	26
213	266	42	26
215	268	41	26
214	267	41	26
215	268	41	26
214	267	42	26
215	268	40	25
214	268	40	26
214	268	41	25
214	268	41	25
214	268	41	26
213	269	41	26
215	269	40	25
214	269	40	25
215	269	40	25
215	269	40	25
216	270	39	26
216	270	39	26
215	269	41	25
215	270	40	25
216	271	40	25
215	271	41	25
215	271	41	24
215	271	41	24
215	271	41	26
215	271	41	25
215	272	40	25
216	271	40	25
215	272	40	25
215	272	40	25
215	272	41	25
215	272	41	25
215	272	41	26
215	272	41	25
214	272	41	26
214	272	41	24
215	272	41	26
215	273	41	25
215	272	40	25
215	272	40	25
215	272	40	25
215	272	41	26
215	273	41	25
214	274	41	24
214	273	41	24
214	272	41	25
215	273	41	25
215	274	40	24
215	273	40	25
215	274	41	24
215	274	41	25
215	274	41	24
215	275	41	24
216	275	41	24
216	275	42	26
216	276	41	24
217	276	40	24
217	276	39	25
217	276	40	24
217	277	40	24
216	277	41	24
216	277	42	25
216	276	41	26
217	277	40	26
218	277	40	26
219	278	40	26
219	278	43	26
219	279	42	25
221	278	42	25
223	278	41	25
224	279	42	25
227	279	41	24
232	281	39	25
232	284	41	25
236	285	38	26
237	288	40	25
241	290	37	26
246	292	37	27
249	296	38	27
253	298	35	26
257	302	35	24
260	304	34	25
264	302	36	26
268	299	36	27
271	297	39	26
276	298	37	26
279	301	40	27
278	303	39	26
273	305	39	27
267	307	40	26
262	310	41	26
255	312	42	27
251	314	41	27
248	317	39	27
242	319	40	26
240	321	40	27
246	324	45	28
254	325	45	31
256	325	44	30
254	327	42	30
251	333	42	27
249	335	39	26
246	337	39	26
241	338	40	26
238	341	41	25
240	342	41	26
249	343	44	27
257	345	44	26
267	347	40	26
274	350	40	25
282	350	41	26
289	351	41	27
291	352	41	26
290	354	40	26
287	355	40	27
285	356	40	26
280	359	41	25
279	360	40	25
278	361	39	26
285	362	40	26
294	365	41	25
301	367	43	24
307	368	43	25
310	370	38	25
307	370	36	26
304	372	39	25
304	371	40	26
312	374	41	25
320	373	41	26
317	374	43	25
316	373	40	25
314	374	39	25
318	373	40	26
326	373	41	27
332	370	42	27
330	370	41	27
327	367	42	27
321	365	42	28
318	361	42	28
310	358	46	28
309	354	41	27
302	350	41	27
297	344	39	28
299	340	42	28
307	335	40	28
312	329	40	29
313	323	39	28
310	317	38	28
303	311	36	27
297	303	38	28
289	296	39	27
282	287	39	29
276	282	36	27
268	276	34	25
258	268	36	25
252	259	36	28
255	252	39	25
260	245	37	25
262	238	38	25
265	231	39	26
268	224	37	26
271	218	37	26
274	212	37	26
275	207	38	26
277	202	39	26
279	198	39	27
281	192	41	29
285	191	40	29
289	193	38	28
292	190	39	27
294	189	40	27
296	190	39	27
299	194	40	26
304	197	39	26
307	202	40	26
312	207	38	25
315	210	39	26
320	214	38	25
324	218	41	25
329	219	40	26
334	216	38	26
335	215	40	25
329	211	41	26
324	209	41	24
320	207	40	24
314	202	40	25
308	200	42	25
305	197	40	26
299	194	41	26
295	192	42	25
289	190	42	26
291	189	42	27
300	188	42	26
308	187	41	26
308	186	41	25
302	186	41	26
298	186	42	27
294	188	40	27
288	189	40	26
287	191	38	25
283	193	37	23
280	195	37	25
282	197	38	27
291	200	38	26
296	201	41	26
301	205	41	26
298	207	41	26
294	209	40	26
289	213	41	25
288	216	40	25
285	218	39	26
281	222	38	26
277	224	39	26
275	227	37	25
271	229	38	26
268	232	37	26
265	233	39	27
266	237	38	26
275	238	39	28
286	241	37	27
292	242	37	28
292	244	37	28
289	248	37	26
287	251	36	24
284	254	36	25
280	255	37	26
287	252	35	24
316	252	38	26
323	248	38	26
330	245	38	26
336	242	38	27
343	239	40	26
351	235	40	27
358	238	39	25
359	239	39	26
356	240	38	26
353	243	37	25
350	244	40	26
348	246	38	26
347	248	36	26
343	250	35	25
340	250	36	26
336	253	38	27
333	255	38	26
331	256	37	26
329	258	38	25
327	260	38	26
324	262	36	25
319	263	40	26
316	265	38	25
313	266	39	26
310	268	40	25
308	269	39	25
305	271	40	26
302	272	40	27
299	273	40	27
300	274	41	27
309	276	40	27
317	277	41	26
324	278	40	26
332	279	39	27
339	281	38	26
345	281	39	27
352	282	41	28
359	283	41	27
369	285	39	27
376	286	39	26
383	287	40	25
390	287	41	26
397	289	41	26
405	289	41	25
411	290	42	26
419	291	43	27
427	294	40	26
436	300	38	27
443	305	40	27
451	312	40	26
459	317	41	26
466	319	40	25
466	319	40	26
464	320	39	25
462	320	37	25
457	320	43	26
455	318	41	24
452	318	40	25
453	315	36	26
449	311	37	25
445	308	37	24
443	304	36	25
441	299	37	25
438	293	37	25
435	287	37	26
431	281	37	26
427	276	38	26
423	269	38	27
420	261	37	28
417	255	37	26
414	250	37	26
410	242	38	27
407	237	39	25
404	230	37	26
400	224	36	26
396	214	40	29
394	209	38	26
389	202	39	26
386	195	39	26
385	188	38	26
380	180	38	28
374	171	40	31
374	166	38	30
370	160	38	26
367	153	39	26
363	146	38	26
359	139	38	28
355	129	37	32
353	123	36	30
349	119	35	26
345	113	36	27
339	107	39	28
335	99	38	28
331	94	38	27
335	88	40	28
344	82	40	27
352	76	40	28
359	71	40	27
366	67	39	28
373	63	40	28
379	59	40	29
386	58	40	28
393	55	38	27
400	53	38	26
406	51	39	27
411	48	41	27
417	47	41	27
424	52	38	27
430	55	40	28
436	59	40	27
443	63	39	28
448	67	39	28
454	70	40	26
459	69	40	27
458	68	39	27
453	67	40	27
450	67	38	27
445	66	40	28
442	66	38	27
439	66	37	27
433	65	38	27
430	65	38	27
426	64	38	26
421	64	38	27
417	64	38	27
412	64	39	26
408	64	37	27
403	63	39	27
398	64	41	26
393	63	40	27
390	62	38	27
385	62	38	26
381	62	37	26
377	60	37	27
371	58	38	27
367	55	37	27
363	53	37	27
358	49	37	27
352	45	38	27
348	41	37	28
343	38	37	27
339	33	37	27
335	29	37	28
328	24	38	27
325	19	37	29
319	16	38	27
314	13	37	28
309	10	37	28
303	7	38	28
298	7	39	26
293	5	38	27
288	3	39	28
283	1	39	27
277	1	38	27
272	1	38	26
268	2	37	25
263	2	38	25
268	1	38	25
276	1	38	25
283	2	37	25
289	2	37	25
294	1	38	25
300	1	37	25
305	2	37	26
310	1	38	26
314	1	39	26
319	2	38	26
325	2	38	27
330	2	37	27
335	2	37	28
340	2	38	29
345	3	37	28
350	3	38	29
356	10	37	28
361	16	37	27
366	22	37	28
371	27	36	28
376	32	37	27
381	37	37	27
