140	241	90	32
138	242	94	29
137	242	96	28
140	242	93	28
140	243	95	27
136	242	100	27
138	243	99	27
140	242	98	28
136	241	103	27
135	242	104	27
136	242	105	27
136	242	106	27
135	242	108	27
135	243	108	27
130	242	116	27
130	243	115	26
135	243	109	27
135	244	111	27
136	244	111	27
136	244	110	27
141	244	112	27
162	243	110	28
184	244	107	28
204	244	105	28
223	243	107	29
227	244	106	28
224	243	108	28
222	243	106	28
221	243	105	29
222	243	105	29
219	243	108	29
219	243	107	28
219	243	107	28
219	243	109	28
219	243	108	26
220	242	107	26
221	241	105	27
222	240	103	26
220	238	103	26
223	237	103	26
236	235	103	25
259	234	102	26
281	232	102	26
301	229	102	26
318	227	106	27
330	225	105	26
329	223	102	26
325	221	104	26
327	218	103	27
326	217	103	26
324	215	103	26
323	213	103	26
324	212	100	29
322	223	102	28
325	231	98	28
323	240	99	27
320	248	101	28
320	258	98	27
315	264	105	28
316	263	103	26
315	261	103	25
313	260	103	27
312	259	103	27
310	258	103	26
311	257	102	27
309	256	103	27
307	256	106	27
306	255	105	27
306	255	104	27
305	254	104	27
304	254	103	27
304	253	104	27
313	253	108	27
333	252	110	27
350	252	108	27
373	252	107	27
391	252	105	28
405	251	107	28
405	252	108	28
401	251	110	27
401	253	107	29
407	263	97	28
403	274	102	29
403	284	102	29
402	293	101	29
400	305	101	30
399	314	102	29
395	322	106	28
396	320	104	29
396	320	104	29
395	319	104	29
396	320	102	29
393	320	105	28
391	320	106	29
391	320	106	29
392	321	105	28
390	321	106	28
390	320	104	29
391	327	103	30
391	336	100	31
389	347	98	31
389	357	100	32
389	369	94	31
389	379	97	31
387	389	101	32
383	397	106	29
384	396	103	30
382	396	105	30
379	397	107	29
380	397	107	29
379	398	106	30
380	398	104	29
378	399	106	29
379	400	104	29
377	401	105	29
376	402	105	30
377	403	102	30
373	405	106	29
374	406	105	29
373	407	104	30
372	408	106	30
368	410	108	30
370	411	107	30
367	412	106	30
369	414	105	29
369	415	105	30
367	417	106	30
366	418	105	30
366	420	105	30
366	422	104	30
365	422	106	30
360	425	109	30
361	424	106	30
363	416	101	31
360	407	104	30
359	399	106	30
360	390	104	30
358	382	106	30
358	380	105	29
358	383	104	29
354	385	108	29
356	385	105	30
354	388	107	29
353	389	107	30
354	389	107	30
352	390	107	30
352	391	105	29
352	392	106	30
351	393	105	30
351	394	105	30
351	393	105	30
360	394	110	29
383	394	106	29
403	394	106	29
412	395	107	30
408	395	110	30
407	395	108	30
404	396	109	30
404	395	107	30
404	394	107	30
403	395	108	31
404	395	106	30
402	387	104	31
403	377	106	31
401	367	107	31
401	365	105	30
400	367	107	30
400	367	107	30
399	367	108	31
399	368	108	30
399	369	108	31
398	368	108	31
398	369	109	31
397	369	108	30
397	369	107	31
397	370	107	31
398	370	106	31
396	371	106	31
395	370	107	31
396	372	105	30
395	373	105	30
394	373	106	30
394	372	107	30
393	373	109	30
391	373	109	31
393	373	108	30
392	374	107	30
393	374	106	30
393	373	106	30
393	373	106	30
391	374	108	30
393	374	106	30
389	373	111	31
390	372	108	30
389	373	108	30
389	372	108	30
386	371	109	30
388	371	105	30
386	370	107	31
386	369	107	30
384	370	108	30
386	369	106	31
386	369	104	31
385	368	105	31
384	367	105	32
383	367	107	31
384	367	105	31
384	368	105	30
380	367	109	31
381	367	108	31
381	366	107	30
380	366	107	31
380	367	105	31
380	366	105	31
376	367	109	30
377	367	106	30
376	367	108	31
376	368	106	31
376	367	105	32
374	368	107	31
373	368	107	31
372	368	107	31
371	369	108	31
371	369	107	30
370	369	107	31
369	368	107	31
370	369	106	31
368	368	106	31
367	368	107	30
367	368	106	31
367	368	106	31
366	367	106	31
365	367	106	31
365	366	102	31
364	366	104	31
362	366	106	31
361	366	108	30
359	366	110	30
359	366	110	30
358	366	111	30
356	365	110	31
356	366	110	31
357	366	109	31
356	366	107	31
355	366	108	31
355	366	107	31
354	367	106	31
354	368	107	32
353	368	107	32
353	370	107	31
352	371	109	32
351	372	108	31
351	374	109	31
351	375	110	30
350	375	109	30
350	376	110	30
348	378	111	30
347	378	111	31
345	379	112	31
346	380	110	31
347	380	109	30
347	382	109	30
348	382	107	30
345	383	107	31
346	383	108	31
346	383	106	31
344	384	107	31
344	384	108	31
344	384	107	30
344	384	106	30
342	384	109	30
342	384	108	30
341	384	109	30
341	383	107	30
340	382	107	30
342	381	105	30
340	380	107	30
339	380	108	30
340	380	107	30
338	379	108	30
339	376	108	30
339	376	107	30
337	374	108	31
338	373	107	30
338	371	107	30
337	370	107	30
337	369	107	30
337	367	107	30
336	366	109	31
336	365	108	30
336	364	107	30
336	363	108	30
337	360	109	30
336	360	110	30
335	359	108	30
336	357	108	30
336	356	108	31
335	355	109	31
334	354	109	31
335	352	108	31
335	350	109	30
334	357	108	31
335	365	107	32
335	366	107	31
333	364	109	30
335	363	107	31
334	361	108	30
334	360	108	31
334	359	107	30
334	358	108	30
334	357	108	30
333	356	109	30
335	355	107	30
334	355	107	30
333	354	110	30
334	353	108	30
334	352	107	31
335	352	107	31
335	350	108	30
334	350	107	30
334	349	108	31
334	348	107	31
334	348	109	31
334	346	110	31
332	346	112	31
333	346	110	31
334	344	111	31
333	344	111	31
335	343	109	31
335	342	110	31
335	342	110	31
335	341	110	31
336	341	110	30
336	340	110	31
338	339	109	31
338	340	110	31
338	339	109	31
340	338	108	31
339	338	108	31
340	337	107	31
340	336	107	31
341	335	107	31
342	335	107	31
343	334	106	31
342	333	108	31
343	332	107	31
344	331	108	31
344	330	108	31
344	329	109	31
344	328	108	31
344	327	110	31
344	325	111	31
346	324	109	31
346	324	110	31
348	322	108	31
349	321	109	31
349	319	109	30
351	318	107	31
351	316	107	31
350	315	109	31
351	313	110	31
351	312	109	31
352	310	109	30
352	308	110	31
352	307	109	30
352	305	110	30
353	303	111	31
353	302	111	31
355	300	110	30
355	298	110	31
355	296	111	31
356	296	110	31
357	293	111	31
358	293	109	31
357	292	111	31
360	290	110	31
360	289	110	31
361	288	109	31
362	288	109	31
360	287	112	31
361	286	111	30
362	286	111	30
363	285	111	31
362	284	111	30
364	283	112	31
364	282	112	30
364	282	113	31
367	281	112	30
368	281	111	31
368	280	111	31
368	279	112	30
370	278	111	31
371	278	111	30
372	277	112	30
372	276	112	31
372	276	112	31
373	275	113	30
375	275	113	31
374	274	114	31
375	274	114	30
375	274	114	31
377	274	114	31
378	274	114	31
377	281	115	32
384	292	108	33
383	301	111	31
384	302	110	31
385	300	111	31
384	301	112	32
386	302	111	31
387	302	113	31
388	304	113	31
391	305	110	32
391	306	110	32
392	307	109	32
391	309	112	32
393	311	111	31
394	312	112	31
393	313	113	32
394	315	113	31
394	317	114	32
397	318	112	32
395	321	114	32
396	322	114	32
397	323	114	33
398	326	115	33
401	327	112	33
401	330	113	32
402	333	115	32
403	335	113	32
405	337	112	32
406	340	112	32
407	342	112	32
409	345	111	31
408	347	113	32
409	350	114	32
412	352	112	32
412	355	112	32
414	357	113	31
414	360	111	32
415	362	111	32
417	365	112	31
417	366	110	33
418	369	112	32
420	364	110	32
421	357	109	32
422	349	110	32
421	343	112	31
423	346	110	31
424	349	112	31
425	350	112	32
425	352	112	32
426	351	113	33
428	344	110	32
430	336	110	32
431	340	110	31
431	341	112	32
432	343	112	31
433	343	112	32
435	345	110	31
434	347	110	31
435	347	109	32
436	347	111	32
439	348	111	32
439	348	111	32
440	348	112	32
439	349	113	32
442	350	112	32
443	350	111	33
444	350	111	33
442	351	110	33
421	351	110	32
401	352	111	33
384	352	111	32
367	352	110	33
345	352	112	33
335	353	109	32
337	354	111	33
341	355	110	32
340	355	113	32
341	354	114	32
342	355	115	32
344	355	113	32
346	355	111	32
347	356	112	32
349	356	109	32
350	355	110	32
350	355	110	32
351	355	111	32
352	355	111	32
353	353	110	33
354	354	111	32
354	354	111	32
355	353	112	32
357	353	109	32
357	353	110	33
358	353	113	32
360	352	109	33
360	352	109	33
360	352	109	33
361	351	110	32
362	351	110	32
362	352	110	33
363	351	112	32
363	351	113	32
365	352	112	32
365	352	113	32
367	353	110	32
368	352	111	32
369	353	110	32
369	353	111	33
370	354	110	33
370	355	111	32
371	356	110	33
372	357	110	32
373	357	111	32
374	359	109	32
374	360	111	33
376	361	111	32
376	362	110	33
376	363	113	33
377	365	112	33
375	365	115	33
378	367	113	33
379	370	112	32
380	370	112	33
381	373	113	32
382	374	112	33
383	376	112	33
384	378	113	33
385	380	112	33
387	382	111	33
388	384	110	33
388	385	111	32
389	388	113	32
390	389	111	33
390	391	112	33
391	395	112	32
392	396	111	33
391	391	111	33
393	383	113	34
393	375	113	33
395	368	111	33
394	361	113	33
396	356	112	32
395	360	114	32
397	363	112	32
399	366	112	32
400	367	111	33
399	371	112	32
401	373	110	32
401	374	111	33
403	375	111	34
402	377	113	33
402	379	113	33
404	380	111	34
404	382	113	33
404	383	113	33
404	383	113	33
406	385	112	33
408	386	111	33
408	384	110	34
407	375	113	33
411	366	109	33
411	356	111	34
411	348	111	33
412	338	110	33
412	337	112	32
413	339	110	32
413	340	110	33
414	340	111	32
413	340	112	33
415	340	112	32
416	340	111	33
417	339	110	33
416	338	112	33
417	338	112	33
418	337	110	33
419	336	112	32
420	335	112	33
420	334	111	33
420	332	113	32
420	332	114	32
421	330	112	32
407	327	113	32
387	325	112	32
366	324	113	33
347	322	113	33
327	319	114	32
311	318	112	33
308	315	114	33
312	312	113	32
313	310	112	32
315	307	113	32
315	303	114	32
317	301	113	32
317	297	112	33
318	293	113	32
318	290	113	33
319	287	113	33
320	283	115	33
320	279	114	32
321	275	115	32
322	271	114	33
321	269	115	32
322	264	118	32
323	261	115	32
323	257	117	32
323	253	117	33
323	251	116	32
324	248	116	31
322	244	119	32
325	240	116	33
325	238	117	32
325	236	116	33
326	232	117	32
326	230	117	33
327	230	116	34
326	238	116	34
327	245	116	33
328	253	116	33
329	260	115	32
328	258	117	33
329	255	116	32
330	253	117	32
331	251	115	32
331	250	116	33
332	249	115	32
331	247	115	33
332	247	114	32
333	246	114	33
333	245	115	33
332	245	115	32
332	244	117	32
333	248	115	33
334	256	113	35
336	265	111	35
336	276	111	34
336	285	112	34
337	295	112	34
338	297	112	32
338	295	112	32
338	294	113	33
337	293	114	33
337	293	114	32
338	292	112	32
338	292	115	32
338	292	116	32
339	291	113	32
338	291	115	32
338	290	116	32
340	289	113	33
339	290	115	33
340	289	114	32
340	289	114	32
341	288	113	32
341	287	113	32
342	287	114	33
342	288	114	33
343	287	113	32
342	287	114	33
343	287	113	33
343	287	113	33
343	286	114	33
344	286	113	34
344	286	113	33
343	286	114	33
345	286	112	33
345	286	114	32
344	286	114	33
344	286	115	32
344	286	114	32
343	285	115	33
344	285	114	33
344	286	116	32
345	286	115	33
343	286	117	33
344	287	117	33
345	287	116	33
345	287	116	33
344	288	118	33
345	289	118	33
346	290	117	33
346	289	116	33
346	291	117	34
348	291	116	33
350	292	114	33
348	293	117	33
349	294	115	33
350	296	116	33
350	297	116	33
350	298	115	33
351	300	115	33
351	301	115	33
352	301	115	34
352	303	114	33
352	306	115	33
352	308	114	33
352	309	114	33
353	311	113	32
352	312	115	34
353	314	113	33
354	315	113	33
352	317	115	33
354	319	114	33
354	321	115	33
355	323	115	33
355	325	112	33
354	326	115	34
355	327	114	33
356	330	114	33
355	330	115	33
354	333	118	33
356	333	115	33
357	334	114	33
357	336	113	34
357	336	114	33
357	337	114	34
358	338	113	34
358	337	113	33
357	339	115	34
357	338	115	33
358	339	114	34
358	339	115	34
358	340	117	33
359	340	114	33
359	339	115	34
359	340	115	33
358	340	116	33
359	339	115	33
359	339	116	33
360	340	115	33
361	339	115	34
361	339	115	33
361	340	115	33
361	338	114	33
363	339	114	33
362	338	114	33
361	338	115	33
363	337	114	33
364	337	112	33
365	337	112	34
365	335	114	33
365	335	113	33
364	334	116	34
366	333	114	33
366	332	115	33
366	332	114	33
368	330	113	33
368	329	114	33
367	328	114	33
368	327	114	33
369	326	114	33
369	323	114	34
370	323	114	34
369	321	115	34
370	319	115	33
371	319	113	34
371	316	115	33
373	315	114	33
373	313	114	33
373	312	114	34
375	311	112	33
375	309	113	33
374	307	116	33
375	307	114	33
375	305	115	33
367	303	113	33
345	302	117	34
323	301	114	34
305	299	116	35
301	299	116	32
303	297	118	33
306	297	122	33
306	296	120	33
310	294	118	33
309	294	120	33
311	293	116	33
312	291	118	33
313	290	115	33
313	289	116	34
314	289	117	33
316	288	115	33
317	287	116	33
317	286	116	33
318	285	117	33
320	284	116	33
320	283	116	33
321	282	117	33
322	280	114	34
324	280	115	33
323	277	118	34
323	275	119	35
324	275	119	33
326	272	118	34
327	270	117	33
328	268	117	34
330	266	116	34
329	265	117	34
330	262	118	33
331	260	119	34
331	258	118	33
333	255	117	34
335	253	117	34
334	251	118	34
335	249	118	33
335	246	119	34
336	245	118	33
337	242	119	32
338	240	117	32
341	238	117	33
340	237	118	34
335	235	117	34
316	234	119	35
297	232	115	35
277	231	117	34
262	230	118	33
263	231	118	35
264	239	119	35
265	249	118	36
265	258	118	35
264	268	118	35
265	270	119	34
267	269	119	33
265	268	120	35
268	268	119	34
268	269	119	35
271	269	116	34
271	269	118	34
272	270	117	34
274	271	118	34
274	272	119	35
275	272	118	34
276	273	118	34
276	274	118	35
278	275	119	34
277	277	120	34
278	278	120	35
280	278	118	34
282	280	117	35
282	282	118	34
283	283	119	34
282	285	120	35
283	286	119	35
284	288	120	35
286	290	118	34
286	291	120	34
288	294	120	33
289	296	119	34
288	298	120	33
290	299	119	34
291	301	119	34
293	303	118	34
294	305	117	34
296	306	117	34
295	309	119	34
297	310	118	34
299	311	116	34
299	313	117	35
300	314	116	35
301	315	116	34
303	307	115	35
303	299	115	35
302	290	117	35
302	284	120	34
303	287	120	34
304	290	119	34
305	292	119	34
305	293	121	34
305	295	121	34
306	296	120	34
308	296	121	35
309	297	119	34
311	298	117	34
309	299	120	33
311	299	118	34
313	298	115	34
314	299	115	34
315	298	115	34
315	298	117	34
317	298	115	34
318	298	115	34
318	297	115	33
320	295	115	34
319	294	117	34
320	292	115	35
322	291	115	34
322	289	115	33
321	287	117	34
322	284	117	34
322	282	118	33
323	279	117	34
323	275	118	34
324	273	117	34
323	269	119	34
323	265	119	35
322	261	121	34
324	258	120	35
324	255	120	34
325	250	121	34
325	246	120	34
325	242	120	34
326	238	121	35
325	233	122	34
327	230	121	34
328	225	120	36
328	221	120	36
328	217	121	35
329	212	120	36
329	208	121	37
328	204	123	38
329	199	123	39
331	195	123	40
331	190	124	39
331	187	123	41
331	182	125	40
332	178	124	40
332	175	124	39
333	171	123	38
