357,379,63,24
353,379,63,22
336,379,61,24
318,379,59,24
301,380,59,25
284,380,60,25
267,379,58,25
264,380,56,24
269,380,58,24
273,379,58,24
274,379,59,25
278,379,57,24
279,379,59,24
281,380,62,24
281,380,63,23
285,379,62,24
289,379,59,24
292,378,59,25
295,379,58,24
296,378,59,25
299,377,58,25
301,377,58,25
303,378,60,24
305,378,61,23
306,377,61,24
311,378,58,24
311,377,61,25
314,376,60,25
316,376,60,25
317,376,61,24
319,375,60,24
320,375,62,24
326,375,57,24
326,373,59,24
329,374,59,23
331,374,60,23
334,373,59,23
334,373,61,23
334,374,62,22
339,373,61,23
343,373,56,24
339,372,59,24
320,372,61,26
301,371,60,26
285,371,59,25
267,371,60,26
251,370,59,26
249,370,59,25
256,371,57,25
259,370,57,24
261,371,58,24
261,371,59,23
263,371,60,24
265,370,61,24
265,371,60,24
266,370,62,24
266,370,65,25
267,370,64,24
271,371,64,24
272,371,64,24
278,370,59,24
278,370,62,23
282,370,60,24
284,371,60,24
284,370,62,25
287,370,61,25
287,370,65,25
286,369,68,25
292,370,61,25
297,369,60,24
297,369,62,23
301,369,60,23
301,369,61,23
302,369,62,23
306,368,61,24
308,369,60,24
314,360,54,27
315,350,58,28
316,341,57,28
317,341,58,25
317,343,59,24
318,343,60,24
321,344,60,24
324,344,60,24
325,344,59,24
324,345,60,24
327,344,59,24
327,345,63,24
328,345,64,23
331,346,63,23
330,346,65,23
331,347,63,23
319,346,64,24
298,346,63,25
282,346,60,26
273,347,60,24
279,348,57,23
280,349,60,23
280,349,61,24
282,349,60,24
281,350,63,23
282,349,65,23
281,350,66,22
286,350,63,22
287,350,65,21
288,350,64,22
291,350,62,22
293,350,62,22
295,350,64,23
296,350,62,23
297,350,62,22
300,351,60,22
300,351,60,22
300,351,61,22
304,350,59,22
301,350,60,23
284,350,61,24
264,351,61,25
246,350,59,25
237,351,58,23
239,352,60,23
242,353,60,22
244,352,60,22
246,352,59,22
247,353,58,22
247,353,60,22
248,353,61,22
249,353,63,22
251,353,63,22
253,354,61,22
253,353,62,23
255,353,61,23
257,354,60,22
259,354,59,22
261,354,59,23
262,354,59,24
263,354,58,23
265,354,58,22
266,354,59,23
266,354,61,23
267,354,60,22
269,354,59,23
270,354,59,23
270,354,59,22
273,355,60,22
274,355,59,23
276,355,58,22
278,355,58,22
278,355,57,21
283,355,54,22
284,355,57,22
284,355,58,23
287,354,57,23
288,355,57,24
289,355,57,23
290,353,57,23
289,355,59,22
288,355,62,22
291,354,61,23
292,355,60,22
294,355,61,22
294,355,60,22
295,355,64,22
294,355,64,22
297,354,63,23
297,355,64,22
297,355,65,21
297,354,68,23
304,355,62,23
307,355,59,24
308,355,59,23
309,355,58,22
310,355,58,23
312,355,57,22
310,355,62,22
311,355,61,22
316,355,58,23
315,356,59,22
317,355,58,22
318,355,58,22
319,356,58,21
319,356,59,21
319,356,61,22
321,355,60,22
319,356,62,22
324,355,57,22
325,355,57,22
327,355,57,23
327,355,57,23
329,355,58,24
330,354,57,23
328,354,61,23
334,354,57,23
334,354,57,22
334,354,58,22
334,354,60,23
335,354,61,23
336,353,61,22
336,353,59,22
337,353,60,22
339,353,59,22
339,352,59,22
340,352,59,23
342,351,58,23
343,352,59,21
344,352,61,22
344,352,60,21
346,352,58,21
346,352,58,21
346,352,61,22
346,353,61,21
348,351,60,22
349,352,61,22
349,351,61,22
351,351,61,22
350,351,63,21
353,351,60,21
354,351,61,21
356,350,59,22
357,351,58,21
357,350,58,21
359,350,59,22
360,351,57,22
358,351,60,21
357,350,59,22
338,350,63,25
318,350,62,25
298,349,62,26
285,349,58,24
285,350,57,22
290,350,57,22
291,350,57,22
293,350,56,22
292,349,57,22
293,350,59,23
294,349,58,22
294,349,58,22
295,349,59,22
295,349,60,22
297,348,59,24
296,348,61,23
296,348,61,22
297,349,61,22
295,348,63,22
298,348,62,22
299,347,62,22
300,348,60,22
303,347,58,23
303,346,58,23
303,346,59,22
304,346,58,22
306,346,59,22
306,344,61,22
305,345,60,21
307,344,59,21
308,344,59,21
309,344,57,21
309,343,57,21
300,342,61,22
279,342,62,24
260,341,60,24
240,339,61,25
222,339,59,24
212,340,60,23
214,339,58,23
215,339,61,23
216,338,61,24
217,337,60,24
217,337,60,22
217,337,62,23
219,337,59,23
221,337,60,22
222,336,59,22
223,336,58,22
223,335,60,22
223,335,60,22
223,335,60,21
224,335,60,22
226,335,60,22
225,335,61,21
227,334,60,22
228,334,58,21
229,333,58,21
230,334,59,21
230,332,58,22
229,332,59,22
230,333,60,22
230,332,59,22
231,331,58,22
232,330,60,23
231,331,61,23
233,330,59,22
233,330,59,22
234,329,60,22
235,330,59,22
235,329,60,22
236,329,60,21
237,328,57,21
238,328,57,21
237,327,58,23
238,327,58,22
238,327,58,21
239,326,57,22
239,325,58,22
239,325,58,22
240,325,58,22
239,324,60,22
240,324,60,22
240,324,62,22
241,323,61,22
242,323,60,22
243,322,59,23
243,322,60,22
244,323,61,22
245,322,59,21
245,322,59,21
246,321,60,22
247,320,59,22
248,320,59,21
250,321,56,21
249,320,59,22
251,321,59,22
252,320,58,22
252,321,59,21
254,321,58,21
257,320,57,21
259,319,57,21
260,320,59,21
262,320,56,21
263,320,57,21
265,320,57,21
267,320,57,21
268,320,57,21
270,319,58,22
271,319,58,22
273,320,58,21
276,319,57,21
277,319,58,22
280,319,58,22
283,320,58,21
284,319,57,22
285,320,59,20
288,320,58,20
290,320,60,21
291,320,60,20
291,320,60,21
278,320,60,22
259,321,59,23
240,319,59,24
223,319,60,23
207,320,60,24
198,320,60,22
224,320,61,23
221,320,58,22
224,320,59,22
226,320,60,23
230,320,59,23
233,320,57,22
238,321,57,22
240,321,58,21
245,320,59,22
247,320,59,22
250,320,58,23
254,320,58,23
256,321,59,22
259,320,59,22
263,320,58,22
268,321,58,22
272,321,57,22
273,321,59,22
277,321,59,21
279,322,61,21
285,321,59,21
288,321,58,22
293,320,58,21
294,321,61,22
297,320,63,23
303,321,61,21
306,321,61,21
311,321,60,22
312,321,60,23
302,321,59,24
284,321,59,25
266,321,61,25
251,321,60,25
245,321,58,23
251,321,59,22
256,322,59,22
259,321,59,22
266,321,57,23
268,322,61,22
271,321,61,22
276,321,60,22
279,321,59,22
282,322,60,24
288,321,60,23
293,322,59,21
294,322,61,22
299,322,62,23
302,322,63,23
295,322,62,24
278,322,61,24
262,322,60,25
247,322,60,24
230,322,60,25
214,322,60,25
199,322,62,24
200,323,63,22
212,322,59,22
214,322,60,22
220,321,59,23
223,322,59,21
227,322,59,22
230,323,60,21
237,322,57,21
240,321,59,22
244,321,59,23
251,321,57,24
254,321,57,23
257,321,59,23
259,321,60,23
263,321,60,22
269,321,58,21
272,321,61,22
277,320,59,22
282,321,59,23
287,321,58,24
292,320,59,24
294,321,59,23
298,320,60,22
303,320,60,22
308,320,60,22
312,320,60,22
305,320,59,22
289,320,59,23
270,320,61,23
255,319,60,24
245,319,57,23
247,318,58,22
255,318,58,22
262,318,58,22
263,318,61,22
270,318,57,21
275,317,58,21
278,317,59,23
281,317,61,22
285,317,62,23
290,316,63,22
292,316,63,22
286,316,59,23
269,316,60,23
253,316,60,23
237,316,62,23
223,315,60,24
211,315,60,24
195,315,59,23
189,315,59,22
196,313,60,24
203,313,60,24
209,314,58,24
213,314,59,24
220,313,58,23
223,313,61,23
226,312,62,24
230,312,63,23
234,312,64,22
241,311,62,23
246,311,60,22
251,311,61,23
257,310,61,24
263,310,59,24
270,309,59,24
273,310,60,23
278,309,58,22
281,310,60,22
287,310,61,21
293,309,59,22
296,309,60,22
303,308,61,23
309,308,59,23
316,308,59,22
318,307,58,22
308,307,60,22
288,307,62,22
274,306,62,24
259,306,62,23
244,307,61,23
232,305,62,23
238,305,62,23
246,304,59,23
251,305,60,23
256,304,61,23
258,305,63,21
265,304,62,21
271,304,60,22
278,303,59,22
284,303,58,21
289,303,58,21
293,303,60,21
300,302,58,21
302,302,61,22
310,301,59,22
313,301,61,22
320,300,60,23
323,300,61,23
324,299,60,23
310,299,64,23
295,299,60,24
282,298,58,24
267,298,59,23
252,297,58,23
237,297,60,23
230,296,65,23
240,296,64,21
247,296,64,21
252,295,62,22
255,295,64,22
264,294,59,23
270,294,59,23
275,294,61,23
268,293,60,25
254,292,59,25
238,292,61,25
224,293,63,25
211,292,62,25
197,291,60,26
196,292,61,24
204,292,61,23
210,292,62,22
215,292,63,22
222,291,62,22
228,291,60,21
236,291,58,22
241,291,58,22
247,290,60,22
252,289,59,22
259,290,60,23
265,289,59,23
271,288,58,22
276,289,59,22
280,288,61,23
287,288,58,27
293,287,60,28
296,286,62,26
303,286,61,24
300,287,59,22
283,286,61,23
268,286,60,22
254,286,59,23
240,285,60,22
224,285,65,22
211,284,62,23
197,283,60,23
195,283,61,23
203,284,60,23
212,284,60,22
217,283,61,23
224,283,61,22
228,283,59,22
236,284,59,21
242,282,60,23
245,282,59,24
253,283,58,22
259,282,58,23
263,282,61,23
269,282,61,24
275,282,59,24
273,282,60,23
257,281,60,23
240,282,62,23
229,282,60,23
213,281,60,24
197,281,62,25
184,281,60,25
174,281,60,24
177,281,62,23
185,281,61,22
194,281,59,22
197,281,59,22
205,280,59,22
209,281,60,22
214,280,61,22
220,281,62,22
223,281,64,22
233,281,60,22
239,280,58,22
244,280,60,22
250,280,59,23
256,281,60,23
257,280,61,23
246,280,61,23
231,280,60,23
216,279,61,23
206,279,60,25
190,280,63,24
176,280,61,24
175,280,62,23
185,280,61,22
191,280,64,22
200,279,58,24
206,279,59,23
212,279,59,22
216,279,60,22
222,280,60,22
228,280,59,22
235,279,58,22
238,280,62,22
245,280,60,23
253,279,57,22
258,279,59,23
263,279,61,24
268,279,61,26
274,280,60,25
274,279,63,25
267,280,61,24
250,280,60,22
238,280,59,22
222,280,60,23
207,280,62,24
193,280,61,25
180,280,60,25
175,279,58,24
182,279,59,22
190,280,60,22
198,279,59,23
200,279,63,23
205,279,63,23
213,279,61,23
222,279,58,22
227,279,59,21
231,279,59,22
237,278,59,22
241,278,62,22
249,278,61,22
254,277,60,22
258,277,62,22
266,278,60,22
273,277,60,22
274,277,63,21
283,277,61,21
288,276,62,21
292,276,59,22
281,276,61,21
263,275,63,22
252,275,59,22
236,275,61,23
223,274,59,23
222,274,59,22
232,275,59,21
237,274,61,21
244,273,59,22
247,273,62,23
254,273,61,23
262,271,59,22
266,272,62,21
270,272,64,22
278,272,62,23
286,271,60,23
292,271,58,23
296,270,60,24
288,270,61,22
273,271,61,21
260,270,61,22
245,270,61,22
231,270,62,22
217,269,61,23
203,269,63,23
197,268,60,23
202,268,65,23
211,268,61,23
216,267,62,23
222,268,61,23
228,268,60,22
233,268,61,22
238,267,65,23
243,267,61,24
253,265,59,23
257,266,60,22
261,265,61,21
267,265,61,21
276,264,59,21
282,264,59,22
276,264,63,22
262,263,60,22
246,261,61,23
231,262,63,23
215,260,65,24
204,260,62,24
189,260,61,23
174,259,60,24
160,259,61,24
156,258,60,25
165,258,59,24
170,257,60,24
175,257,60,24
180,256,62,24
186,257,63,24
193,255,60,24
198,255,61,25
205,255,58,24
211,254,58,24
215,254,61,24
221,254,59,23
225,254,60,23
231,253,59,23
238,252,58,24
241,251,62,24
247,249,60,26
253,250,59,24
259,250,60,22
263,250,60,21
265,249,60,22
253,250,61,21
236,249,61,23
222,248,61,23
205,248,64,23
192,248,62,23
185,248,62,23
191,248,65,22
201,248,62,23
207,248,64,22
211,248,64,23
216,247,64,23
224,247,64,23
230,247,61,22
235,248,62,23
238,247,63,23
242,247,63,22
253,247,59,21
257,247,60,21
262,248,62,21
266,247,62,21
261,247,64,21
247,247,62,23
233,247,62,24
216,247,65,26
204,247,60,25
189,247,60,23
173,247,62,24
170,247,59,24
177,247,63,24
185,247,63,25
190,247,61,25
195,247,61,24
227,245,61,25
230,244,63,26
238,244,60,24
243,244,61,23
248,243,60,23
253,243,59,22
259,244,60,22
263,243,61,22
268,243,62,21
263,243,64,22
249,242,62,22
232,242,62,23
218,242,61,23
202,241,62,24
188,241,61,24
172,241,63,23
165,241,62,23
174,241,61,23
181,240,61,23
184,240,65,23
192,240,62,23
196,240,62,23
200,240,64,22
209,240,59,23
213,241,63,22
217,240,63,23
223,240,63,25
228,239,61,24
231,239,62,24
238,240,61,23
242,240,62,23
248,247,58,26
253,253,59,29
257,265,60,28
264,274,58,29
267,285,60,29
274,295,58,25
278,296,59,24
285,294,58,25
289,294,60,24
288,294,63,25
278,294,61,25
262,294,60,25
247,294,60,25
236,294,59,24
236,294,59,23
246,295,58,22
249,295,61,22
254,294,60,22
246,295,63,21
229,295,64,23
217,294,62,23
204,295,60,23
191,294,61,22
195,294,61,23
203,295,61,22
207,295,65,22
213,295,63,22
220,294,61,22
225,296,62,21
231,295,63,22
237,294,62,22
244,295,59,21
248,295,62,22
254,294,62,24
261,295,61,24
267,296,58,24
257,296,61,23
242,295,62,23
227,295,65,23
213,295,63,23
198,295,65,24
188,295,61,23
182,295,61,24
188,296,62,24
198,295,61,23
205,296,59,23
212,295,60,23
216,295,62,23
222,295,64,24
229,294,61,24
235,294,61,24
241,294,61,24
248,293,60,24
250,294,65,24
258,293,61,25
250,293,60,25
236,292,59,25
220,292,62,24
207,291,61,26
194,291,61,25
180,291,63,26
174,290,59,24
181,291,60,23
190,291,60,23
196,290,60,24
200,291,61,23
205,290,64,23
214,290,63,22
222,291,61,22
226,290,63,22
234,290,60,22
240,290,60,22
247,290,61,22
253,290,61,23
258,291,62,23
265,290,61,23
270,290,61,24
265,291,62,25
249,290,62,24
236,291,63,23
221,290,64,24
206,290,66,24
194,290,63,23
185,291,62,23
186,290,64,24
196,291,64,24
205,290,62,24
209,292,65,23
219,291,61,23
226,292,61,22
231,292,62,23
237,291,62,23
243,292,60,24
250,292,62,24
257,293,62,24
262,293,61,25
269,294,61,26
275,294,60,26
283,294,60,27
290,294,59,25
294,296,59,26
295,295,60,26
283,296,61,26
268,295,60,25
254,297,60,26
239,296,60,24
235,296,58,23
238,297,64,23
251,297,59,23
256,298,61,23
262,297,62,23
268,297,61,24
273,297,59,24
278,298,60,23
281,298,64,23
288,298,64,23
295,299,64,23
301,299,63,23
306,300,62,22
311,300,64,22
317,300,62,22
321,300,62,24
313,301,63,24
297,302,63,24
283,303,61,25
268,304,61,25
253,304,62,26
236,304,64,25
230,305,65,24
237,306,66,24
245,306,64,23
253,307,61,24
260,306,61,23
265,307,59,24
269,307,59,24
274,307,59,24
276,308,62,24
285,309,60,23
285,309,64,22
288,310,63,22
278,310,63,24
262,309,63,25
245,310,63,25
230,310,62,25
216,310,61,25
200,310,64,25
184,311,62,25
169,311,60,23
153,310,61,24
139,310,60,24
140,309,60,25
145,309,63,25
149,309,65,25
155,309,64,26
158,309,64,25
165,308,60,26
167,308,62,25
171,308,62,26
176,307,62,26
178,307,63,26
184,307,61,25
193,299,57,28
196,289,57,28
199,279,57,27
201,271,61,25
206,273,59,23
209,274,62,22
213,274,60,22
217,274,59,22
221,274,59,23
226,275,60,24
226,274,61,24
214,274,62,24
201,273,61,25
202,275,61,23
211,273,61,23
216,273,59,22
218,273,60,22
222,272,61,23
226,272,64,23
234,270,58,23
237,271,59,22
240,270,59,22
245,270,60,22
247,270,62,22
253,269,59,23
256,268,61,23
260,267,63,23
265,267,62,25
268,267,63,25
275,265,60,26
277,265,63,25
282,265,63,25
289,265,61,21
294,264,61,22
301,265,59,21
306,265,59,22
310,265,59,25
315,264,61,25
321,263,59,24
322,264,62,23
327,265,63,21
330,264,65,22
334,264,65,22
344,264,62,23
351,264,59,22
349,264,59,22
335,264,62,22
318,264,61,22
304,264,60,23
289,264,60,22
275,264,62,22
261,264,61,22
248,264,59,22
248,263,61,22
254,264,63,22
262,263,62,22
270,263,60,21
276,263,60,21
281,263,62,21
287,263,61,22
293,262,61,21
300,262,60,22
305,262,59,21
310,262,60,21
