215,58,39,25
216,59,41,27
220,59,41,27
225,59,41,27
228,59,42,28
232,59,42,28
235,60,43,28
241,60,42,28
245,61,42,28
250,61,42,28
254,61,42,28
258,62,42,28
265,63,41,27
268,63,41,28
273,64,42,27
277,63,42,28
281,64,42,28
286,64,42,28
290,65,42,28
296,65,42,28
300,64,42,28
305,65,42,28
310,65,41,28
314,66,42,28
318,66,42,28
322,66,42,28
327,66,42,28
319,67,47,28
300,45,87,58
308,31,149,10
433,12,35,24
436,14,27,19
435,14,27,21
435,13,49,28
513,0,22,34
538,0,31,33
534,1,45,33
535,1,52,31
537,0,50,33
536,0,41,33
537,0,56,34
537,0,53,30
537,0,26,34
537,1,36,31
538,0,43,33
532,2,27,31
538,0,47,33
539,0,24,35
537,0,35,32
532,2,28,32
537,0,39,33
532,3,42,32
537,1,24,29
538,0,22,29
538,0,19,29
537,0,22,28
537,0,22,30
537,0,20,30
537,0,23,29
538,0,22,30
537,0,20,30
537,0,19,31
536,0,20,28
536,0,22,27
537,1,24,30
537,0,23,30
537,0,20,29
537,0,23,30
537,1,23,29
536,0,21,30
537,0,21,29
537,0,20,30
537,0,22,30
537,1,22,30
537,1,19,31
537,0,23,31
537,0,24,30
537,0,22,30
537,0,21,30
537,0,21,31
537,0,20,30
536,0,20,31
536,0,20,29
536,0,23,31
536,0,22,30
536,1,22,29
536,0,20,30
536,0,22,30
537,0,23,30
536,1,23,30
537,1,22,30
536,0,20,31
536,0,22,30
536,0,22,29
537,0,19,30
536,1,19,31
537,0,22,30
538,0,22,30
538,0,19,31
537,1,19,31
537,0,20,30
537,0,21,29
537,0,20,31
537,0,20,31
537,0,19,30
537,0,20,30
537,1,18,31
537,0,19,31
536,0,19,29
536,0,19,29
536,0,18,26
535,1,20,30
535,0,22,30
536,0,24,31
537,1,21,30
537,0,20,29
537,0,21,30
537,0,21,31
536,0,21,30
536,1,22,31
537,0,22,30
536,0,21,31
536,1,21,31
536,0,23,30
537,1,22,30
537,0,22,30
536,0,21,30
536,0,19,31
536,0,20,30
536,0,20,29
536,0,22,31
537,0,21,30
537,0,20,31
536,0,19,31
536,0,22,30
536,1,21,30
536,0,19,31
536,0,19,31
536,0,20,29
536,0,22,31
536,0,21,30
536,0,19,31
536,0,21,30
536,1,20,30
536,0,20,31
535,1,21,31
536,0,21,31
536,1,22,31
536,0,20,30
536,0,20,31
536,0,21,31
536,0,20,30
536,1,19,31
535,0,21,30
536,1,22,30
536,0,23,30
536,0,21,31
536,0,22,31
536,1,20,31
536,0,23,31
536,0,22,30
536,0,21,30
536,0,19,31
536,0,21,30
536,1,21,30
536,0,20,31
536,1,20,30
536,0,21,30
535,0,22,30
535,1,20,31
536,0,20,31
535,0,20,28
535,0,22,30
536,0,23,30
536,0,21,30
536,0,20,31
535,0,19,30
535,0,19,31
535,0,20,30
535,0,22,31
535,1,24,30
536,1,22,30
536,1,21,31
536,0,19,31
535,0,20,30
535,0,19,31
534,0,20,31
534,0,19,30
534,0,20,31
534,0,20,31
535,0,19,31
535,0,19,30
535,0,20,31
535,0,20,31
534,0,21,31
535,0,19,30
534,0,19,32
535,0,18,31
534,1,21,31
535,0,19,31
536,0,22,31
536,0,22,30
536,0,21,30
536,0,19,31
535,0,21,30
535,0,20,28
535,1,20,31
536,0,23,31
537,0,22,30
537,1,19,31
536,0,19,30
535,0,19,31
534,0,19,30
535,0,17,30
534,0,20,32
534,0,20,32
536,0,22,31
536,0,20,31
535,0,19,31
535,0,20,30
535,0,19,31
534,0,19,28
534,0,20,32
533,0,20,31
534,0,18,32
533,1,19,31
534,0,18,30
533,0,19,31
532,0,19,32
534,0,17,32
533,1,19,31
535,1,17,30
533,0,18,32
534,0,18,31
534,0,18,30
533,0,18,31
535,0,20,30
535,0,21,31
535,0,19,31
534,0,19,31
535,0,18,32
535,0,18,30
536,0,18,30
536,0,22,30
536,0,21,30
536,1,20,31
536,0,21,31
536,0,21,29
536,1,19,31
536,0,22,30
537,0,22,30
536,0,20,31
535,0,20,31
535,0,20,31
534,0,19,29
534,0,18,32
534,0,20,31
534,0,22,31
536,0,22,31
537,0,20,31
537,0,20,31
537,0,20,31
536,0,20,30
536,0,20,30
535,0,18,31
534,1,17,31
533,0,17,31
534,0,16,31
533,0,16,32
533,0,17,31
533,0,16,31
535,0,17,30
533,0,17,32
532,0,18,29
534,0,16,28
533,0,20,27
533,0,18,30
532,0,17,30
533,0,17,27
533,0,17,23
532,0,18,24
532,0,19,24
532,0,20,26
532,0,17,27
533,0,18,24
532,0,19,24
532,0,19,26
532,0,17,27
533,0,19,26
532,0,16,25
533,0,17,27
533,0,15,25
533,0,17,23
532,0,18,24
533,0,18,24
532,0,19,25
532,0,16,27
533,0,18,29
533,0,15,30
536,0,17,30
535,0,15,32
534,0,15,32
535,0,15,31
534,0,14,32
535,0,16,30
534,0,15,31
535,0,21,29
538,0,23,31
537,0,21,30
537,1,18,31
537,1,20,30
536,0,20,30
535,0,19,31
535,0,19,31
535,0,22,29
536,0,21,30
536,1,19,31
536,0,20,30
535,0,19,29
535,0,17,31
534,0,17,29
533,0,16,28
533,0,19,27
532,0,17,28
534,0,19,27
533,0,16,27
532,0,20,27
533,0,16,30
534,0,18,27
533,0,16,27
532,0,16,27
534,0,17,26
533,0,15,27
533,0,18,25
533,0,18,26
532,0,17,28
535,0,17,27
534,0,17,28
533,0,15,28
535,0,16,26
534,0,16,28
533,0,16,27
534,0,17,25
533,0,17,27
533,0,18,28
534,0,17,27
533,0,18,27
533,0,15,30
534,0,17,26
533,0,16,28
534,0,20,27
532,0,19,30
533,0,17,29
533,0,17,29
532,0,17,30
531,0,16,31
534,0,18,28
536,1,20,30
537,0,22,31
538,0,22,30
536,1,19,31
536,0,20,29
535,0,20,31
534,0,20,30
534,0,18,31
534,0,16,32
533,0,17,29
534,0,17,27
533,0,17,28
534,0,19,28
534,0,16,28
533,0,19,28
533,0,16,31
533,0,17,29
533,0,16,29
535,0,17,27
534,0,17,26
533,0,18,27
533,0,16,28
534,0,18,27
533,0,16,29
533,0,17,27
533,0,19,28
533,0,16,30
534,0,17,27
533,0,15,30
532,0,17,27
533,0,17,26
532,0,18,26
532,0,15,29
534,0,16,27
533,0,16,25
533,0,17,26
532,0,18,27
533,0,19,28
533,0,15,30
535,0,19,26
534,1,22,31
535,0,23,30
535,0,20,31
534,0,19,31
533,0,17,29
536,0,22,30
538,0,22,30
537,0,19,31
537,0,20,31
536,0,20,30
536,0,19,31
535,0,20,30
535,0,21,29
535,0,23,30
535,1,22,30
536,0,21,30
536,0,20,29
535,1,19,31
535,0,19,30
534,0,18,28
534,0,21,26
535,0,21,31
537,0,22,31
538,0,21,30
538,0,19,31
537,0,19,31
537,0,20,30
536,0,20,30
535,0,19,31
534,0,18,31
533,0,17,30
532,0,16,29
533,0,18,26
532,0,16,25
534,0,17,25
533,0,15,23
533,0,16,24
532,0,18,25
533,0,18,24
533,0,18,24
532,0,16,26
535,0,16,25
534,0,15,23
533,0,17,22
533,0,17,26
533,0,17,24
533,0,17,25
533,0,18,25
532,0,17,24
533,0,17,23
532,0,15,23
533,0,16,25
533,0,17,24
532,0,15,23
533,0,16,22
532,0,16,22
533,0,17,25
533,0,15,23
534,0,16,25
533,0,16,23
533,0,17,22
533,0,16,23
532,0,18,25
534,0,19,25
533,0,18,25
533,0,16,24
533,0,17,23
532,0,16,23
533,0,17,23
533,0,17,22
532,0,16,23
533,0,18,25
533,0,17,26
533,0,18,25
533,0,16,24
533,0,18,27
533,0,15,30
534,0,17,27
534,0,15,28
533,0,17,27
533,0,17,26
533,0,18,24
533,0,18,28
533,0,15,29
533,0,17,27
532,0,14,29
534,0,14,29
535,0,18,26
535,0,18,28
534,0,19,31
534,0,18,32
534,0,17,32
533,0,18,29
536,0,20,31
537,1,23,31
537,1,21,30
536,0,20,31
536,0,21,30
536,0,20,31
535,0,20,31
535,0,19,30
535,0,19,31
535,0,20,31
535,0,20,30
536,0,20,30
535,0,19,31
534,0,19,30
533,0,18,29
534,0,16,28
535,0,17,26
534,0,18,28
533,0,16,29
535,0,17,26
534,0,18,29
533,0,17,27
535,0,17,26
535,0,15,25
533,0,17,25
532,0,19,26
532,0,19,27
534,0,19,28
534,0,17,27
534,1,24,32
536,1,24,30
537,1,21,30
536,0,19,31
536,0,23,31
536,0,22,29
536,0,19,30
535,0,19,31
535,0,18,32
534,0,17,29
532,0,17,27
533,0,17,27
532,0,15,29
533,0,15,28
535,0,17,26
535,0,19,29
534,0,19,31
534,0,18,32
533,0,17,28
534,0,19,29
534,0,18,29
536,1,21,31
538,1,23,31
538,0,21,30
537,0,18,32
536,1,20,31
536,0,19,30
535,0,19,31
534,0,18,30
534,0,17,32
534,0,18,28
533,0,18,30
534,0,18,26
534,0,17,25
533,0,17,25
533,0,19,25
533,0,18,27
533,0,17,25
533,0,20,25
533,0,20,29
534,0,18,29
534,0,16,31
533,0,16,31
535,0,16,31
534,0,17,32
534,0,16,32
534,0,17,29
533,0,16,31
534,0,17,27
534,0,16,25
533,0,17,23
533,0,18,25
532,0,16,24
533,0,17,23
533,0,17,23
533,0,17,23
533,0,16,23
532,0,17,24
533,0,18,23
533,0,17,23
533,0,17,23
532,0,20,27
533,0,18,28
533,0,19,27
533,0,17,27
533,0,20,26
532,0,19,27
533,0,17,28
533,0,18,26
533,0,19,24
532,0,18,25
533,0,18,24
533,0,16,23
533,0,17,24
533,0,17,22
533,0,17,22
532,0,16,22
534,0,16,21
533,0,15,21
533,0,16,24
533,0,17,23
532,0,17,22
533,0,17,22
532,0,17,22
533,0,18,24
532,0,17,24
532,0,19,25
534,0,20,23
534,0,20,25
534,0,19,25
533,0,21,27
535,0,20,31
537,1,22,31
538,1,21,30
537,0,19,31
535,0,22,30
535,0,21,30
535,0,19,31
534,0,19,31
533,0,18,29
532,0,18,28
533,0,19,27
532,0,18,27
533,0,19,24
532,0,20,28
532,0,17,29
533,0,19,26
532,0,17,26
533,0,18,24
532,0,18,27
533,0,19,27
533,0,16,26
533,0,18,24
532,0,20,28
533,0,16,28
532,0,16,23
533,0,17,24
532,0,18,22
531,0,18,22
532,0,18,26
533,0,19,21
532,0,16,21
533,0,16,24
533,0,18,23
531,0,16,21
532,0,17,21
532,0,17,22
532,0,17,22
532,1,18,22
532,0,18,27
532,0,17,23
533,0,18,27
533,0,18,21
532,0,16,21
532,0,17,24
533,0,17,23
532,0,17,22
532,0,17,24
533,0,18,24
531,0,16,23
533,0,16,23
532,0,17,22
533,1,17,25
533,0,17,24
532,0,17,22
533,1,17,23
534,0,17,22
532,0,16,21
532,0,17,22
533,0,17,24
532,0,18,22
532,0,17,22
532,0,18,22
532,0,16,22
532,0,17,22
532,1,18,23
533,0,17,23
532,0,16,22
532,0,17,22
532,0,17,23
532,0,18,22
533,0,18,26
532,0,18,22
532,0,18,23
532,0,18,23
532,0,17,23
533,0,18,26
532,0,16,24
534,0,16,22
533,0,16,20
532,0,16,21
533,0,16,22
533,0,18,24
532,0,17,22
532,0,18,23
532,0,18,22
532,0,17,21
531,0,18,24
532,0,18,23
532,0,17,22
532,0,18,22
532,0,17,24
532,0,17,23
532,0,17,24
532,0,17,22
533,1,17,25
533,0,17,23
532,0,16,22
532,0,17,22
532,0,17,25
533,0,18,24
532,0,16,25
533,0,17,25
531,0,19,22
532,0,19,26
532,0,19,22
531,0,18,23
531,0,19,26
532,0,19,22
532,0,19,22
531,0,18,23
532,0,19,26
532,0,18,23
531,0,19,23
531,0,20,25
532,0,19,24
531,0,19,23
531,0,19,24
531,0,20,25
532,0,19,24
531,0,19,23
531,0,20,22
532,0,19,24
532,0,17,23
531,0,18,24
532,0,18,23
530,0,18,24
532,0,19,26
531,0,18,24
531,0,19,23
531,0,19,25
532,0,19,24
531,0,18,23
531,1,19,27
532,0,18,24
531,0,19,23
531,0,20,24
531,0,19,23
530,0,19,23
531,0,19,24
532,0,20,25
531,0,19,24
532,0,19,25
531,0,19,23
531,0,19,25
533,0,19,24
531,0,18,23
532,0,18,25
532,0,20,22
531,0,17,23
531,0,19,26
533,0,19,23
532,0,19,23
532,0,20,22
532,0,19,25
532,0,18,23
530,0,19,22
533,0,17,26
532,0,20,21
532,0,19,22
532,0,19,23
530,0,18,22
531,0,18,24
531,0,18,23
531,0,19,22
532,0,19,22
531,0,18,22
532,1,18,25
533,0,19,21
533,0,18,23
532,0,17,22
532,0,18,22
531,0,18,22
532,0,19,24
532,0,19,22
532,0,18,22
531,0,17,21
532,0,17,21
531,0,18,23
533,0,18,23
531,0,17,21
532,0,17,21
531,0,18,23
533,0,18,26
532,0,18,22
533,0,18,24
531,0,18,23
532,0,19,26
532,0,19,22
532,0,18,23
532,0,18,25
533,0,19,23
532,0,17,23
532,0,19,22
531,0,18,23
532,0,18,24
533,0,18,23
530,0,17,24
533,0,17,23
532,0,18,22
532,0,18,26
531,0,18,23
532,0,18,26
531,0,18,23
532,0,19,27
532,0,18,23
530,0,18,24
532,0,19,27
532,0,18,23
532,0,19,24
531,0,19,23
531,0,20,24
532,0,19,25
531,0,20,23
530,0,19,24
530,0,20,25
532,0,20,25
531,0,17,24
533,0,16,22
531,0,16,21
532,0,17,22
532,0,18,24
532,0,18,22
532,0,18,24
532,0,19,22
531,0,17,21
532,0,17,21
531,0,18,24
532,0,19,24
531,0,18,23
532,0,19,27
532,0,19,24
531,0,18,24
531,0,19,23
531,0,19,24
532,0,20,23
532,0,20,25
532,0,18,23
531,0,19,23
531,0,19,23
531,0,19,24
531,0,19,24
531,0,19,24
531,0,19,23
531,0,18,23
533,0,17,26
532,0,17,23
531,0,18,23
531,0,19,24
533,0,18,23
531,0,18,23
533,0,17,24
532,0,17,22
532,0,18,25
533,0,18,24
532,0,17,23
532,0,17,25
533,0,17,24
532,0,16,22
532,1,18,25
534,0,17,25
533,0,15,23
533,0,15,23
532,0,16,21
532,0,17,22
531,0,18,23
531,0,19,23
531,0,19,25
531,0,20,24
531,0,18,24
531,0,20,25
532,0,18,23
531,0,18,24
532,0,19,26
532,0,17,24
533,0,17,24
532,0,15,23
534,0,15,22
532,0,16,22
532,1,17,22
532,0,18,22
533,0,18,25
532,0,18,22
532,0,19,23
531,0,18,23
532,0,19,26
533,0,18,23
532,0,19,24
532,0,20,23
532,0,20,23
532,0,19,26
533,0,18,23
531,0,19,22
533,0,19,22
532,0,19,22
532,0,17,22
532,0,18,22
533,0,18,23
532,0,17,22
531,0,18,24
532,0,19,24
531,0,17,22
532,0,18,25
532,0,19,21
532,0,19,22
532,0,18,22
532,0,18,22
532,0,18,22
532,0,18,22
533,0,18,25
532,0,19,21
532,0,19,20
532,0,19,22
532,0,19,22
532,0,18,22
532,0,18,22
532,0,18,22
532,0,19,22
531,0,18,22
532,0,19,26
532,0,19,24
532,0,19,23
531,0,17,23
531,0,19,25
531,0,20,23
531,0,19,23
532,0,20,23
532,0,19,23
532,0,20,25
531,0,17,24
532,0,18,24
531,0,17,24
533,0,18,25
532,0,16,23
532,1,18,23
533,0,18,22
532,0,16,22
532,0,17,23
532,0,18,25
