27,255,20,10
25,255,19,10
25,255,19,10
24,255,18,10
22,254,18,10
21,254,18,10
19,255,19,10
18,254,18,11
18,254,18,11
17,254,18,11
16,254,18,11
15,255,18,11
14,254,17,11
14,254,18,11
13,255,18,11
13,254,18,11
12,254,18,11
12,254,18,11
11,255,18,11
11,255,18,11
10,255,19,12
11,254,18,11
11,254,18,11
12,254,18,11
11,254,18,12
12,255,18,11
11,255,18,11
12,256,18,11
12,255,18,11
13,256,18,11
14,255,19,11
13,256,18,11
15,255,18,12
15,255,18,11
17,256,19,11
17,256,18,11
19,256,18,11
19,256,18,12
21,256,19,11
22,256,18,11
23,256,19,11
24,256,18,11
26,256,18,11
26,256,18,11
27,256,19,11
29,256,18,11
30,255,18,12
32,256,18,12
34,256,18,11
35,257,19,11
37,257,18,10
38,258,18,10
41,257,18,10
42,257,18,10
44,257,18,11
46,256,19,11
48,257,18,11
50,257,19,11
51,256,19,11
53,257,18,11
55,257,18,11
57,256,19,11
59,257,19,11
61,256,19,11
64,256,19,11
66,256,19,11
68,256,18,11
70,257,18,11
73,256,19,11
75,256,18,11
78,257,18,11
80,256,19,12
83,256,19,11
85,257,19,11
88,257,19,11
90,256,19,11
93,256,19,11
96,257,19,11
98,256,19,11
101,256,19,11
103,256,19,11
106,256,19,11
109,256,18,11
111,257,19,11
114,257,19,11
118,257,19,11
120,257,19,11
123,257,19,11
126,257,19,11
128,257,20,11
131,257,19,11
134,256,19,11
137,257,19,11
140,257,19,11
144,256,19,12
146,257,19,11
150,258,18,10
152,257,20,11
156,257,19,11
159,256,19,12
162,257,19,11
165,257,19,11
168,258,19,11
170,257,19,11
175,257,19,11
177,258,19,11
180,258,19,11
184,256,19,12
186,257,19,11
189,256,19,12
192,257,19,11
196,257,19,11
199,256,19,12
201,257,19,12
204,257,19,11
208,256,19,12
210,256,19,12
213,257,19,12
216,257,19,11
219,256,19,12
223,257,19,12
225,256,19,12
228,257,19,12
232,256,19,12
235,256,19,12
237,256,19,12
240,256,19,12
243,256,19,13
246,256,19,12
249,256,19,12
253,256,19,12
256,256,19,12
259,256,19,12
261,256,19,12
265,256,19,12
267,255,20,13
271,255,18,12
274,255,19,13
276,255,19,12
280,255,19,12
283,255,19,12
286,256,18,12
289,256,19,12
292,256,19,12
295,256,19,12
298,256,19,12
301,256,19,12
304,256,20,12
307,255,19,12
311,255,19,12
313,255,19,12
317,255,19,12
320,255,19,12
322,256,19,12
326,255,18,12
329,256,19,12
332,255,18,12
335,255,19,12
338,255,19,12
342,255,18,12
343,255,19,13
348,255,19,12
351,255,19,12
353,255,19,12
357,255,19,12
359,255,19,12
363,256,19,12
367,255,18,12
369,255,19,12
372,255,19,12
375,255,19,12
378,256,19,12
382,255,18,12
385,255,18,12
387,255,19,12
390,255,18,12
393,255,19,12
397,255,18,12
399,255,19,12
402,256,19,12
405,256,18,12
408,256,18,11
411,256,19,12
414,256,18,12
416,256,19,11
420,256,18,11
422,256,18,11
424,255,19,11
428,256,18,11
431,256,17,12
434,256,19,12
436,256,18,11
439,256,19,12
442,256,19,13
445,256,18,12
448,257,18,12
451,257,18,11
453,255,18,12
456,256,19,12
460,257,18,12
463,256,17,12
464,257,18,11
467,256,18,12
471,257,18,12
473,256,19,12
476,257,18,11
479,257,18,12
481,256,18,13
484,257,18,12
487,257,17,12
490,257,17,12
492,257,18,12
495,257,18,12
497,257,19,12
500,257,18,12
504,257,17,12
506,258,18,11
508,257,18,11
511,257,18,12
513,258,18,11
516,257,18,11
519,258,17,11
521,258,18,11
524,258,18,11
527,259,17,11
529,258,18,11
531,258,18,12
534,259,17,11
537,259,17,11
539,259,17,10
542,258,17,11
544,260,17,10
546,260,17,10
548,261,17,10
551,260,17,10
553,260,18,10
556,260,17,10
558,260,16,10
559,260,17,10
561,260,17,10
563,259,17,11
566,259,16,12
568,259,16,11
569,259,17,11
570,258,17,12
573,259,16,12
575,259,16,12
576,259,16,11
577,259,16,12
578,259,17,12
579,259,17,11
581,259,16,12
581,259,16,12
582,258,16,12
582,259,16,12
583,258,16,12
584,258,16,12
584,258,16,13
584,258,16,14
585,258,16,13
585,257,16,14
585,257,17,14
585,257,16,14
585,257,16,14
585,257,16,14
586,257,17,14
586,257,16,14
586,257,17,14
585,257,16,13
585,256,17,13
585,257,17,13
585,257,17,14
585,256,16,12
584,256,17,12
585,255,17,12
585,256,17,10
584,256,16,10
585,255,16,10
584,256,16,10
583,256,16,10
584,255,16,10
584,256,16,10
583,256,16,10
583,256,15,10
584,255,16,10
584,254,16,10
583,254,16,10
583,254,15,10
583,254,16,10
583,254,16,10
583,254,16,10
583,254,15,10
583,253,15,10
584,252,15,10
583,252,16,10
583,252,16,10
583,252,15,10
583,251,16,10
584,251,16,10
583,250,16,10
584,249,15,10
584,249,15,10
584,249,16,10
584,248,15,10
584,247,15,11
584,247,16,11
584,247,15,12
585,246,16,13
583,246,16,14
584,247,16,14
584,247,16,14
583,246,16,16
583,245,16,16
583,245,16,17
583,244,16,17
584,245,16,16
583,243,16,18
584,244,16,17
583,244,16,17
583,244,17,15
583,244,16,15
583,244,16,15
583,244,16,16
583,244,16,17
583,244,16,17
583,244,16,16
582,244,16,15
582,244,16,15
582,244,16,15
582,245,16,16
580,244,16,16
580,244,16,15
580,245,17,16
580,246,17,16
579,245,17,16
579,246,17,16
578,246,17,16
579,246,16,16
578,246,16,15
578,246,16,15
577,247,17,15
577,247,17,16
577,247,16,16
577,247,16,16
577,247,16,15
575,246,16,15
575,246,16,15
576,247,16,15
575,248,15,15
575,248,16,15
575,248,15,14
574,248,15,15
574,249,15,14
573,248,16,14
573,249,16,14
571,250,16,13
571,250,16,13
571,250,16,11
571,250,16,11
571,251,16,11
570,251,16,12
570,251,16,11
568,251,16,11
568,251,16,11
568,251,15,11
567,251,15,11
567,252,15,10
566,252,16,10
566,252,16,10
564,253,16,10
564,254,16,10
563,253,16,10
562,253,16,10
561,254,15,10
561,254,16,10
559,253,16,10
559,253,15,10
559,253,15,10
559,253,14,10
557,254,16,10
556,254,15,10
554,254,16,10
554,254,15,10
553,254,16,10
552,254,16,10
551,255,15,10
551,254,15,10
549,254,15,10
547,255,16,10
547,254,16,12
546,254,15,12
544,254,15,10
543,254,15,10
543,254,15,10
541,255,15,10
540,255,15,10
538,254,15,10
537,254,14,10
535,254,15,10
534,254,15,10
532,254,16,10
530,254,16,10
529,255,15,10
528,254,15,10
527,254,15,10
525,254,15,10
524,255,15,10
522,254,15,10
520,255,15,10
519,255,15,10
517,254,16,10
515,254,16,10
513,254,16,10
512,255,16,10
511,254,15,10
509,254,15,10
507,254,16,10
505,253,15,10
504,254,16,10
503,254,14,10
500,253,15,10
498,254,15,10
496,253,15,10
495,253,15,10
493,253,15,10
491,254,14,10
489,253,15,10
488,253,15,10
486,253,14,10
484,252,15,10
482,253,14,10
480,252,14,10
479,252,15,10
476,252,15,10
474,252,14,10
473,251,14,10
471,251,15,10
467,251,15,10
466,251,15,10
464,252,15,10
463,251,14,10
460,251,14,10
458,250,14,10
456,251,14,10
454,250,15,10
451,251,16,10
449,250,15,10
447,250,15,10
446,249,15,10
443,249,15,10
442,249,14,10
439,249,14,10
437,249,16,10
434,248,15,10
432,248,15,10
431,248,14,10
428,248,15,10
427,248,14,10
424,248,15,10
422,248,14,10
419,248,15,10
417,248,15,10
416,247,15,10
414,247,13,10
410,247,15,10
409,247,14,10
407,247,14,10
404,247,15,10
401,247,14,10
400,246,14,10
398,246,14,10
394,246,15,10
392,246,14,10
391,245,15,10
387,245,15,10
385,244,15,10
383,244,14,10
381,245,15,10
379,245,14,10
377,244,15,10
374,243,14,10
371,243,14,10
368,243,15,10
367,242,14,10
364,242,15,10
361,242,15,10
359,242,15,10
356,242,15,10
354,242,14,10
352,241,14,10
349,241,15,10
346,240,15,10
344,240,15,10
342,240,14,10
339,240,13,10
336,240,15,10
334,240,15,10
331,240,15,10
329,239,14,10
327,239,13,10
322,239,15,10
321,239,14,10
319,238,14,10
317,238,13,10
312,238,15,10
310,237,15,10
308,237,15,10
304,236,15,10
303,236,14,10
299,236,15,10
297,236,14,10
295,235,14,10
292,235,14,10
288,235,15,10
287,235,14,10
284,234,15,10
281,233,14,10
278,233,15,10
274,233,15,10
272,232,14,10
270,232,14,10
267,232,14,10
264,232,15,10
262,231,15,10
259,231,13,10
257,231,14,10
255,231,13,10
250,231,14,10
248,230,14,10
246,230,15,10
242,230,15,10
240,230,14,10
238,228,14,10
234,228,14,10
232,228,14,10
230,228,14,10
227,227,14,10
223,227,15,10
222,227,14,10
218,226,15,10
216,227,14,10
214,225,14,10
211,225,15,10
209,225,15,10
206,225,14,10
203,225,15,10
200,224,14,10
198,224,14,10
195,223,15,10
193,224,15,10
191,223,14,10
188,222,15,10
186,222,14,10
183,221,15,10
180,221,15,10
178,221,14,10
175,220,14,10
174,219,14,10
171,219,14,10
168,218,14,10
166,218,14,10
164,219,14,10
161,216,14,10
159,217,15,10
156,216,16,10
154,215,14,10
152,216,14,10
149,215,15,10
148,215,15,10
146,214,14,10
143,214,14,10
140,213,15,10
139,212,14,10
137,212,14,10
135,212,14,10
133,211,14,10
130,210,15,10
129,209,14,10
127,209,15,10
126,209,15,10
124,209,14,10
121,207,15,10
120,208,15,10
119,208,14,10
117,207,15,10
116,207,15,10
114,206,14,10
113,204,14,10
111,204,14,10
110,204,14,10
108,203,15,10
107,202,14,10
105,202,15,10
105,202,14,10
103,200,15,10
103,200,14,10
101,201,15,10
99,199,15,10
98,199,16,10
98,198,14,10
97,198,15,10
96,199,14,10
96,197,15,10
95,196,14,10
95,195,14,10
95,195,13,11
92,195,15,10
92,194,15,10
92,194,14,10
91,193,14,10
90,192,14,10
90,192,14,10
90,192,14,10
89,191,15,10
89,191,15,10
89,191,14,10
88,189,15,10
88,189,15,10
88,188,15,10
88,188,15,11
87,187,15,10
87,186,15,10
86,185,15,10
87,185,15,10
87,184,15,10
87,184,15,10
87,183,15,10
87,182,15,10
87,182,14,10
87,181,15,11
86,181,14,10
86,179,14,11
86,180,15,11
86,179,14,11
85,178,15,11
85,177,15,11
84,177,16,13
84,176,16,13
83,176,16,13
83,175,15,14
83,176,15,12
82,175,16,12
82,175,16,10
81,175,15,10
80,174,15,10
80,173,16,11
79,172,15,11
79,172,15,10
78,172,16,11
77,172,15,11
77,171,16,10
76,170,16,10
75,170,16,10
74,169,16,10
74,168,16,10
72,167,16,10
72,168,15,10
71,167,15,10
71,166,15,10
70,167,15,10
70,165,16,10
69,165,16,10
68,163,16,10
68,163,16,10
67,161,16,13
66,162,17,12
66,161,16,11
66,160,16,11
66,159,17,10
65,159,16,10
65,158,16,10
66,157,15,10
66,157,15,10
65,156,15,10
65,155,15,10
65,155,15,11
66,154,16,12
66,153,16,13
65,152,16,15
65,152,16,13
66,152,17,13
66,151,17,12
66,151,16,10
67,150,17,10
67,149,17,10
68,149,17,10
68,148,18,10
69,147,17,10
70,146,16,10
71,144,16,11
71,144,16,14
72,144,17,13
72,143,17,10
74,143,18,10
74,143,17,10
75,142,17,10
75,141,17,10
77,141,17,10
78,140,17,10
79,139,16,10
80,139,17,11
81,138,17,10
81,138,18,11
82,138,18,12
83,137,18,11
84,137,18,12
87,136,17,11
88,136,17,11
89,136,18,11
91,136,18,11
92,136,18,11
93,136,18,13
94,136,17,11
95,136,18,12
96,136,19,12
98,136,18,12
99,137,19,14
101,137,18,15
103,137,18,15
104,138,19,11
106,138,19,10
108,139,19,10
110,139,18,11
111,138,19,11
112,140,19,10
115,140,19,10
116,140,19,11
119,140,19,11
121,141,19,11
122,141,20,10
124,142,20,10
127,142,20,12
129,141,20,10
131,142,20,10
134,142,20,10
137,142,20,10
138,142,20,11
141,142,20,11
144,143,20,10
146,142,20,11
148,143,20,10
151,143,20,10
152,142,21,10
153,143,21,10
152,143,21,10
152,143,21,10
153,143,21,10
152,143,21,11
152,143,21,11
152,142,21,11
152,142,21,11
151,142,22,12
152,143,21,12
152,143,21,10
152,143,21,10
152,143,21,10
152,143,21,11
153,142,21,10
153,143,21,10
153,142,21,10
153,142,21,10
152,142,21,10
146,149,42,32
223,138,22,19
227,140,22,15
232,140,21,17
237,141,21,18
239,141,22,17
244,141,22,16
248,141,22,15
253,141,22,15
257,142,22,16
262,142,22,16
266,143,23,16
272,142,23,17
276,143,23,18
281,143,22,19
286,142,22,18
290,143,22,17
295,143,22,18
300,144,23,19
305,144,23,18
310,144,23,19
315,144,23,20
319,144,23,20
324,146,23,20
329,145,23,21
334,147,23,20
338,148,24,20
344,148,23,21
350,149,22,18
354,149,22,18
359,150,22,19
363,151,24,20
369,151,23,19
374,151,23,19
378,153,24,19
384,153,24,22
388,152,24,22
392,155,24,22
397,148,27,29
390,148,36,29
408,157,23,20
412,158,24,20
417,158,23,20
422,160,24,18
426,159,24,20
430,160,23,21
436,162,24,21
440,162,24,23
444,163,24,22
449,164,23,22
453,165,24,22
458,165,23,21
463,166,23,21
467,168,24,21
472,168,23,21
476,169,24,22
480,170,23,21
484,171,23,21
488,170,23,23
493,172,23,21
496,173,23,20
500,174,24,20
504,176,22,18
509,175,23,18
512,176,23,20
516,177,23,19
520,178,22,19
523,179,23,18
527,180,23,19
531,182,23,21
535,182,22,19
538,183,22,19
542,184,22,21
545,185,23,19
547,186,23,19
551,187,21,20
554,188,22,20
557,189,22,18
560,190,22,20
562,191,22,19
566,191,22,20
569,192,21,21
570,193,21,22
574,194,20,21
575,196,22,20
579,196,21,20
580,197,22,20
583,197,21,19
584,198,22,20
586,199,20,19
588,199,21,21
591,199,20,20
592,201,20,19
594,201,21,21
595,202,20,20
597,203,20,20
598,203,20,19
599,204,20,18
600,205,21,18
602,206,20,18
603,206,20,20
603,207,20,19
604,207,20,19
605,207,20,20
605,208,20,18
606,208,20,20
606,208,21,19
607,209,21,20
607,209,21,19
607,210,21,19
608,210,21,20
608,210,21,20
607,211,21,21
608,211,21,20
608,211,20,20
608,212,20,20
607,212,21,20
607,213,21,19
607,213,20,19
607,213,20,19
605,213,20,19
604,214,20,19
603,215,20,18
603,214,20,19
602,215,20,19
602,216,20,18
600,215,20,19
600,215,20,18
598,216,19,15
596,216,20,15
594,216,21,15
593,217,21,13
592,217,20,14
591,218,20,11
590,218,20,12
588,218,20,11
587,219,20,11
586,219,20,12
585,219,20,12
583,218,20,14
583,218,21,13
582,218,21,14
581,218,20,14
580,218,20,15
579,219,20,15
578,219,20,14
577,220,20,16
577,219,20,17
576,220,20,17
575,220,20,17
575,220,20,17
575,221,20,17
574,221,19,17
572,221,20,17
573,222,19,16
572,222,20,16
572,223,20,15
572,223,20,14
572,224,20,16
572,224,20,16
571,224,20,17
571,225,20,16
572,225,20,15
571,225,20,14
571,225,19,14
571,226,19,13
571,225,20,13
571,226,19,13
571,228,19,13
572,227,19,12
571,228,19,11
571,228,19,11
571,229,20,13
571,229,19,14
571,230,20,12
571,230,20,10
571,230,21,16
571,230,21,15
572,230,21,16
572,231,20,16
573,232,19,15
573,232,20,16
572,232,21,16
573,232,21,16
573,232,20,16
574,233,21,16
575,233,20,17
575,233,20,17
574,234,21,17
575,234,20,17
576,235,21,17
576,234,20,16
576,235,20,16
576,235,20,16
576,236,20,16
577,235,19,16
578,236,19,15
578,237,20,13
577,238,20,11
579,238,19,10
578,238,19,10
579,238,19,11
579,238,19,12
579,238,19,11
579,239,19,13
579,239,20,15
579,238,19,16
579,238,20,17
580,239,19,16
579,239,20,18
579,240,19,19
579,240,19,16
578,241,19,15
578,242,19,14
577,242,20,15
576,243,20,16
576,243,20,17
575,244,19,17
575,245,20,16
573,245,19,15
572,246,20,14
572,246,20,13
572,247,20,13
570,247,20,13
570,247,20,12
569,247,21,16
568,248,19,16
568,247,19,16
567,248,20,16
566,249,19,16
566,248,19,16
565,248,20,14
564,249,20,13
563,249,20,15
563,250,20,13
563,251,20,15
563,251,20,14
562,252,20,11
562,252,20,12
562,252,20,12
562,253,20,11
561,254,20,11
561,254,20,15
560,255,20,16
561,254,20,15
560,255,20,16
560,256,19,15
560,256,20,15
560,256,20,16
560,255,20,16
560,256,20,15
560,257,19,15
560,257,20,15
560,257,20,16
560,259,20,15
560,257,20,17
560,258,20,16
560,259,20,12
560,259,19,13
559,259,19,16
560,261,20,16
560,262,19,16
560,262,19,17
560,262,19,17
561,263,19,16
561,263,19,16
560,264,20,16
560,264,19,16
560,264,19,15
561,265,20,15
560,265,19,15
561,266,19,14
560,265,19,14
561,265,20,14
561,265,19,13
561,265,20,14
560,265,20,17
561,265,20,17
561,265,19,17
562,264,19,15
562,265,20,15
561,264,20,15
562,263,20,16
563,263,19,16
563,262,19,16
562,262,19,17
562,261,20,17
562,260,20,17
563,258,20,18
562,258,20,17
562,256,20,13
563,256,19,14
563,255,20,16
563,254,20,17
564,252,19,18
564,250,19,18
564,249,19,18
564,248,19,17
564,247,19,17
564,246,19,16
564,243,19,19
565,242,19,18
564,241,20,19
565,240,20,18
565,240,20,16
565,238,20,14
565,235,19,13
565,234,19,13
565,233,19,11
566,231,20,16
566,230,19,16
566,229,19,17
566,227,19,18
566,226,19,18
566,224,19,17
566,223,20,16
566,222,19,17
566,219,19,19
566,218,20,18
566,216,19,18
566,215,19,17
566,214,20,17
567,213,19,17
566,211,19,17
567,209,19,18
566,208,19,17
566,207,20,17
566,206,19,17
566,203,19,19
566,202,20,19
566,200,20,18
566,199,19,18
566,198,19,17
566,196,19,19
566,194,19,18
566,193,19,17
566,192,19,16
566,191,19,16
566,189,19,17
566,187,19,17
566,185,19,17
567,184,19,17
567,183,19,16
566,182,19,16
567,181,19,17
567,179,19,18
567,179,20,18
567,177,19,18
566,178,19,17
567,177,20,17
566,177,19,17
566,177,19,17
567,176,19,17
567,176,19,17
567,176,19,16
566,176,20,16
566,175,20,16
566,175,20,17
566,175,20,17
567,175,20,16
566,174,19,16
567,175,20,16
566,175,20,16
567,176,20,16
567,175,20,16
567,174,20,16
567,175,20,16
567,174,19,17
566,174,20,16
567,174,20,16
566,174,19,16
566,173,19,17
567,174,20,17
566,173,20,17
566,172,20,18
566,172,19,18
566,171,19,18
566,171,19,17
566,171,20,18
566,171,20,18
565,170,21,18
565,170,21,18
565,170,21,18
565,169,20,18
565,170,19,17
566,169,19,19
566,170,19,18
565,169,19,18
566,168,20,19
565,169,20,18
565,168,19,18
565,168,19,17
565,168,19,17
565,167,19,17
565,167,19,17
565,168,20,16
565,168,19,16
564,167,19,17
564,167,20,16
565,167,20,17
565,166,20,17
564,166,19,17
564,167,19,17
564,166,20,17
564,166,19,16
564,166,19,17
564,166,19,17
565,165,19,17
564,165,19,18
564,165,20,18
564,164,19,18
564,164,20,18
564,164,20,18
563,164,20,18
563,164,20,18
564,161,20,20
564,163,20,18
564,162,20,18
563,162,20,18
563,162,20,18
564,162,20,18
564,161,20,18
564,161,20,18
563,161,20,17
563,161,20,18
563,161,20,17
564,160,20,17
563,160,20,17
563,160,20,18
563,160,19,17
563,159,20,16
563,159,19,17
563,159,19,17
563,159,19,16
563,159,19,17
563,159,20,16
563,159,20,17
563,159,20,16
563,158,20,17
563,159,20,16
563,158,19,17
563,158,20,16
563,158,20,16
563,157,19,17
563,157,20,17
563,157,20,18
562,156,20,18
562,156,20,18
562,155,20,18
563,156,20,18
562,154,20,19
563,154,20,19
563,155,20,19
563,155,20,18
562,154,20,18
562,154,20,19
563,154,20,18
563,153,20,18
563,153,20,19
563,153,20,19
563,152,20,19
562,153,20,18
563,153,20,18
563,152,20,18
563,153,19,21
564,152,19,17
563,153,20,17
563,152,20,17
563,152,20,17
563,152,20,16
563,151,19,17
563,151,20,16
563,151,20,16
563,151,20,16
564,151,20,16
564,151,20,16
563,150,20,17
563,150,20,17
563,149,20,17
563,149,19,18
563,149,20,19
563,148,20,19
563,148,19,18
562,146,19,20
563,146,20,20
561,146,20,20
561,146,20,20
561,146,20,21
560,145,19,20
560,145,19,21
559,145,19,19
559,145,19,19
558,145,18,20
557,143,19,20
556,144,19,20
554,144,19,19
553,143,20,20
552,143,19,20
551,144,19,19
550,143,18,19
547,143,20,18
546,143,20,18
545,142,20,18
544,142,19,18
541,140,19,19
539,140,20,19
538,140,20,19
536,140,19,17
534,140,19,19
531,139,20,17
530,139,20,17
527,138,20,18
525,138,19,19
523,137,19,20
521,137,20,19
519,137,20,17
516,136,19,17
514,136,20,16
511,136,20,17
508,136,20,16
506,135,20,15
503,135,20,17
501,135,20,16
498,134,21,17
495,134,20,18
493,134,20,18
489,134,20,17
487,134,20,17
484,133,20,15
481,133,21,14
479,133,20,15
475,132,20,16
472,132,21,17
470,132,20,14
467,132,21,16
464,132,20,16
461,130,20,18
458,130,20,16
455,131,20,14
452,130,20,12
450,129,20,14
447,129,20,15
444,129,20,15
442,128,20,16
439,128,20,19
436,128,19,16
434,128,20,19
431,127,20,18
431,127,19,19
427,128,19,19
424,127,20,18
423,126,19,18
422,126,19,18
420,126,19,19
418,126,20,18
416,126,20,19
415,125,20,18
413,125,19,18
411,126,20,17
410,126,20,17
409,126,20,18
408,126,20,17
407,126,20,17
405,126,21,18
405,126,19,17
404,126,20,18
402,126,20,17
402,125,20,17
401,125,19,17
400,125,20,17
400,125,20,16
399,125,20,16
398,126,19,16
398,125,19,16
397,125,20,17
396,125,20,17
396,125,20,16
395,124,20,17
394,123,20,18
394,123,20,17
394,123,20,17
393,122,20,17
392,123,20,17
392,122,20,17
392,122,20,17
391,122,20,18
391,122,20,17
390,122,20,18
390,121,20,17
388,121,21,17
389,121,20,17
388,120,20,18
387,121,20,16
387,121,20,16
386,121,20,16
386,121,20,16
385,120,20,16
385,120,20,16
384,120,21,16
384,119,20,16
384,119,20,16
383,119,19,16
382,119,20,16
382,118,19,16
381,118,20,16
380,117,20,17
380,118,20,16
380,117,19,16
379,118,20,16
378,118,20,17
378,117,20,17
377,115,20,17
377,115,20,17
376,115,20,17
375,115,20,18
375,114,20,19
374,113,20,19
373,114,20,18
372,113,20,18
371,113,20,18
371,113,20,18
370,112,19,17
370,112,20,17
369,112,20,17
368,111,20,17
368,112,20,17
366,111,20,17
366,111,20,16
365,111,19,16
364,111,19,16
363,111,20,16
363,110,20,17
361,110,20,16
361,110,19,17
360,109,20,17
359,109,20,17
359,108,19,18
357,108,20,18
356,108,20,18
355,106,20,18
354,106,20,18
353,106,20,18
352,106,20,18
351,105,20,19
350,105,19,18
348,105,20,18
347,105,20,18
346,105,20,19
345,105,20,19
344,105,20,18
343,105,20,18
342,104,20,18
341,104,20,18
340,104,20,19
338,105,20,17
337,105,20,18
336,105,19,17
336,104,19,18
334,104,19,18
332,105,19,18
331,105,20,17
329,105,20,18
328,105,20,18
327,105,20,18
325,105,20,18
323,105,20,18
323,105,20,18
321,105,20,19
320,105,20,19
319,105,20,18
316,105,20,19
315,106,20,18
314,105,20,18
312,105,20,18
311,106,20,17
309,106,20,18
307,106,20,18
306,106,20,18
304,106,20,18
302,107,20,18
300,106,20,18
298,107,20,18
297,106,20,18
296,106,20,19
294,106,21,19
291,106,21,18
290,107,20,17
288,107,20,17
287,107,20,18
285,107,20,18
283,107,20,18
282,107,21,17
280,108,20,17
277,107,21,18
277,108,20,18
275,108,20,18
273,109,19,18
271,108,20,18
270,108,20,17
268,109,19,17
265,110,21,17
264,109,20,16
263,109,20,16
261,110,20,16
259,110,20,16
257,110,20,16
256,110,20,16
254,111,20,16
251,111,20,16
250,111,20,16
248,111,20,16
246,110,20,16
244,111,21,16
242,111,21,16
242,111,20,16
240,111,20,16
238,112,20,16
237,111,20,16
234,112,20,16
233,111,20,16
231,111,21,16
228,112,21,16
228,112,20,16
226,112,19,16
224,112,20,17
223,112,20,16
222,112,19,17
220,112,19,17
218,112,20,17
216,113,20,17
215,112,20,18
213,112,21,18
212,113,20,18
210,113,19,17
209,113,20,17
208,114,20,17
207,113,20,19
206,113,19,18
