0.096888
0.230118
0.337749
0.392263
0.404616
0.278479
0.333505
0.283234
0.181700
0.185736
0.109182
0.146721
0.218660
0.239406
0.157418
0.128466
0.121149
0.225294
0.170614
0.131145
0.217188
0.122945
0.152093
0.134596
0.208997
0.203116
0.234441
0.229381
0.170074
0.154064
0.431767
0.265915
0.152897
0.186624
0.130092
0.215548
0.264117
0.273619
0.263111
0.277656
0.294482
0.270556
0.323902
0.258590
0.221643
0.230565
0.188704
0.218132
0.204243
0.404555
0.187066
0.208834
0.212746
0.148363
0.283536
0.104638
0.200361
0.300220
0.316506
0.173915
0.288769
0.218747
0.140349
0.209349
0.108838
0.134573
0.124479
0.258739
0.204077
0.135744
0.147346
0.158010
0.160014
0.138397
0.250696
0.227571
0.207083
0.264799
0.181742
0.182144
0.230791
0.129404
0.241467
0.220375
0.338970
0.157677
0.222470
0.151845
0.112639
0.139115
0.191313
0.111503
0.184192
0.214256
0.230167
0.240880
0.248364
0.256841
0.188342
0.404317
0.360159
0.279218
0.252460
0.226218
0.161084
0.291703
0.295254
0.235343
0.294379
0.222182
0.409531
0.195421
0.310572
0.167774
0.169876
0.286240
0.140733
0.104758
0.079212
0.158444
0.240968
0.145918
0.350986
0.206048
0.310798
0.253358
0.169779
0.114461
0.169914
0.116684
0.092835
0.098978
0.103533
0.185103
0.098279
0.077287
0.151265
0.159697
0.139117
0.105751
0.219691
0.310363
0.186241
0.331268
0.202085
0.248927
0.281389
0.329264
0.151622
0.112160
0.128995
0.251633
0.222046
0.398232
0.124296
0.259922
0.173249
0.187563
0.189508
0.155613
0.260824
0.230630
0.210174
0.196009
0.116989
0.129690
0.136791
0.141384
0.223407
0.400453
0.210938
0.480955
0.239955
0.351297
0.242059
0.284011
0.343117
0.280945
0.183366
0.190840
0.167836
0.202769
0.133086
0.123739
0.186737
0.140501
0.219369
0.220509
0.121720
0.200021
0.131917
0.155383
0.155372
0.200949
0.119469
0.149149
0.299784
0.301277
0.349254
0.098794
0.139319
0.108670
0.140637
0.131526
0.163432
0.081188
0.151617
0.169595
0.225038
0.261503
0.106066
0.173452
0.115880
0.184312
0.190536
0.116851
0.210052
0.187681
0.188667
0.329707
0.223145
0.196423
0.222787
0.191913
0.135952
0.184918
0.237185
0.251656
0.144148
0.080912
0.084291
0.108391
0.149665
0.192558
0.161136
0.481509
0.215079
0.549078
0.179060
0.244897
0.216042
0.365369
0.253123
0.279726
0.147409
0.131739
0.074073
0.134797
0.199582
0.223030
0.231211
0.285923
0.188154
0.333770
0.384208
0.371463
0.312991
0.249301
0.187594
0.223455
0.185464
0.158336
0.215426
0.065434
0.101070
0.118618
0.143551
0.135147
0.212486
0.125783
0.191109
0.158080
0.136305
0.165362
0.362806
0.243829
0.222843
0.276283
0.319156
0.147591
0.304920
0.305992
0.238206
0.169659
0.116852
0.262657
0.253668
0.164254
0.164511
0.204906
0.169059
0.200771
0.196014
0.163590
0.275323
0.186641
0.179477
0.154102
0.135162
0.260939
0.341964
0.227338
0.209315
0.168145
0.184685
0.199927
0.338399
0.203508
0.357718
0.160293
0.136679
0.248511
0.255446
0.196793
0.207823
0.339499
0.128401
0.144989
0.147413
0.112126
0.103634
0.122798
0.213203
0.331258
0.166663
0.104499
0.227324
0.088875
0.080117
0.154607
0.071365
0.190605
0.259485
0.118920
0.215240
0.258492
0.171562
0.370461
0.116466
0.288663
0.382834
0.227190
0.190354
0.184245
0.304317
0.217852
0.193289
0.127924
0.200453
0.161156
0.127505
0.161500
0.220874
0.125386
0.192558
0.182132
0.129532
0.213056
0.336198
0.122965
0.239604
0.143766
0.124001
0.183428
0.180279
0.148093
0.072772
0.180154
0.101029
0.165247
0.184136
0.249275
0.261357
0.258448
0.155761
0.122925
0.176388
0.135385
0.279804
0.243627
0.241298
0.213193
0.234819
0.232024
0.233063
0.330434
0.167172
0.228564
0.256559
0.268934
0.173903
0.088059
0.136635
0.105579
0.113415
0.185729
0.126625
0.081450
0.128036
0.196439
0.206576
0.203086
0.122811
0.274271
0.260673
0.213497
0.118106
0.331113
0.305964
0.341893
0.242099
0.272474
0.282473
0.337285
0.236747
0.328275
0.267191
0.340581
0.414270
0.303998
0.233151
0.189794
0.284460
0.308168
0.241116
0.417718
0.300007
0.384249
0.214474
0.557916
0.602465
0.293730
0.179908
0.229322
0.157533
0.109720
0.158301
0.119056
0.078556
0.301715
0.255248
0.099366
0.346203
0.320596
0.112344
0.142284
0.129411
0.160008
0.115916
0.161506
0.121774
0.142668
0.112197
0.118345
0.117352
0.118035
0.130539
0.212693
0.135886
0.164900
0.169780
0.095401
0.166978
0.113437
0.118989
0.269623
0.158696
0.218326
0.108831
0.088184
0.097715
0.111511
0.096649
0.090095
0.159393
0.275243
0.166459
0.207648
0.268867
0.067521
0.175535
0.191243
0.123446
0.191406
0.084349
0.143678
0.187953
0.370213
0.280753
0.282618
0.269276
0.291676
0.372818
0.259034
0.181855
0.227611
0.286185
0.209499
0.242821
0.221679
0.247755
0.108469
0.153539
0.193571
0.276787
0.156584
0.135053
0.197340
0.244496
0.096695
0.147324
0.150689
0.226306
0.230185
0.334673
0.238465
0.133424
0.217414
0.140046
0.345270
0.185638
0.272695
0.251580
0.170140
0.224059
0.142765
0.226346
0.296628
0.310528
0.241009
0.192114
0.149473
0.206522
0.210136
0.171580
0.146371
0.140275
0.121605
0.139264
0.108129
0.267374
0.218543
0.340665
0.371896
0.178267
0.175754
0.279330
0.137547
0.325526
0.163688
0.341796
0.186558
0.190930
0.349662
0.451657
0.247404
0.246379
0.429888
0.341954
0.366992
0.417837
0.386705
0.200660
0.135953
0.207171
0.188074
0.199335
0.216681
0.209285
0.290133
0.146827
0.478251
0.219332
0.543800
0.227974
0.121663
0.122758
0.198545
0.208634
0.231568
0.116461
0.202805
0.225121
0.187652
0.166654
0.328371
0.225800
0.182122
0.170937
0.167720
0.136204
0.164577
0.148100
0.152703
0.224896
0.071767
0.201860
0.144074
0.153545
0.156773
0.213969
0.184392
0.278595
0.120227
0.128953
0.119912
0.170114
0.135233
0.239237
0.204413
0.223245
0.188300
0.186550
0.170067
0.089599
0.154264
0.174285
0.181461
0.150208
0.114781
0.248515
0.444142
0.327974
0.402610
0.134795
0.411069
0.234869
0.300407
0.312028
0.294174
0.197850
0.151026
0.220570
0.228110
0.348154
0.090868
0.155565
0.161804
0.133513
0.141576
0.088051
0.106479
0.188041
0.248046
0.112262
0.131595
0.174077
0.182160
0.229858
0.318532
0.539705
0.336728
0.348475
0.340920
0.231120
0.219979
0.150418
0.159304
0.145108
0.154601
0.101782
0.151462
0.228113
0.134775
0.224674
0.146529
0.176995
0.187447
0.185414
0.401494
0.144900
0.172853
0.433733
0.354685
0.304063
0.183936
0.178807
0.219679
0.270778
0.167322
0.250062
0.147415
0.212084
0.247825
0.352245
0.263258
0.352381
0.264106
0.186355
0.219119
0.374192
0.256947
0.257121
0.249756
0.131267
0.253853
0.283298
0.161721
0.230197
0.170907
0.099626
0.084968
0.103507
0.189547
0.230092
0.192405
0.303060
0.273266
0.286914
0.172015
0.337325
0.224746
0.261078
0.492931
0.301047
0.251756
0.136575
0.213602
0.178744
0.170490
0.224715
0.110424
0.122054
0.239047
0.202382
0.115218
0.106973
0.124875
0.139623
0.102997
0.149554
0.081770
0.108389
0.143178
0.117166
0.121548
0.125263
0.285225
0.109782
0.119679
0.160270
0.088599
0.103999
0.139589
0.239613
0.346781
0.192995
0.154243
0.144350
0.128218
0.166513
0.100906
0.141868
0.166485
0.178823
0.394178
0.133319
0.168276
0.128436
0.178907
0.186909
0.335346
0.224278
0.206609
0.156851
0.179681
0.233353
0.163550
0.186352
0.190415
0.250103
0.159441
0.177114
0.181925
0.412560
0.214226
0.191268
0.129641
0.197287
0.359329
0.148041
0.147844
0.058581
0.226971
0.218518
0.176033
0.176585
0.313432
0.100544
0.203953
0.215579
0.164074
0.151046
0.150329
0.181829
0.102516
0.141990
0.176297
0.179833
0.138787
0.166121
0.179290
0.189855
0.144679
0.192908
0.165114
0.129016
0.172421
0.269524
0.302113
0.252733
0.233098
0.180525
0.304258
0.478904
0.135940
0.151552
0.193297
0.362057
0.188598
0.252075
0.277157
0.158253
0.307132
0.408485
0.209374
0.150888
0.625957
0.505622
0.240881
0.328308
0.128295
0.176161
0.113787
0.112422
0.136358
0.098894
0.133501
0.148172
0.174031
0.156254
0.117552
0.192896
0.090424
0.115410
0.378772
0.126991
0.213054
0.146670
0.257664
0.138776
0.153514
0.183730
0.206390
0.171864
0.195403
0.155643
0.173612
0.243752
0.073269
0.157637
0.123407
0.229811
0.392625
0.295625
0.192633
0.251277
0.146266
0.206611
0.242046
0.219784
0.241888
0.128968
0.121280
0.108943
0.215615
0.117602
0.113680
0.127430
0.142936
0.119977
0.137194
0.110237
0.206959
0.205369
0.203677
0.159771
0.160952
0.101291
0.107884
0.168314
0.222309
0.203699
0.103053
0.303171
0.347725
0.239953
0.321253
0.182958
0.210062
0.423488
0.161085
0.150609
0.229397
0.393134
0.246760
0.194998
0.174378
0.249786
0.211499
