151	359	19	20
150	357	18	20
151	355	17	21
151	352	17	21
152	351	17	19
152	349	18	20
152	346	18	21
152	343	18	21
153	342	19	20
153	340	19	20
153	336	18	21
153	334	18	20
153	332	18	20
153	328	19	21
153	325	19	20
153	323	19	21
153	320	20	21
154	317	19	21
155	315	18	20
156	310	19	22
156	308	18	21
156	305	19	21
156	302	19	20
157	300	18	20
156	297	19	20
158	294	18	20
158	291	19	20
158	287	18	21
159	285	19	20
159	281	18	21
159	278	18	21
160	275	19	21
160	272	19	21
160	270	19	20
160	265	18	22
161	263	19	21
161	261	19	21
161	257	19	22
161	254	20	21
162	251	19	21
161	248	20	21
163	244	19	20
163	241	19	21
164	238	19	21
164	235	19	21
164	232	19	21
164	229	18	21
165	226	18	21
165	223	18	21
165	221	18	20
165	217	18	21
166	215	18	21
165	211	18	21
166	209	18	21
167	207	17	19
167	204	17	20
167	201	17	20
167	198	18	20
167	197	17	20
168	194	17	20
168	193	16	18
167	188	17	20
168	187	16	18
167	185	17	18
168	184	15	17
168	181	15	18
170	180	15	16
168	176	15	19
169	175	15	17
168	172	16	19
169	169	17	19
168	166	17	19
169	166	18	18
168	164	19	19
168	161	18	20
168	160	18	21
169	157	17	21
168	157	18	20
168	156	19	20
168	156	18	20
168	154	18	21
167	152	18	22
168	151	18	22
167	151	18	21
167	151	18	21
166	150	18	21
165	148	18	21
165	148	19	21
164	147	19	21
164	146	19	22
162	145	19	22
162	145	19	22
161	144	19	22
159	143	19	22
159	143	20	22
158	142	19	23
156	142	19	21
156	142	19	21
155	141	19	21
153	141	19	21
152	140	19	21
151	139	20	22
149	138	19	21
148	138	19	21
146	137	20	21
146	137	19	21
144	136	19	20
142	136	19	20
141	135	18	19
140	135	18	20
139	134	18	19
133	132	22	20
131	132	22	21
132	132	19	21
131	131	18	22
130	129	18	23
129	128	18	25
126	126	18	24
125	126	16	22
124	123	17	26
121	124	18	20
120	124	18	18
118	123	19	18
116	121	19	19
114	119	17	19
112	119	17	18
111	117	17	19
109	116	16	18
108	115	16	19
106	113	17	19
104	111	17	18
102	110	16	18
101	108	16	19
99	107	17	19
96	105	17	20
95	103	17	19
93	101	17	19
92	100	17	18
89	99	17	18
88	97	16	18
86	95	17	18
84	94	17	18
82	92	17	19
81	90	16	19
79	87	16	19
78	87	16	17
76	84	17	19
75	83	16	18
73	80	16	19
72	78	16	18
70	78	16	17
68	75	16	18
67	75	15	16
65	72	15	16
64	69	16	18
62	68	15	16
60	65	16	17
60	63	15	17
58	62	15	16
56	59	15	16
54	56	16	16
54	55	14	17
53	53	15	17
52	50	15	16
50	48	16	16
49	46	16	17
48	44	16	16
48	42	15	16
47	39	15	17
46	37	16	17
45	34	15	17
45	32	16	17
44	29	16	18
44	27	16	18
43	25	16	17
43	23	16	17
43	21	16	17
42	19	16	17
42	17	16	17
42	15	16	17
42	12	15	18
41	11	15	18
41	9	16	18
41	8	16	17
40	7	16	17
41	5	16	18
40	4	15	17
40	2	16	17
39	0	16	17
40	0	16	16
39	0	16	16
40	0	16	15
39	0	16	14
39	0	16	12
40	0	15	11
40	0	15	11
40	0	15	10
40	0	15	10
40	0	14	10
40	0	14	10
39	0	15	10
40	0	14	10
39	0	14	10
39	0	14	10
41	0	12	10
42	0	11	10
41	0	13	10
39	0	16	10
32	0	25	10
19	0	48	10
19	0	44	27
78	0	28	35
82	0	22	30
82	0	20	25
82	0	17	18
83	0	14	12
84	0	13	11
84	1	14	11
83	0	14	11
84	0	13	11
83	0	15	12
83	0	14	11
84	0	13	11
83	1	14	11
84	0	13	11
84	0	14	11
84	0	14	11
84	0	14	11
84	0	14	11
83	0	14	12
83	0	13	12
83	0	14	12
83	0	14	12
82	0	14	12
82	0	14	12
82	0	14	12
81	0	14	12
83	0	14	12
82	0	14	12
83	0	13	12
80	0	15	13
80	0	16	12
81	0	16	12
81	0	16	13
80	0	16	13
81	0	17	13
83	0	14	13
83	0	13	13
82	0	13	13
83	0	13	12
83	0	14	13
83	0	14	13
82	0	13	13
83	0	12	13
83	0	12	12
81	0	12	12
81	0	12	11
82	0	12	12
81	0	12	11
80	0	14	12
81	0	13	12
79	0	14	12
80	0	14	12
80	0	13	12
80	0	14	13
80	0	14	13
80	0	14	12
80	0	14	12
80	0	13	13
80	0	13	13
80	0	13	12
80	0	13	12
80	0	12	12
80	0	13	12
79	0	13	12
80	0	13	11
81	0	12	12
81	0	12	11
81	0	11	10
81	0	12	10
79	0	13	10
79	0	14	10
80	0	13	10
80	0	13	10
80	0	13	10
79	0	13	10
80	0	12	10
79	0	13	10
79	0	13	10
79	0	13	10
78	0	14	10
79	0	14	10
79	0	14	10
79	0	14	10
79	0	14	10
79	0	14	10
77	0	15	10
78	0	15	10
78	0	15	10
78	0	14	10
78	0	14	10
79	0	14	10
79	0	14	10
78	0	14	10
79	0	14	10
78	0	14	10
78	0	14	10
78	0	14	10
78	0	15	10
78	0	15	10
79	0	14	10
78	0	14	10
79	0	13	10
79	0	13	10
79	0	13	10
78	0	14	10
79	0	13	10
79	0	13	10
79	0	14	10
77	0	16	10
79	0	14	10
78	0	14	10
79	0	14	10
77	0	15	10
78	0	15	10
78	0	15	10
78	0	14	12
77	0	15	12
77	0	16	11
77	0	16	11
73	0	20	11
75	0	18	11
76	0	17	12
74	0	19	11
75	0	19	12
75	0	18	11
74	0	19	11
72	0	21	11
72	0	22	12
72	0	21	12
73	0	21	12
73	0	20	12
72	0	21	12
75	0	19	12
74	0	21	12
71	0	22	12
72	0	21	13
73	0	21	13
76	0	18	13
73	0	20	12
71	0	22	12
74	0	20	12
74	0	19	13
72	0	21	12
71	0	23	12
73	0	22	13
72	0	22	13
71	0	22	13
72	0	22	13
72	0	21	13
71	0	23	13
69	0	28	12
69	0	30	13
69	0	34	13
69	0	39	12
71	0	37	13
70	0	39	15
73	0	37	19
73	0	38	21
71	0	40	24
70	0	42	27
71	0	43	29
73	0	42	35
71	0	44	39
71	0	45	39
72	0	46	41
73	0	47	49
73	0	46	45
73	2	53	57
78	28	55	64
78	29	54	65
74	34	65	69
77	25	62	81
35	52	91	101
61	36	73	102
44	32	102	117
87	124	63	100
90	122	53	75
92	128	50	80
88	156	59	71
91	143	51	76
90	156	79	66
85	153	59	67
88	145	56	80
89	155	56	67
89	149	68	75
86	149	70	73
90	136	57	83
91	127	51	71
90	157	54	64
89	147	61	78
84	140	64	84
89	139	51	69
95	128	45	59
91	128	48	63
86	157	53	67
91	156	46	68
82	157	62	73
89	150	48	70
85	156	56	64
89	152	49	54
88	157	46	66
89	154	50	66
88	154	64	53
87	156	48	70
90	157	47	63
88	158	47	63
90	156	45	54
88	157	56	62
79	157	56	75
76	147	59	82
68	159	63	76
77	147	58	74
79	154	58	74
55	166	72	72
13	166	88	73
79	158	58	78
87	156	52	54
91	160	41	67
90	158	43	54
109	125	35	49
116	127	26	48
114	128	26	45
120	126	20	47
117	130	24	43
120	125	22	48
118	129	22	45
121	126	20	46
118	129	22	45
121	127	21	46
119	129	21	44
118	129	23	45
120	127	21	47
120	127	22	47
117	128	24	47
120	127	21	46
116	129	25	45
119	126	22	47
116	126	25	47
122	124	19	50
120	127	20	46
119	128	22	46
121	126	20	48
119	128	22	47
119	127	23	49
116	128	25	49
120	129	21	45
122	129	19	45
122	129	19	46
121	127	19	48
119	128	22	47
122	129	20	47
119	128	22	47
121	128	21	48
117	127	24	51
117	127	24	48
122	127	19	48
119	127	21	47
107	129	33	50
98	139	38	52
90	161	41	67
91	154	47	61
89	161	43	66
90	154	48	55
89	159	43	70
89	162	46	65
65	162	74	74
88	153	52	63
90	157	45	65
82	156	57	64
84	135	55	59
75	161	62	75
23	173	71	69
13	177	58	69
0	176	45	65
0	176	43	63
1	177	43	63
0	177	43	63
1	177	43	64
0	178	43	63
1	177	42	64
0	176	42	64
0	177	42	63
1	177	42	63
0	177	42	63
1	176	42	64
1	178	43	64
0	177	42	64
0	177	43	64
0	177	43	64
0	176	42	65
0	176	43	65
0	177	43	64
0	177	43	65
0	177	42	64
1	177	42	64
1	176	42	65
0	176	40	65
1	177	37	42
0	179	32	31
0	180	32	29
0	180	32	29
0	180	32	29
0	180	32	29
0	180	32	29
0	181	32	29
0	182	32	27
0	182	33	27
0	182	32	26
0	182	32	27
0	182	32	28
0	182	32	27
0	182	32	27
0	182	32	27
0	182	32	28
0	182	31	27
0	182	32	28
0	182	32	27
0	183	32	28
0	183	32	27
0	182	32	28
0	182	32	28
0	182	32	28
0	182	32	28
0	182	33	28
0	182	32	28
0	182	32	28
0	183	33	27
0	183	32	27
0	183	32	27
0	183	31	28
0	182	32	29
0	182	31	27
0	182	32	29
0	182	31	28
0	182	32	28
0	182	32	28
0	181	32	29
0	181	32	29
0	182	32	28
0	182	32	28
0	182	32	27
0	183	32	27
0	183	33	27
0	182	32	26
0	183	32	26
0	183	33	26
0	183	32	26
0	183	32	26
0	182	32	26
0	183	33	26
0	183	32	27
0	182	32	27
0	182	32	28
0	183	33	29
0	182	33	28
0	183	33	28
0	183	33	28
0	183	32	28
0	183	33	29
0	183	33	27
0	183	33	28
0	183	33	28
0	183	33	29
0	182	32	29
0	182	32	29
0	183	32	28
0	183	32	27
0	183	31	28
0	183	32	28
0	183	33	27
0	183	33	27
0	182	33	28
0	183	32	28
0	183	33	29
0	183	33	29
0	183	33	28
0	184	33	28
0	183	32	28
0	183	32	29
0	183	32	29
0	184	32	29
0	183	31	29
0	183	33	29
0	183	33	29
0	183	31	28
0	184	32	28
0	184	32	28
0	184	33	28
0	185	31	28
0	185	32	27
0	184	33	28
0	185	32	27
0	185	32	27
0	184	32	28
0	185	32	27
0	185	32	27
0	184	31	26
0	185	32	28
0	186	31	26
0	185	31	26
0	186	31	27
0	185	32	27
0	186	32	27
0	185	32	27
0	182	33	30
0	184	32	30
0	184	32	29
0	186	31	28
0	185	32	29
0	185	32	28
0	185	31	28
0	184	32	28
0	185	32	26
0	184	31	28
0	182	33	30
0	182	34	31
0	182	33	29
0	182	34	30
0	180	34	32
0	182	32	32
0	183	32	30
0	184	33	31
0	182	34	31
0	182	33	30
0	183	33	30
0	184	33	29
0	182	35	31
0	183	33	30
0	183	34	31
0	182	33	31
0	180	33	33
0	180	33	34
0	182	35	32
0	183	35	31
0	181	34	32
0	182	35	34
0	184	34	30
0	181	34	31
0	183	34	31
0	181	33	32
0	181	34	33
0	179	35	34
0	182	34	34
1	181	35	33
0	185	33	30
0	188	33	25
0	189	32	24
0	188	33	27
1	186	34	27
0	188	33	26
0	188	33	25
0	189	32	25
0	188	33	26
1	188	32	25
1	189	33	26
1	189	31	25
1	188	32	27
0	188	32	26
1	188	33	27
1	188	32	25
0	189	31	26
1	190	32	25
0	190	31	24
0	189	31	25
1	190	31	25
1	190	31	25
1	189	33	25
0	189	32	25
0	189	33	26
0	190	32	26
1	190	33	26
0	189	32	26
1	189	34	27
0	189	32	25
0	190	31	24
1	191	31	24
0	190	31	24
1	190	32	24
1	188	34	26
0	189	33	26
0	189	33	26
0	189	32	25
0	189	32	27
1	189	32	25
0	190	31	26
1	188	35	26
0	189	31	26
1	190	33	26
0	190	31	25
0	189	34	27
0	188	33	27
0	189	32	26
0	189	34	27
0	189	33	26
0	185	34	31
0	182	35	33
0	181	35	36
0	181	36	36
0	181	36	37
0	181	35	36
0	181	36	37
0	180	35	36
0	181	36	37
1	178	34	37
0	181	37	37
1	179	37	38
1	180	37	38
1	180	37	39
0	181	37	38
5	178	38	41
2	178	34	39
0	180	36	38
1	179	34	38
0	181	35	39
0	180	34	39
1	180	34	39
1	181	34	39
1	178	34	39
1	180	35	38
0	180	35	38
1	180	33	38
1	182	35	37
1	182	33	35
1	184	35	35
2	181	32	35
0	184	34	34
1	182	32	36
0	182	36	36
0	180	35	36
1	182	34	36
0	182	35	36
0	180	34	37
1	181	35	37
0	182	36	37
2	181	33	35
1	182	37	36
3	180	36	38
3	183	36	37
6	182	38	38
4	182	42	42
32	221	34	34
32	221	32	27
30	223	34	29
32	223	33	27
30	221	34	29
4	183	29	33
3	183	31	34
3	184	31	34
4	183	31	34
5	183	31	34
3	183	32	35
3	183	32	35
1	182	34	35
0	182	37	35
1	183	36	37
2	182	36	37
7	183	38	38
6	184	36	40
4	183	36	39
8	186	35	40
4	185	29	34
4	185	31	36
3	185	32	35
4	185	31	34
4	184	31	35
4	184	30	36
4	183	30	36
4	184	30	36
4	184	30	35
6	184	30	35
6	184	31	35
7	184	31	34
9	182	31	37
5	183	31	38
4	184	28	37
5	184	28	36
5	185	29	37
4	184	30	38
4	184	29	38
4	185	32	37
4	184	34	37
3	185	34	38
3	184	33	38
3	185	35	39
4	184	35	38
4	183	32	38
3	184	33	37
3	183	34	37
4	184	35	38
4	184	33	39
11	185	38	41
6	183	36	40
20	182	47	49
34	200	52	58
36	204	46	54
32	203	50	58
31	197	52	62
32	192	62	65
50	208	67	59
31	206	46	53
33	205	45	53
44	191	58	65
31	217	41	44
33	220	37	42
32	220	40	42
32	217	40	44
33	220	38	42
33	220	37	40
32	221	37	39
33	220	38	41
33	222	37	39
32	221	38	41
32	219	36	40
33	220	36	39
33	220	36	39
32	220	36	39
33	221	36	38
41	214	45	45
32	220	39	42
33	220	38	41
34	219	38	42
33	221	37	40
33	220	38	41
32	222	38	39
33	219	41	42
33	221	38	41
33	222	38	40
33	222	37	38
33	222	38	39
33	223	37	39
32	222	38	40
32	221	39	40
34	222	37	40
33	223	37	38
34	220	37	39
34	221	37	39
32	223	38	38
33	220	36	40
33	221	38	41
34	222	37	39
33	219	37	39
32	223	38	39
34	224	37	38
33	222	36	37
8	188	27	33
9	190	26	30
9	190	24	30
9	190	23	30
9	191	23	28
9	191	22	28
8	190	22	28
10	190	21	26
9	190	22	26
8	190	23	26
7	190	24	28
8	190	23	29
9	189	22	25
9	190	22	25
9	189	22	23
9	190	22	23
9	190	21	23
9	190	22	24
9	190	22	24
9	189	22	25
9	190	22	26
9	190	22	29
10	189	21	29
10	189	20	27
10	189	20	27
10	189	20	23
11	190	20	21
10	190	20	21
11	191	20	20
11	191	20	21
11	191	20	21
11	191	20	22
10	191	20	22
9	190	22	23
9	189	22	22
10	191	22	22
9	190	22	22
10	190	22	22
10	191	20	21
10	190	20	22
10	190	21	22
10	190	21	22
10	189	21	23
10	189	21	23
10	189	22	24
8	190	22	23
9	189	22	23
8	189	22	24
9	190	22	23
8	190	22	23
10	190	21	23
11	191	21	23
10	190	21	23
10	191	21	22
10	190	21	23
9	191	21	24
9	191	21	24
10	189	23	26
9	189	23	26
10	189	23	28
10	189	22	30
9	189	23	30
10	188	23	30
10	188	22	29
10	189	22	27
10	189	21	24
10	190	22	26
10	189	22	26
9	189	22	26
10	191	21	24
10	191	21	25
9	191	21	24
8	191	22	24
8	190	22	25
8	191	22	24
10	190	22	26
8	190	22	25
9	190	22	25
9	190	22	25
8	191	23	25
10	190	23	27
10	191	21	25
11	191	21	25
10	191	21	25
10	191	21	25
10	191	21	25
10	191	21	25
9	190	21	26
9	191	21	25
10	191	21	26
10	191	21	25
10	192	20	25
10	191	21	26
10	190	21	27
10	191	20	26
10	191	20	26
11	191	20	26
11	191	20	26
10	191	20	26
11	190	20	25
10	191	21	26
10	190	22	27
9	191	23	29
8	191	23	31
8	191	23	32
9	191	23	31
9	192	22	30
9	191	22	31
9	190	22	32
9	190	22	32
9	191	22	31
9	191	22	31
8	191	22	30
9	191	22	31
9	191	22	31
9	191	22	32
9	191	22	31
10	191	22	31
11	191	21	32
11	191	21	32
11	191	21	31
8	191	23	31
10	191	21	31
9	191	22	29
9	191	22	30
10	191	21	32
10	191	22	31
10	190	21	32
11	190	20	33
9	191	21	32
9	190	21	32
10	191	20	32
10	190	21	32
10	191	21	32
10	191	21	32
10	191	20	32
10	191	20	32
10	190	20	32
11	191	19	32
10	192	20	31
10	192	20	31
10	191	20	32
9	191	19	33
9	191	20	32
9	191	20	33
9	191	20	33
9	191	21	32
9	190	21	32
9	191	20	32
9	191	20	31
8	191	20	31
8	191	21	31
9	191	20	31
11	191	17	31
11	191	17	31
10	190	17	30
11	191	17	31
10	191	17	31
10	191	19	31
10	191	19	31
10	192	19	31
9	191	19	31
9	191	19	32
10	192	19	31
10	191	18	32
10	191	18	32
11	191	17	32
11	190	17	32
11	192	17	32
11	191	17	32
12	191	17	32
12	191	16	32
11	191	17	32
12	191	17	32
12	191	17	32
11	193	18	30
10	192	18	31
10	193	18	31
10	192	18	31
10	192	18	31
11	191	18	31
10	192	18	31
10	192	18	31
9	192	18	31
11	193	18	30
9	193	19	30
9	194	20	31
9	193	20	30
9	193	20	30
11	194	18	30
12	194	17	29
12	194	17	29
11	194	18	29
10	193	19	31
10	193	19	31
11	193	19	31
10	193	19	31
10	195	19	30
10	194	19	30
9	194	20	31
10	192	20	32
11	194	19	30
12	194	19	30
12	194	18	29
12	195	17	29
11	195	18	29
12	195	18	29
12	195	19	29
12	194	18	30
12	196	19	27
12	197	18	27
11	196	17	27
11	197	18	27
12	197	18	27
12	197	17	28
12	197	18	27
11	196	18	28
12	196	18	28
11	196	19	28
12	197	18	27
12	197	17	27
13	198	17	27
13	197	17	27
13	197	18	28
13	197	18	27
12	197	18	27
12	198	18	27
12	198	18	26
11	197	19	27
11	198	18	26
12	198	18	26
12	198	17	27
12	198	17	26
13	197	17	27
13	197	16	27
13	197	17	27
12	197	17	27
13	198	16	27
13	198	16	26
12	200	17	25
13	199	17	25
13	200	16	25
12	198	17	26
13	198	17	26
12	199	16	26
13	199	16	26
12	199	16	25
12	198	16	26
13	199	16	26
12	199	17	26
12	200	17	26
12	199	17	26
11	199	17	26
12	199	18	26
12	199	17	27
12	198	17	28
12	199	17	27
12	199	17	27
13	200	17	27
11	198	17	27
11	198	18	27
11	198	18	27
11	198	18	27
11	198	18	27
11	199	18	27
11	199	19	26
11	199	19	27
11	199	19	26
11	198	18	28
11	198	19	27
11	198	19	28
10	198	19	25
10	197	18	21
12	199	15	27
12	198	17	28
6	197	23	29
2	197	26	30
4	197	26	30
2	196	27	31
1	197	28	32
2	196	27	30
2	198	27	30
1	197	28	31
4	196	26	31
5	194	28	33
8	195	33	39
60	242	20	36
62	244	18	33
62	244	17	33
62	244	18	32
62	244	18	32
62	244	18	33
63	244	17	32
63	244	18	33
63	244	18	33
63	243	18	34
63	244	19	35
62	244	18	33
61	245	19	32
62	244	19	33
62	246	18	33
63	246	18	33
63	245	19	34
64	245	18	32
62	246	18	33
62	246	19	33
62	246	19	33
63	245	19	33
62	246	19	33
62	246	19	33
63	245	19	33
63	246	19	34
63	245	19	34
63	246	18	33
62	246	19	34
62	246	19	33
62	246	20	34
62	245	20	34
62	246	19	34
63	245	19	34
63	246	19	34
61	246	20	34
61	246	21	35
61	246	21	35
62	245	20	35
61	246	21	34
61	245	21	35
63	246	19	34
61	246	20	34
61	245	21	36
61	246	20	35
61	245	21	36
61	246	20	36
59	245	22	35
60	245	21	36
61	245	21	35
61	246	21	36
61	245	21	35
61	245	21	35
61	246	21	35
60	245	21	35
62	245	20	35
61	246	21	35
61	244	22	37
61	244	20	36
61	246	22	37
61	244	21	37
61	246	20	36
61	245	21	36
62	245	19	36
61	246	21	36
60	245	22	39
60	243	21	38
59	233	21	47
60	238	21	44
60	235	21	45
58	242	22	41
61	244	24	39
59	231	23	50
59	230	24	52
59	232	24	50
59	232	24	50
59	231	24	50
59	231	24	52
59	234	25	49
60	237	23	45
59	233	24	50
58	244	24	38
59	230	24	52
59	238	25	44
59	239	23	43
59	241	24	42
59	239	24	44
59	237	23	44
58	242	23	40
58	246	24	36
60	247	24	36
59	245	23	37
60	247	23	36
60	246	23	36
60	246	23	37
58	245	24	36
59	246	23	36
59	246	25	38
59	244	24	38
59	247	26	36
58	244	24	37
59	246	25	35
58	244	25	38
58	245	24	36
58	246	24	35
59	241	24	40
57	245	25	36
59	246	25	35
59	246	24	36
59	244	25	38
58	246	23	32
58	247	24	33
59	247	26	35
57	244	26	37
58	241	24	36
59	245	25	33
58	237	23	40
59	245	25	39
58	239	24	41
58	240	25	40
57	236	25	42
59	240	25	41
58	240	25	39
58	245	25	37
58	242	25	40
58	239	25	43
58	238	24	43
58	246	26	34
58	243	24	39
58	245	26	37
58	247	26	37
59	245	25	37
58	246	25	36
58	246	25	36
59	242	26	41
58	241	25	41
58	244	25	35
58	244	24	35
58	245	25	34
58	246	25	32
60	247	23	32
58	247	26	34
59	247	27	38
58	246	25	37
58	246	25	35
58	247	26	35
59	246	25	36
59	247	24	35
59	248	26	36
59	247	24	35
58	246	24	35
59	246	24	33
58	246	24	33
58	246	25	34
59	246	24	33
56	246	26	34
58	246	26	35
56	246	27	34
59	246	24	34
56	246	27	35
56	246	27	35
59	247	26	35
55	246	28	35
59	246	27	35
56	246	28	34
57	246	29	36
57	247	28	35
57	246	26	34
57	246	26	34
56	247	27	33
57	247	26	33
57	247	26	33
59	247	26	33
56	247	29	34
57	247	26	33
57	247	26	33
58	248	25	34
54	246	29	33
58	249	27	32
54	247	30	32
59	249	25	32
54	247	29	33
57	248	27	32
55	248	30	33
56	247	29	34
57	248	27	34
56	247	28	34
56	247	28	34
56	247	29	35
56	245	28	35
56	246	29	34
56	246	29	33
57	247	29	32
57	246	28	34
57	247	28	34
56	246	28	34
56	247	29	33
57	247	28	33
56	243	30	42
56	246	29	35
56	246	28	34
56	243	28	37
57	247	29	37
56	241	28	39
56	246	29	35
56	244	29	37
56	248	29	32
57	247	30	33
56	244	29	36
56	248	29	33
56	247	29	34
57	248	29	34
57	246	29	35
56	248	28	32
55	248	30	33
56	247	29	32
56	248	29	32
55	246	30	33
54	248	30	33
55	248	30	32
54	248	31	33
55	248	31	32
55	248	30	32
54	248	31	32
54	249	31	31
55	249	30	31
55	244	29	36
54	248	33	33
54	248	31	33
53	247	32	33
53	249	33	32
53	249	33	32
53	245	32	35
53	248	36	34
53	249	35	35
52	249	36	36
53	248	34	34
52	249	34	32
53	249	35	32
53	246	33	36
53	246	35	38
55	247	32	36
53	249	34	33
53	247	33	35
55	248	33	34
53	249	35	34
52	249	36	36
57	251	36	37
55	248	34	36
56	249	33	39
56	248	34	37
53	249	36	39
53	251	38	41
62	253	32	41
55	250	34	36
53	247	34	36
55	248	33	34
56	250	33	36
52	249	37	33
55	249	35	39
55	245	34	41
55	248	35	42
54	248	38	43
55	250	41	43
53	242	41	49
53	236	41	57
51	228	43	64
50	225	45	66
54	221	50	70
46	224	47	68
53	223	45	71
50	225	43	67
49	231	46	61
50	230	45	61
50	233	44	60
50	231	44	62
51	230	43	62
50	234	44	58
51	238	42	57
51	232	41	61
49	227	46	67
43	228	54	66
48	227	50	68
42	225	52	69
48	232	47	62
49	230	45	64
49	232	46	62
49	229	46	66
44	230	51	65
46	235	53	62
44	225	49	71
46	234	49	64
49	231	47	64
47	224	49	69
49	230	48	66
47	232	49	64
47	233	47	62
49	237	45	59
48	239	46	57
51	231	48	63
45	228	52	69
43	227	53	70
43	230	55	69
52	221	73	78
54	209	88	98
74	184	93	118
16	129	197	168
163	366	202	145
123	337	195	162
255	393	196	118
231	402	207	104
234	399	185	112
214	401	113	110
236	412	70	81
239	423	50	70
239	427	48	63
241	427	46	62
241	426	45	63
242	428	45	61
241	426	45	62
241	427	45	61
241	428	45	61
242	426	45	62
241	424	46	65
242	425	45	67
241	423	46	67
241	425	46	67
241	422	46	69
241	422	47	68
241	422	46	68
241	422	47	67
241	426	47	64
241	425	46	66
241	425	46	65
241	426	46	63
242	426	45	68
242	425	45	70
242	427	46	66
242	431	45	64
242	427	46	60
242	425	45	63
242	425	45	66
242	427	46	63
242	426	45	64
242	424	45	67
242	424	45	66
242	429	45	63
241	426	46	65
241	422	46	68
241	420	47	71
242	424	47	70
241	422	47	71
241	422	47	70
241	421	47	70
242	423	47	67
242	423	46	67
242	424	46	65
241	424	47	63
242	422	47	67
