361 232 20 20
360 230 19 19
360 228 18 17
360 226 18 15
357 223 19 16
355 220 20 17
355 218 19 16
354 216 19 17
352 213 18 17
353 211 18 16
351 208 18 17
350 206 18 15
347 212 18 18
348 232 19 18
345 252 18 17
344 254 17 16
344 251 17 16
342 250 17 15
342 248 18 15
340 245 17 16
337 241 18 16
337 238 17 17
335 237 17 16
335 235 18 16
333 232 18 15
332 230 18 16
331 229 19 15
329 225 18 16
327 224 18 16
327 221 17 15
326 220 17 16
323 216 18 16
322 216 18 16
322 212 19 17
322 211 18 16
320 209 18 16
318 207 17 16
318 204 17 16
317 203 17 15
315 200 17 16
308 187 17 15
309 194 16 17
306 213 17 18
307 235 16 19
304 245 17 17
303 243 18 17
301 240 17 17
301 240 18 15
301 236 17 16
299 234 17 15
297 232 17 15
296 231 18 16
294 227 17 16
294 226 17 16
294 225 17 15
292 223 17 14
291 220 17 15
289 217 17 16
289 215 17 16
287 213 18 16
286 210 18 16
284 207 18 16
285 206 19 17
283 204 17 16
282 202 17 16
281 200 17 16
280 198 18 15
278 195 18 16
277 194 17 15
277 190 17 15
278 206 17 16
275 225 16 18
276 247 16 17
273 253 17 17
273 250 18 16
271 249 17 15
269 245 18 15
269 243 17 16
268 242 17 15
268 240 17 15
266 237 17 15
266 236 18 15
264 233 18 16
263 231 17 15
263 230 17 16
261 227 18 16
260 225 18 16
259 221 18 17
258 221 19 16
256 219 18 16
255 217 18 17
255 216 18 16
252 212 19 17
252 210 19 17
249 209 19 17
249 208 19 16
248 205 19 17
247 204 18 15
247 203 18 15
245 200 18 16
244 198 18 16
243 196 17 15
243 197 17 17
242 219 18 18
241 239 18 18
238 258 19 17
239 257 17 15
237 256 18 14
235 251 19 17
235 251 19 16
234 247 18 17
232 247 18 15
232 246 18 15
231 243 19 16
229 241 19 16
229 239 18 16
227 239 19 15
227 236 19 17
226 233 18 16
225 232 19 17
224 231 18 16
223 227 18 16
222 227 17 17
222 225 18 15
220 223 19 16
219 221 18 15
218 219 19 16
217 216 19 17
216 213 18 17
215 212 18 17
214 209 19 17
213 207 19 17
212 206 18 17
213 204 18 15
211 203 18 16
211 199 18 17
211 198 18 16
210 213 18 17
209 234 17 18
207 254 18 19
207 268 18 16
207 264 18 16
205 262 19 16
204 260 18 16
203 257 18 16
203 256 18 16
202 254 18 16
201 252 19 16
200 250 19 17
201 247 18 16
199 246 17 15
198 243 19 16
198 242 19 16
198 239 18 16
196 237 18 17
196 236 18 18
195 234 18 17
193 232 19 16
194 231 18 16
193 229 18 16
192 228 18 16
190 225 18 16
191 225 17 16
190 223 18 16
188 222 17 16
188 221 18 17
186 220 18 16
185 219 18 16
183 216 18 16
184 216 18 17
182 215 19 17
182 215 19 17
182 213 19 17
180 212 19 17
179 212 19 17
189 211 22 17
229 212 27 15
275 211 27 16
322 209 29 16
357 209 23 17
358 208 19 16
356 210 18 16
357 210 18 15
358 210 17 15
357 209 18 15
358 210 17 14
358 208 17 15
359 209 16 15
357 209 16 15
358 210 17 16
356 210 17 16
356 209 17 15
356 210 17 15
356 209 17 15
355 211 17 15
356 211 17 15
355 212 17 14
356 211 17 15
355 213 17 16
356 214 17 15
355 215 16 15
355 215 16 16
356 217 17 15
355 216 17 16
354 217 17 16
355 220 17 14
355 220 18 15
356 220 18 16
355 221 18 15
356 222 17 15
355 223 16 15
355 225 16 14
356 226 16 14
356 227 16 13
355 228 16 14
355 228 18 15
356 229 18 16
356 229 19 16
355 230 18 16
356 231 17 15
357 232 16 16
356 234 17 15
358 235 17 15
357 235 16 14
358 238 16 14
357 237 16 15
359 239 16 15
358 240 16 14
359 242 16 15
359 241 17 15
359 243 17 15
361 245 16 14
361 246 16 14
360 247 17 14
360 247 17 14
337 249 20 15
297 248 17 17
297 248 17 17
297 248 17 17
297 248 17 17
297 248 17 17
297 248 17 17
297 248 17 17
297 248 17 17
297 248 17 17
297 248 17 17
297 248 17 17
297 248 17 17
297 248 17 17
297 248 17 17
297 248 17 17
297 248 17 17
297 248 17 17
297 248 17 17
297 248 17 17
297 248 17 17
297 248 17 17
297 248 17 17
297 248 17 17
297 248 17 17
297 248 17 17
297 248 17 17
297 248 17 17
297 248 17 17
297 248 17 17
297 248 17 17
297 248 17 17
297 248 17 17
297 248 17 17
297 248 17 17
297 248 17 17
297 248 17 17
297 248 17 17
297 248 17 17
297 248 17 17
297 248 17 17
297 248 17 17
297 248 17 17
297 248 17 17
297 248 17 17
297 248 17 17
297 248 17 17
297 248 17 17
297 248 17 17
297 248 17 17
297 248 17 17
297 248 17 17
297 248 17 17
297 248 17 17
297 248 17 17
297 248 17 17
297 248 17 17
297 248 17 17
297 248 17 17
297 248 17 17
297 248 17 17
297 248 17 17
297 248 17 17
297 248 17 17
297 248 17 17
297 248 17 17
297 248 17 17
297 248 17 17
297 248 17 17
297 248 17 17
297 248 17 17
297 248 17 17
297 248 17 17
297 248 17 17
297 248 17 17
297 248 17 17
297 248 17 17
297 248 17 17
297 248 17 17
297 248 17 17
297 248 17 17
297 248 17 17
297 248 17 17
297 248 17 17
297 248 17 17
297 248 17 17
257 264 17 15
249 269 17 14
250 270 17 14
251 272 17 14
251 272 16 14
252 273 17 14
252 275 17 14
251 275 17 14
253 277 16 14
253 278 16 14
253 279 17 14
253 279 16 13
255 280 17 13
255 280 17 15
255 280 16 15
255 281 17 15
254 283 17 15
254 283 18 16
254 283 17 15
255 284 17 16
257 287 16 14
257 287 17 15
256 287 16 15
257 289 16 14
256 289 16 15
258 289 17 15
258 291 18 15
259 291 17 15
258 292 16 15
259 295 17 15
259 294 18 15
259 297 18 14
259 297 17 14
259 297 18 14
260 298 17 15
261 300 17 14
261 300 16 14
262 301 17 14
261 303 17 15
262 304 16 14
262 304 16 14
262 305 17 15
262 305 16 15
264 308 15 15
263 310 15 13
265 311 15 13
263 310 16 13
264 311 15 13
265 312 15 13
263 312 15 13
264 313 15 12
265 313 15 13
265 313 16 14
264 314 16 15
265 315 16 15
266 315 15 15
266 316 16 14
266 316 15 13
267 317 15 13
267 318 15 14
267 319 15 14
268 318 15 13
268 318 15 14
268 319 16 13
269 319 15 14
269 321 15 13
268 321 16 14
268 320 17 14
270 322 16 13
268 321 17 14
271 321 16 13
271 323 15 11
271 322 16 12
271 324 16 13
271 323 17 13
271 325 16 12
272 323 16 13
271 324 16 13
272 324 15 13
274 325 15 13
273 325 15 13
274 324 14 13
273 325 15 14
275 325 15 14
274 325 15 14
276 325 14 13
275 325 15 14
275 325 16 13
276 326 16 13
276 327 15 12
276 327 15 12
277 325 15 12
277 327 16 12
277 326 15 12
276 326 15 11
277 326 15 12
277 325 15 12
277 325 15 12
277 326 15 11
278 326 16 12
277 324 17 13
278 323 17 14
277 322 17 15
279 323 17 15
278 322 17 16
279 323 16 15
280 324 16 14
280 323 16 14
280 323 17 14
280 323 15 15
280 322 15 15
280 322 16 15
281 324 16 15
280 324 16 15
281 323 16 14
281 325 16 14
281 325 17 14
281 323 17 15
281 323 16 17
281 323 17 17
283 326 16 15
282 324 19 16
281 326 17 16
281 326 16 16
282 326 17 16
283 325 17 17
281 327 18 16
281 327 18 15
282 328 18 15
282 328 17 15
282 328 16 15
283 329 16 15
284 329 15 15
282 330 16 14
283 329 16 15
282 330 15 15
283 330 16 15
282 330 16 16
284 331 16 15
282 331 16 15
284 334 16 14
284 334 16 15
282 333 16 16
284 334 16 14
284 334 16 14
284 334 17 16
285 335 16 15
285 337 15 15
285 338 16 15
284 336 17 15
283 337 17 16
284 338 16 15
283 339 16 16
283 339 16 15
285 341 16 16
284 341 17 15
283 342 17 15
285 343 17 16
284 343 17 16
285 344 16 15
284 345 17 15
284 346 16 14
285 346 16 14
283 346 16 15
285 348 16 14
284 349 16 14
285 349 16 15
286 351 16 14
284 350 16 15
285 351 16 15
285 353 16 14
283 354 17 15
285 345 15 16
284 322 16 18
284 301 16 18
286 280 16 16
286 276 16 14
286 278 15 14
285 279 16 14
287 282 15 15
286 282 15 16
286 283 15 15
286 285 15 14
287 286 16 15
287 286 16 14
286 286 16 16
287 287 18 16
288 289 17 16
288 290 17 15
288 291 16 15
289 291 15 15
289 292 15 15
289 294 15 15
290 296 15 15
290 297 15 15
291 297 16 15
290 299 17 16
290 299 18 16
291 299 16 15
290 301 16 15
291 304 16 15
291 303 16 15
292 304 16 15
292 306 16 15
292 307 16 15
292 309 16 14
292 308 15 14
294 311 15 13
294 311 15 13
293 312 16 14
292 312 17 15
293 314 17 14
293 315 17 15
294 316 16 14
296 318 15 13
295 318 15 14
295 320 16 14
296 320 16 15
296 321 16 15
295 322 16 14
297 323 16 14
296 324 17 15
297 325 16 13
298 328 15 12
297 327 15 13
298 328 15 13
297 329 15 13
298 331 16 14
299 330 16 15
298 312 16 17
299 291 16 17
299 281 16 16
300 283 14 14
300 284 15 13
299 285 15 13
300 287 15 13
301 287 15 14
301 288 15 14
300 289 16 15
301 290 15 15
303 293 15 12
303 293 15 14
303 294 15 13
302 296 15 12
303 297 15 12
303 298 15 13
304 300 15 14
303 301 16 13
304 302 15 13
304 303 15 12
304 304 15 13
304 305 15 13
304 305 15 13
304 306 16 12
305 306 16 14
306 307 16 14
305 309 16 13
307 311 14 13
305 311 14 13
306 311 16 13
306 312 15 13
305 314 16 12
306 315 15 13
308 314 14 13
308 315 14 13
308 318 14 12
306 317 15 13
306 319 15 13
307 319 15 14
307 320 16 14
308 321 16 14
308 323 16 14
308 322 15 15
307 322 15 14
308 325 15 14
308 326 15 13
310 327 15 14
310 327 15 13
309 328 15 12
309 324 16 15
309 300 16 17
311 280 15 16
310 277 15 13
309 280 15 13
309 279 15 13
310 281 15 13
310 282 15 12
310 282 16 13
311 284 16 13
310 285 16 14
312 286 14 14
311 287 15 13
312 289 14 13
313 291 15 12
311 290 15 14
312 290 15 14
312 292 14 13
313 293 15 13
313 294 15 13
312 294 15 13
314 296 15 14
312 297 15 13
314 298 15 13
312 299 16 14
313 299 16 14
312 300 16 14
313 301 16 14
314 302 14 14
312 303 16 15
313 303 16 15
313 306 15 14
313 307 16 14
314 308 15 13
314 309 16 14
312 309 16 14
314 310 15 13
314 312 16 14
313 312 15 14
313 312 16 15
314 313 15 15
314 315 16 14
313 316 16 14
314 317 16 14
313 317 16 15
314 318 15 15
314 319 16 15
313 320 16 15
313 321 15 14
314 322 16 15
313 322 17 15
314 324 15 15
314 325 16 14
315 327 15 14
315 308 14 15
314 286 14 16
315 265 15 16
315 245 16 15
314 245 16 15
314 247 16 14
315 249 16 14
315 251 15 12
316 252 15 13
316 252 15 13
316 254 14 13
316 255 14 13
316 254 14 14
315 256 15 15
315 256 16 15
316 259 15 14
315 259 16 14
314 261 16 14
316 262 16 13
316 263 15 13
317 265 15 14
317 266 15 13
317 266 15 14
317 267 14 14
316 270 16 14
317 271 15 13
316 271 15 14
315 272 14 14
317 273 14 14
316 275 14 13
316 275 15 13
315 276 16 13
315 278 16 14
317 278 16 15
317 279 15 14
316 280 15 14
316 282 15 13
316 283 15 13
316 285 14 13
317 285 14 13
317 285 15 14
316 287 15 14
316 286 16 15
316 289 15 14
315 288 15 15
315 289 15 15
315 290 16 14
317 293 15 14
316 293 15 14
316 294 15 14
315 295 15 15
315 297 15 14
315 297 16 14
315 298 15 13
316 300 15 13
315 300 15 14
315 300 15 14
316 303 15 13
315 304 15 14
316 305 15 13
316 306 15 13
315 306 15 13
316 308 15 14
316 308 16 14
316 309 15 13
315 309 17 14
315 310 16 15
315 311 17 14
317 313 16 14
317 314 16 14
315 314 17 15
316 316 16 13
317 317 15 14
318 316 15 14
318 318 15 15
318 319 16 15
317 301 15 15
318 278 15 16
319 269 15 15
319 271 14 13
319 272 14 14
320 274 14 14
320 276 14 14
320 276 14 14
319 278 15 13
319 279 14 13
319 280 15 14
320 280 15 15
320 282 16 14
318 281 17 14
320 284 15 14
320 286 16 13
320 285 16 13
320 288 16 14
319 288 15 13
320 288 15 14
319 291 16 14
318 290 15 15
318 291 16 14
318 292 16 15
318 293 17 14
316 296 16 14
316 295 16 14
315 297 16 14
316 299 16 14
315 299 15 13
313 302 15 13
312 302 15 13
311 303 16 14
310 303 16 14
310 305 16 14
309 306 15 15
308 306 15 15
306 307 16 15
304 308 16 15
305 310 16 14
302 310 17 15
301 311 16 14
300 313 16 14
300 314 15 14
297 314 16 15
297 315 16 14
295 318 16 13
293 318 15 13
291 318 16 15
290 319 16 14
288 322 15 14
287 323 15 13
285 324 16 15
283 325 15 15
281 325 15 14
280 327 16 15
278 328 16 15
276 330 15 14
272 331 16 14
271 332 16 14
269 323 15 16
267 301 15 17
267 280 15 18
263 278 16 15
261 280 16 13
260 281 15 13
256 282 16 14
256 284 16 13
252 284 16 13
252 287 16 13
248 287 15 12
247 288 15 12
245 288 15 13
242 290 16 13
239 289 16 15
238 292 16 15
236 293 16 13
233 294 16 14
230 294 17 15
228 294 17 15
227 296 17 14
225 297 17 14
221 299 17 14
220 300 17 14
218 302 16 13
216 303 17 14
213 303 17 14
211 303 18 14
207 305 19 15
205 305 17 14
203 306 18 15
201 307 17 15
199 309 16 13
196 311 17 14
194 313 17 14
191 314 17 13
189 314 17 13
186 316 17 13
184 317 16 13
182 317 17 13
179 319 17 14
176 320 17 13
175 320 16 13
173 323 17 14
186 323 20 14
225 325 20 13
225 325 20 13
225 325 20 13
225 325 20 13
225 325 20 13
225 325 20 13
225 325 20 13
225 325 20 13
225 325 20 13
225 325 20 13
225 325 20 13
225 325 20 13
263 337 18 14
269 337 17 14
267 339 16 14
265 340 16 14
261 341 15 13
259 326 16 16
256 305 16 16
255 285 14 14
253 262 14 16
248 246 16 14
247 248 15 13
243 248 16 12
241 248 15 13
239 251 15 13
235 253 16 13
233 252 16 13
232 255 16 12
228 255 16 13
225 257 16 13
223 256 16 14
221 257 15 13
217 259 16 13
215 260 17 13
223 262 18 13
257 263 20 13
296 262 19 14
307 263 18 14
301 264 16 13
300 266 16 13
299 268 15 13
297 270 16 13
295 271 16 13
294 271 15 13
291 273 16 13
288 273 16 14
286 275 16 14
284 277 17 14
280 276 17 14
278 278 16 13
277 279 16 13
274 279 16 13
271 282 16 12
269 281 16 13
266 283 15 12
264 285 16 12
260 285 16 13
259 285 16 13
256 287 15 12
254 288 16 13
252 288 15 13
250 289 15 13
247 290 16 14
245 290 16 14
241 291 17 14
240 292 17 14
236 292 17 14
234 294 16 13
232 295 17 14
230 297 16 13
226 295 15 13
224 298 16 13
236 297 18 13
273 299 16 13
273 299 16 13
273 299 16 13
273 299 16 13
273 299 16 13
273 299 16 13
273 299 16 13
273 299 16 13
273 299 16 13
273 299 16 13
273 299 16 13
273 299 16 13
273 299 16 13
273 299 16 13
273 299 16 13
273 299 16 13
273 299 16 13
273 299 16 13
273 299 16 13
273 299 16 13
273 299 16 13
273 299 16 13
273 299 16 13
273 299 16 13
273 299 16 13
273 299 16 13
273 299 16 13
273 299 16 13
273 299 16 13
301 266 15 9
299 262 14 11
297 261 14 12
293 263 15 12
292 264 14 11
289 264 15 12
286 265 14 12
284 266 13 11
281 267 14 12
278 268 16 13
277 268 16 12
276 270 14 11
272 271 14 11
269 271 15 12
268 272 16 13
266 273 14 12
263 273 14 12
263 275 14 11
260 275 14 12
257 275 15 12
256 275 14 12
254 277 14 12
251 278 14 11
249 277 14 11
248 279 13 11
246 279 15 12
243 279 15 12
241 280 15 12
240 280 15 12
238 280 15 12
236 281 14 12
235 281 14 11
234 282 15 11
231 282 15 12
228 283 16 11
228 283 16 11
254 284 19 11
254 284 19 11
254 284 19 11
254 284 19 11
254 284 19 11
254 284 19 11
254 284 19 11
254 284 19 11
254 284 19 11
254 284 19 11
254 284 19 11
254 284 19 11
254 284 19 11
254 284 19 11
254 284 19 11
254 284 19 11
254 284 19 11
254 284 19 11
254 284 19 11
254 284 19 11
254 284 19 11
254 284 19 11
254 284 19 11
254 284 19 11
254 284 19 11
254 284 19 11
