292 319 63 27
302 320 61 26
319 322 62 23
335 323 58 23
349 322 57 23
364 321 58 26
376 322 57 24
370 321 62 25
361 319 63 26
356 319 63 27
349 318 62 28
346 320 59 24
341 322 57 23
335 321 56 22
329 321 57 23
323 321 56 23
318 319 55 25
310 320 60 24
306 317 59 26
312 318 61 27
328 317 62 25
346 318 56 25
360 318 58 24
374 317 57 24
389 316 57 25
403 317 58 24
417 316 59 24
427 315 60 27
424 318 57 24
416 317 57 23
411 316 58 24
405 316 57 24
397 316 59 25
389 314 59 25
385 315 58 25
379 314 58 25
372 314 61 26
366 312 59 26
360 312 60 25
355 313 60 25
347 312 62 25
354 311 58 24
368 312 62 26
385 310 60 26
397 310 61 27
413 311 59 26
429 310 58 26
442 308 59 26
455 309 61 27
457 310 62 25
449 308 63 27
442 310 60 24
435 308 63 25
431 310 60 25
426 308 59 25
418 308 60 27
411 308 62 25
405 309 62 25
400 308 61 25
396 308 61 26
389 308 60 25
383 307 61 25
376 306 62 25
374 311 59 25
366 320 61 26
361 329 61 26
354 336 62 26
350 336 61 26
344 334 61 26
337 335 62 24
333 334 60 24
327 334 61 25
320 336 62 24
315 335 63 24
320 333 65 27
338 335 61 24
349 333 62 26
345 333 63 26
337 334 61 25
331 336 59 25
327 333 58 25
319 333 59 26
314 335 62 25
322 333 62 26
337 333 62 26
351 334 64 25
363 336 63 25
360 334 62 25
351 336 62 24
344 334 62 25
338 335 63 25
333 333 60 26
325 333 63 28
323 333 64 27
336 335 63 26
352 334 64 26
368 335 63 26
383 335 60 25
392 336 58 25
385 335 58 24
374 334 63 26
370 334 62 26
363 336 62 26
358 337 61 26
353 336 60 25
346 335 62 26
355 337 60 25
370 336 61 26
385 335 64 27
395 336 63 25
392 335 64 26
382 337 66 26
377 337 61 25
370 338 60 24
366 337 59 23
359 338 62 26
354 337 61 26
347 337 62 24
339 336 64 27
335 337 61 24
328 336 61 25
323 337 61 26
316 336 63 25
312 336 61 25
305 336 64 26
297 334 63 27
291 336 65 27
290 336 64 25
301 336 64 26
317 335 62 25
335 336 57 24
347 336 60 23
361 336 61 23
377 336 60 25
395 336 57 23
400 334 61 25
394 334 62 26
387 335 62 25
380 334 64 27
374 334 64 25
368 334 63 26
366 334 60 25
359 333 63 26
351 332 63 26
349 335 60 24
341 331 63 27
339 322 60 27
331 311 64 29
326 301 63 28
324 296 59 25
317 297 63 27
314 299 61 24
308 301 61 24
312 301 60 23
327 299 63 25
343 299 60 24
360 297 62 25
375 298 62 26
391 296 60 27
389 297 63 26
382 297 64 27
375 297 66 27
372 296 63 25
367 296 61 25
371 298 60 25
388 297 61 26
406 298 59 23
410 298 60 25
404 298 58 25
398 300 58 23
394 298 57 24
389 298 59 26
385 298 61 25
381 299 61 25
377 297 62 24
378 297 63 26
394 298 61 24
412 297 60 24
422 299 59 25
417 298 59 24
409 297 63 27
407 297 63 26
404 299 61 25
397 297 63 25
395 299 63 26
393 299 62 24
389 300 63 25
387 298 61 25
386 301 61 24
383 301 61 24
379 298 63 26
379 298 62 26
375 300 64 26
375 298 62 28
373 299 61 26
373 300 63 26
372 299 62 25
370 300 63 25
369 300 63 26
371 299 60 25
370 300 59 24
370 300 59 23
367 300 62 25
367 299 62 24
367 300 61 25
364 299 64 25
366 300 62 27
367 299 59 25
366 301 59 25
367 302 58 22
372 302 58 21
391 300 62 25
411 299 60 24
433 300 59 24
452 301 59 23
470 299 59 24
470 300 61 25
466 298 64 28
466 298 62 29
466 299 61 25
467 300 59 24
467 300 60 22
466 300 62 25
464 297 63 27
465 299 61 26
465 298 60 24
466 300 60 26
466 299 60 25
462 298 63 26
464 299 65 27
462 297 64 26
463 298 64 26
464 299 63 27
465 297 60 26
466 298 58 25
465 298 58 24
464 298 59 26
463 297 59 25
464 298 58 25
459 299 59 26
438 296 61 27
417 298 62 26
409 299 61 25
412 298 62 27
411 297 63 27
412 298 62 26
411 297 62 26
412 299 60 25
409 299 62 24
410 299 58 24
410 298 59 25
410 301 60 24
408 299 58 25
407 300 59 24
405 299 62 26
405 299 61 25
404 299 60 24
405 301 58 24
402 300 62 24
400 298 64 25
391 300 63 26
368 296 69 30
347 297 67 30
341 300 65 26
342 298 63 27
344 301 63 25
342 300 61 24
342 300 62 26
345 300 56 24
342 302 57 24
341 301 58 22
340 303 59 23
339 302 61 25
334 300 64 27
335 302 61 26
334 302 59 24
332 303 60 23
331 303 64 24
330 304 63 27
329 315 63 26
328 324 62 27
328 330 60 25
327 329 60 26
326 329 61 25
323 329 62 26
324 330 61 25
320 327 63 26
318 328 63 26
318 328 61 27
318 330 59 25
316 329 61 27
315 330 62 27
314 332 59 24
314 332 59 25
311 332 60 24
315 331 61 26
325 330 65 27
322 330 64 27
314 333 63 26
310 332 65 26
310 332 63 28
310 333 60 25
307 334 60 24
304 333 62 25
302 334 64 27
301 334 63 27
300 335 63 26
299 334 62 26
297 336 61 26
295 336 62 26
294 335 63 27
294 337 60 25
291 337 63 25
291 338 61 25
290 338 59 25
286 338 63 25
285 337 64 27
285 339 62 27
299 338 64 26
319 340 64 26
337 340 60 24
343 340 60 26
339 339 60 26
335 340 63 27
332 340 63 27
330 340 62 25
328 340 64 26
326 341 61 25
324 341 64 26
324 340 60 26
324 341 58 25
321 342 59 25
319 340 60 26
317 341 60 25
315 340 58 26
312 340 60 28
311 340 62 29
308 339 64 28
307 341 66 27
307 340 62 26
307 340 61 26
305 340 65 27
305 340 60 26
305 341 59 24
303 340 61 26
303 340 61 26
305 341 59 24
302 339 61 25
302 340 60 25
300 340 64 24
302 337 59 26
302 338 60 27
300 338 62 25
300 337 63 27
299 335 64 27
298 336 65 26
300 337 63 25
300 336 62 26
299 335 62 26
300 336 59 25
299 335 63 24
300 335 64 25
319 333 63 27
333 335 61 24
331 334 60 25
327 333 63 26
328 333 63 24
328 331 63 26
328 333 64 27
328 330 62 27
326 330 65 27
327 332 61 27
328 330 62 25
329 331 60 26
328 329 61 27
327 330 61 28
328 331 61 25
327 331 63 26
327 330 62 26
326 331 64 26
328 331 64 27
326 331 65 27
328 331 63 26
329 332 61 27
330 331 58 26
330 332 62 24
329 332 63 26
328 331 63 26
327 330 64 26
329 332 62 26
329 331 61 25
329 332 65 27
328 330 63 27
330 331 60 27
330 332 60 26
329 332 62 26
328 330 62 26
329 332 60 27
329 331 62 27
329 332 60 26
328 331 60 26
328 332 60 26
328 331 61 26
328 332 63 27
327 332 61 26
327 332 62 27
324 331 62 26
326 332 62 26
326 333 61 25
325 331 61 25
324 332 60 26
322 331 63 26
320 332 64 26
320 332 65 26
321 332 63 26
320 333 63 27
317 332 65 26
317 332 67 27
315 333 64 26
319 333 60 25
317 334 60 25
315 332 59 26
314 331 61 28
312 333 64 26
313 333 62 26
312 333 61 27
310 334 60 24
310 336 62 24
308 335 61 25
308 335 60 25
307 335 62 27
305 335 65 29
302 333 65 30
304 335 63 30
302 335 63 30
304 335 57 29
300 336 63 28
300 335 61 28
297 335 61 28
297 338 57 27
294 337 61 26
293 335 61 28
290 337 63 28
288 336 64 28
290 337 60 27
287 338 61 28
285 339 64 27
285 339 61 26
285 340 60 27
282 340 61 26
280 341 60 28
279 340 61 28
278 340 61 26
277 342 59 27
273 341 61 26
274 343 57 26
271 342 61 28
270 344 61 26
268 344 63 28
268 344 60 27
264 344 63 27
263 344 63 28
263 347 58 26
262 345 58 29
258 347 63 28
258 348 60 26
257 347 60 27
256 348 59 29
253 349 62 26
263 349 64 29
284 351 60 27
300 350 63 28
300 350 65 30
298 352 61 27
296 353 60 26
296 355 56 25
292 353 61 28
291 353 61 29
288 354 62 29
286 355 64 27
284 355 62 27
281 354 64 29
280 356 63 27
279 357 61 26
279 358 60 26
276 359 62 27
275 359 61 26
271 360 64 28
271 360 62 28
271 360 62 26
272 363 58 26
281 361 63 27
303 361 61 27
325 364 56 26
342 362 57 26
360 364 57 25
360 365 60 27
355 363 60 28
352 366 60 26
350 364 61 27
349 367 60 25
346 366 61 27
344 367 61 27
342 365 60 28
340 368 60 26
337 366 62 27
336 368 60 27
335 367 60 28
333 366 60 28
332 368 60 27
328 366 61 27
327 367 60 28
328 368 57 27
325 367 59 27
324 367 59 26
321 368 59 25
318 367 60 25
317 368 61 26
315 367 62 27
312 366 62 26
311 367 62 27
307 367 64 27
306 366 62 27
304 367 62 28
302 365 61 29
303 367 56 27
300 367 59 28
297 367 61 27
294 365 65 29
292 366 65 28
292 368 62 26
289 367 63 26
288 366 61 28
287 366 60 26
283 366 64 28
281 366 63 29
280 366 63 28
276 366 65 27
277 366 62 26
277 367 60 25
273 367 62 26
270 366 63 27
266 365 66 28
267 366 62 25
265 366 63 26
262 364 65 29
262 362 60 30
259 364 61 29
259 363 60 27
257 366 61 25
268 364 60 26
289 363 57 26
309 363 58 24
326 363 63 29
346 362 60 27
360 361 63 28
358 359 62 29
355 360 62 28
357 362 59 28
353 361 62 27
354 361 61 27
353 360 62 27
354 363 58 24
352 360 57 25
351 360 60 28
351 361 58 25
349 360 62 26
351 360 61 27
350 360 57 25
349 359 59 26
351 359 61 27
349 358 60 28
348 359 63 27
349 358 63 28
347 356 64 29
347 358 61 26
348 359 61 25
348 359 62 26
349 358 60 25
350 358 59 25
349 358 62 27
348 357 62 27
350 357 61 26
350 358 59 27
350 357 60 26
347 357 64 29
347 356 64 28
348 356 62 28
350 357 61 27
351 356 59 28
351 355 61 28
366 356 61 27
385 356 63 29
392 356 62 27
391 356 59 26
389 357 62 27
386 355 68 29
388 359 62 26
387 357 65 27
389 358 64 28
389 358 62 27
389 355 63 28
387 357 62 28
387 357 64 26
390 357 60 27
390 358 60 26
391 357 58 26
390 357 62 28
390 358 60 27
391 358 62 27
392 358 58 27
391 357 61 27
391 355 59 29
390 355 63 30
391 358 62 27
393 359 60 25
393 359 60 27
393 360 58 26
391 359 62 28
392 358 61 28
393 358 62 28
392 359 61 26
394 359 58 26
392 361 60 26
393 359 61 27
392 359 63 29
393 360 63 28
394 361 59 26
395 360 59 26
396 360 59 28
395 359 61 29
396 360 60 32
396 359 59 30
398 361 59 30
401 361 55 29
398 361 59 30
400 361 57 28
398 363 58 28
398 361 59 28
399 362 58 29
399 363 59 30
397 362 59 30
397 363 61 27
397 362 61 29
397 363 59 27
398 365 57 27
397 363 60 27
395 365 61 26
398 365 59 25
397 364 59 26
397 365 59 25
395 365 62 25
396 366 61 26
395 364 61 28
397 366 58 26
398 367 58 24
397 367 60 24
397 367 60 27
395 367 64 27
397 369 59 27
396 367 60 27
396 369 62 27
398 371 60 25
399 371 58 24
398 371 59 25
398 372 59 25
398 372 59 24
398 373 59 25
398 373 59 26
398 373 61 27
397 374 61 26
398 375 62 25
400 375 58 26
399 377 58 24
397 378 62 25
400 378 60 25
399 379 60 25
399 380 60 26
398 378 61 27
398 381 64 27
399 382 62 26
398 381 64 27
399 383 62 25
400 384 62 26
399 385 62 26
401 385 58 25
401 385 61 25
400 386 62 26
400 388 60 26
400 388 63 26
400 387 64 27
401 387 61 28
400 389 61 26
399 390 63 27
403 392 60 25
402 392 60 25
403 394 59 24
402 394 59 24
401 392 62 27
400 391 63 28
402 394 59 26
402 395 60 26
401 396 63 25
400 395 64 26
404 396 62 27
405 397 58 27
405 399 59 25
405 398 57 26
402 398 62 26
404 399 62 26
403 399 63 27
404 400 61 26
403 400 61 25
404 401 63 26
406 402 60 25
406 402 59 26
405 402 59 25
406 403 60 25
406 404 60 24
405 404 61 25
406 404 61 25
407 403 60 26
405 404 63 27
408 404 59 26
406 403 63 29
407 405 60 25
405 404 62 28
407 406 60 26
408 405 58 24
409 407 58 24
407 406 60 25
408 406 61 25
408 406 59 25
410 407 57 25
410 406 57 26
409 407 60 26
409 406 59 26
411 406 58 26
409 406 60 26
407 406 62 26
408 406 59 27
406 405 65 29
408 407 62 26
408 406 62 27
410 408 61 26
409 408 62 26
405 405 66 29
410 408 60 26
409 407 62 26
410 409 61 26
409 408 61 26
409 406 61 28
411 408 58 25
411 407 58 26
410 406 62 29
411 407 59 28
411 406 60 27
411 409 61 26
412 407 60 26
412 409 60 27
410 407 63 27
410 407 65 29
409 407 65 29
412 407 63 26
413 407 58 26
412 406 61 28
413 408 60 26
413 406 59 29
413 406 61 27
413 405 62 29
414 406 60 29
413 407 62 29
412 406 63 29
414 406 62 29
414 406 63 29
416 407 57 27
415 408 60 27
415 409 60 25
413 407 62 26
416 407 58 28
415 408 59 27
418 408 58 26
414 407 61 27
417 408 59 27
416 407 60 27
417 408 60 27
418 407 58 27
418 409 58 27
418 409 57 26
420 408 57 26
418 408 59 28
419 407 59 28
416 408 62 30
416 407 63 29
417 408 61 27
418 407 60 27
417 408 66 28
416 407 63 28
418 407 64 29
418 408 65 29
418 407 63 28
419 409 60 26
418 408 62 29
420 407 62 29
420 410 60 27
420 408 62 27
419 410 63 27
417 407 66 30
422 410 60 26
421 410 60 27
423 410 58 26
422 410 58 27
423 410 58 28
422 411 59 26
423 411 57 25
424 412 60 26
423 409 58 29
424 411 60 28
423 409 60 29
423 412 62 28
424 411 59 27
424 412 62 28
422 411 63 28
423 413 63 27
425 412 61 27
427 412 58 27
426 411 58 26
428 413 57 25
426 413 58 25
425 412 59 27
426 412 59 26
426 409 60 29
425 411 61 27
428 411 59 27
426 411 61 27
427 410 60 27
427 411 61 26
428 411 61 28
429 411 60 26
428 410 59 27
430 410 59 27
430 411 59 28
429 412 59 24
428 410 60 25
427 408 62 29
430 410 60 27
429 411 61 27
431 410 57 25
429 409 62 27
429 409 62 27
430 408 61 28
431 409 59 25
431 410 58 26
432 409 56 26
431 408 59 26
430 408 62 27
428 407 63 27
430 407 60 26
431 409 60 25
430 406 59 26
432 404 62 29
432 405 60 27
431 406 60 27
430 403 61 28
432 405 59 25
430 404 61 28
433 403 59 28
430 403 63 27
429 403 63 26
429 402 65 28
431 401 63 27
433 403 59 25
433 402 59 25
431 401 62 28
430 400 61 26
431 399 61 27
432 402 62 26
432 400 61 27
433 401 59 24
432 399 59 26
434 401 58 24
433 398 60 27
433 398 58 25
434 398 58 26
433 397 61 27
431 397 64 28
432 397 64 27
434 396 59 25
432 394 61 28
435 397 60 27
435 395 61 27
434 395 58 26
435 396 59 25
433 396 60 25
434 394 62 28
434 393 62 29
433 392 64 28
435 393 60 26
433 395 63 26
433 393 62 26
435 392 59 27
436 391 60 27
436 391 58 28
434 391 61 28
436 390 59 26
438 391 58 26
437 390 60 27
438 390 58 26
438 391 59 25
436 388 61 27
439 390 56 25
438 390 57 23
437 387 62 26
435 385 64 28
438 388 60 25
439 388 58 25
438 386 60 26
439 386 60 27
437 385 59 26
436 384 63 27
437 385 61 27
439 384 58 25
439 383 59 25
438 382 61 26
437 381 63 26
436 382 65 26
437 380 63 27
438 380 62 27
439 380 61 27
439 382 61 25
437 380 64 25
437 379 64 26
437 379 64 27
440 379 59 26
430 377 63 27
410 379 62 26
391 380 59 25
372 380 58 25
360 379 61 27
362 379 61 24
364 377 63 26
364 365 61 26
365 354 59 29
364 348 61 27
365 351 61 26
364 351 60 25
363 352 62 25
365 352 62 25
365 351 60 25
364 352 60 25
363 351 63 24
365 350 62 24
364 350 62 27
365 350 62 25
364 350 62 25
365 349 61 25
364 348 61 27
366 349 61 24
366 348 63 26
367 349 61 26
367 346 59 26
367 335 59 27
368 325 57 27
368 316 61 26
365 310 64 26
367 310 61 27
368 312 59 26
367 311 61 26
367 311 62 26
368 310 60 25
369 311 60 25
368 310 59 25
353 309 61 25
332 310 63 25
315 307 60 24
314 307 62 26
317 306 62 26
319 307 61 24
318 306 60 25
319 306 59 23
320 305 58 24
319 303 60 25
319 303 62 25
319 302 62 25
318 302 64 25
318 301 65 25
320 300 60 26
321 299 63 25
321 299 60 24
322 298 61 25
321 296 61 25
320 286 63 26
321 274 61 27
325 265 58 24
323 256 60 25
324 257 58 25
323 259 59 24
322 257 60 25
325 258 58 25
323 257 59 24
