289 317 52 48
289 319 53 46
294 320 54 45
296 319 55 46
298 319 55 45
302 320 55 44
304 321 56 45
307 321 55 44
309 320 54 44
313 321 54 45
315 320 54 44
317 320 56 45
320 322 54 45
323 321 53 44
327 322 54 44
328 320 55 46
331 320 54 46
332 322 55 45
334 321 55 44
294 323 63 45
294 323 63 45
294 323 63 45
294 323 63 45
294 323 63 45
294 323 63 45
294 323 63 45
294 323 63 45
294 323 63 45
294 323 63 45
294 323 63 45
294 323 63 45
294 323 63 45
294 323 63 45
294 323 63 45
294 323 63 45
294 323 63 45
294 323 63 45
294 323 63 45
294 323 63 45
172 310 53 51
152 314 57 46
156 315 57 44
156 314 59 45
160 316 56 45
161 317 57 45
163 317 57 45
166 317 57 46
168 320 57 44
169 321 57 44
171 319 57 45
174 321 56 45
175 321 58 45
179 323 56 46
180 325 56 44
180 325 57 44
184 327 56 45
186 328 56 45
188 328 58 44
190 329 57 44
192 330 57 44
194 332 56 44
196 333 56 45
198 333 57 45
199 334 57 45
202 334 58 45
203 335 58 45
204 337 57 46
205 338 58 45
209 340 56 44
210 340 57 43
212 341 56 44
214 343 56 44
218 342 57 45
218 343 57 46
221 347 57 44
223 348 57 44
225 349 55 45
226 349 57 45
228 352 56 44
227 351 58 46
233 329 57 51
237 247 58 48
240 249 57 46
243 250 56 45
242 250 57 47
245 252 56 46
246 253 58 47
248 255 57 44
248 257 57 46
251 257 56 47
253 257 57 46
255 260 57 45
255 260 58 46
256 260 58 46
260 262 55 46
260 264 58 46
260 264 57 45
261 264 56 45
263 265 58 45
263 268 56 46
265 266 58 47
266 267 59 46
268 270 58 44
267 269 59 45
270 271 58 46
272 271 58 48
271 273 59 46
273 274 57 45
276 275 57 45
275 275 57 46
277 277 56 45
278 277 57 46
280 280 57 45
281 280 56 45
283 282 57 46
282 281 57 46
284 284 56 45
286 285 57 46
286 287 58 46
288 288 56 45
287 289 58 45
291 290 56 46
290 292 57 45
292 293 56 45
293 294 56 45
293 297 57 46
294 297 58 46
294 300 58 47
298 300 58 47
298 303 56 46
298 304 56 45
299 305 58 47
301 309 57 45
303 309 59 46
303 310 55 46
304 313 58 47
304 314 57 47
305 315 58 46
307 318 58 46
308 318 57 47
309 321 59 45
309 322 58 46
311 323 57 47
312 324 57 47
311 326 57 46
313 328 58 46
314 326 58 48
316 295 56 49
323 187 56 45
322 190 58 45
323 189 59 46
324 192 57 45
326 191 57 46
326 194 56 46
328 195 58 45
327 195 56 47
328 197 55 45
328 199 57 46
330 199 57 45
332 201 57 45
333 203 56 46
333 203 58 45
333 205 58 46
337 206 58 44
338 208 56 46
336 208 59 46
338 209 57 45
338 211 56 45
340 211 57 46
342 212 57 45
342 213 57 46
343 214 56 45
344 214 58 45
345 216 57 45
345 216 57 44
347 216 57 45
348 217 57 46
348 217 58 46
348 218 59 46
351 219 56 46
349 220 58 46
350 221 58 46
352 221 58 46
353 224 57 45
354 225 58 47
354 225 58 46
354 226 58 45
356 225 60 46
357 229 58 45
357 229 58 46
358 231 58 44
358 229 58 46
359 231 57 45
360 233 58 46
361 233 59 46
361 234 58 45
361 234 58 45
362 232 58 47
363 234 57 45
364 234 59 45
363 233 58 45
366 232 56 47
363 234 56 46
364 232 57 46
365 232 57 45
366 232 57 46
367 233 57 46
365 232 57 45
366 232 58 47
367 232 58 47
367 233 57 45
368 232 58 47
368 233 56 46
368 232 56 46
350 231 64 46
350 231 64 46
350 231 64 46
350 231 64 46
350 231 64 46
350 231 64 46
350 231 64 46
350 231 64 46
350 231 64 46
350 231 64 46
350 231 64 46
350 231 64 46
350 231 64 46
350 231 64 46
350 231 64 46
350 231 64 46
350 231 64 46
350 231 64 46
350 231 64 46
350 231 64 46
350 231 64 46
350 231 64 46
350 231 64 46
350 231 64 46
350 231 64 46
350 231 64 46
323 229 59 46
321 230 58 47
326 229 58 47
327 230 59 47
328 230 60 47
328 230 58 47
329 230 59 46
330 230 60 47
330 231 59 47
331 231 60 47
333 230 60 47
335 231 60 47
332 230 59 47
335 231 59 47
338 232 60 47
337 231 60 47
337 233 61 47
338 231 61 47
340 234 60 47
341 232 61 48
342 234 61 47
344 233 61 47
344 234 62 47
346 234 62 47
347 234 62 46
348 234 63 47
351 235 62 46
349 235 61 46
354 236 60 46
357 236 60 47
357 235 62 46
359 235 62 47
360 236 61 48
363 236 61 47
362 235 63 47
366 237 62 45
369 237 60 46
371 237 61 47
372 238 61 47
375 238 61 47
378 238 62 47
380 237 61 46
382 239 61 48
385 240 60 46
390 238 60 46
390 238 60 46
390 238 60 46
390 238 60 46
390 238 60 46
390 238 60 46
390 238 60 46
390 238 60 46
390 238 60 46
390 238 60 46
390 238 60 46
264 242 45 40
258 242 53 45
256 240 61 48
261 240 61 48
265 240 61 46
271 239 60 48
275 238 60 50
280 239 60 48
287 240 59 47
292 240 61 47
296 240 61 47
301 238 61 48
308 240 61 47
313 238 61 47
320 238 62 47
325 238 60 48
330 235 60 49
337 238 62 46
344 239 60 47
350 238 61 47
354 238 60 47
354 238 60 47
354 238 60 47
354 238 60 47
354 238 60 47
354 238 60 47
354 238 60 47
354 238 60 47
234 233 54 45
213 237 61 46
219 236 63 47
228 237 61 47
236 235 62 49
243 236 61 47
252 237 62 47
258 237 61 48
266 237 61 48
277 240 61 46
283 241 61 46
292 242 60 46
292 242 60 46
292 242 60 46
292 242 60 46
292 242 60 46
292 242 60 46
292 242 60 46
292 242 60 46
292 242 60 46
292 242 60 46
292 242 60 46
292 242 60 46
292 242 60 46
292 242 60 46
292 242 60 46
172 249 56 48
152 258 61 44
159 259 60 43
168 260 61 43
175 260 59 43
184 261 61 45
189 262 62 42
195 261 62 44
204 262 61 47
210 267 61 42
217 267 60 43
222 267 62 44
229 269 62 43
234 269 61 45
238 271 61 44
232 272 64 44
232 272 64 44
232 272 64 44
232 272 64 44
232 272 64 44
232 272 64 44
232 272 64 44
232 272 64 44
232 272 64 44
232 272 64 44
232 272 64 44
232 272 64 44
232 272 64 44
232 272 64 44
194 302 63 45
191 303 61 45
196 306 61 44
201 307 62 45
201 310 62 45
202 311 62 46
203 314 62 45
205 315 59 46
205 318 61 45
205 320 60 46
205 321 62 48
208 324 61 47
209 326 61 45
210 329 60 45
209 332 60 46
210 240 59 45
210 242 61 46
210 244 62 47
210 245 61 47
209 250 62 47
209 252 62 47
212 255 62 47
209 258 61 46
211 261 60 46
210 266 60 45
209 267 61 46
211 270 61 46
209 274 63 46
209 275 61 47
211 278 61 46
211 284 60 45
210 285 62 45
210 288 60 45
209 290 62 45
208 294 61 46
206 191 61 44
206 194 61 45
205 197 62 45
204 199 61 46
206 203 60 44
205 205 62 46
204 209 62 47
202 211 61 45
202 214 61 45
203 217 61 46
201 221 61 45
202 222 60 46
201 227 61 45
198 230 62 45
197 232 62 44
197 235 61 44
196 239 61 45
198 240 62 46
195 244 61 46
195 247 62 46
194 250 61 45
195 253 60 46
192 160 62 45
191 163 59 46
191 167 59 46
189 170 61 46
189 171 63 45
189 175 60 44
186 177 59 45
187 181 60 45
188 183 60 43
186 184 61 44
187 186 60 44
186 186 61 45
186 187 61 46
185 188 61 46
186 189 62 45
184 189 62 45
187 190 60 45
186 188 61 46
189 188 60 46
187 189 61 46
299 188 71 48
322 191 63 46
316 188 62 47
321 189 61 47
325 189 59 48
327 189 61 47
333 137 60 50
332 126 59 46
335 126 60 45
334 127 58 45
338 125 60 46
338 125 63 46
341 126 60 47
342 124 61 48
345 125 61 45
346 123 61 48
350 124 61 47
352 125 60 46
353 123 60 47
355 123 62 47
358 123 61 46
361 121 60 48
364 122 60 47
368 124 60 46
372 123 60 47
372 122 61 46
377 123 60 45
381 123 61 48
390 196 63 52
396 228 62 49
399 231 58 45
404 232 59 45
408 232 60 46
414 231 59 44
415 231 59 47
419 232 59 45
425 230 59 44
429 230 60 45
434 230 58 46
439 229 58 47
443 229 59 45
443 229 59 45
443 229 59 45
443 229 59 45
443 229 59 45
443 229 59 45
443 229 59 45
443 229 59 45
443 229 59 45
325 230 45 42
310 230 56 42
317 230 58 43
321 230 57 44
328 230 60 43
333 228 58 45
340 229 59 42
346 229 59 44
346 229 59 44
346 229 59 44
346 229 59 44
346 229 59 44
346 229 59 44
226 223 60 37
205 230 60 44
205 230 60 44
205 230 60 44
205 230 60 44
205 230 60 44
88 221 56 39
68 228 58 44
74 229 59 45
81 229 59 45
87 227 61 47
95 228 59 45
103 227 59 46
