0.047487
0.070972
0.064866
0.078323
0.077572
0.071432
0.072210
0.060180
0.074728
0.071301
0.070836
0.072371
0.070557
0.059206
0.074114
0.072510
0.070974
0.071499
0.071904
0.062213
0.081041
0.078492
0.073884
0.074969
0.078914
0.082359
0.075723
0.075583
0.070297
0.073319
0.073960
0.078794
0.077807
0.065347
0.076466
0.081902
0.071064
0.070722
0.073109
0.060955
0.061854
0.075222
0.076715
0.077624
0.074363
0.080328
0.075122
0.073965
0.073214
0.070899
0.070691
0.070348
0.070024
0.069836
0.070349
0.070564
0.070020
0.070694
0.076434
0.071779
0.070878
0.070751
0.069785
0.070431
0.070724
0.070429
0.070089
0.070227
0.080416
0.071749
0.070272
0.070369
0.070362
0.070850
0.070689
0.070831
0.070929
0.070608
0.070628
0.070596
0.070589
0.071851
0.071013
0.071045
0.070529
0.070739
0.070307
0.070585
0.070170
0.070252
0.070884
0.070667
0.070184
0.070197
0.070406
0.070484
0.070093
0.070699
0.070941
0.070850
0.070997
0.070544
0.070972
0.070441
0.070945
0.070983
0.070489
0.070737
0.070889
0.070627
0.070238
0.070333
0.070476
0.070929
0.070627
0.070967
0.070432
0.074257
0.058688
0.056621
0.068034
0.074678
0.069750
0.075410
0.071443
0.071183
0.070877
0.070984
0.071031
0.071356
0.071187
0.069875
0.071297
0.070576
0.070758
0.071357
0.071123
0.072020
0.070849
0.071164
0.071324
0.071111
0.070700
0.070864
0.071539
0.071226
0.070991
0.074249
0.070742
0.071385
0.071162
0.071223
0.070906
0.071124
0.071483
0.071136
0.070617
0.070682
0.070626
0.070505
0.071288
0.071371
0.070937
0.070761
0.071165
0.070871
0.071164
0.070791
0.070982
0.070940
0.071099
0.071282
0.070646
0.071286
0.070987
0.079948
0.067337
0.077087
0.073430
0.071183
0.071932
0.071937
0.072650
0.071814
0.071959
0.071637
0.071789
0.071081
0.071755
0.071363
0.071629
0.071301
0.071301
0.072033
0.071723
0.071558
0.071639
0.071404
0.071301
0.071683
0.071135
0.072368
0.071455
0.071957
0.073628
0.072525
0.071862
0.071569
0.071485
0.071885
0.071476
0.071485
0.071682
0.071358
0.071367
0.071247
0.071699
0.071612
0.071621
0.071979
0.071814
0.071361
0.071016
0.071473
0.071880
0.071462
0.071563
0.071176
0.071253
0.071226
0.071774
0.071916
0.071325
0.073148
0.071377
0.071435
0.069805
0.070038
0.070289
0.070201
0.069925
0.070265
0.069995
0.069323
0.070480
0.070529
0.070340
0.069918
0.070727
0.070693
0.075571
0.061436
0.075694
0.059488
0.058114
0.058151
0.088151
0.075845
0.070683
0.070167
0.077435
0.070089
0.081003
0.070736
0.070580
0.070408
0.073499
0.070288
0.070125
0.069950
0.070385
0.070086
0.070395
0.070040
0.070501
0.070106
0.070020
0.070944
0.070526
0.070293
0.074358
0.072660
0.057645
0.091234
0.075590
0.075084
0.057744
0.075479
0.075805
0.071391
0.070275
0.070437
0.070833
0.070579
0.070674
0.070231
0.070950
0.070563
0.070551
0.070789
0.070682
0.070966
0.070909
0.070882
0.071457
0.070680
0.073010
0.071203
0.070546
0.070268
0.070312
0.069849
0.070489
0.070396
0.070383
0.070873
0.070729
0.070564
0.070808
0.070594
0.070597
0.070259
0.070626
0.070126
0.070164
0.069910
0.070244
0.070187
0.070719
0.070436
0.070483
0.069567
0.070595
0.070565
0.070724
0.070057
0.070909
0.070415
0.070379
0.070264
0.070193
0.070293
0.070253
0.070699
0.070381
0.070032
0.070099
0.069965
0.070376
0.070154
0.070134
0.070988
0.070891
0.071092
0.070764
0.070655
0.070903
0.072571
0.071494
0.070736
0.070988
0.070784
0.070566
0.071280
0.070985
0.070720
0.070600
0.070589
0.070936
0.072026
0.071204
0.070791
0.072586
0.070968
0.070667
0.070964
0.071121
0.071522
0.071136
0.070980
0.070583
0.070904
0.072243
0.071382
0.070825
0.070886
0.070271
0.070543
0.070365
0.070514
0.070206
0.070679
0.070065
0.070687
0.070190
0.070790
0.070298
0.070716
0.070491
0.070564
0.111000
0.070719
0.070799
0.070864
0.080701
0.060142
0.072334
0.076202
0.077800
0.070216
0.069937
0.073094
0.081597
0.076770
0.078408
0.070701
0.073137
0.072517
0.070140
0.070176
0.070586
0.070142
0.059103
0.071249
0.076192
0.060136
0.073414
0.079961
0.076319
0.076478
0.073727
0.076016
0.057981
0.098015
0.073697
0.074940
0.073762
0.070388
0.070114
0.070101
0.070054
0.069474
0.070494
0.069818
0.070256
0.070560
0.070631
0.069830
0.070318
0.070180
0.070427
0.070384
0.070074
0.070611
0.070666
0.076199
0.074611
0.061920
0.089027
0.073210
0.072335
0.072398
0.070883
0.070790
0.071261
0.070606
0.071304
0.070662
0.070702
0.070866
0.070774
0.070766
0.070848
0.070963
0.070488
0.070283
0.070564
0.070524
0.070378
0.070617
0.070450
0.070310
0.070656
0.069811
0.070053
0.074790
0.082724
0.080327
0.076242
0.074262
0.071822
0.075700
0.077794
0.061657
0.072987
0.077584
0.063443
0.096774
0.079751
0.060041
0.074474
0.075922
0.072596
0.052930
0.079911
0.059381
0.060710
0.068862
0.073297
0.078995
0.058200
0.058570
0.071440
0.070838
0.071408
0.071065
0.071991
0.071869
0.071799
0.071636
0.071626
0.071899
0.071628
0.071308
0.072710
0.072673
0.058825
0.078471
0.076534
0.079959
0.079902
0.072998
0.092597
0.076416
0.072786
0.070784
0.070507
0.070894
0.070504
0.070947
0.071012
0.070580
0.070616
0.070383
0.070794
0.070895
0.070221
0.070938
0.070702
0.070560
0.071590
0.070887
0.070412
0.070270
0.070820
0.070784
0.070775
0.070742
0.070303
0.070632
0.069508
0.070705
0.070635
0.070604
0.070523
0.070297
0.070718
0.070953
0.070819
0.070942
0.070564
0.071004
0.070630
0.070216
0.070880
0.070401
0.070327
0.070577
0.070484
0.070584
0.070445
0.070995
0.070178
0.070729
0.070645
0.070645
0.070752
0.070677
0.070847
0.070185
0.070019
0.074594
0.076715
0.071970
0.074053
0.074006
0.073645
0.073784
0.073307
0.073743
0.074118
0.074056
0.077065
0.074216
0.074569
0.074174
0.074368
0.074191
0.074185
0.074907
0.073630
0.074406
0.071873
0.072541
0.076589
0.077046
0.077150
0.077324
0.077636
0.077868
0.077575
0.077456
0.077594
0.077211
0.077058
0.077206
0.077173
0.077583
0.070848
0.070622
0.070421
0.073518
0.070242
0.069955
0.072295
0.070401
0.069955
0.070123
0.070665
0.071182
0.076928
0.075251
0.098180
0.081231
0.075524
0.072938
0.075483
0.071472
0.071963
0.071335
0.070917
0.070397
0.070739
0.070827
0.070786
0.070160
0.070287
0.070598
0.072865
0.072297
0.070479
0.070527
0.070801
0.070767
0.070528
0.070373
0.070565
0.070825
0.070776
0.071885
0.070394
0.070339
0.070547
0.070435
0.070283
0.069977
0.070392
0.070224
0.070414
0.070372
0.070431
0.070396
0.070748
0.069837
0.070097
0.070291
0.069916
0.070280
0.070307
0.070534
0.070325
0.070468
0.070297
0.070315
0.070714
0.070276
0.070510
0.070255
0.069858
0.069240
0.082267
0.095061
0.071330
0.079814
0.061256
0.060142
0.074330
0.070229
0.072174
0.072672
0.070487
0.070265
0.060492
0.073207
0.070831
0.070584
0.071039
0.070713
0.071019
0.070600
0.070316
0.070471
0.070249
0.070359
0.070496
0.070843
0.070526
0.071070
0.070559
0.064919
0.061855
0.073081
0.073578
0.073419
0.073584
0.073296
0.072597
0.073470
0.073388
0.072931
0.073352
0.073474
0.073297
0.073489
0.072814
0.073566
0.073463
0.073755
0.073164
0.073231
0.073570
0.073502
0.073519
0.073199
0.072665
0.073692
0.073179
0.073152
0.073235
0.073462
0.073309
0.072910
0.073377
0.073423
0.073380
0.073150
0.073358
0.073597
0.073590
0.073348
0.073181
0.073538
0.073143
0.073536
0.073494
0.073661
0.073650
0.073364
0.073219
0.073745
0.073403
0.073386
0.073642
0.073659
0.073093
0.072945
0.073140
0.073286
0.073844
0.073106
0.073442
0.073226
0.072808
0.073376
0.073406
0.072916
0.073908
0.073300
0.073482
0.073557
0.113683
0.073319
0.073616
0.072536
0.073723
0.073613
0.073681
0.073582
0.073386
0.073387
0.073737
0.073632
0.073423
0.073465
0.073187
0.073069
0.073783
0.073405
0.073447
0.073272
0.072884
0.073486
0.073575
0.073808
0.073596
0.073407
0.073603
0.073551
0.073406
0.073404
0.073040
0.073364
0.073328
0.073270
0.073458
0.073009
0.073539
0.073674
0.073571
0.073578
0.072792
0.073527
0.073579
0.073438
0.073431
0.073125
0.073283
0.073489
0.073928
0.073202
0.073342
0.073536
0.073781
0.073701
0.073210
0.073653
0.073044
0.073904
0.073263
0.073372
0.073146
0.073437
0.073772
0.083002
0.079463
0.073934
0.076312
0.073501
0.073550
0.073649
0.073504
0.074933
0.074981
0.074845
0.075629
0.077911
0.077682
0.069876
0.059741
0.059692
0.061231
0.069939
0.059401
0.057070
0.078552
0.069992
0.074944
0.078496
0.074266
0.075061
0.079396
0.066129
0.072911
0.073319
0.073776
0.073211
0.073502
0.073095
0.073443
0.073242
0.073538
0.072985
0.073465
0.073280
0.073608
0.073447
0.073463
0.073184
0.073127
0.073054
0.073448
0.073593
0.073048
0.073555
0.073301
0.073223
0.073570
0.073885
0.073302
0.073648
0.073749
0.073253
0.073230
0.074394
0.077518
0.075413
0.080698
0.077400
0.060591
0.089973
0.073487
0.070613
0.074799
0.073862
0.058475
0.059980
0.057236
0.071516
0.060334
0.074632
0.070952
0.070046
0.070880
0.070843
0.070668
0.071332
0.071287
0.070768
0.070939
0.070690
0.071222
0.071011
0.070964
0.071316
0.070501
0.070730
0.071040
0.071211
0.070609
0.070936
0.071018
0.070900
0.071180
0.070486
0.071024
0.070651
0.070872
0.070774
0.070183
0.071129
0.070757
0.071154
0.070633
0.070789
0.070736
0.071064
0.070678
0.071348
0.070932
0.070824
0.071071
0.070768
0.071272
0.071295
0.071041
0.071104
0.069940
0.072087
0.070482
0.073007
0.074874
0.074599
0.074908
0.074381
0.074602
0.074446
0.074840
0.074596
0.074466
0.074576
