0.045294
0.082218
0.077188
0.061813
0.078764
0.076145
0.071459
0.071595
0.071266
0.071698
0.071027
0.071142
0.070919
0.071509
0.071272
0.071578
0.071793
0.070943
0.072983
0.071518
0.071227
0.073329
0.074647
0.074439
0.065797
0.075617
0.072276
0.072062
0.075341
0.074246
0.057450
0.071255
0.075263
0.073346
0.076905
0.076911
0.076634
0.077340
0.077266
0.077339
0.075912
0.077200
0.076832
0.076946
0.076829
0.076487
0.076607
0.076365
0.076432
0.076280
0.076618
0.076488
0.076545
0.076357
0.077020
0.076856
0.077180
0.077167
0.076790
0.076874
0.076514
0.076871
0.077210
0.076998
0.076742
0.076686
0.077325
0.076818
0.076735
0.077070
0.076509
0.077163
0.076581
0.076607
0.077266
0.076403
0.077172
0.076930
0.076411
0.077286
0.076313
0.077054
0.077417
0.076842
0.076788
0.076330
0.076446
0.076513
0.077216
0.076660
0.076989
0.077040
0.076480
0.076361
0.077202
0.077448
0.077022
0.077140
0.077054
0.077171
0.077336
0.080613
0.081467
0.081326
0.063046
0.075201
0.073762
0.078018
0.078602
0.078277
0.079587
0.075173
0.078748
0.075602
0.095668
0.081291
0.072886
0.071723
0.096491
0.059136
0.077471
0.059409
0.073647
0.071271
0.058224
0.062820
0.075402
0.073541
0.074684
0.073795
0.074049
0.074526
0.077224
0.060616
0.078252
0.060501
0.059229
0.074108
0.074838
0.074849
0.076566
0.075707
0.075436
0.076250
0.076094
0.077379
0.077575
0.077854
0.076784
0.078082
0.078285
0.077971
0.077798
0.077835
0.079976
0.077516
0.078088
0.077621
0.077881
0.077586
0.077957
0.077373
0.077928
0.078059
0.078512
0.079105
0.059731
0.081555
0.075953
0.071545
0.071506
0.071190
0.071242
0.076050
0.077834
0.075508
0.072824
0.062545
0.079384
0.076949
0.076516
0.082053
0.077648
0.061558
0.074777
0.071303
0.071645
0.071230
0.071174
0.071526
0.071755
0.071774
0.071679
0.071613
0.071315
0.079676
0.078011
0.058725
0.056380
0.056589
0.111988
0.072475
0.068613
0.068371
0.073235
0.075506
0.071146
0.069291
0.054135
0.076203
0.076878
0.058744
0.071712
0.077614
0.080323
0.074406
0.079939
0.075805
0.092018
0.074901
0.060945
0.080675
0.059292
0.072650
0.058575
0.059209
0.067015
0.072837
0.073752
0.072578
0.072587
0.072490
0.072916
0.072094
0.072937
0.072755
0.072760
0.075294
0.075493
0.072503
0.075269
0.075464
0.075303
0.072795
0.075153
0.075333
0.074484
0.080812
0.082834
0.086290
0.064773
0.064431
0.078270
0.077852
0.076270
0.076003
0.078253
0.076490
0.093170
0.075225
0.080385
0.079913
0.075543
0.074301
0.076099
0.099097
0.076413
0.075310
0.073970
0.074497
0.075972
0.080546
0.083077
0.075806
0.077062
0.074581
0.074177
0.066793
0.075341
0.068807
0.075852
0.067014
0.075548
0.075374
0.076674
0.076624
0.076175
0.076074
0.076469
0.082437
0.083252
0.083884
0.080377
0.074639
0.090379
0.075099
0.074300
0.075083
0.075953
0.075770
0.073120
0.076507
0.079069
0.076687
0.076483
0.077586
0.077659
0.077844
0.078133
0.077723
0.077586
0.077717
0.077563
0.077802
0.077583
0.077201
0.077163
0.077241
0.078066
0.077831
0.077573
0.077589
0.077572
0.078160
0.077213
0.077685
0.077693
0.077630
0.077569
0.077903
0.077221
0.077677
0.077662
0.077565
0.077907
0.077252
0.071601
0.057164
0.074317
0.066929
0.073280
0.080298
0.069495
0.076101
0.073079
0.074314
0.074072
0.074678
0.078968
0.076422
0.077991
0.080254
0.072730
0.072463
0.072503
0.072679
0.072645
0.072584
0.072767
0.073033
0.074127
0.072740
0.072361
0.072547
0.072723
0.072845
0.072076
0.072120
0.072337
0.072053
0.072670
0.072197
0.072486
0.072695
0.072345
0.072303
0.072754
0.072505
0.072279
0.072772
0.072661
0.072539
0.072594
0.071757
0.072610
0.057463
0.079951
0.077670
0.075430
0.071836
0.071431
0.053773
0.055804
0.072659
0.072771
0.072887
0.073000
0.071439
0.071938
0.071582
0.113386
0.072376
0.072271
0.072821
0.072291
0.071813
0.072612
0.073131
0.072755
0.071858
0.072516
0.072667
0.072680
0.072598
0.072484
0.073282
0.073023
0.072301
0.073351
0.072581
0.072168
0.074617
0.072677
0.073247
0.072621
0.072933
0.073217
0.072708
0.072999
0.072450
0.072573
0.072153
0.073195
0.072347
0.072744
0.072830
0.073173
0.073133
0.073072
0.072680
0.072783
0.072958
0.072848
0.072647
0.072338
0.072146
0.074754
0.072663
0.072807
0.073012
0.072483
0.072881
0.072751
0.072651
0.072654
0.072718
0.072584
0.072624
0.074532
0.072902
0.072683
0.072751
0.072286
0.073018
0.072833
0.072832
0.072672
0.077805
0.062662
0.073359
0.071918
0.072917
0.072300
0.071777
0.073037
0.072756
0.072448
0.072657
0.072646
0.072496
0.071980
0.072763
0.072266
0.072383
0.072824
0.071676
0.072528
0.072222
0.072334
0.072055
0.071568
0.072812
0.071841
0.072187
0.072551
0.072104
0.072677
0.071919
0.072847
0.072732
0.072707
0.072323
0.072254
0.072718
0.072686
0.073239
0.072694
0.072300
0.073070
0.072286
0.072069
0.072402
0.074844
0.072032
0.072051
0.072611
0.072540
0.072731
0.072113
0.072844
0.072813
0.072304
0.072281
0.072543
0.072797
0.072848
0.072742
0.072811
0.072384
0.072711
0.072492
0.072358
0.079190
0.073001
0.074608
0.058146
0.057396
0.056972
0.058026
0.058551
0.059424
0.070628
0.073794
0.071520
0.071497
0.071638
0.070945
0.071615
0.071203
0.071324
0.072463
0.071687
0.071327
0.072257
0.073164
0.080211
0.079084
0.069410
0.088916
0.077722
0.079836
0.078469
0.080344
0.078816
0.080026
0.076477
0.085749
0.077150
0.077628
0.080205
0.076602
0.079256
0.080110
0.077186
0.069850
0.055044
0.073787
0.079396
0.078759
0.079051
0.074630
0.097526
0.076071
0.078245
0.083864
0.076790
0.076502
0.079295
0.056377
0.066235
0.076900
0.054429
0.074860
0.074229
0.074693
0.066955
0.084247
0.076260
0.077743
0.074235
0.115520
0.074260
0.076457
0.076447
0.075904
0.075544
0.075526
0.078298
0.060425
0.076956
0.079769
0.059623
0.057495
0.080424
0.060967
0.077347
0.070958
0.091395
0.073926
0.078249
0.072136
0.060398
0.078288
0.074298
0.058716
0.058349
0.072155
0.056437
0.068412
0.076734
0.071708
0.071651
0.071065
0.071250
0.071510
0.071357
0.071286
0.071040
0.070898
0.071110
0.070928
0.072451
0.071485
0.071366
0.071254
0.073487
0.077264
0.056897
0.060006
0.071776
0.072679
0.072971
0.072262
0.072282
0.072798
0.072097
0.073318
0.072416
0.072381
0.072806
0.072106
0.072608
0.072464
0.071985
0.072663
0.073013
0.072032
0.072871
0.072797
0.071803
0.072247
0.072088
0.072651
0.072044
0.072140
0.072541
0.072674
0.072242
0.072877
0.072345
0.072824
0.072943
0.072345
0.072421
0.072533
0.072644
0.072777
0.072670
0.071791
0.072915
0.072251
0.072688
0.072646
0.072554
0.072254
0.072663
0.072354
0.072431
0.072347
0.072632
0.072653
0.072196
0.073086
0.072174
0.072549
0.072543
0.072670
0.073018
0.072896
0.072593
0.072947
0.072807
0.072935
0.072701
0.072459
0.072927
0.072779
0.072110
0.072922
0.072404
0.072227
0.072842
0.071745
0.072381
0.072552
0.072595
0.072272
0.072909
0.072355
0.072564
0.072656
0.073147
0.071877
0.072299
0.072329
0.072620
0.072865
0.072688
0.072443
0.072761
0.072244
0.072448
0.071291
0.072408
0.072727
0.072240
0.073007
0.072609
0.072826
0.072632
0.072564
0.072265
0.072560
0.071987
0.072227
0.072484
0.072461
0.072151
0.072422
0.072973
0.072730
0.072762
0.071951
0.072166
0.072243
0.072751
0.072404
0.072688
0.072466
0.072600
0.073198
0.072343
0.072790
0.072327
0.073230
0.072394
0.072450
0.072906
0.072428
0.072649
0.072617
0.072967
0.073035
0.072871
0.072200
0.072549
0.072963
0.072266
0.072888
0.072715
0.072644
0.072200
0.072232
0.073010
0.072275
0.071964
0.074043
0.072432
0.072562
0.072975
0.112326
0.095208
0.081034
0.061354
0.096792
0.073488
0.074611
0.074276
0.074459
0.074828
0.074769
0.074608
0.074809
0.074994
0.075224
0.076162
0.075825
0.076136
0.076264
0.076346
0.076071
0.075694
0.075962
0.075809
0.075491
0.075970
0.075693
0.075911
0.075337
0.075731
0.075712
0.076155
0.075300
0.072912
0.075985
0.077964
0.074959
0.077350
0.077809
0.077906
0.071121
0.068753
0.074261
0.093617
0.074846
0.072097
0.071217
0.071082
0.071564
0.071655
0.071463
0.071711
0.072250
0.072750
0.072686
0.072176
0.072891
0.072768
0.072372
0.072006
0.073202
0.073164
0.072836
0.072484
0.072461
0.073478
0.073668
0.047611
0.074692
0.077693
0.059455
0.056971
0.057589
0.057183
0.057076
0.058903
0.058358
0.079664
0.078161
0.079261
0.078561
0.059304
0.065984
0.073261
0.074609
0.071267
0.077142
0.076594
0.075531
0.094079
0.073573
0.072382
0.070998
0.059783
0.069578
0.075130
0.058592
0.056625
0.076509
0.071805
0.071233
0.071716
0.071021
0.071544
0.073688
0.071701
0.071327
0.071493
0.071761
0.071664
0.071568
0.071198
0.071570
0.073302
0.070967
0.071501
0.070989
0.070536
0.071532
0.071371
0.071404
0.070817
0.070824
0.071290
0.071486
0.071871
0.071999
0.071206
0.070847
0.071956
0.071703
0.071318
0.071662
0.071820
0.071227
0.071746
0.071745
0.071836
0.071547
0.071295
0.071737
0.071334
0.071213
0.071437
0.071736
0.071627
0.071611
0.071850
0.071444
0.071605
0.071633
0.071706
0.071369
0.071851
0.070827
0.071633
0.071384
0.071911
0.071173
0.071701
0.070818
0.071117
0.071822
0.071785
0.071757
0.071740
0.071814
0.077453
0.048422
0.072957
0.077162
0.072607
0.060971
0.058455
0.075241
0.074118
0.074366
0.074352
0.073932
0.073913
0.074567
0.074457
0.074425
0.074260
0.073842
0.074129
0.073885
0.074242
0.073975
0.074209
0.074245
0.073947
0.074366
0.078804
0.084865
0.077623
0.077997
0.077426
0.079095
0.055529
