254	233	59	23
258	230	53	22
261	227	52	22
262	223	52	22
249	221	58	23
218	219	62	23
189	216	61	23
161	214	59	23
153	213	54	22
158	212	54	22
161	210	53	22
162	209	53	22
163	209	54	23
166	208	54	22
168	208	54	23
169	207	54	23
171	207	53	22
171	207	55	23
173	207	55	23
174	205	55	22
176	205	55	23
178	205	55	23
179	205	55	23
182	206	55	23
183	206	55	23
184	209	55	23
186	212	56	23
188	216	55	23
190	222	55	23
192	227	55	24
193	233	55	23
196	240	54	24
196	248	55	24
200	255	54	23
201	262	54	24
204	270	54	23
206	277	53	23
207	284	54	23
210	291	54	22
210	298	55	23
215	304	54	21
216	295	54	23
217	287	55	23
219	279	54	24
221	282	54	23
224	290	54	23
227	298	54	23
229	301	54	22
231	292	53	22
233	282	52	22
237	272	51	23
240	261	50	22
243	250	47	22
246	238	51	23
250	236	55	24
253	238	69	28
256	239	74	40
259	238	75	48
261	237	77	51
260	234	79	54
262	218	76	55
264	204	75	56
265	198	74	57
264	200	75	59
265	201	75	61
264	201	77	63
266	202	76	66
264	202	77	68
266	207	75	69
265	201	80	80
370	220	117	84
394	218	166	133
395	209	169	149
396	215	169	135
395	209	168	142
397	212	167	142
394	210	169	139
396	212	167	140
394	210	169	138
392	213	173	145
393	208	171	142
368	212	175	151
334	216	173	140
308	218	168	128
283	222	166	131
279	219	168	126
285	226	158	122
281	222	167	126
282	224	166	125
281	220	167	127
284	223	163	123
282	223	165	123
284	225	162	118
282	224	164	119
283	225	163	118
283	225	163	119
281	224	166	120
283	224	162	120
282	223	165	120
284	222	165	120
283	227	161	116
283	224	166	120
282	224	165	120
279	210	170	120
282	197	166	120
282	183	163	118
278	176	168	113
277	176	168	115
276	176	172	116
279	176	168	115
280	171	171	120
275	180	159	111
249	179	167	108
217	177	163	107
192	175	169	116
193	188	160	114
193	206	151	109
192	220	166	128
195	228	157	126
191	242	162	134
191	251	169	153
179	266	189	239
62	272	304	236
64	289	301	221
62	301	304	207
64	316	302	195
61	328	306	183
69	345	296	166
123	366	243	145
125	364	241	147
179	372	187	139
175	356	192	154
76	359	292	152
66	363	303	148
62	362	306	149
70	367	298	144
66	382	303	129
71	397	295	114
72	413	292	98
261	268	105	238
269	266	74	35
278	265	58	24
281	255	56	24
283	258	57	24
286	264	56	23
289	270	55	22
291	277	56	23
294	283	55	23
296	277	55	25
299	267	55	25
301	257	54	24
304	247	55	24
305	238	58	25
307	228	57	26
296	219	61	25
265	210	62	27
238	201	61	26
231	192	56	25
238	185	54	25
241	175	54	25
243	168	54	24
246	159	54	24
248	153	54	24
251	147	53	23
254	141	52	23
258	136	51	23
259	132	52	22
263	128	51	22
266	124	50	22
268	121	51	22
272	119	51	21
274	117	51	21
276	115	51	21
279	112	52	22
281	112	52	22
284	111	52	22
286	110	52	22
289	109	51	22
289	109	53	22
266	108	59	23
236	106	59	22
208	106	58	21
187	106	52	21
189	105	51	21
193	104	51	22
195	103	51	22
197	103	52	23
200	102	52	22
203	102	52	23
204	101	52	23
207	101	52	23
210	100	52	23
212	100	52	24
215	101	52	23
218	112	52	25
219	126	53	26
222	142	53	25
224	156	54	25
228	171	53	25
230	186	53	24
234	201	53	24
238	213	52	22
240	211	52	21
243	210	52	21
247	208	51	21
244	207	53	21
218	207	58	22
192	207	55	23
189	206	53	22
197	206	52	22
201	206	51	21
203	206	50	21
207	205	50	21
210	205	50	21
212	214	51	25
215	228	52	25
218	242	52	24
222	257	52	24
226	271	51	24
230	286	51	22
234	284	50	20
238	283	51	20
241	281	51	21
245	281	51	21
249	281	51	21
253	280	51	21
258	280	51	21
260	279	51	20
265	279	51	21
269	279	51	20
273	278	50	20
276	279	51	20
260	277	57	21
231	277	58	22
205	276	58	22
191	276	52	21
196	276	52	20
202	276	52	21
206	275	51	20
210	274	52	20
215	273	51	21
218	271	52	21
223	271	52	21
228	270	51	20
233	269	51	20
238	268	51	20
243	267	50	20
248	266	51	20
253	265	50	21
257	264	51	21
262	263	51	20
266	262	50	20
273	260	51	20
277	260	50	20
282	253	51	24
287	236	50	25
292	220	50	25
298	211	50	21
303	212	51	21
308	213	52	21
313	214	52	21
314	215	52	21
289	215	58	22
262	217	58	22
249	220	51	21
254	224	53	21
262	226	52	22
267	230	52	22
274	233	50	22
277	238	51	21
283	243	52	21
288	246	51	21
294	251	51	21
299	255	51	20
305	259	51	20
309	263	51	21
316	266	50	21
320	271	51	20
324	275	51	20
330	277	51	21
335	266	51	21
340	255	50	21
344	244	51	22
350	233	51	21
355	221	51	22
360	210	52	22
365	199	52	21
370	188	53	22
374	176	53	22
381	165	52	22
386	153	53	23
391	142	54	23
398	131	53	23
404	120	52	23
408	112	53	22
414	119	52	22
402	123	57	22
375	127	59	22
350	132	58	21
324	136	58	22
305	140	55	22
306	145	52	21
314	149	51	21
321	153	51	21
326	158	51	21
316	162	54	21
290	166	57	21
264	171	57	21
247	175	53	21
251	179	53	21
259	183	52	22
264	187	52	22
269	191	52	22
276	195	52	21
280	199	52	21
285	203	53	21
290	206	53	21
291	208	54	21
267	211	59	21
240	214	58	22
226	217	52	21
233	219	53	21
241	222	52	21
246	224	53	21
252	227	53	22
258	229	53	22
263	232	53	21
269	235	53	20
276	224	51	22
282	212	51	22
289	199	51	22
294	187	51	21
302	190	51	20
308	195	51	20
314	198	51	20
320	201	51	20
326	204	52	20
333	207	51	20
339	210	52	20
346	213	52	20
351	216	53	20
358	219	53	20
364	222	53	20
370	225	52	20
378	230	51	21
384	232	51	20
376	236	54	20
348	240	57	19
323	244	57	19
299	247	57	20
277	250	56	20
274	253	52	20
283	256	52	21
291	259	52	20
296	263	52	20
304	266	52	20
310	270	52	20
302	273	54	20
275	276	58	20
251	279	57	20
226	283	58	20
202	286	57	20
195	288	52	20
204	291	52	20
211	294	52	20
217	296	53	20
223	299	52	19
229	301	52	20
236	298	51	21
243	286	51	21
247	272	52	22
255	259	50	22
261	247	51	22
265	235	52	22
272	234	51	21
278	239	50	21
284	242	50	20
291	245	51	20
296	247	51	20
302	249	51	21
310	250	53	23
313	250	61	27
315	249	67	30
316	249	68	33
316	250	83	46
310	248	98	62
465	232	72	68
325	252	94	62
394	239	148	65
311	244	182	87
84	217	76	118
49	218	102	122
58	217	94	106
54	216	99	121
64	214	88	104
31	200	121	128
28	183	124	124
17	168	135	127
22	162	129	119
20	164	130	116
21	165	129	119
21	165	130	119
20	166	131	119
33	166	116	110
20	165	102	119
0	165	90	120
0	163	58	119
0	161	31	84
0	163	23	73
0	163	26	57
0	164	26	63
0	166	18	46
9	148	61	88
96	195	110	162
181	182	261	150
193	182	383	143
175	183	401	164
181	181	399	160
177	180	401	160
180	183	400	156
167	179	414	175
183	182	398	158
174	180	404	174
176	181	404	159
156	180	426	165
126	181	445	231
114	174	422	170
105	183	393	158
92	181	430	195
