298	266	33	26
298	269	35	21
302	270	35	22
303	272	34	23
306	273	34	23
308	275	35	22
310	277	36	22
313	273	35	25
317	248	35	28
321	223	33	27
327	207	34	22
329	208	35	23
332	208	34	23
334	211	34	22
336	213	34	22
340	213	35	22
342	214	34	23
344	217	34	23
347	217	34	22
349	219	35	22
352	221	34	22
355	221	35	22
358	223	34	23
359	224	35	23
362	226	35	22
364	227	34	22
367	229	35	22
370	230	35	22
372	231	35	22
375	232	35	23
378	234	35	23
379	236	35	22
383	237	35	22
385	238	35	23
389	240	34	23
391	241	34	22
392	242	35	22
395	244	35	22
399	246	34	22
401	246	34	22
404	248	34	23
406	250	34	22
408	251	34	22
395	252	42	24
341	253	50	26
276	260	29	22
270	261	34	21
270	262	34	22
273	263	34	22
276	264	34	22
278	265	34	22
280	268	35	21
284	269	35	21
285	270	35	22
288	271	34	22
291	273	34	23
294	275	34	22
295	275	35	22
298	277	35	22
301	278	36	23
303	279	35	23
306	281	35	22
309	281	35	24
312	255	34	28
315	230	33	27
325	199	33	22
326	201	34	22
329	202	35	21
332	204	34	22
335	206	34	21
337	207	33	22
340	209	33	22
342	209	34	21
344	212	34	21
348	213	34	21
351	214	33	22
352	215	33	22
356	218	34	21
357	219	35	22
360	219	34	22
363	221	34	21
365	222	34	23
368	224	33	22
370	226	34	22
373	227	34	21
375	228	33	22
379	230	33	22
381	231	34	22
384	232	33	22
386	235	32	21
388	235	33	21
391	237	33	21
393	237	34	21
396	237	33	21
398	238	34	22
401	238	34	22
404	239	34	22
406	240	33	22
408	239	34	22
411	239	34	22
414	240	33	22
417	241	33	22
419	240	34	21
421	240	34	22
409	240	40	24
351	256	48	57
273	231	102	117
187	238	44	29
192	241	34	21
193	240	33	22
196	242	33	22
198	241	33	22
200	240	34	22
203	242	34	21
207	241	33	22
207	241	34	22
210	241	35	22
213	241	34	22
215	241	34	22
218	241	33	22
221	241	33	22
222	242	35	22
225	241	33	22
227	242	34	22
230	241	33	22
232	242	34	21
235	242	35	22
238	242	34	22
240	242	34	22
243	241	34	22
246	242	34	22
247	242	34	22
250	243	34	21
253	241	33	21
256	242	33	22
257	241	33	22
261	242	34	21
262	242	34	21
265	242	34	22
267	243	34	21
270	242	34	21
272	241	34	22
275	241	34	21
278	241	34	22
280	242	33	21
283	242	33	21
284	242	35	22
288	241	34	21
290	241	33	23
292	242	34	21
295	241	33	22
297	241	33	22
300	242	34	21
303	240	33	22
305	241	33	22
307	242	33	21
311	241	33	21
312	241	33	22
316	242	33	22
318	241	33	22
320	241	33	21
322	241	33	21
325	241	33	22
327	242	33	21
329	241	33	21
333	242	33	22
334	241	34	21
337	242	33	22
339	241	34	21
342	243	34	21
345	242	34	21
347	242	34	22
350	243	33	22
351	243	35	22
351	242	35	22
310	242	48	24
248	244	26	22
234	245	35	22
234	245	34	21
236	244	33	21
238	245	34	21
240	245	35	22
243	246	33	21
245	245	34	21
247	247	34	21
249	246	34	21
254	247	33	21
255	223	33	28
262	191	33	21
266	192	33	22
268	192	34	22
271	193	33	22
273	197	33	21
277	197	33	21
278	198	33	21
280	200	33	22
283	202	34	22
286	203	33	20
288	204	34	21
292	206	33	21
293	206	34	21
297	207	33	21
299	208	32	21
301	210	34	21
304	210	33	22
306	211	33	21
310	213	33	21
311	213	34	22
315	214	33	21
318	215	32	21
319	216	33	22
321	217	32	21
325	219	33	21
328	197	33	27
335	159	33	22
338	160	33	22
341	162	32	21
343	163	33	21
344	166	33	20
350	166	32	20
351	167	32	21
354	169	32	21
357	169	32	21
359	170	32	21
361	172	33	21
364	173	33	20
366	172	33	20
369	173	33	21
371	175	33	21
374	174	33	21
376	174	32	21
380	175	33	21
381	175	33	21
384	175	33	21
387	176	33	21
389	177	33	21
392	176	33	21
394	175	32	21
397	178	32	21
400	177	33	22
402	178	33	21
403	179	34	21
407	181	33	21
410	181	34	21
413	181	33	20
415	183	32	21
418	184	33	21
419	185	32	20
389	185	44	23
331	188	31	26
303	190	32	21
304	191	32	21
306	193	32	21
308	194	33	21
310	194	32	21
312	195	33	21
316	198	33	20
317	197	34	20
318	197	35	21
321	199	33	21
325	199	34	21
327	199	33	20
329	200	33	21
333	202	33	21
335	201	33	21
338	202	32	21
340	204	32	21
342	204	33	20
345	204	33	21
349	204	31	20
351	205	33	21
353	205	32	21
356	206	32	21
359	189	32	27
366	150	32	20
368	151	32	21
371	151	32	20
374	153	32	21
376	155	33	20
380	155	32	21
382	155	32	20
385	156	32	21
387	157	31	21
389	158	33	20
392	159	32	21
394	161	32	22
396	161	32	21
399	161	32	22
401	164	33	21
405	166	32	21
406	165	33	21
409	167	33	21
411	168	33	21
415	167	32	22
416	169	32	21
420	172	31	20
422	172	32	20
425	184	32	28
432	238	32	20
435	239	31	20
437	241	31	21
439	240	31	21
442	241	32	21
445	243	32	20
447	245	32	20
448	242	33	22
452	217	32	26
456	208	32	21
458	209	32	22
461	211	32	21
464	212	32	20
465	212	33	21
468	215	33	20
472	216	32	20
473	215	31	20
476	218	32	20
478	220	32	20
480	220	33	20
483	221	32	20
486	222	32	20
488	224	32	20
491	225	32	20
494	226	31	21
487	227	37	22
436	171	102	120
331	228	44	33
336	236	33	20
337	236	32	20
341	237	32	20
343	239	31	21
344	241	33	21
347	242	32	21
351	244	31	21
352	246	32	21
356	247	31	21
358	249	32	21
360	252	32	20
363	253	31	20
365	255	32	20
367	257	32	21
370	260	32	21
371	261	33	20
374	262	31	21
376	265	32	21
380	267	31	20
382	268	32	20
384	271	32	20
387	273	31	21
390	275	31	21
392	276	32	21
394	279	31	21
397	280	32	21
398	282	31	20
400	285	33	20
404	286	31	20
406	287	32	20
408	289	31	21
412	291	30	20
414	292	31	21
415	294	32	21
417	295	31	21
421	297	31	21
416	297	35	23
368	299	47	23
307	301	54	36
284	305	32	21
284	306	32	21
284	306	32	21
285	308	34	21
287	309	32	20
290	309	32	21
293	310	32	21
294	311	32	22
298	312	32	22
298	313	34	22
303	314	33	21
306	316	31	20
308	298	30	28
314	255	32	20
318	257	30	20
319	258	31	20
322	260	31	20
325	261	30	21
326	262	31	20
329	264	31	20
332	265	30	21
334	267	31	20
335	268	31	20
338	269	32	20
341	271	31	20
343	271	32	21
345	274	31	21
347	275	31	20
350	277	31	21
352	278	32	20
354	279	31	21
358	281	31	21
360	270	31	27
368	209	32	17
371	207	31	20
373	207	32	20
375	208	31	21
377	209	32	22
380	209	31	21
382	210	31	21
384	210	32	21
387	211	31	21
390	210	31	21
391	211	31	21
394	210	31	21
396	210	31	21
398	211	32	20
400	211	32	21
403	212	31	20
404	211	30	20
372	210	45	25
310	199	43	37
229	214	28	22
225	216	32	21
227	217	30	20
230	218	31	21
231	219	31	20
234	221	31	20
236	221	31	21
239	223	31	20
241	225	32	21
243	226	30	21
246	228	30	20
247	229	31	20
249	230	32	21
253	231	31	21
255	233	30	21
257	235	31	21
260	237	29	20
263	237	30	20
265	239	31	19
267	241	30	20
269	242	31	20
272	223	30	26
281	172	31	20
283	173	31	20
285	174	31	20
288	176	30	20
289	176	31	20
293	177	30	21
294	179	30	20
297	180	31	20
299	181	31	20
301	181	31	20
304	183	30	20
306	185	30	20
309	185	29	20
311	185	30	21
312	187	30	20
315	189	31	20
318	189	30	20
319	189	31	20
322	191	30	20
324	191	29	21
326	194	30	20
328	196	30	20
331	197	30	20
333	197	31	21
335	199	30	20
338	200	31	21
341	183	30	27
349	124	31	18
352	122	31	21
354	124	32	21
356	124	30	20
358	126	30	20
360	126	31	21
362	128	31	21
366	128	30	21
366	139	32	28
419	143	31	27
428	146	27	24
422	153	31	21
421	151	36	23
420	157	35	22
367	194	32	25
391	238	31	20
392	238	32	20
396	239	31	20
398	238	31	20
399	238	31	20
402	238	31	20
405	238	30	20
407	239	31	21
408	238	31	21
410	240	31	21
413	241	31	21
415	242	32	24
417	268	31	25
424	304	31	21
427	304	31	20
428	304	30	20
431	304	31	21
433	303	31	20
434	304	30	20
438	304	30	21
437	303	31	20
395	302	45	23
337	286	48	46
299	303	31	20
301	302	29	19
302	302	31	20
303	302	30	20
304	302	31	20
307	301	31	20
309	302	31	20
311	301	30	19
313	301	31	21
316	300	29	20
318	300	30	20
319	300	31	19
322	299	31	21
325	299	29	21
327	300	30	20
328	314	31	26
333	341	29	20
338	339	30	20
340	339	30	20
342	339	30	21
344	338	30	20
346	339	30	20
349	339	29	20
351	336	30	20
351	337	30	21
354	338	30	20
356	337	28	20
359	335	30	20
360	337	30	20
363	336	30	19
365	335	29	19
366	335	30	20
369	336	30	19
372	335	30	19
349	333	40	21
347	285	42	25
287	216	65	77
208	332	35	22
212	334	30	20
214	332	31	20
215	332	31	20
218	333	30	20
222	332	29	20
223	331	30	20
225	333	31	19
227	333	30	20
230	332	30	19
231	330	31	20
233	331	31	21
237	331	29	20
238	330	30	20
240	331	31	21
243	332	30	20
245	330	31	20
247	329	30	20
248	331	31	20
253	330	30	20
254	328	30	20
256	330	31	21
258	330	31	21
261	329	30	20
263	328	30	21
265	330	31	20
269	329	30	21
270	328	30	20
272	329	31	20
275	329	30	20
278	328	30	20
280	329	31	20
282	329	30	20
285	329	29	20
288	328	30	20
289	329	30	20
292	329	29	20
294	328	30	19
297	329	31	20
299	330	30	20
302	328	30	20
304	328	30	20
306	329	31	20
309	328	29	20
312	328	30	19
314	329	29	20
316	328	30	20
319	328	30	19
321	328	30	20
300	329	41	21
290	299	73	62
162	325	34	24
164	329	30	20
167	328	31	20
169	328	30	20
171	328	30	21
174	328	31	20
176	328	30	20
178	329	30	20
181	329	29	20
184	329	30	20
186	328	30	20
188	329	30	20
191	328	30	20
193	328	31	20
196	328	29	20
199	329	29	20
201	329	30	20
204	329	29	19
205	329	31	20
208	328	31	20
211	329	30	20
214	328	29	19
216	329	30	20
219	328	29	20
222	328	29	19
225	329	30	19
227	328	29	19
229	329	29	19
232	328	29	19
234	330	30	19
237	329	29	19
239	327	30	19
242	328	30	20
245	327	28	19
247	327	30	20
249	327	30	20
253	328	29	19
255	327	30	20
258	327	29	19
261	327	29	20
264	328	30	19
266	327	30	20
269	328	29	19
272	328	30	19
274	327	30	19
277	327	29	19
280	328	30	19
282	328	30	19
285	328	29	19
287	327	31	20
291	329	30	19
294	328	28	19
296	328	29	19
299	329	30	19
302	329	30	19
305	328	30	20
308	329	29	18
311	328	29	19
313	328	29	19
316	328	29	18
318	329	29	19
321	329	30	19
324	328	29	19
327	329	29	18
329	329	30	19
333	328	29	19
336	329	29	18
337	329	30	19
341	329	29	19
344	328	30	19
346	328	30	20
349	329	30	20
352	328	29	19
355	328	30	19
358	329	28	19
360	329	29	20
363	329	30	20
366	329	29	19
368	329	30	20
371	328	30	20
374	329	29	19
377	329	29	20
380	329	29	19
382	329	31	20
385	329	30	19
388	329	29	19
391	328	29	19
394	329	30	19
397	329	29	19
399	328	30	20
402	328	30	20
405	329	29	19
408	328	30	20
411	328	30	20
413	329	29	20
416	329	30	19
419	329	29	19
422	327	29	19
425	328	30	19
428	328	30	19
430	328	30	19
432	329	31	19
435	328	30	19
438	327	29	19
441	328	31	19
444	327	29	20
448	329	30	19
449	327	30	20
453	328	29	20
455	327	31	19
458	327	30	20
461	327	29	20
464	327	30	20
467	327	30	19
470	327	29	20
458	377	38	15
470	381	31	25
458	381	42	26
460	378	37	28
452	380	44	30
456	379	40	27
457	380	39	26
459	378	37	28
454	378	41	29
464	377	31	28
456	380	40	28
465	379	31	27
457	380	39	26
468	378	28	27
464	378	31	26
464	381	32	26
465	380	31	25
460	381	34	24
462	380	34	26
464	380	31	24
464	379	32	26
464	379	31	24
468	380	28	26
456	381	38	23
399	327	24	21
385	327	30	19
388	327	29	20
390	327	29	18
392	327	30	19
396	328	29	20
398	327	30	20
401	327	29	19
404	327	29	19
407	328	30	19
410	326	30	20
413	328	29	19
415	327	30	19
417	327	30	20
418	328	31	20
376	328	45	20
322	328	42	20
278	329	36	20
275	328	31	19
283	329	29	19
285	328	28	19
285	329	29	19
286	329	30	20
289	329	30	20
292	330	29	19
294	329	30	19
297	330	30	21
300	329	28	20
302	330	30	20
305	331	30	20
308	330	28	20
310	330	30	19
313	330	30	21
317	329	28	22
318	329	29	20
321	330	30	19
325	330	29	20
327	330	29	20
330	330	30	20
333	331	29	19
335	331	29	19
337	330	29	19
340	330	29	19
343	332	29	19
330	332	37	19
281	330	41	22
226	330	40	22
187	331	33	20
189	331	32	20
197	331	29	19
197	331	29	19
197	330	29	20
199	331	30	20
202	330	30	20
205	331	29	19
207	331	30	20
209	330	31	20
212	330	29	20
215	331	30	20
217	330	30	20
220	329	28	20
222	330	30	19
225	330	30	20
228	330	29	19
230	330	30	19
233	329	30	19
235	330	30	19
238	329	30	20
240	330	30	19
243	329	30	19
246	328	29	19
248	329	30	19
250	328	30	20
253	328	30	20
255	328	30	19
258	329	30	19
261	328	29	20
263	328	30	19
265	328	30	19
269	327	30	20
270	327	31	19
274	328	31	20
276	327	30	20
278	326	31	20
282	327	31	20
276	327	35	22
228	325	45	22
171	324	45	24
127	325	39	22
126	326	32	20
133	326	30	20
134	327	31	20
134	326	31	20
136	326	31	19
140	326	29	20
141	326	31	20
145	326	31	20
147	326	30	19
149	326	31	20
152	326	30	19
156	325	29	20
159	326	30	20
161	325	30	19
164	326	29	20
166	326	30	20
169	326	30	20
172	325	29	20
175	325	30	20
178	325	30	20
180	326	29	20
183	325	30	20
186	326	31	19
189	326	30	19
191	325	30	20
194	326	30	19
197	326	29	19
200	326	30	20
202	325	31	20
206	325	30	20
208	326	30	20
211	326	30	20
213	325	30	20
216	326	31	20
220	326	29	19
223	326	29	19
225	326	30	20
228	326	29	19
231	326	30	20
233	326	31	19
237	325	29	20
239	326	30	20
242	326	31	19
245	325	28	19
248	325	29	20
251	326	30	20
254	325	30	19
256	325	30	19
259	325	30	20
262	325	30	19
265	325	30	20
268	325	29	19
271	325	30	19
249	324	40	22
194	322	46	23
141	321	44	24
106	323	34	22
109	324	32	21
116	324	29	19
116	324	29	19
117	324	29	20
120	323	30	20
121	324	31	20
125	324	30	20
128	323	30	20
131	324	30	20
134	324	29	19
137	324	30	20
140	324	29	19
143	323	30	19
145	323	30	20
149	324	29	18
151	323	30	19
153	322	31	20
158	324	30	19
160	323	30	19
164	322	29	20
166	323	30	19
170	323	30	19
172	323	29	19
175	322	30	20
178	322	30	20
181	323	29	19
184	322	29	20
187	322	29	20
190	323	30	20
193	322	30	20
196	322	29	20
200	322	29	20
201	323	30	20
206	322	29	20
208	323	30	20
211	322	30	19
214	322	30	19
217	323	30	19
220	323	30	19
223	323	30	19
226	323	29	19
229	322	29	20
232	323	30	19
234	323	30	20
238	322	30	20
241	323	30	19
244	322	28	20
247	323	30	19
250	322	29	19
253	324	29	19
255	323	29	20
259	323	30	20
262	324	28	20
