0.052957
0.088461
0.079119
0.086099
0.082718
0.091523
0.076147
0.063576
0.075746
0.062539
0.069575
0.062110
0.076739
0.078778
0.081174
0.060299
0.097911
0.061902
0.073851
0.070104
0.062708
0.070382
0.063727
0.075842
0.064373
0.103203
0.105176
0.113100
0.071686
0.074376
0.085494
0.074154
0.088215
0.070159
0.067158
0.063900
0.070265
0.086504
0.077834
0.082979
0.102026
0.113706
0.082337
0.099803
0.069262
0.082677
0.079682
0.094177
0.083040
0.066829
0.073398
0.054276
0.060863
0.074095
0.054343
0.061916
0.060349
0.064279
0.074569
0.080537
0.062570
0.054662
0.086256
0.106794
0.099056
0.089739
0.063539
0.077815
0.067310
0.082493
0.073997
0.081712
0.081411
0.079683
0.063607
0.073735
0.089791
0.079668
0.084027
0.081615
0.088920
0.082011
0.068621
0.069309
0.064992
0.086340
0.067331
0.070679
0.082806
0.063008
0.061562
0.086327
0.076180
0.073480
0.095092
0.058536
0.077832
0.079972
0.063926
0.062762
0.066567
0.080482
0.066682
0.079557
0.083836
0.080116
0.063390
0.072517
0.099179
0.067306
0.079496
0.094168
0.075510
0.079511
0.083769
0.080452
0.080928
0.085137
0.058386
0.060314
0.075817
0.083447
0.076172
0.078443
0.088483
0.075616
0.072036
0.064584
0.080378
0.075430
0.072814
0.079214
0.088140
0.078351
0.095639
0.126982
0.121042
0.060441
0.071419
0.065977
0.087260
0.087043
0.062487
0.059509
0.085138
0.077395
0.097904
0.092456
0.095194
0.095583
0.098579
0.086486
0.102100
0.057025
0.056903
0.096958
0.106234
0.072914
0.070413
0.099197
0.089385
0.077557
0.077893
0.085553
0.081720
0.070881
0.066216
0.082429
0.082087
0.071681
0.066476
0.088804
0.082839
0.087380
0.065056
0.065186
0.081938
0.090028
0.080660
0.077224
0.075435
0.085415
0.061437
0.086125
0.080712
0.081735
0.087908
0.081931
0.079745
0.079312
0.072963
0.080777
0.079654
0.066137
0.087699
0.131052
0.118330
0.130875
0.131874
0.129918
0.183245
0.129902
0.129456
0.078253
0.085891
0.087636
0.082183
0.078326
0.082941
0.079072
0.087697
0.079384
0.092205
0.090949
0.082185
0.103583
0.112870
0.112508
0.118423
0.113721
0.101525
0.090743
0.074690
0.064296
0.080587
0.084098
0.079483
0.076381
0.059145
0.062228
0.074621
0.069452
0.063806
0.068544
0.084712
0.088635
0.085145
0.066342
0.086269
0.084779
0.066621
0.084181
0.059039
0.057856
0.055637
0.053110
0.066018
0.057450
0.081342
0.088295
0.083529
0.079303
0.079376
0.084763
0.061451
0.068989
0.080850
0.080882
0.083965
0.098192
0.063094
0.085275
0.084703
0.095306
0.115052
0.088294
0.072060
0.076323
0.062116
0.093121
0.092426
0.073380
0.085956
0.083640
0.073522
0.060517
0.065957
0.060756
0.064668
0.062059
0.063518
0.082196
0.079426
0.075619
0.061648
0.080185
0.085588
0.078476
0.079912
0.065082
0.082663
0.095271
0.082620
0.098712
0.069219
0.060278
0.064218
0.062079
0.061384
0.081473
0.081083
0.086822
0.077421
0.082537
0.064688
0.069973
0.071510
0.101959
0.106818
0.081973
0.066667
0.077697
0.082862
0.084710
0.079317
0.082846
0.088498
0.102037
0.087271
0.098964
0.079538
0.084692
0.090641
0.081154
0.076511
0.061456
0.093563
0.062657
0.071957
0.073987
0.083380
0.076497
0.081760
0.079829
0.084170
0.082091
0.098224
0.062961
0.065279
0.063275
0.065122
0.067523
0.069610
0.059046
0.059762
0.084607
0.062675
0.084423
0.086655
0.066483
0.081586
0.076945
0.067656
0.083534
0.088864
0.062473
0.084144
0.076771
0.081380
0.066556
0.066205
0.088603
0.079633
0.077962
0.090987
0.074872
0.055490
0.082935
0.058860
0.056963
0.072948
0.079963
0.099630
0.079465
0.079679
0.065403
0.082140
0.087620
0.092798
0.073073
0.076482
0.065921
0.081307
0.080120
0.069598
0.072094
0.063950
0.066027
0.065416
0.074172
0.083111
0.082086
0.056552
0.049315
0.075375
0.060495
0.062927
0.063456
0.075755
0.075531
0.115849
0.075618
0.087384
0.083705
0.087622
0.083355
0.075048
0.075777
0.058604
0.059764
0.073906
0.075951
0.074408
0.064532
0.073064
0.076151
0.078594
0.076396
0.064316
0.076125
0.086955
0.070074
0.069386
0.069365
0.081474
0.084929
0.083395
0.078106
0.080502
0.083348
0.093253
0.094893
0.095987
0.076357
0.092306
0.066371
0.082751
0.090471
0.085837
0.101484
0.103651
0.065640
0.061093
0.088702
0.082331
0.097785
0.107589
0.114186
0.109897
0.108741
0.088353
0.094980
0.103889
0.059876
0.064793
0.092616
0.096703
0.080179
0.079005
0.082940
0.088719
0.096468
0.088543
0.064248
0.061937
0.070180
0.079333
0.090830
0.066433
0.090002
0.103437
0.077451
0.073223
0.084881
0.085796
0.086454
0.093855
0.098582
0.109325
0.078379
0.079218
0.102813
0.087521
0.082965
0.086711
0.082572
0.107154
0.081700
0.071385
0.076140
0.085953
0.093952
0.100236
0.108473
0.095800
0.082780
0.083542
0.086300
0.076662
0.080339
0.075062
0.055114
0.076277
0.075281
0.083588
0.084727
0.099158
0.094018
0.103451
0.092559
0.058718
0.074912
0.074490
0.095727
0.081003
0.076044
0.084735
0.091898
0.105242
0.103827
0.064305
0.098137
0.067552
0.073892
0.093148
0.144506
0.124468
0.110888
0.097304
0.086333
0.061737
0.070934
0.077883
0.080795
0.092947
0.059215
0.075184
0.097098
0.101609
0.095254
0.065822
0.100502
0.094954
0.074505
0.082076
0.054939
0.068914
0.077364
0.085080
0.088706
0.067821
0.096060
0.093246
0.076045
0.089734
0.087705
0.082330
0.081030
0.086513
0.092973
0.089599
0.096212
0.103754
0.105458
0.104423
0.104029
0.083370
0.091496
0.082499
0.083299
0.082516
0.074040
0.077068
0.071445
0.079699
0.068396
0.068630
0.106311
0.079803
0.078913
0.101192
0.075753
0.079795
0.064612
0.061739
0.097822
0.062813
0.076195
0.071874
0.059520
0.062536
0.077407
0.084690
0.064788
0.065108
0.083783
0.098132
0.082327
0.064256
0.086354
0.109865
0.080415
0.082724
0.089705
0.077949
0.081213
0.080042
0.083882
0.090691
0.092136
0.088123
0.069993
0.085043
0.078016
0.059261
0.078773
0.085304
0.084828
0.074469
0.096398
0.111696
0.065778
0.084516
0.087702
0.100200
0.087533
0.080872
0.085636
0.080863
0.078900
0.081951
0.081395
0.080344
0.058480
0.080868
0.087063
0.095947
0.097516
0.099383
0.075784
0.070121
0.102863
0.099391
0.077641
0.066815
0.067486
0.089577
0.079727
0.075051
0.073594
0.073370
0.102170
0.078896
0.082669
0.075136
0.075900
0.076037
0.096999
0.072236
0.070667
0.098623
0.087697
0.076535
0.106348
0.058906
0.074195
0.101560
0.084385
0.082970
0.079636
0.084019
0.075765
0.068702
0.078903
0.072893
0.093488
0.072343
0.062937
0.077628
0.084363
0.067521
0.072403
0.074281
0.090420
0.092388
0.088100
0.082242
0.095123
0.104193
0.095097
0.096690
0.085490
0.065854
0.099176
0.082291
0.083827
0.068855
0.090024
0.085275
0.085451
0.083322
0.081297
0.080690
0.055845
0.084567
0.053453
0.093338
0.075495
0.082513
0.098657
0.102086
0.085994
0.076149
0.080806
0.078775
0.054719
0.082133
0.083251
0.080040
0.059923
0.098920
0.075982
0.075806
0.076759
0.076316
0.073279
0.067567
0.075723
0.094577
0.077548
0.128035
0.088321
0.085749
0.062783
0.109926
0.113486
0.116516
0.089130
0.075763
0.084984
0.058258
0.063992
0.075570
0.077346
0.085417
0.079084
0.098001
0.083492
0.056265
0.089188
0.077780
0.082691
0.082186
0.087755
0.089354
0.089679
0.087780
0.077087
0.081100
0.082667
0.081573
0.081761
0.081510
0.082941
0.082701
0.083672
0.083976
0.078178
0.065381
0.059369
0.082816
0.089383
0.102833
0.095121
0.076740
0.069721
0.070227
0.079924
0.068620
0.082522
0.087840
0.069554
0.060327
0.071953
0.066399
0.076731
0.099633
0.089130
0.063815
0.096543
0.062573
0.072634
0.079228
0.078270
0.079111
0.079267
0.079351
0.080888
0.081366
0.079480
0.122894
0.082002
0.083147
0.084444
0.085779
0.088138
0.081078
0.077655
0.085050
0.100406
0.082957
0.079453
0.083907
0.083568
0.083629
0.059322
0.079197
0.093858
0.085486
0.085548
0.090098
0.086591
0.082194
0.057474
0.089450
0.074082
0.086302
0.068192
0.071260
0.085655
0.057633
0.095855
0.083099
0.084412
0.079148
0.083284
0.087275
0.093457
0.092624
0.068964
0.068505
0.083486
0.097643
0.099984
0.077463
0.082775
0.063118
0.063725
0.079011
0.090823
0.095166
0.108285
0.065599
0.080865
0.056899
0.064627
0.060768
0.087080
0.086614
0.085570
0.079677
0.075311
0.065590
0.073926
0.055836
0.083920
0.071285
0.075283
0.083097
0.078934
0.084559
0.064483
0.061190
0.060613
0.067451
0.078087
0.075441
0.078545
0.054726
0.081805
0.069852
0.074871
0.081381
0.076837
0.077723
0.057306
0.048148
0.073083
0.071985
0.076927
0.075450
0.079553
0.058981
0.058482
0.059006
0.060653
0.085729
0.062285
0.080205
0.082945
0.077688
0.068901
0.079512
0.079542
0.072099
0.094461
0.070240
0.074801
0.074965
0.079254
0.079025
0.079025
0.076869
0.074169
0.063592
0.054303
0.102662
0.099432
0.098534
0.102261
0.103631
0.102459
0.105276
0.073334
0.083898
0.079174
0.075502
0.082627
0.077659
0.072776
0.061908
0.065583
0.073229
0.092460
0.080204
0.081522
0.093755
0.068084
0.073869
0.077441
0.077061
0.074222
0.069954
0.076583
0.076694
0.075649
0.075813
0.076156
0.075543
0.075629
0.099007
0.073409
0.073714
0.080483
0.080575
0.081567
0.082771
0.104640
0.078444
0.079147
0.076168
0.065233
0.080732
0.074271
0.082486
0.087141
0.079437
0.083515
0.074214
0.076962
0.086255
0.083585
0.082265
0.091203
0.102212
0.063598
0.076417
0.077024
0.072051
0.085715
0.099296
0.077499
0.080152
0.092106
0.071297
0.078664
0.074441
0.087940
0.081071
0.088665
0.072438
0.082471
0.061892
0.065336
0.075926
0.074569
0.069340
0.085521
0.075279
0.070084
