338	261	26	13
342	256	15	21
342	256	15	21
342	257	16	21
342	256	16	22
342	256	16	21
342	255	16	22
343	255	16	22
342	256	16	22
343	255	16	22
342	256	16	22
342	256	15	22
343	256	17	21
344	256	18	22
343	258	18	20
343	259	20	20
342	258	22	21
342	259	17	20
342	259	15	20
342	259	18	22
342	259	15	19
342	258	15	21
342	259	15	20
341	259	14	19
341	259	15	19
342	258	15	21
341	258	15	20
341	259	15	19
342	259	16	20
341	258	17	20
341	259	15	19
341	259	17	20
341	259	16	20
341	259	16	19
341	258	16	20
341	259	16	19
340	258	15	19
341	258	15	20
341	258	15	19
341	258	15	20
340	259	15	19
341	258	16	20
341	259	15	19
341	259	15	19
341	259	15	19
341	259	15	19
340	258	15	20
341	259	16	19
341	259	15	19
341	259	16	20
340	258	16	19
341	259	17	19
340	259	16	19
340	258	17	20
341	258	16	20
340	260	16	19
340	258	16	20
340	258	16	20
340	259	15	19
340	258	16	20
340	259	15	19
341	258	16	20
341	259	16	19
340	259	15	19
341	259	16	19
341	259	16	19
340	259	16	19
341	258	16	20
341	257	15	20
341	255	15	20
341	252	15	19
341	248	14	20
341	246	15	19
341	241	15	20
341	236	15	20
341	229	15	20
341	223	16	21
340	220	17	20
340	216	17	22
342	213	15	20
342	209	14	20
341	206	16	21
340	206	16	20
341	206	16	20
341	205	15	19
340	204	17	19
330	203	26	21
339	202	22	20
339	204	17	20
341	203	17	20
340	204	17	19
340	203	17	20
341	204	17	19
340	203	16	19
341	204	16	19
341	203	16	19
340	203	16	20
340	203	16	20
340	203	17	20
341	203	17	19
341	203	15	19
341	203	16	20
340	203	16	19
341	203	16	20
341	203	15	20
341	202	16	21
341	203	15	20
340	204	15	20
340	203	17	20
340	203	17	20
340	202	16	20
340	203	17	20
341	204	16	19
338	201	21	20
335	199	18	19
327	194	49	57
423	239	34	27
414	238	33	27
406	235	31	26
396	228	33	27
388	220	30	27
384	217	30	25
382	214	30	25
383	209	27	26
384	206	26	26
381	202	29	27
380	200	27	27
381	199	28	28
381	198	26	26
382	198	27	27
382	197	27	26
381	197	37	33
383	197	27	26
381	197	27	27
381	197	26	27
383	197	25	27
381	197	26	26
381	197	25	26
383	197	24	27
380	197	25	26
381	198	27	26
381	198	26	26
365	149	37	63
380	197	34	26
328	145	83	77
470	146	37	64
422	151	152	83
344	165	207	199
114	170	68	77
137	159	47	88
67	170	115	74
113	166	119	64
125	159	63	90
89	198	92	52
138	170	46	79
120	197	62	53
131	184	51	66
15	179	82	40
150	155	35	43
140	159	57	71
126	177	56	73
131	168	53	83
134	168	47	82
134	166	49	83
135	170	47	76
164	152	46	79
150	156	54	83
9	176	168	72
109	165	106	98
61	163	172	74
138	168	168	89
72	161	178	57
106	157	106	88
133	173	142	99
16	163	398	107
96	162	344	184
88	168	124	95
181	189	213	109
120	172	51	73
125	178	57	73
140	155	46	96
131	166	52	82
82	174	131	57
121	156	66	95
102	186	78	63
115	157	67	94
128	166	55	85
146	154	84	64
18	173	138	64
130	167	63	86
145	150	53	46
146	151	106	31
252	149	33	19
276	147	16	19
276	146	15	21
276	146	16	21
276	147	16	19
276	147	15	20
276	146	15	20
276	146	16	21
275	146	15	21
275	148	16	19
275	148	16	19
275	148	16	19
274	148	16	19
275	148	16	19
275	147	16	19
274	148	16	18
274	148	16	19
274	148	16	19
274	147	16	19
274	147	16	19
275	148	16	19
275	147	16	19
275	148	16	19
274	147	16	19
275	148	16	19
274	147	16	19
274	148	16	19
274	148	16	19
274	148	16	19
274	148	16	19
274	148	17	19
274	148	17	19
274	148	17	18
274	148	17	18
274	148	16	19
274	148	18	18
275	148	17	18
274	148	17	18
274	148	17	18
275	148	17	18
275	148	17	19
275	148	17	18
274	148	17	18
274	148	17	18
274	149	17	19
274	148	17	18
275	148	17	19
274	148	17	18
275	148	16	19
275	147	17	19
275	148	16	19
275	148	16	19
275	147	16	19
275	147	17	19
275	147	16	20
275	147	16	20
274	148	17	19
275	148	17	19
275	148	17	19
275	147	16	19
274	148	16	19
275	148	16	19
275	148	16	19
274	148	16	19
275	148	16	19
275	148	15	19
275	147	15	19
275	147	16	19
275	147	16	19
274	147	16	19
274	147	16	19
275	147	16	19
274	147	17	19
274	148	16	19
274	148	16	19
274	148	16	19
275	147	16	19
275	148	16	19
275	147	16	19
275	148	16	19
274	148	16	19
275	148	16	19
275	148	17	19
274	148	17	18
275	148	16	19
275	148	17	18
274	148	16	19
275	147	16	19
275	148	16	19
275	148	16	19
274	148	17	19
274	148	16	19
275	148	16	19
275	148	16	19
275	148	16	19
275	148	16	19
275	148	16	19
275	148	17	19
274	147	17	19
274	148	17	19
275	148	17	19
274	148	17	19
274	149	17	19
275	148	17	19
274	148	17	19
275	148	17	19
274	148	17	19
274	148	16	19
274	148	17	20
275	147	17	20
275	148	17	19
275	148	16	19
275	148	17	19
274	147	17	19
274	148	17	19
275	147	17	20
274	148	17	19
275	148	16	19
274	147	17	19
274	148	17	19
274	148	17	19
274	148	17	19
274	148	18	19
274	148	17	19
274	148	17	19
274	147	17	19
274	148	17	19
274	148	17	18
275	148	17	19
275	148	17	19
274	147	17	19
274	148	17	19
274	148	17	19
275	148	16	19
275	148	16	19
275	148	16	19
275	148	16	19
275	148	16	19
274	148	16	19
274	148	16	19
274	148	16	19
275	148	16	19
275	148	16	19
275	149	16	19
275	148	16	19
275	148	16	19
274	149	16	18
275	148	17	19
274	149	17	18
274	148	17	19
275	148	16	19
275	149	16	18
274	149	17	19
274	149	16	18
275	149	17	19
275	149	16	18
275	148	16	19
275	149	16	19
274	148	16	18
274	149	16	19
274	149	16	18
274	149	16	19
274	148	16	19
274	148	16	19
275	148	16	19
275	148	16	20
275	148	17	19
274	148	16	19
274	148	17	20
274	148	17	20
275	148	17	20
275	148	17	20
274	147	18	20
274	147	17	20
275	147	18	20
274	148	18	19
274	148	17	20
274	148	17	20
274	148	17	20
274	147	19	20
274	147	18	20
275	147	18	20
274	147	18	21
274	148	17	20
275	147	16	21
275	147	16	21
274	147	16	21
274	147	17	21
274	148	17	20
275	147	17	20
274	148	17	20
275	147	17	21
274	148	16	20
274	147	17	21
274	148	17	20
274	148	17	21
275	147	17	20
274	148	17	20
274	147	17	21
273	148	17	20
275	147	17	21
274	148	17	20
275	147	17	21
274	148	17	20
274	148	17	20
274	148	17	20
274	148	17	20
274	147	17	20
273	148	17	20
274	148	18	20
274	148	17	20
273	148	17	20
274	148	17	20
274	148	17	20
273	148	17	20
274	148	17	19
275	147	17	20
275	147	16	20
275	148	16	20
274	147	17	20
274	147	17	20
275	147	16	20
274	147	17	20
274	148	16	20
274	148	17	20
274	148	16	20
274	148	17	19
274	148	16	19
274	147	16	20
275	148	16	20
274	148	16	20
274	148	16	20
275	148	16	20
274	147	18	21
274	148	17	20
274	146	19	22
274	147	18	20
274	148	17	20
275	147	17	21
275	147	17	21
274	147	17	20
274	147	17	21
275	148	17	19
274	147	17	21
275	148	17	20
274	147	17	21
274	148	17	20
274	146	26	20
274	143	17	19
275	139	17	20
274	136	18	20
275	130	24	20
274	126	17	21
274	121	16	21
274	116	17	19
276	92	33	22
226	90	62	19
217	84	52	20
190	82	103	20
141	89	40	88
133	133	51	37
150	79	32	89
139	103	41	68
151	73	53	76
126	105	54	61
131	108	49	62
117	110	63	58
133	106	53	63
124	93	56	76
127	114	54	55
131	111	50	57
139	96	42	73
146	98	35	68
150	75	35	90
138	89	43	80
110	123	68	45
127	101	53	66
128	102	53	68
127	102	55	68
124	112	57	57
135	93	48	75
38	99	141	70
148	71	81	63
121	119	59	49
144	87	37	80
150	79	34	89
147	83	37	83
266	68	26	17
273	66	18	19
274	65	23	21
273	66	16	18
274	67	20	19
273	65	20	20
281	65	31	21
270	65	21	19
274	66	17	21
273	65	18	21
291	66	25	20
268	66	21	19
272	65	24	22
272	66	18	19
273	66	18	20
274	66	19	21
272	66	16	20
285	65	31	21
273	67	18	16
274	65	17	22
273	66	17	20
274	65	19	22
274	63	17	20
281	61	22	20
273	55	21	22
274	54	14	21
274	50	16	20
274	43	26	26
266	36	37	49
200	33	103	73
102	48	90	84
121	61	58	58
129	76	53	44
134	74	46	42
129	80	50	33
152	19	30	81
128	74	51	34
151	15	29	84
117	70	62	37
131	69	49	38
145	23	38	80
148	37	33	71
152	15	27	91
137	34	43	71
147	17	35	90
125	41	56	69
134	24	48	83
142	15	42	94
7	38	123	54
124	25	62	87
124	23	58	87
138	14	49	96
128	36	54	73
136	23	46	86
129	36	50	72
137	41	44	68
134	39	47	68
131	31	49	75
127	44	54	65
97	26	86	83
121	23	66	90
129	28	56	81
142	14	42	94
148	17	35	91
135	32	47	76
120	60	61	48
148	18	33	87
140	29	39	78
125	52	54	55
88	41	94	68
124	27	64	81
124	42	58	68
123	49	60	59
108	50	76	59
121	61	60	48
119	64	61	42
141	36	39	69
140	32	41	68
116	55	65	54
47	47	133	61
86	46	96	62
130	19	55	90
132	33	49	76
122	52	60	58
93	51	88	57
120	35	62	74
136	35	45	72
129	30	54	76
153	13	35	49
135	42	47	63
142	24	41	82
130	37	50	71
44	35	123	65
143	24	78	71
130	34	53	75
114	36	67	74
146	13	40	93
143	19	39	90
106	53	75	54
130	36	52	68
138	26	44	83
111	57	68	50
94	36	83	70
123	40	61	68
131	45	52	63
35	39	137	68
114	40	70	75
125	50	56	56
82	46	102	62
122	27	60	81
145	15	37	95
133	32	48	78
109	70	66	40
142	20	29	94
130	40	32	67
158	22	39	47
141	29	57	31
102	43	59	64
68	95	61	41
57	111	63	33
115	56	55	12
98	55	65	18
106	63	48	39
35	121	52	44
53	88	68	33
89	85	41	17
73	83	50	22
77	88	60	18
66	93	56	21
84	95	79	18
61	102	53	17
32	106	67	29
23	122	35	81
29	110	33	94
10	158	47	47
50	105	59	36
35	111	96	37
58	106	35	81
30	124	33	77
42	109	52	71
58	104	32	81
38	106	111	38
33	117	113	89
37	124	129	68
38	118	164	107
54	114	172	84
21	124	325	159
2	129	301	262
200	140	190	134
389	256	142	111
219	152	326	232
197	134	211	151
256	170	288	214
34	130	553	319
161	133	404	366
134	128	256	237
209	134	318	274
233	200	345	243
175	138	409	325
160	140	267	264
183	185	398	301
141	136	279	255
4	115	581	361
100	140	429	357
39	127	346	373
170	139	256	236
169	118	370	276
165	137	230	180
148	108	457	295
168	145	275	319
196	139	197	126
387	246	150	122
172	128	295	202
282	235	280	194
197	130	369	260
22	193	255	275
25	118	346	138
350	243	196	133
213	140	348	235
111	111	498	371
82	133	412	360
116	129	321	345
25	135	512	335
125	84	337	298
45	125	347	248
181	128	222	166
341	254	194	115
174	117	402	239
183	123	206	156
164	115	424	275
10	107	441	363
34	126	557	371
127	126	321	276
195	132	227	147
25	112	513	271
147	138	267	262
74	119	305	149
203	140	262	198
192	122	300	247
199	136	169	146
385	258	166	112
163	129	364	219
62	117	402	289
188	129	250	226
63	113	438	322
89	139	396	359
172	125	233	228
380	260	153	101
176	127	355	235
197	132	168	135
120	106	431	266
92	125	342	341
175	125	332	286
197	130	210	131
147	102	410	271
74	135	344	357
114	139	259	236
175	113	191	135
98	117	437	273
89	139	377	329
143	118	255	158
119	142	413	290
133	113	450	354
82	82	427	328
59	151	371	345
92	101	454	326
11	164	373	300
67	131	523	359
120	110	363	339
139	112	273	187
120	134	494	294
177	137	289	261
176	126	371	316
7	159	429	325
171	118	237	234
56	102	508	298
140	135	325	275
169	131	215	154
351	245	186	120
202	141	350	234
71	109	403	256
73	118	437	303
82	137	353	296
120	120	337	222
178	134	220	172
203	122	214	183
7	111	587	271
181	141	256	249
166	133	210	136
189	107	383	267
152	126	285	278
205	133	219	129
243	94	317	275
177	146	211	145
385	259	149	102
165	115	198	126
23	119	532	272
165	134	282	242
194	123	204	162
16	120	539	276
124	120	297	331
125	130	442	303
162	143	386	318
87	122	332	264
212	138	220	170
199	113	418	285
51	127	366	294
158	123	353	284
76	116	333	231
174	133	207	122
269	99	276	269
177	136	377	267
116	109	389	309
104	141	400	284
210	132	186	132
11	135	509	218
41	119	542	370
125	156	334	314
182	131	213	173
185	109	396	277
85	130	323	218
358	258	204	127
388	252	152	114
163	116	348	258
200	135	175	126
170	152	396	226
80	114	425	355
137	113	280	332
30	108	358	201
15	122	197	366
189	142	187	130
381	253	171	113
165	125	403	229
90	136	288	179
197	134	360	238
148	113	317	249
202	151	397	298
85	124	328	237
199	143	226	168
379	260	170	106
161	111	236	165
177	143	366	281
166	111	241	185
376	264	172	103
161	112	187	139
64	114	495	264
26	148	431	268
152	127	240	122
29	124	519	252
159	133	292	245
212	137	343	298
202	132	186	136
385	247	153	116
158	123	387	242
162	131	212	162
224	165	337	210
196	141	196	127
372	244	165	115
196	128	241	164
137	100	434	286
92	135	282	232
141	122	237	144
278	162	261	215
43	124	278	295
182	126	200	159
183	160	371	218
65	109	502	358
112	115	305	360
158	118	215	208
224	155	369	241
104	108	327	244
141	127	425	299
207	119	176	141
10	124	532	246
105	144	314	286
133	123	457	290
95	137	325	341
125	125	241	252
151	129	237	148
194	97	386	288
136	99	270	241
360	242	220	141
79	97	523	277
60	122	351	275
56	108	439	316
133	131	305	304
137	114	238	153
205	141	368	249
148	112	291	218
159	135	436	259
42	149	473	319
146	130	290	235
35	109	478	291
27	145	383	348
158	117	271	190
7	131	576	295
173	127	272	248
102	110	307	174
7	127	382	308
167	131	380	305
90	132	453	358
166	145	427	345
123	135	257	216
71	110	523	307
167	125	309	237
154	122	439	314
145	109	337	308
186	128	271	228
28	107	393	325
129	144	310	269
161	129	376	253
172	106	211	164
217	143	194	138
201	136	374	249
171	127	266	221
115	101	481	358
61	151	380	344
115	102	271	217
139	130	378	244
35	132	526	350
149	119	273	243
201	127	188	162
21	123	244	121
367	249	164	115
174	125	392	232
168	129	291	225
202	135	187	145
85	110	467	268
134	148	279	243
161	144	422	324
86	126	336	354
136	105	207	147
213	153	343	212
145	116	240	163
5	127	463	261
79	118	286	197
217	189	376	232
155	136	413	285
11	144	416	356
74	144	371	347
75	117	305	161
200	132	285	218
208	133	157	143
67	116	469	248
137	121	297	239
199	108	181	166
27	112	584	206
161	128	226	190
117	111	491	274
70	144	338	333
26	108	464	315
176	137	240	247
173	126	214	142
386	256	153	108
169	103	248	140
245	202	296	172
100	100	498	298
60	136	342	347
25	113	374	192
181	150	377	286
181	126	190	128
45	104	512	281
188	118	262	228
357	258	186	127
385	252	139	115
168	119	358	245
132	129	236	163
138	95	427	295
125	129	254	189
103	101	498	320
48	137	364	352
152	143	282	225
185	130	189	131
50	106	521	269
118	117	274	238
193	136	358	255
212	119	196	153
369	255	170	112
210	132	349	242
5	114	588	358
57	143	369	358
33	130	352	357
36	109	395	268
173	142	297	248
126	98	206	152
377	259	159	105
156	109	310	220
243	214	328	191
191	121	191	174
157	107	426	291
169	140	266	243
52	113	382	227
191	132	208	145
225	104	146	107
21	113	499	232
98	134	353	314
125	123	278	239
141	130	429	306
131	120	258	318
109	131	254	160
371	259	162	113
342	220	200	148
179	105	387	286
195	141	226	194
133	125	441	283
172	129	319	238
173	119	272	217
227	169	338	200
31	119	509	308
79	164	319	341
187	127	173	138
361	242	175	127
196	106	348	270
195	135	236	188
326	224	239	151
85	105	427	277
169	139	262	249
207	138	183	129
120	140	409	225
17	103	565	387
101	119	321	355
167	127	193	140
60	98	511	271
139	121	254	186
355	245	223	137
136	112	447	262
198	141	263	213
189	123	364	270
111	111	278	295
194	123	273	254
43	106	330	175
174	121	336	266
169	129	273	226
200	125	325	288
100	106	278	170
128	128	369	242
153	139	350	286
59	101	300	171
178	129	225	171
374	263	169	106
167	103	247	160
369	257	173	109
150	120	358	226
122	135	283	188
249	240	323	179
253	194	331	207
181	127	207	158
215	100	340	257
36	127	410	246
169	127	417	371
166	123	215	198
189	132	373	256
27	103	373	243
61	113	320	205
198	144	186	122
162	161	372	206
115	128	354	273
83	110	276	228
203	142	377	294
199	131	204	156
31	108	513	287
145	124	359	301
91	113	470	321
62	154	328	352
125	129	323	267
173	108	212	151
382	251	170	117
209	139	200	126
41	109	454	243
99	120	438	310
86	145	288	272
100	123	242	138
380	258	155	112
163	106	411	253
145	135	253	200
192	136	333	276
129	115	260	164
351	252	188	112
244	159	309	223
97	128	291	172
24	146	413	300
114	143	320	246
156	122	425	356
183	129	203	143
60	113	483	260
33	136	377	312
154	119	460	370
141	116	287	241
180	139	205	137
52	121	500	264
136	132	303	288
173	122	370	293
177	114	246	208
179	134	217	144
29	112	551	259
67	113	368	231
197	137	215	151
179	108	356	273
176	142	199	174
382	254	174	114
190	134	196	125
170	110	223	153
186	128	289	195
220	240	321	232
124	139	249	161
210	124	403	266
159	129	339	284
10	109	345	170
34	120	460	286
92	131	291	217
153	133	437	282
98	146	328	337
161	144	217	188
77	117	504	304
159	163	292	244
185	151	205	149
20	151	536	254
173	156	210	183
205	149	196	161
112	176	444	244
150	167	250	157
151	167	400	255
190	193	219	194
369	279	213	155
35	155	342	172
140	168	340	239
183	189	226	153
204	246	329	179
182	199	215	142
279	227	266	207
152	203	227	146
122	167	315	196
41	178	256	123
372	315	173	116
222	202	147	104
83	166	345	181
173	202	198	138
13	167	500	253
191	197	314	222
322	287	230	151
196	194	321	229
194	188	201	156
168	152	409	265
201	194	193	190
333	291	233	138
10	168	396	213
184	190	269	215
208	211	341	223
188	184	205	140
40	175	521	258
124	196	310	302
192	193	206	141
204	166	355	269
210	187	214	151
214	206	199	141
220	210	318	219
191	194	190	132
97	184	459	245
172	174	234	162
191	199	336	231
184	192	202	154
162	164	364	284
194	189	191	135
190	181	351	240
206	196	197	139
203	188	277	197
194	199	252	170
88	163	453	269
93	206	317	301
148	184	225	158
196	199	232	171
139	171	484	290
182	200	230	178
144	161	453	288
184	189	217	189
380	306	172	124
204	183	351	235
173	186	230	159
372	328	165	100
236	199	323	224
175	192	211	130
42	161	505	260
147	196	261	268
188	197	212	134
153	164	375	253
173	184	223	162
137	219	398	224
136	180	245	167
55	171	364	207
191	195	198	138
370	309	166	118
201	193	355	239
210	201	161	122
20	177	543	248
186	189	181	141
167	161	337	244
179	200	192	131
65	167	485	262
105	189	312	319
36	164	358	227
195	206	359	251
185	191	217	127
199	181	338	245
185	183	190	151
125	211	416	219
170	171	219	167
151	192	321	205
193	200	197	129
166	182	381	246
174	185	205	152
301	249	241	182
208	181	332	237
176	194	208	152
197	168	183	151
73	177	456	268
203	201	202	179
86	157	505	285
62	199	343	307
194	192	189	139
298	268	237	159
208	197	351	233
137	202	275	213
251	227	305	200
162	179	217	158
212	206	329	231
205	197	179	128
101	175	321	172
83	183	481	279
157	190	229	158
68	150	474	282
173	191	182	149
17	173	536	257
188	188	206	139
85	177	467	253
179	175	261	182
34	188	522	266
145	196	221	201
209	219	345	240
162	183	244	158
199	208	333	227
188	188	198	140
387	312	153	112
221	209	156	109
75	169	277	131
51	166	337	183
207	202	171	122
102	172	424	234
195	196	198	167
135	167	419	287
198	196	233	187
206	188	172	149
218	205	173	121
135	186	358	210
159	203	401	245
169	191	241	178
166	160	439	280
205	192	173	125
126	182	251	138
154	182	367	239
177	203	202	120
206	187	206	142
175	157	337	241
179	193	201	168
312	264	258	172
204	200	304	211
198	200	350	242
212	181	161	132
234	202	315	231
189	189	192	142
374	313	166	115
212	205	160	107
27	176	397	176
213	207	187	106
62	171	361	192
188	210	192	135
199	197	335	234
192	179	188	158
223	223	316	207
127	186	385	246
191	199	235	219
36	169	343	170
202	203	180	125
12	176	445	204
199	201	173	130
170	187	230	138
0	192	532	234
173	188	254	207
179	170	227	161
364	311	178	114
212	196	168	119
150	188	240	132
133	166	408	264
182	184	192	126
196	200	170	113
212	200	166	109
69	185	384	177
174	203	255	166
188	190	430	267
193	205	205	203
197	204	326	207
166	175	214	188
55	174	447	255
185	190	191	117
9	185	499	226
193	196	211	204
343	294	199	127
93	168	370	198
150	191	242	153
210	161	166	147
111	175	424	254
179	189	216	124
108	172	433	254
191	191	191	113
14	170	424	192
180	197	190	138
195	171	311	233
188	202	314	221
197	177	176	151
113	163	441	264
126	170	240	168
149	179	261	187
142	198	456	239
152	176	276	212
178	186	340	223
201	205	173	125
160	186	232	144
212	207	377	240
211	198	180	133
133	171	412	261
170	183	222	145
99	189	454	247
179	195	226	168
154	172	420	269
176	188	226	141
19	173	441	208
167	197	338	249
187	185	185	133
212	172	210	145
139	177	409	253
190	195	187	127
19	177	518	248
159	188	251	187
111	159	317	210
129	174	257	161
97	200	458	240
206	188	171	152
99	174	441	255
165	169	429	321
201	177	195	146
95	172	449	262
159	188	360	284
34	156	375	245
194	198	174	140
214	199	218	151
212	179	147	116
75	178	81	44
142	164	19	19
149	165	15	18
149	164	16	18
149	165	16	18
148	165	16	18
149	164	16	18
149	164	16	18
148	165	16	18
148	165	16	18
148	165	16	18
148	165	16	18
148	165	16	18
149	164	16	18
148	165	16	18
148	164	16	19
148	164	16	18
149	165	16	18
149	165	16	18
149	164	16	19
148	166	16	18
147	164	17	18
145	164	17	19
142	164	17	17
140	161	18	19
136	162	22	16
135	161	18	17
133	159	18	19
129	158	20	20
127	157	19	19
125	156	20	19
128	153	28	22
114	155	27	19
115	154	22	19
113	152	21	20
111	151	20	21
107	151	22	19
104	148	21	21
101	146	22	21
98	144	21	22
94	143	22	22
89	142	22	22
87	141	22	22
84	140	27	24
79	137	21	25
74	137	24	23
69	134	27	23
65	132	25	24
59	130	29	25
54	129	33	26
51	127	47	25
46	125	27	24
48	121	59	27
32	121	29	22
26	116	45	30
86	109	28	32
71	115	43	30
4	110	35	26
67	100	24	31
55	109	30	56
54	93	28	34
41	91	32	40
39	90	33	52
37	83	49	44
31	74	68	43
78	83	103	46
163	76	91	97
164	178	64	56
87	75	203	108
245	76	128	103
259	146	109	27
193	59	195	90
307	128	59	44
288	128	78	38
308	136	58	29
318	127	46	35
324	134	46	27
319	131	48	28
320	120	51	36
298	93	72	63
194	152	67	46
147	99	122	115
294	115	81	45
206	140	156	15
181	155	92	48
97	63	205	149
300	99	79	49
185	152	61	37
197	152	48	34
265	86	29	56
184	151	58	37
165	155	68	36
93	171	29	25
110	163	59	29
157	159	45	32
95	165	97	41
69	163	109	44
82	152	151	36
154	135	78	45
119	140	115	38
164	130	71	47
143	131	89	46
175	122	55	51
176	135	50	35
183	137	34	30
130	124	63	54
171	135	40	31
166	138	40	31
121	73	73	102
151	113	73	56
65	139	152	39
167	117	53	49
131	124	92	47
137	128	86	42
68	143	151	26
144	114	80	58
131	127	79	38
112	129	108	40
153	118	69	54
44	153	130	32
146	122	76	48
176	123	32	41
128	138	71	40
121	133	89	38
119	121	104	53
146	108	78	62
37	146	177	25
143	106	81	64
110	124	110	53
139	130	78	46
104	126	118	50
136	128	83	45
150	121	74	51
55	142	157	32
108	135	114	36
154	129	70	41
66	148	140	24
62	138	155	35
120	109	93	69
132	113	96	70
131	114	96	71
124	103	105	88
104	78	125	118
82	51	142	158
72	7	287	239
30	8	192	260
27	0	215	269
32	0	219	273
23	0	215	273
26	2	225	270
26	0	221	270
31	3	216	267
23	2	202	271
30	1	212	269
31	1	212	273
43	0	207	276
65	0	323	321
85	0	334	302
113	22	332	329
166	12	293	353
93	25	363	405
57	66	420	407
63	39	414	411
60	54	442	435
29	31	491	461
8	50	574	450
27	44	535	458
17	32	578	474
4	27	576	480
22	11	564	485
14	23	580	475
19	18	557	474
23	43	553	455
20	32	534	455
50	12	433	446
63	63	401	403
45	23	408	400
5	65	422	315
45	18	403	346
142	8	335	362
192	7	266	309
131	0	292	290
185	4	279	290
83	10	336	257
88	6	374	322
27	8	297	278
91	2	356	301
86	7	398	340
71	2	360	328
64	0	372	316
52	2	394	343
130	7	344	335
56	37	287	257
218	26	200	145
319	70	85	49
322	59	77	51
323	76	77	37
321	64	78	48
322	58	78	55
321	58	79	55
321	57	79	56
321	57	79	56
321	62	79	50
322	57	78	56
321	56	79	58
321	56	79	58
