253	246	19	13
259	247	17	13
261	247	17	13
262	247	17	13
263	246	17	14
260	246	17	13
259	246	17	13
262	246	16	12
260	246	16	12
260	246	17	13
264	246	17	14
262	246	17	13
264	248	17	13
264	248	17	14
261	249	16	13
261	248	17	14
261	249	17	14
255	247	17	14
254	246	17	14
259	246	17	13
258	245	17	12
261	245	17	13
264	243	17	13
260	243	17	13
257	242	16	14
252	241	17	14
246	241	18	14
249	243	17	13
250	245	17	13
249	245	17	12
249	245	17	13
250	244	17	13
249	243	18	13
251	243	17	13
254	243	17	13
252	244	17	13
256	246	16	12
257	246	16	13
253	247	17	13
252	247	17	14
258	250	16	13
258	249	17	14
259	248	17	13
265	248	17	13
263	248	17	14
261	247	17	14
267	247	17	13
266	246	17	13
261	245	17	13
256	244	17	13
252	243	17	13
249	243	17	14
253	243	18	14
255	242	17	13
258	243	18	14
264	246	17	14
263	246	17	13
257	246	17	13
251	245	18	14
247	245	18	14
249	245	18	13
251	245	18	13
248	246	18	13
251	246	18	13
252	248	18	14
247	248	18	14
249	248	19	14
255	248	17	14
254	248	17	14
256	249	17	14
259	248	17	13
258	248	17	13
258	247	17	14
258	246	17	13
255	244	17	13
255	245	17	13
255	245	17	13
252	246	18	14
253	246	18	13
259	245	17	13
257	244	16	13
256	244	17	13
261	244	17	13
259	244	17	13
261	244	17	14
261	243	17	14
259	243	17	13
264	245	16	12
265	247	16	12
259	246	17	13
258	247	17	13
260	247	17	13
257	248	17	13
257	248	17	13
257	247	17	14
251	248	17	14
247	248	17	14
243	248	17	14
238	247	18	14
236	248	17	14
244	248	17	14
247	248	17	14
252	247	17	14
260	247	17	14
260	247	17	13
259	246	17	13
263	245	17	12
265	244	17	13
265	243	18	14
265	242	18	14
261	241	18	15
262	240	18	14
261	241	18	14
256	242	18	14
253	243	17	14
257	245	17	14
258	248	17	14
255	248	18	14
261	249	18	14
261	249	18	14
259	249	17	14
263	249	17	14
263	250	18	14
259	249	17	14
257	249	18	14
259	248	17	14
258	248	17	14
257	247	18	14
255	246	17	14
256	246	17	14
258	246	17	14
254	246	17	14
250	245	18	14
246	245	17	13
242	244	19	14
245	244	18	13
249	243	17	13
247	242	17	14
246	242	17	14
247	241	18	14
245	240	17	15
247	241	18	14
252	241	17	14
249	242	17	13
255	244	17	13
259	246	17	13
255	245	16	13
258	247	17	13
256	249	17	14
248	248	17	14
248	247	17	13
249	247	17	14
244	246	17	14
249	246	17	13
254	246	17	13
252	245	17	13
257	245	17	14
260	245	17	13
256	245	17	13
259	244	17	13
258	245	17	13
253	244	17	13
252	245	17	13
255	243	17	13
252	243	16	14
253	242	17	14
253	241	17	14
248	240	17	14
249	241	17	15
250	241	17	14
245	240	17	14
245	242	17	13
251	245	17	13
249	245	17	13
251	245	18	13
259	248	16	13
257	249	16	13
254	248	17	14
260	248	18	14
259	248	18	15
258	247	18	15
261	248	18	15
261	247	18	15
261	248	18	14
261	248	17	14
255	247	18	15
254	247	17	14
256	246	17	14
251	247	17	13
246	246	18	14
244	246	18	13
239	245	18	14
242	244	16	13
244	244	17	13
237	242	17	14
241	241	17	13
242	240	17	13
238	239	18	15
238	239	18	15
244	242	18	14
243	242	17	13
246	243	18	13
250	245	17	13
246	245	17	12
248	245	17	13
249	244	18	13
245	245	18	13
247	245	17	13
246	245	18	13
241	246	19	13
241	246	22	14
247	245	18	13
246	246	18	14
248	246	19	14
251	246	17	13
246	245	18	14
251	244	17	14
253	244	17	13
250	242	17	13
253	242	18	14
253	241	18	14
247	241	19	14
246	239	20	14
247	237	19	15
243	237	19	15
245	240	18	14
247	242	18	14
243	241	19	14
238	241	19	15
232	243	19	14
228	243	20	15
237	243	20	16
242	243	20	15
242	243	20	15
244	243	20	15
250	245	19	15
249	246	20	14
254	246	20	15
258	247	19	15
254	246	20	16
257	247	19	15
258	246	20	15
254	246	20	15
254	246	20	15
253	245	19	15
246	244	19	15
244	244	20	15
248	244	19	15
245	244	20	14
249	242	20	15
255	242	19	15
251	240	19	16
249	239	20	16
255	238	19	16
253	238	20	16
252	238	20	16
254	240	20	16
250	242	21	15
248	245	20	15
251	245	19	15
248	246	20	15
249	246	19	15
248	246	20	15
244	247	20	16
238	246	19	16
232	246	21	16
225	246	20	16
230	245	21	16
237	246	20	16
237	245	20	16
242	245	20	16
250	246	19	16
248	246	19	15
247	245	20	16
254	245	20	16
253	245	19	14
255	243	19	14
256	243	19	15
252	243	19	15
251	243	19	15
252	244	19	14
246	244	19	14
241	245	19	14
244	246	19	14
246	248	18	14
246	248	19	14
253	250	18	13
251	250	18	13
251	250	18	13
258	249	16	13
256	250	16	13
252	250	17	13
254	250	17	13
254	251	17	13
251	251	17	13
255	252	15	11
253	251	15	11
253	251	13	11
253	252	13	10
253	252	13	10
249	253	12	10
244	250	13	11
238	250	13	11
234	250	14	11
232	254	13	10
225	258	13	11
219	256	15	12
228	251	17	13
233	245	13	11
225	240	12	10
203	220	28	19
234	206	35	19
188	179	80	71
43	117	54	43
107	152	48	83
69	314	28	18
53	319	19	13
57	320	18	13
65	321	16	11
65	321	15	12
64	322	16	12
73	322	17	13
44	344	17	15
52	341	28	24
114	404	11	10
111	382	10	16
134	402	10	10
156	403	10	10
150	406	10	10
169	424	10	10
153	408	23	29
165	404	50	10
151	401	63	15
152	404	62	13
155	403	57	14
139	365	35	28
85	300	31	18
87	290	29	26
85	290	29	26
85	290	31	26
86	289	32	26
87	289	31	28
88	288	31	27
87	289	30	26
69	360	14	10
70	363	11	10
70	362	12	10
70	363	12	11
70	364	12	10
71	363	11	10
70	365	12	11
70	365	12	10
71	365	11	10
71	366	11	10
71	367	11	10
72	367	11	10
70	367	12	10
71	367	11	10
71	367	11	10
70	368	11	10
71	367	12	10
71	368	12	10
70	367	12	10
70	367	12	10
69	367	12	10
70	366	11	10
71	366	11	10
70	365	12	10
70	365	12	11
70	365	11	10
70	364	11	10
69	363	12	10
70	363	11	10
71	364	11	10
70	363	12	10
70	363	11	10
70	363	12	10
70	364	12	10
71	365	12	11
71	364	12	10
70	365	11	10
70	366	12	10
71	367	12	10
72	367	11	10
72	366	11	10
72	368	11	10
82	345	20	12
52	340	21	21
14	361	18	15
3	354	43	14
33	354	47	59
37	251	87	76
24	234	175	12
41	246	78	19
55	248	64	17
16	319	28	13
10	361	14	10
10	362	13	12
12	361	13	12
13	361	30	31
12	355	19	18
13	357	18	15
14	360	14	12
15	361	15	14
14	361	13	12
14	359	17	18
14	360	15	13
15	362	13	12
15	361	14	14
44	384	10	10
61	363	12	13
70	375	26	16
81	360	21	14
93	360	20	13
121	336	15	12
140	309	16	12
112	329	13	18
136	310	18	16
138	310	19	16
124	334	18	15
144	309	26	24
140	358	32	22
158	327	21	18
158	312	19	17
161	321	16	16
160	327	17	17
159	325	16	15
158	324	15	14
158	325	13	13
159	325	13	13
160	326	13	13
160	326	13	14
160	326	15	15
159	326	13	12
158	327	13	14
159	328	16	17
160	328	15	17
159	328	16	16
160	330	15	15
158	330	17	17
159	330	16	17
177	340	29	24
134	338	26	18
157	376	27	20
125	376	31	23
164	347	22	13
168	377	23	15
164	363	24	35
178	404	37	11
161	372	23	23
161	372	27	23
150	339	48	30
109	342	20	34
106	342	37	42
92	434	20	17
94	435	18	17
96	437	16	14
95	436	17	15
96	437	17	14
97	436	17	15
97	436	17	15
96	435	18	16
95	436	19	15
96	437	18	15
99	439	15	14
114	409	13	14
115	410	10	10
116	412	10	10
116	412	10	10
115	412	10	10
116	413	11	11
116	413	11	11
116	413	12	12
97	438	17	10
94	455	10	17
91	468	12	10
90	469	12	10
90	468	14	10
91	467	13	10
90	467	12	10
90	466	12	10
91	466	11	10
94	456	10	15
100	440	11	16
75	461	33	17
66	449	73	32
92	384	81	45
237	267	33	31
262	221	20	14
276	223	18	13
288	223	17	13
287	223	17	13
287	223	17	13
292	223	16	13
293	225	16	13
295	226	16	13
295	225	17	14
307	258	14	10
298	258	13	10
291	258	15	11
299	230	16	10
309	205	27	22
260	154	62	26
193	64	18	18
225	61	18	19
266	94	11	14
250	98	15	10
269	93	13	10
278	97	14	10
277	97	13	10
275	96	13	10
279	95	14	10
280	95	15	11
282	94	15	10
283	94	15	10
284	95	13	10
285	95	13	10
287	95	13	10
286	94	13	10
286	95	14	11
286	95	14	11
286	94	15	12
285	94	17	13
286	97	14	10
286	96	16	12
286	97	15	11
287	97	13	10
286	98	14	10
287	99	13	10
287	99	14	10
287	99	14	10
286	97	15	12
286	97	16	12
285	97	16	12
286	97	15	11
286	98	14	10
286	97	13	11
286	95	15	11
298	67	12	13
278	73	13	10
255	66	11	16
226	61	34	21
210	98	17	13
214	100	14	11
207	99	15	13
216	100	13	12
219	100	13	12
219	99	13	13
221	100	12	12
221	100	13	12
225	100	12	12
225	102	12	11
224	102	13	12
222	101	15	13
224	102	13	13
225	103	12	11
223	103	14	13
221	102	16	13
225	103	13	12
222	103	16	13
222	102	16	13
224	103	13	12
225	103	12	12
226	102	11	12
221	102	16	13
220	102	17	14
221	101	16	13
222	100	15	13
221	99	15	13
220	100	17	13
218	100	19	13
220	99	17	14
219	99	19	14
220	99	17	13
221	100	16	13
221	100	17	13
218	100	20	13
220	100	18	13
220	100	18	13
220	102	17	13
223	102	15	13
224	101	15	13
221	103	17	13
220	102	17	14
226	103	13	11
253	77	10	10
234	71	15	11
224	61	12	17
226	61	19	17
227	59	17	14
211	60	21	26
193	44	24	17
172	25	72	39
111	9	40	26
127	12	24	23
128	12	24	23
129	11	24	22
129	12	23	22
128	12	24	23
128	12	25	23
128	12	24	24
128	11	26	23
128	12	25	23
128	12	24	23
127	12	25	22
128	12	26	22
128	12	24	23
127	13	24	23
128	12	23	23
128	12	23	22
129	13	23	21
141	22	11	10
129	13	21	19
176	16	10	18
195	32	11	10
189	32	11	10
197	32	10	10
182	36	10	10
182	36	10	10
200	32	10	10
198	31	12	10
200	31	15	10
201	31	12	10
204	32	10	10
203	32	10	10
202	31	10	10
202	30	10	10
184	32	11	10
194	55	11	10
183	33	30	20
214	58	35	33
166	78	23	20
185	33	42	49
179	62	64	28
236	129	53	35
238	40	103	41
380	42	57	35
459	109	47	38
528	88	29	20
536	94	16	13
534	97	15	12
532	97	14	13
531	100	13	11
530	99	15	12
558	72	10	10
558	59	18	13
587	53	15	20
582	46	35	25
524	10	39	101
387	3	89	34
329	65	40	24
393	0	27	18
412	0	19	11
410	0	17	10
408	0	17	10
414	0	16	10
415	0	16	10
415	0	16	10
417	0	16	10
417	0	15	10
418	0	15	10
419	0	15	10
419	0	15	10
419	0	15	10
420	0	15	10
420	0	15	11
420	0	15	11
420	0	15	11
420	0	15	12
421	0	14	11
421	1	15	12
420	0	16	13
420	0	15	12
420	1	15	11
420	0	15	12
420	1	16	12
420	1	16	12
421	0	15	12
422	0	16	10
398	17	60	17
347	56	22	19
306	56	28	18
291	59	34	21
310	56	39	24
375	88	24	18
334	63	42	30
314	56	40	25
319	55	40	24
265	107	21	17
264	106	29	39
316	55	39	25
384	92	22	16
388	94	15	12
410	109	11	10
411	111	11	10
397	104	23	17
386	102	16	12
408	115	12	10
408	117	11	10
407	119	11	10
406	120	10	10
405	120	11	10
404	119	11	11
405	119	11	10
404	120	11	10
403	119	13	10
405	119	11	10
405	121	10	10
390	106	43	20
340	116	44	30
272	62	125	122
203	162	95	63
76	58	42	25
15	115	42	25
37	106	32	20
45	121	45	44
12	113	38	26
61	113	41	52
48	131	51	34
14	113	40	29
58	108	31	20
17	113	38	27
18	113	89	53
21	114	42	30
64	109	26	18
30	118	29	24
11	116	40	25
4	148	34	19
18	151	28	18
16	109	23	16
11	111	19	11
0	111	18	13
1	142	13	10
2	149	26	17
6	147	32	19
16	147	27	19
14	147	28	19
9	146	25	19
1	147	27	18
4	148	27	18
10	145	25	19
13	143	26	21
14	146	25	18
7	145	25	18
7	147	24	18
5	146	25	18
10	145	22	18
7	147	26	18
10	146	24	19
6	147	28	19
12	149	22	17
9	148	24	18
8	148	26	19
6	149	27	18
9	149	24	19
8	148	26	19
10	149	23	18
11	149	22	18
11	150	22	18
11	149	23	18
11	148	23	18
11	148	22	18
9	148	24	18
6	147	27	19
8	147	25	19
7	147	26	20
6	146	27	19
7	146	27	19
7	146	26	19
7	145	27	20
6	145	27	20
8	145	25	19
6	145	26	19
9	146	24	19
11	163	19	21
40	123	17	13
23	131	17	16
0	164	16	14
0	173	18	17
9	212	19	10
16	217	18	14
16	217	19	14
14	218	19	14
10	216	24	17
11	214	23	18
9	214	25	19
10	214	25	19
8	214	26	19
11	215	24	18
9	214	25	18
8	213	26	18
8	213	26	19
11	214	24	18
12	214	22	18
11	213	24	18
11	213	23	18
12	212	23	18
12	213	22	17
10	213	24	17
9	211	25	19
2	183	45	85
74	214	90	62
155	319	51	40
82	397	29	20
98	399	23	15
82	401	21	14
69	400	21	16
69	402	20	14
74	400	22	17
80	399	22	17
77	399	21	17
74	405	19	12
70	403	19	13
73	405	19	12
75	404	19	13
77	405	18	12
92	389	15	15
70	403	20	13
72	404	19	12
73	403	20	13
77	405	32	12
99	396	41	35
112	454	60	26
195	455	37	22
232	414	25	15
220	415	21	15
235	415	22	15
245	414	20	15
241	415	20	14
240	415	20	14
245	414	19	15
246	415	19	14
246	415	19	15
247	415	20	14
247	416	19	14
248	416	20	14
249	416	20	14
249	417	19	14
249	417	20	14
250	417	19	14
251	417	18	14
251	417	19	14
250	417	19	14
251	417	19	14
250	417	19	14
251	418	19	14
251	417	18	13
251	417	19	14
251	417	18	14
251	416	18	14
250	415	18	14
250	415	19	14
251	415	19	14
251	415	19	14
251	415	19	14
251	415	18	14
251	415	18	14
251	414	19	14
250	414	19	14
250	415	19	14
251	415	19	14
251	415	19	14
251	415	18	14
251	416	18	14
251	417	19	14
251	417	18	14
251	417	18	14
251	418	18	15
251	417	18	14
251	418	18	14
251	418	18	13
251	418	18	14
251	417	19	14
251	417	18	14
251	417	18	14
251	417	19	14
251	417	19	14
251	416	19	15
250	416	18	13
251	415	19	14
250	416	19	14
251	416	20	14
250	416	20	14
251	416	18	13
250	415	19	14
250	415	20	14
250	415	20	13
251	414	19	14
251	414	19	14
249	415	19	14
250	415	19	14
251	416	19	14
250	417	19	14
251	416	19	14
250	418	19	14
251	417	19	13
251	418	19	13
250	417	19	13
250	418	19	13
250	417	19	14
250	418	19	14
250	418	19	14
251	418	19	13
251	417	19	14
262	416	22	16
225	454	21	13
194	419	33	19
187	427	37	27
139	405	44	55
86	425	42	24
70	428	25	18
81	428	25	18
93	429	23	17
91	429	23	17
91	430	22	17
96	431	22	16
103	434	14	12
104	438	11	11
106	434	15	13
103	434	18	14
109	438	13	11
109	437	12	11
103	432	20	16
101	434	21	15
110	438	12	11
102	433	22	15
102	433	21	16
110	438	13	11
100	433	22	16
106	436	17	13
77	470	12	10
77	469	12	10
77	468	11	10
77	468	11	10
74	468	13	10
64	471	18	10
41	483	13	10
41	483	14	10
52	478	17	11
40	482	14	10
49	478	18	11
63	470	16	11
75	466	13	10
76	467	12	10
77	467	11	10
77	467	11	10
78	467	10	10
78	467	10	10
78	468	10	10
79	468	10	10
79	468	10	10
78	468	10	10
78	469	10	10
77	469	11	10
55	478	14	12
52	480	16	11
42	484	16	10
41	486	12	10
41	485	12	10
41	485	13	10
42	485	13	10
41	485	13	10
41	485	12	10
41	484	11	10
41	485	10	10
41	484	12	10
41	483	13	10
42	484	12	10
41	483	13	10
41	483	11	10
41	483	12	10
41	483	11	10
41	484	11	10
41	483	11	10
41	484	12	10
41	485	11	10
42	484	12	10
41	485	14	10
41	484	13	10
42	485	13	10
43	484	23	10
74	469	14	10
51	443	12	12
52	444	13	14
52	443	12	11
53	444	11	10
54	444	29	29
99	430	25	19
101	432	22	16
106	436	16	12
78	468	11	10
78	468	10	10
57	475	14	14
41	484	12	10
41	483	12	10
42	484	12	10
42	483	12	10
41	483	12	10
41	484	11	10
42	484	11	10
42	484	12	10
41	484	12	10
41	484	12	10
41	484	12	10
41	485	12	10
41	485	12	10
41	485	11	10
42	485	13	10
42	486	12	10
41	486	12	10
42	486	10	10
41	486	12	10
42	486	11	10
41	486	12	10
41	486	12	10
41	486	11	10
41	485	12	10
25	463	24	26
73	466	16	12
75	468	13	10
54	445	34	32
99	429	31	18
101	431	21	17
102	431	21	16
101	430	23	17
103	431	21	16
103	431	20	16
100	430	23	18
108	436	14	12
104	433	19	15
109	457	20	21
100	430	24	17
102	431	22	17
108	437	15	11
109	438	14	11
110	439	14	11
110	440	13	10
105	436	18	14
109	439	13	12
109	438	14	12
105	435	18	15
107	436	16	14
78	469	11	10
77	469	10	10
77	469	11	10
68	473	13	11
49	475	18	14
41	484	12	10
41	484	12	10
42	485	11	10
41	484	12	10
41	484	12	10
48	479	17	11
42	481	17	10
41	482	14	10
41	482	14	10
43	483	16	10
47	478	17	12
76	467	12	10
77	467	11	10
61	451	27	25
99	429	24	19
99	429	25	19
100	431	23	19
101	431	24	18
99	431	23	17
100	431	23	18
104	435	19	15
107	436	17	14
78	468	12	10
78	470	10	10
78	470	10	10
77	469	10	10
76	468	11	10
78	469	10	10
78	468	10	10
77	468	10	10
78	468	10	10
78	468	10	10
77	467	10	10
77	466	10	10
78	467	10	10
74	468	12	10
71	467	17	11
73	467	14	11
74	467	14	11
76	467	12	10
77	467	12	10
54	443	23	32
100	430	26	19
100	429	25	19
100	430	25	19
100	430	25	18
100	431	25	18
100	430	24	18
100	432	24	19
100	431	24	18
100	431	24	18
100	431	23	18
100	430	24	18
101	431	23	17
100	430	23	17
100	430	24	18
107	435	17	13
77	468	12	10
76	467	12	10
55	476	16	13
44	482	21	10
52	478	19	12
54	478	16	12
73	467	13	12
74	466	14	12
75	466	13	11
53	478	16	12
75	467	13	10
52	476	17	13
50	477	20	13
49	477	21	13
50	481	20	20
62	441	42	46
88	396	31	30
56	346	35	32
79	297	31	33
77	293	33	33
78	285	30	26
140	269	17	10
142	269	14	10
143	269	13	10
142	269	13	10
143	270	12	10
143	269	12	10
142	269	13	10
142	269	13	10
141	269	13	10
142	268	14	10
139	281	13	18
111	303	20	22
68	317	35	38
22	409	17	10
24	409	14	11
24	402	13	10
24	403	14	10
23	404	13	10
23	404	13	10
24	405	13	10
24	405	14	10
23	405	14	10
23	405	14	10
23	405	14	10
23	406	14	10
24	405	14	10
24	406	14	10
23	406	14	10
23	406	15	10
23	406	15	10
23	407	15	10
23	406	14	10
23	406	14	10
24	405	13	10
23	406	14	10
23	405	14	10
23	405	14	10
23	405	14	10
24	405	14	10
24	404	14	11
23	404	14	10
23	404	14	10
23	403	14	11
23	404	13	10
23	404	14	10
23	403	14	11
23	404	14	11
23	405	14	10
23	405	14	10
24	405	14	10
24	405	14	10
24	405	14	10
23	406	13	10
23	406	14	10
23	406	14	10
23	406	15	10
23	406	15	10
23	406	15	10
23	407	14	10
24	406	14	10
24	406	14	10
23	406	14	10
24	405	13	10
24	405	13	10
25	405	13	10
23	405	14	10
23	404	14	10
23	404	14	10
23	404	14	10
24	404	14	10
24	404	13	10
24	404	13	10
24	404	14	10
23	404	14	10
23	404	14	10
24	405	14	10
24	405	14	10
23	405	14	10
23	405	14	10
23	406	14	10
24	406	14	10
24	407	14	10
24	406	14	10
24	407	14	10
24	407	13	10
24	407	13	10
24	407	14	10
24	407	14	10
24	406	14	10
23	406	14	10
24	406	13	10
23	405	14	10
23	406	14	10
24	405	14	10
23	405	14	10
23	405	14	10
23	404	14	10
23	404	14	10
23	404	13	10
23	404	14	10
23	404	14	10
23	404	14	10
23	404	14	10
23	405	14	10
23	405	14	10
24	405	14	10
23	405	14	10
23	406	14	10
23	406	14	10
23	406	14	10
23	406	14	10
23	406	14	10
23	407	15	10
23	406	14	10
23	406	14	10
23	406	15	10
23	406	14	10
23	406	14	10
23	405	14	10
24	405	13	10
23	405	14	10
23	405	14	10
24	405	13	10
23	404	14	10
23	404	14	10
24	404	14	10
23	404	14	10
23	403	14	10
23	404	14	10
23	404	14	10
23	404	14	10
23	404	15	10
23	404	15	10
23	404	15	10
23	405	15	10
22	405	15	10
23	405	14	10
23	405	15	10
24	406	14	10
23	406	14	10
23	405	14	10
23	406	14	10
23	406	14	10
23	406	14	10
24	406	14	10
24	406	13	10
23	406	14	10
23	405	14	10
24	405	15	10
23	405	15	10
23	405	14	10
23	404	14	10
23	404	14	10
23	404	14	10
23	404	14	10
23	403	14	10
23	404	14	10
24	403	14	10
23	404	15	10
23	404	14	10
24	404	14	10
23	405	15	10
0	388	30	24
55	369	20	26
81	329	27	24
78	317	31	32
128	280	28	12
140	291	16	11
141	291	15	10
141	290	14	10
140	290	14	10
141	291	14	10
141	290	14	10
140	291	14	10
141	290	13	10
140	290	14	10
141	290	13	10
141	290	14	10
141	289	13	10
141	289	13	10
141	289	14	10
141	288	13	10
141	289	13	10
141	288	13	10
140	289	14	10
140	288	14	10
142	292	12	10
133	276	38	35
86	234	22	16
89	233	27	47
27	170	23	21
27	180	20	17
27	178	19	17
28	178	19	18
26	179	21	18
28	179	20	17
28	180	20	17
27	180	19	17
28	180	19	17
27	180	18	18
27	180	19	17
29	180	18	16
29	179	18	17
28	179	19	17
28	179	18	17
28	179	18	16
28	179	18	16
27	178	20	17
27	178	20	17
27	178	19	17
26	177	20	17
28	178	19	17
28	177	19	17
27	177	20	17
27	178	20	17
27	178	20	17
31	210	17	18
35	200	17	17
68	167	16	17
65	161	12	27
67	169	18	16
66	171	18	15
67	170	17	15
69	171	16	15
66	171	17	15
66	171	16	15
66	171	16	15
68	172	15	14
67	172	15	14
67	172	15	14
66	170	16	14
67	170	15	15
69	171	15	14
67	170	17	15
67	171	17	14
68	170	15	14
68	171	15	13
67	170	15	14
69	170	14	14
68	169	15	14
68	170	16	14
67	169	16	14
69	170	15	14
68	170	15	14
67	169	16	14
68	171	14	14
68	170	15	14
68	171	15	14
68	171	16	14
68	171	16	14
67	170	16	15
68	172	16	14
67	171	16	14
68	172	15	14
69	172	14	13
68	172	15	13
68	172	15	13
68	172	15	13
68	172	16	14
67	171	16	14
67	171	16	14
69	171	15	14
69	171	15	14
69	171	15	14
68	170	15	14
68	170	15	13
68	170	15	14
68	169	15	14
68	170	15	14
68	170	15	14
68	170	15	14
69	170	14	14
67	170	15	14
67	170	16	15
67	170	16	15
68	170	16	15
67	171	17	15
67	171	17	14
67	171	17	15
68	171	16	14
67	171	16	14
67	171	17	15
67	172	16	14
67	172	16	15
67	171	16	15
67	171	16	14
67	171	16	15
67	171	17	15
67	171	16	14
67	171	16	14
67	171	16	14
67	171	16	14
67	170	16	14
67	170	16	14
67	169	16	14
67	170	16	15
67	169	16	14
67	169	16	14
67	169	16	14
67	170	16	14
67	169	17	14
67	170	16	14
67	170	16	14
68	170	16	15
68	171	16	14
68	171	16	15
68	171	16	14
68	171	16	14
67	171	16	15
68	170	16	15
67	171	16	14
68	171	16	14
68	171	16	14
68	172	16	14
68	172	16	14
68	171	16	15
68	171	16	15
67	171	16	15
67	170	16	14
67	170	16	15
67	170	16	14
67	169	17	15
67	169	17	15
68	169	16	15
67	169	16	15
67	170	16	15
67	169	16	15
67	169	17	15
67	169	17	15
35	190	20	15
41	167	35	27
110	239	18	12
100	241	30	18
84	239	28	18
98	237	28	21
107	241	28	17
103	241	28	16
105	242	28	17
109	242	27	17
111	242	25	17
110	242	27	18
111	241	28	18
114	242	26	17
112	240	27	17
112	241	29	17
112	240	28	18
114	240	27	17
112	241	28	17
113	239	28	18
113	240	27	18
113	239	27	18
115	240	25	16
111	196	30	32
113	211	29	18
116	216	25	17
114	215	26	17
116	212	25	17
117	213	24	16
118	213	23	16
116	214	25	16
115	213	26	16
117	209	25	20
116	212	27	18
117	215	26	17
115	214	27	17
116	214	25	17
