0.099024
0.113404
0.201634
0.273715
0.226350
0.263291
0.243618
0.199794
0.240942
0.256124
0.244740
0.297923
0.278051
0.249463
0.272034
0.265069
0.293393
0.267183
0.246381
0.243496
0.294706
0.258322
0.241991
0.268844
0.262236
0.274920
0.257309
0.231452
0.256567
0.269351
0.297282
0.232191
0.266915
0.259715
0.277868
0.247440
0.241189
0.259100
0.256561
0.253981
0.236882
0.238379
0.234624
0.254107
0.232637
0.266981
0.302690
0.277056
0.236077
0.268729
0.273418
0.300029
0.258145
0.237043
0.256763
0.252512
0.278743
0.256626
0.248302
0.244828
0.284491
0.275774
0.264868
0.263828
0.219233
0.264148
0.274273
0.185943
0.224113
0.225549
0.223130
0.223226
0.225656
0.220928
0.231280
0.258294
0.207039
0.262179
0.180786
0.213782
0.213714
0.237562
0.251391
0.268821
0.246003
0.235059
0.229504
0.254174
0.274203
0.231170
0.200615
0.283194
0.274851
0.263833
0.266000
0.278629
0.255112
0.241630
0.205875
0.268840
0.272406
0.266604
0.293902
0.281159
0.258702
0.263457
0.238848
0.233783
0.252391
0.277566
0.251276
0.254132
0.280774
0.249626
0.263874
0.226295
0.271995
0.274573
0.245787
0.216087
0.220267
0.276120
0.237625
0.244736
0.234413
0.274351
0.255080
0.288892
0.313891
0.242758
0.229333
0.264719
0.262525
0.285847
0.297109
0.227437
0.250233
0.274999
0.277059
0.288943
0.293732
0.236177
0.135508
0.082654
0.212311
0.220456
0.183569
0.201135
0.216109
0.262923
0.217997
0.222888
0.228043
0.238087
0.183976
0.248997
0.266060
0.268377
0.254364
0.207985
0.291195
0.256942
0.252908
0.256381
0.232246
0.270258
0.233463
0.245544
0.251261
0.259258
0.267932
0.226076
0.266499
0.237918
0.237121
0.259130
0.274967
0.233684
0.224452
0.300154
0.246855
0.256491
0.224623
0.235450
0.253304
0.224457
0.223871
0.297898
0.282752
0.250457
0.257388
0.296585
0.271163
0.261025
0.263844
0.260150
0.257179
0.238582
0.235677
0.226844
0.240375
0.265412
0.240506
0.235545
0.329990
0.261935
0.235758
0.273347
0.252405
0.240020
0.251729
0.283782
0.242598
0.213946
0.245868
0.257349
0.272517
0.221118
0.209135
0.204881
0.239926
0.229590
0.254590
0.222385
0.220855
0.202010
0.214223
0.200573
0.225422
0.227902
0.223150
0.272753
0.222088
0.269349
0.238940
0.262545
0.272175
0.284866
0.269809
0.225606
0.228915
0.242758
0.272990
0.253849
0.234912
0.269120
0.259177
0.231727
0.214866
0.215197
0.241911
0.207452
0.234440
0.243998
0.231642
0.259987
0.199917
0.216712
0.245844
0.247206
0.235035
0.259866
0.254943
0.235579
0.229688
0.224590
0.252988
0.232116
0.244339
0.223839
0.262594
0.255106
0.241354
0.264631
0.294869
0.256096
0.233012
0.246271
0.252874
0.263474
0.296307
0.259055
0.261780
0.254293
0.273535
0.249151
0.272357
0.265879
0.227038
0.220458
0.231599
0.254941
0.305116
0.288108
0.142720
0.144233
0.227787
0.276325
0.244347
0.209920
0.223940
0.224123
0.234545
0.206038
0.220034
0.220768
0.195241
0.220005
0.284421
0.233270
0.289642
0.249125
0.253541
0.240198
0.259676
0.273427
0.282521
0.238698
0.245216
0.243481
0.271787
0.220892
0.255712
0.243494
0.234605
0.248857
0.263260
0.279271
0.234521
0.245768
0.252131
0.257740
0.270574
0.247087
0.276604
0.262352
0.259636
0.247658
0.215198
0.231237
0.190772
0.222601
0.211555
0.273879
0.268013
0.235213
0.272052
0.265075
0.238669
0.243270
0.242670
0.270428
0.257175
0.279172
0.294691
0.209741
0.232381
0.277621
0.245467
0.253276
0.235077
0.244756
0.241456
0.262117
0.237156
0.229564
0.266855
0.273559
0.280771
0.312256
0.221623
0.219583
0.225171
0.264563
0.277823
0.217147
0.225653
0.201552
0.205040
0.218379
0.195250
0.225213
0.230235
0.261954
0.276877
0.281811
0.231264
0.219910
0.268759
0.231628
0.217289
0.210945
0.267024
0.264417
0.239360
0.229120
0.218335
0.220953
0.226078
0.225362
0.199415
0.225405
0.195153
0.248080
0.220673
0.197545
0.232778
0.222518
0.231227
0.236800
0.217098
0.214971
0.251935
0.197048
0.239273
0.195625
0.240830
0.224225
0.233635
0.254647
0.231756
0.267881
0.252645
0.215646
0.221593
0.240089
0.268095
0.220849
0.258121
0.263470
0.238465
0.196874
0.267879
0.225794
0.232843
0.228861
0.234338
0.229860
0.265024
0.239342
0.272566
0.218372
0.251155
0.278306
0.215227
0.236977
0.243976
0.239172
0.269364
0.245894
0.268427
0.247628
0.268185
0.245723
0.199793
0.267716
0.229136
0.239587
0.232363
0.246696
0.238555
0.270096
0.282562
0.255008
0.261454
0.270161
0.247299
0.258056
0.251550
0.275139
0.290404
0.239789
0.250213
0.260603
0.243876
0.252401
0.240148
0.275357
0.252099
0.239264
0.229446
0.235618
0.228811
0.224765
0.221766
0.246374
0.240683
0.243964
0.251272
0.250082
0.240945
0.242429
0.229108
0.242113
0.240987
0.233186
0.224029
0.223251
0.185625
0.193127
0.151878
0.128640
0.155602
0.228842
0.210543
0.231308
0.229860
0.233791
0.213577
0.215878
0.224779
0.238499
0.234244
0.226521
0.213204
0.233631
0.205891
0.246792
0.204492
0.133523
0.122437
0.130944
0.172460
0.174057
0.145812
0.287472
0.255346
0.287093
0.189270
0.192534
0.254344
0.262307
0.239233
0.294801
0.243065
0.260636
0.238993
0.248394
0.228212
0.236917
0.221884
0.211963
0.258465
0.234844
0.230469
0.262687
0.233582
0.252847
0.191589
0.177326
0.294196
0.255852
0.249145
0.310657
0.271367
0.261148
0.249199
0.238118
0.252654
0.244280
0.250632
0.221608
0.279798
0.271966
0.319886
0.287866
0.278876
0.308507
0.281071
0.282252
0.314006
0.301992
0.269454
0.303796
0.236613
0.285353
0.302634
0.240323
0.315123
0.287843
0.275508
0.304429
0.251621
0.271097
0.231827
0.256629
0.256287
0.223039
0.220598
0.224485
0.250732
0.282710
0.271173
0.308631
0.321205
0.279552
0.305523
0.265318
0.211425
0.218960
0.273892
0.308591
0.142551
0.287655
0.270330
0.318059
0.251119
0.265328
0.275499
0.310787
0.324881
0.290699
0.261169
0.294180
0.265548
0.272395
0.304837
0.272764
0.249592
0.303586
0.234346
0.236300
0.279490
0.266522
0.328234
0.259006
0.244274
0.237664
0.232356
0.227267
0.230939
0.265051
0.269939
0.238366
0.238236
0.262918
0.238505
0.238264
0.297541
0.292652
0.310839
0.312668
0.280667
0.267083
0.329182
0.269010
0.243019
0.280648
0.244117
0.320776
0.299854
0.273288
0.317503
0.271024
0.265421
0.276722
0.267813
0.267365
0.221842
0.287780
0.283857
0.268105
0.326698
0.294380
0.197111
0.201164
0.204005
0.170483
0.191636
0.183554
0.139914
0.185397
0.149086
0.179767
0.193997
0.193327
0.203720
0.177785
0.156858
0.152330
0.147096
0.194107
0.162051
0.235687
0.254013
0.204775
0.211254
0.190260
0.149894
0.150649
0.124968
0.123586
0.132225
0.167083
0.145712
0.222653
0.225346
0.178379
0.223531
0.202724
0.215712
0.200936
0.229724
0.243739
0.268029
0.239810
0.273124
0.317224
0.346023
0.244393
0.335726
0.327324
0.242733
0.305356
0.298588
0.306222
0.308506
0.309181
0.295638
0.274145
0.239182
0.229113
0.282598
0.293887
0.266431
0.230381
0.236632
0.329496
0.199397
0.262056
0.212097
0.262943
0.208560
0.265175
0.291636
0.261843
0.289862
0.267232
0.254873
0.273173
0.261132
0.274411
0.263021
0.249591
0.264936
0.259284
0.251718
0.304675
0.260020
0.304355
0.078973
0.220292
0.173183
0.263848
0.227136
0.283952
0.166832
0.121921
0.292300
0.242175
0.255970
0.266881
0.248524
0.265614
0.281818
0.291592
0.273327
0.327666
0.263002
0.224328
0.300399
0.328636
0.284528
0.255034
0.264799
0.275487
0.250665
0.265173
0.237060
0.245775
0.286208
0.259185
0.260583
0.236233
0.246665
0.235909
0.300588
0.292604
0.248481
0.269771
0.300465
0.255737
0.277211
0.260504
0.305593
0.325869
0.245229
0.240840
0.301249
0.167277
0.091320
0.183097
0.276894
0.284742
0.238155
0.244154
0.240605
0.220901
0.231147
0.249704
0.101100
0.111842
0.275996
0.223523
0.264611
0.203939
0.241661
0.231248
0.229111
0.263694
0.266460
0.238314
0.268079
0.261936
0.285137
0.276918
0.258586
0.252538
0.285415
0.274848
0.276186
0.260900
0.265864
0.242041
0.233606
0.264302
0.239487
0.251647
0.243323
0.224689
0.257947
0.232052
0.260718
0.276563
0.254098
0.257428
0.264796
0.246241
0.248252
0.233559
0.230229
0.246595
0.274955
0.272655
0.252316
0.268963
0.266844
0.290036
0.228325
0.243583
0.244377
0.264036
0.250252
0.264417
0.241677
0.213423
0.249596
0.213618
0.201642
0.242424
0.267058
0.258299
0.241956
0.267158
0.285690
0.297932
0.227323
0.202085
0.244048
0.295753
0.236974
0.249205
0.241336
0.262600
0.263797
0.249887
0.268101
0.215999
0.261325
0.289995
0.270637
0.268211
0.303823
0.286471
0.284581
0.231643
0.196383
0.226328
0.204808
0.190349
0.193532
0.191202
0.185546
0.186796
0.192888
0.189560
0.184876
0.206302
0.163882
0.205904
0.205209
0.228328
0.249093
0.276329
0.255447
0.241411
0.234529
0.242658
0.266491
0.265619
0.253638
0.240190
0.255338
0.269336
0.229571
0.258106
0.279623
0.263891
0.290109
0.221716
0.234512
0.245613
0.250628
0.244807
0.191103
0.192237
0.194220
0.252741
0.234868
0.266340
0.267678
0.264670
0.232457
0.268285
0.253593
0.243138
0.225562
0.238979
0.273866
0.256947
0.241974
0.232145
0.260049
0.251246
0.222884
0.267979
0.268339
0.306424
0.275719
0.282185
0.233987
0.226795
0.222662
0.209988
0.225255
0.279417
0.289402
0.308760
0.267321
0.264631
0.276805
0.233510
0.255471
0.242328
0.228036
0.227133
0.245674
0.284210
0.249883
0.275037
0.307092
0.267944
0.275332
0.238883
0.257262
0.251377
0.244036
0.224695
0.215097
0.278373
0.222902
0.258268
0.257341
0.273571
0.286486
0.233226
0.222065
0.211549
0.225552
0.221637
