339 294 66 26
342 297 62 24
346 298 62 25
350 299 62 23
353 300 62 24
356 299 63 25
359 299 66 24
363 300 64 24
368 301 63 23
372 301 64 24
376 302 65 25
379 303 66 24
382 304 62 24
377 305 63 24
371 306 64 24
366 306 63 23
361 305 62 24
356 306 62 25
350 306 63 24
345 307 63 25
343 307 61 24
349 307 62 24
357 308 62 24
363 307 63 25
369 308 61 23
375 307 61 24
374 307 62 24
370 307 62 23
364 307 64 24
361 307 62 24
357 306 65 25
362 307 65 24
371 306 64 23
380 307 61 24
385 303 63 26
391 297 63 26
397 293 62 25
403 287 63 25
411 283 61 24
416 282 63 23
423 281 62 24
430 283 61 23
437 284 62 23
444 284 61 23
451 284 59 24
457 284 61 25
464 286 60 24
463 286 62 25
459 286 62 25
456 287 62 24
455 288 60 24
451 289 61 23
448 290 61 24
445 291 62 23
444 292 61 23
440 292 62 24
437 292 64 24
434 293 64 23
433 294 62 23
430 295 62 24
427 295 62 24
425 296 63 24
422 296 61 24
420 296 62 24
417 297 63 24
414 297 63 24
412 298 63 24
410 298 62 24
408 298 61 24
405 298 63 24
403 298 64 25
401 298 64 25
401 297 59 25
399 297 61 24
397 298 62 24
395 298 64 24
391 298 64 24
391 298 61 24
390 296 63 24
388 296 62 25
387 297 61 24
385 296 61 25
382 295 62 25
380 296 62 25
379 295 62 25
377 295 63 25
375 294 64 25
373 295 63 25
373 294 60 25
371 294 62 24
370 294 61 24
368 293 60 24
365 292 61 25
365 292 57 25
363 292 58 23
360 292 59 25
359 291 59 24
356 291 60 23
356 291 58 23
353 291 59 23
351 290 60 23
348 289 61 23
347 289 60 23
346 289 60 23
342 287 62 24
340 287 63 23
338 286 62 23
335 286 63 23
334 285 63 24
342 286 62 23
354 285 61 24
364 285 60 23
371 282 64 26
379 282 63 25
380 280 63 25
379 281 62 25
378 280 60 24
376 280 61 23
375 279 59 23
372 278 62 24
373 278 58 23
370 277 61 24
369 277 58 23
366 276 61 24
365 276 61 24
362 275 64 24
361 274 62 23
359 274 64 24
359 273 63 24
360 271 59 24
358 271 59 23
356 270 62 24
355 268 61 24
354 269 60 23
353 268 60 23
353 267 58 24
351 267 58 24
357 266 59 22
369 265 60 22
381 264 60 24
388 263 64 24
390 262 61 22
387 262 62 24
387 260 61 24
385 260 64 24
385 260 62 24
386 259 59 22
383 260 61 24
383 259 61 24
383 258 61 24
382 258 59 23
381 257 60 24
378 256 62 24
377 257 64 23
377 255 61 24
376 256 62 24
375 254 64 25
374 255 63 24
376 254 62 25
388 254 60 24
399 254 61 24
408 253 63 24
415 253 60 24
414 253 62 24
413 253 61 23
413 252 61 23
411 252 61 23
410 252 62 23
409 251 61 23
407 250 62 24
407 251 61 24
405 251 62 24
404 250 60 24
403 251 62 24
403 250 59 23
400 249 61 25
398 250 62 24
399 249 60 24
407 250 61 24
419 249 62 24
429 250 60 23
430 249 61 24
428 249 61 24
427 249 61 24
424 250 63 24
424 250 60 24
421 251 61 24
421 251 60 24
418 250 61 25
416 252 61 25
415 253 62 23
413 252 63 24
412 253 62 24
410 253 62 25
409 253 63 25
407 254 64 26
407 255 63 25
406 255 62 24
405 256 61 24
404 256 63 25
403 256 61 24
401 257 61 25
401 257 60 24
398 257 62 25
398 258 59 23
397 257 58 24
395 257 60 24
395 257 59 23
393 258 62 23
393 258 58 23
391 258 60 23
390 258 62 24
389 258 59 23
388 259 59 23
388 258 58 23
385 257 59 24
384 256 61 25
382 256 62 24
382 254 59 24
378 254 64 24
378 253 61 24
377 253 61 24
375 253 61 24
374 251 61 25
373 252 60 24
373 252 60 24
370 252 61 24
368 252 61 23
368 252 60 23
366 252 61 23
365 252 60 24
363 251 60 24
362 252 58 24
361 252 57 25
360 253 56 24
358 253 57 24
357 253 56 23
354 253 57 23
354 253 58 23
353 254 55 24
351 254 58 23
348 255 60 24
347 255 59 24
346 255 59 24
344 256 59 24
342 256 60 24
343 257 58 24
341 258 57 23
339 259 58 24
337 259 58 24
335 258 61 24
336 260 57 23
333 261 60 24
331 262 59 25
330 262 58 25
329 264 58 24
327 265 59 24
325 265 58 24
323 266 60 24
323 268 58 23
320 268 61 24
319 269 60 24
318 271 59 24
316 272 61 24
315 272 59 24
315 274 56 24
312 275 58 24
310 277 58 24
308 277 58 23
308 278 58 24
306 279 59 24
303 280 60 23
303 280 58 23
300 281 58 23
298 283 56 24
297 284 56 23
295 284 58 24
292 285 58 23
290 286 59 23
289 287 56 23
288 288 56 24
286 290 56 23
285 290 55 23
283 291 55 23
281 292 56 22
278 293 58 23
277 294 57 22
275 295 59 23
272 295 61 22
270 295 62 23
269 297 60 24
268 297 59 23
266 299 59 24
266 299 59 24
264 300 59 23
262 301 61 24
262 302 58 23
259 303 58 24
257 303 60 24
254 305 60 24
253 305 60 24
250 306 61 24
249 307 61 24
247 307 59 24
246 308 58 23
244 310 56 24
247 310 58 25
257 311 59 24
269 312 57 24
277 314 57 24
288 314 55 24
293 314 58 24
294 317 56 23
291 317 58 23
288 318 60 24
287 319 58 23
285 321 56 23
283 321 58 22
281 322 57 24
279 323 57 23
284 323 58 24
294 325 61 23
305 324 59 24
311 325 60 24
309 327 62 24
308 328 58 23
306 328 59 24
304 328 59 24
302 329 59 24
300 330 59 24
298 331 60 23
297 331 57 23
295 332 57 23
292 332 58 24
291 333 55 23
290 334 54 24
287 335 56 24
286 335 55 23
285 336 56 25
295 337 57 23
308 337 57 23
316 338 56 25
318 338 57 24
316 339 59 23
314 339 57 24
311 340 58 24
310 341 57 24
308 341 57 23
307 341 57 23
304 341 57 23
302 341 57 23
300 341 56 24
298 341 56 24
297 341 56 23
296 341 55 23
301 341 56 23
311 341 58 24
324 340 55 24
330 340 57 24
329 339 60 24
329 340 57 24
327 339 58 24
325 341 59 23
325 341 57 23
323 341 57 23
321 341 58 23
320 341 57 23
317 341 59 23
315 340 59 24
313 340 58 26
312 340 57 25
311 340 58 24
308 341 57 24
307 340 57 24
306 339 57 25
303 339 56 25
307 338 58 25
317 339 59 24
329 337 57 24
339 339 54 24
347 337 57 24
356 338 56 23
365 336 56 23
374 336 55 23
383 333 56 24
392 328 55 24
400 322 56 24
408 316 57 25
416 311 58 25
426 310 56 24
434 310 56 22
443 310 57 22
450 310 61 23
459 311 57 22
468 310 56 23
476 309 58 23
485 308 58 24
492 308 58 25
502 307 56 24
509 306 58 23
517 306 58 23
524 305 59 24
533 305 58 24
542 305 57 24
550 304 58 24
558 304 55 24
560 303 56 24
559 303 55 23
557 303 55 23
554 302 56 23
552 302 56 23
550 301 56 23
548 300 57 24
545 300 57 23
542 300 59 23
540 298 57 24
538 297 56 24
536 297 55 23
535 296 54 22
533 295 54 23
529 294 56 24
528 295 55 24
524 295 56 24
522 295 56 25
520 296 57 24
517 296 58 25
514 296 58 25
512 298 58 24
510 298 56 24
507 298 56 24
505 299 56 25
502 299 57 24
500 300 56 24
497 302 58 23
493 303 59 22
493 303 56 22
491 304 55 23
488 304 56 23
486 304 56 22
483 304 56 22
480 304 57 23
478 304 56 23
476 304 56 23
473 304 57 23
470 305 59 23
467 304 57 25
463 305 58 24
460 305 59 23
458 306 59 23
455 306 59 23
452 306 61 24
450 307 61 24
449 308 58 22
445 309 61 23
441 309 62 24
440 309 61 24
438 309 60 23
435 310 62 22
432 311 61 23
430 312 60 22
427 312 61 23
424 313 60 23
422 314 58 23
419 314 60 22
416 315 60 24
412 315 62 23
410 317 61 24
407 317 62 23
403 317 61 23
400 318 61 23
396 320 61 23
392 320 61 23
390 320 59 24
386 322 60 24
383 322 60 23
380 323 59 23
377 324 60 22
374 325 58 24
371 326 59 23
368 326 59 23
363 327 61 23
361 328 60 23
358 329 60 23
354 330 61 23
352 331 58 23
349 331 59 24
345 332 61 23
343 333 59 24
339 334 60 22
336 335 60 23
334 335 59 23
330 336 60 23
326 337 61 24
325 337 59 23
322 339 59 23
319 339 57 24
315 340 56 24
312 340 58 24
308 342 58 24
305 343 58 24
302 344 59 22
298 345 60 22
294 345 62 23
292 345 60 23
289 347 60 22
285 347 59 23
282 348 58 23
279 348 58 23
276 349 57 23
270 350 57 23
267 351 57 22
263 351 58 22
259 352 58 22
255 352 59 22
251 353 58 22
248 353 58 22
244 354 58 21
240 354 59 22
237 353 59 22
233 354 59 22
229 354 58 22
225 354 59 23
222 355 59 22
217 354 61 24
214 355 60 22
211 354 59 22
208 355 58 22
204 354 59 23
200 355 59 24
196 355 60 23
192 354 63 23
188 355 63 23
186 354 61 23
190 354 63 23
201 353 61 24
210 353 60 24
217 352 61 24
225 352 58 23
231 353 60 23
237 352 63 23
243 352 63 24
249 351 64 24
257 350 63 24
264 351 61 24
271 350 62 23
278 351 62 23
284 351 62 24
292 350 61 23
298 350 63 23
304 349 63 23
308 349 62 24
305 349 62 23
302 350 62 23
298 349 64 24
297 349 60 23
293 348 62 23
290 348 62 23
287 348 62 23
283 347 63 23
280 347 63 23
277 347 63 24
275 346 62 23
271 346 60 24
266 346 65 24
263 346 64 24
258 344 66 23
255 344 67 23
253 344 63 23
248 343 66 23
244 343 67 23
240 343 65 23
236 340 66 25
234 341 63 24
231 341 61 23
225 341 65 24
222 342 64 23
217 343 66 23
213 343 66 23
210 343 64 24
207 344 64 23
202 346 65 23
200 346 65 23
207 346 61 23
216 346 63 23
223 345 64 23
230 345 64 23
238 345 63 23
241 346 61 23
237 346 64 23
233 346 63 23
229 345 64 24
225 345 64 24
222 344 64 23
218 345 64 24
214 345 63 23
209 345 64 24
207 344 63 24
202 344 65 24
197 345 66 24
195 344 62 24
190 344 63 24
186 342 65 24
183 340 63 23
182 338 63 24
190 337 62 22
199 336 61 22
205 336 62 23
212 334 61 24
218 331 61 24
223 329 62 25
228 327 64 24
234 324 64 24
240 323 63 24
246 321 62 24
251 319 63 25
257 312 63 26
263 308 60 25
269 304 59 24
274 303 61 25
280 305 60 24
285 305 62 24
291 303 61 26
297 305 58 25
303 304 57 24
306 304 58 25
304 306 57 23
299 304 59 25
295 304 57 24
288 304 60 24
284 305 57 22
278 304 58 23
273 304 58 24
266 302 61 25
264 300 55 23
258 296 57 24
252 292 58 25
245 286 61 26
240 279 59 27
235 275 57 24
230 268 58 23
224 261 58 23
219 255 57 23
213 248 58 24
207 241 59 24
200 232 60 25
196 226 60 25
190 220 60 25
185 214 59 24
181 209 58 23
174 203 63 24
171 200 58 24
176 197 58 26
183 197 59 23
189 194 58 25
192 196 59 27
197 203 59 25
201 207 58 25
206 211 58 25
212 217 55 24
217 222 54 24
221 227 56 23
223 232 59 24
227 237 59 24
231 240 60 26
235 245 62 25
240 250 61 25
245 256 61 23
248 261 63 24
252 263 63 24
257 263 62 23
264 262 58 23
268 260 59 24
271 260 61 25
276 260 60 23
279 258 60 24
277 257 60 24
273 257 58 24
267 256 57 24
260 255 58 24
256 254 56 25
249 254 56 23
244 254 57 23
243 254 56 24
250 253 57 24
256 252 57 24
259 252 59 25
257 251 58 23
251 252 59 23
246 252 57 23
239 252 58 23
234 252 58 22
227 252 60 23
227 252 58 25
235 251 58 23
241 251 59 26
247 251 59 25
252 252 58 26
256 253 58 27
260 258 59 26
265 265 59 25
269 270 60 25
275 274 59 25
281 280 59 25
285 286 61 24
290 292 61 23
294 294 63 24
301 295 60 23
308 294 58 24
314 294 58 24
319 294 58 25
323 295 59 24
323 295 59 23
318 295 59 25
314 296 59 22
308 296 60 24
305 297 58 23
301 296 58 24
295 296 59 25
291 296 58 25
286 297 59 24
290 297 57 24
298 296 57 25
307 298 57 23
313 297 56 24
320 298 56 23
322 299 56 23
317 299 57 23
311 299 57 23
307 299 58 23
303 300 58 22
300 301 56 22
299 301 55 22
307 300 56 23
316 301 55 23
323 301 55 24
331 302 54 22
332 303 56 23
328 304 56 24
325 303 55 24
321 304 56 23
316 305 55 24
312 305 55 24
308 305 55 24
303 307 56 23
298 307 59 23
297 308 57 24
303 308 58 24
313 309 56 23
321 310 55 23
327 309 56 24
326 310 55 25
322 310 57 23
319 310 57 23
315 311 56 24
311 312 57 23
308 311 57 24
304 311 58 23
305 312 56 24
314 312 56 23
322 312 58 23
331 312 57 23
338 312 57 23
342 313 56 21
341 313 54 23
337 313 56 23
332 313 57 22
330 313 56 23
328 312 55 23
324 312 58 23
321 312 58 23
319 311 60 24
319 311 56 25
327 309 58 25
336 310 59 24
343 310 61 24
352 310 60 25
357 310 61 25
356 310 61 24
353 309 60 25
350 309 61 24
348 309 60 25
346 309 59 24
342 309 60 25
339 309 62 25
338 308 61 25
337 309 59 24
335 309 59 24
333 309 59 25
331 310 58 25
329 310 59 22
327 310 60 25
326 310 59 24
326 310 57 25
323 309 59 24
322 310 59 25
321 310 59 24
319 309 59 24
317 311 60 24
317 309 58 25
318 309 56 24
316 309 57 24
316 311 57 23
313 310 60 23
313 309 61 23
314 309 60 23
314 309 57 23
314 309 56 23
313 309 57 24
311 308 59 24
310 308 60 24
310 308 59 24
309 307 58 24
313 306 58 25
326 306 58 26
337 306 59 25
348 306 58 25
358 305 59 24
370 306 57 24
375 305 58 23
374 304 59 24
373 303 61 25
372 302 59 25
372 302 59 25
372 302 59 25
373 302 59 24
371 300 61 25
371 300 61 26
372 300 60 24
373 300 58 24
374 299 57 24
372 299 60 24
372 298 61 24
373 298 58 23
373 297 58 26
373 295 59 27
372 294 61 27
371 294 62 26
374 293 58 25
377 293 56 23
378 294 57 22
379 293 57 23
382 291 58 24
383 289 57 25
385 288 58 26
386 287 60 24
386 286 64 25
391 285 58 27
392 285 60 26
392 284 60 25
390 283 65 29
392 282 67 32
395 282 67 33
398 280 62 32
400 281 61 29
405 280 64 28
420 280 63 24
437 279 60 24
451 278 60 23
460 277 59 24
462 276 58 25
463 274 59 26
466 274 58 25
467 271 60 26
470 271 60 25
470 270 62 25
472 270 61 26
473 268 63 25
475 267 62 27
479 266 61 25
480 265 61 26
482 264 60 26
484 262 59 27
485 263 59 25
488 261 59 25
489 259 60 26
488 258 63 27
491 256 62 28
492 256 63 27
494 255 62 27
496 253 62 28
497 252 63 25
500 252 61 27
501 249 63 29
502 249 63 26
503 249 62 27
505 247 61 27
508 246 61 26
508 244 61 27
509 243 64 27
512 243 62 26
514 243 60 26
516 242 60 26
517 240 61 26
519 240 61 26
521 240 59 25
521 238 62 25
524 238 60 26
526 237 58 24
527 236 59 25
527 234 62 26
529 234 61 26
531 233 61 26
534 232 59 25
536 232 57 25
536 232 59 25
539 231 56 24
540 231 57 25
540 229 57 25
540 229 59 26
541 229 59 25
542 229 60 25
544 228 58 25
545 229 59 25
547 228 59 25
548 229 59 24
548 228 59 24
551 228 58 25
551 228 59 24
552 228 59 25
552 229 59 24
554 228 58 24
554 228 58 24
556 228 57 24
555 227 59 24
557 228 60 23
557 228 59 25
559 226 58 25
560 228 56 24
561 226 56 25
562 228 54 24
561 228 55 22
562 228 55 23
561 227 55 23
561 228 55 23
561 229 55 22
562 230 54 22
560 229 56 23
559 230 57 23
559 228 58 24
558 229 59 26
562 228 55 26
561 229 57 26
561 230 55 27
560 230 57 25
560 229 57 26
559 230 58 23
560 230 55 23
559 230 59 24
559 230 57 23
557 229 60 25
556 230 62 25
555 229 60 23
555 230 60 24
555 230 59 25
554 229 61 24
555 230 58 24
552 230 60 24
552 229 61 24
552 229 59 24
550 230 61 24
549 229 61 24
547 228 61 24
547 230 61 23
546 229 61 23
546 228 60 25
545 228 58 24
543 228 60 23
543 227 60 23
541 227 62 23
540 227 59 24
539 226 60 24
538 225 59 23
537 225 59 24
535 223 61 25
535 222 59 25
531 223 60 25
531 223 59 23
529 221 60 25
526 221 61 25
524 221 61 24
523 220 61 24
523 220 59 24
520 220 60 24
518 219 60 24
517 220 60 23
514 219 62 24
512 218 61 24
511 219 59 24
508 220 59 23
505 219 61 23
503 218 61 24
501 219 60 24
500 218 58 23
497 219 60 24
496 219 58 23
493 219 58 23
490 219 58 23
488 219 58 24
485 219 58 23
483 219 57 24
