334 195 33 23
335 195 31 22
335 196 31 21
335 196 30 22
335 196 30 21
335 196 30 21
336 196 29 22
336 196 30 21
336 196 29 22
336 196 29 22
337 196 28 22
337 196 28 21
337 196 29 21
337 196 29 21
338 196 27 21
337 196 28 22
336 195 29 23
337 195 27 22
337 195 28 22
338 194 28 23
338 194 28 23
338 194 27 23
339 194 27 22
339 194 26 22
339 195 27 22
339 195 27 22
339 194 27 23
339 194 28 22
339 194 27 23
339 193 27 22
339 193 26 22
339 193 27 22
340 192 27 22
340 191 27 22
340 191 28 22
340 191 27 23
340 191 27 22
340 191 28 22
340 191 27 21
340 191 27 22
341 191 27 21
340 190 28 22
341 191 26 21
341 191 27 22
340 190 27 22
341 190 27 22
340 190 28 22
341 190 27 22
342 191 27 22
342 190 27 22
342 190 27 22
342 190 27 22
342 190 27 22
342 191 27 21
342 191 27 21
343 190 27 21
343 190 26 22
343 190 26 22
343 190 26 22
343 190 26 21
343 189 26 22
343 189 26 22
343 189 26 22
343 189 27 23
343 190 27 21
343 189 27 22
343 190 27 20
343 190 26 21
343 189 27 21
343 189 27 21
343 189 27 21
343 189 27 22
344 189 27 21
344 189 26 21
344 189 27 21
344 189 26 21
344 189 26 20
344 188 27 21
344 189 27 21
344 188 26 21
345 189 26 21
345 189 26 21
345 190 26 21
345 190 26 21
345 191 26 21
345 191 27 21
345 192 27 21
344 192 27 22
344 193 27 22
345 193 27 22
345 194 27 22
346 195 26 21
346 201 26 22
347 215 25 23
347 229 25 23
347 242 26 21
346 241 27 22
345 241 28 22
346 240 27 23
346 240 27 22
346 240 27 23
346 241 27 23
346 242 27 23
345 240 28 23
346 228 28 24
346 220 28 22
347 221 27 22
347 223 26 22
347 223 27 23
346 223 27 23
347 225 27 21
347 225 26 22
347 225 27 21
346 225 28 23
347 225 28 23
347 226 27 23
346 227 27 22
346 227 27 22
347 227 27 23
347 228 26 23
346 228 27 24
347 226 27 24
347 212 27 24
347 199 26 24
346 193 26 23
347 195 26 23
346 197 25 22
347 197 25 22
346 197 25 22
346 197 26 23
345 197 27 23
345 197 27 23
345 197 26 23
345 198 27 24
345 198 27 23
345 199 27 22
345 199 27 22
344 198 29 23
345 199 27 23
343 198 28 24
344 199 27 22
344 199 27 23
344 199 27 23
344 199 26 22
344 199 27 22
343 199 28 22
343 199 27 22
343 199 27 22
344 199 27 22
343 199 28 23
343 198 27 24
343 199 28 23
342 198 28 24
342 199 28 23
343 199 27 23
343 199 28 23
343 199 28 23
343 199 28 23
342 199 28 22
342 199 29 23
342 199 29 23
342 199 29 23
341 199 29 23
341 199 29 22
341 198 28 22
341 199 28 23
342 199 28 23
341 198 28 23
341 198 28 23
341 198 29 23
340 198 30 23
340 198 29 23
341 199 28 23
341 199 28 22
341 199 28 21
340 198 29 23
340 198 29 23
327 198 33 24
296 199 37 23
270 198 34 24
256 200 29 22
258 200 28 22
260 199 29 23
259 199 29 23
259 199 28 23
259 200 27 21
259 200 28 22
259 201 28 21
258 201 29 23
259 201 28 23
258 202 29 22
258 202 28 22
257 202 28 23
258 202 28 23
258 203 28 23
258 203 28 21
257 204 29 21
257 204 28 22
257 204 29 22
257 204 30 22
257 205 29 22
257 205 29 21
257 205 29 22
256 205 30 22
256 206 30 22
256 206 29 22
257 206 29 21
257 207 28 22
257 206 28 23
256 207 29 23
256 207 30 23
256 208 29 23
256 208 29 24
256 210 29 23
256 211 29 23
255 212 30 22
256 213 29 22
256 213 29 22
255 213 30 22
255 213 31 24
255 213 31 23
255 214 30 22
256 214 29 22
256 215 29 22
255 215 29 23
255 215 30 22
255 215 29 23
255 214 30 24
256 216 29 22
256 216 29 22
255 216 30 21
255 215 30 23
317 215 25 22
317 216 30 22
317 215 31 23
316 215 32 23
317 215 31 23
318 216 31 22
317 216 32 23
317 216 31 22
318 215 30 23
318 216 31 23
317 215 31 23
318 215 31 23
317 215 31 23
318 216 31 22
317 215 30 23
318 215 30 23
318 215 30 23
317 215 31 23
317 215 31 22
318 215 31 23
318 215 31 23
319 215 30 23
318 216 31 22
318 215 31 23
318 215 30 23
318 215 31 23
318 215 30 22
318 216 30 23
318 215 31 22
318 215 31 22
319 216 31 22
317 216 32 22
317 216 32 22
319 216 30 21
319 216 30 22
318 216 31 22
318 216 31 23
318 216 31 23
318 216 31 23
319 216 30 23
319 217 30 22
319 217 32 22
319 217 31 22
319 217 30 23
319 217 30 23
319 217 32 23
319 217 31 22
319 217 31 23
319 218 31 22
319 218 31 23
318 218 32 22
319 218 32 22
319 219 32 22
320 218 31 22
319 218 31 23
319 219 32 23
320 219 31 22
320 219 30 22
320 220 31 22
319 219 32 23
320 220 31 23
319 219 32 22
320 219 31 23
320 220 30 22
319 220 31 22
319 220 32 23
320 220 31 22
319 220 32 22
320 220 32 23
320 220 32 23
320 220 33 23
320 220 32 23
321 220 31 23
320 220 32 22
321 221 32 22
321 220 31 23
322 221 31 22
321 221 32 23
320 221 33 23
321 220 32 23
321 220 32 23
321 221 32 22
321 221 32 22
321 221 32 23
322 222 31 22
321 222 32 22
321 222 31 22
321 221 32 23
321 221 32 23
322 222 31 21
323 222 30 22
322 222 31 22
323 222 31 23
322 222 31 23
322 221 32 23
322 221 32 23
322 222 31 22
322 222 32 23
322 222 32 23
321 222 33 22
321 223 32 22
322 222 32 23
322 222 32 22
321 222 32 22
321 222 32 23
321 223 32 23
321 222 32 23
321 222 32 23
320 222 33 24
320 223 33 23
320 222 32 23
320 223 33 23
320 223 33 23
320 223 33 23
320 223 33 23
320 223 32 23
320 223 32 23
320 223 33 23
319 223 33 24
320 224 31 22
319 224 32 23
319 223 33 24
319 223 32 24
319 223 33 24
319 224 33 24
319 224 32 24
319 225 31 23
319 225 32 24
319 225 32 24
318 226 32 24
318 226 32 23
318 225 32 24
318 226 32 24
319 226 32 24
318 226 32 24
318 226 31 23
318 226 31 24
318 226 32 24
318 226 31 24
318 227 31 24
318 226 31 24
317 226 32 24
317 227 32 24
317 228 32 23
317 228 32 22
317 228 32 23
317 227 31 23
317 227 31 23
317 228 32 23
317 227 32 23
316 228 32 24
316 227 32 24
316 227 31 24
316 227 31 23
315 228 32 23
315 228 32 23
315 229 32 22
315 229 32 22
315 228 32 23
315 228 32 23
315 229 32 23
315 229 31 23
315 228 32 24
315 228 32 24
315 229 32 24
315 229 31 24
315 229 31 24
314 229 32 23
314 228 32 25
314 228 32 25
314 229 33 24
315 230 31 23
315 230 32 23
315 229 31 24
314 230 33 23
314 229 32 24
315 230 30 23
315 230 31 23
315 229 31 23
314 229 32 23
314 230 31 23
314 230 32 23
313 229 32 24
314 229 32 24
314 229 33 24
314 229 32 23
314 229 31 24
314 229 32 24
314 229 33 24
314 230 32 24
314 230 32 24
314 230 31 25
314 230 31 24
313 231 33 24
313 230 33 24
313 231 33 24
314 230 31 25
314 231 32 24
314 231 32 23
314 231 31 23
314 231 31 24
315 231 31 24
314 231 32 24
315 231 31 24
315 231 31 23
315 231 31 23
314 231 31 23
314 231 32 23
315 231 31 24
315 231 30 24
315 231 31 24
315 231 31 24
315 231 31 24
316 231 30 24
316 231 30 24
315 230 32 24
315 230 31 27
315 230 31 25
315 230 32 24
316 231 31 24
316 231 31 24
316 231 31 24
316 231 31 23
317 231 30 24
316 231 30 25
316 231 31 24
316 231 32 24
317 230 30 24
316 231 31 24
316 231 31 23
316 231 30 23
315 231 31 24
316 231 31 24
316 231 31 24
317 231 29 23
317 230 29 24
317 230 29 24
316 230 31 24
317 231 29 23
316 230 30 24
317 231 29 23
317 231 29 23
317 230 30 24
316 230 31 24
316 230 31 24
316 230 31 24
315 230 31 24
316 230 31 24
316 230 31 25
316 231 31 24
315 231 31 24
316 231 31 25
316 231 30 25
316 231 30 24
316 231 29 25
316 232 30 24
316 232 30 24
316 233 30 23
316 232 30 23
316 232 30 24
315 232 31 23
315 233 31 23
315 232 31 24
316 233 30 23
315 233 30 24
315 234 31 23
315 233 30 25
316 234 29 24
315 236 30 23
316 236 29 23
315 237 30 23
315 237 30 24
316 238 30 24
316 240 30 24
315 240 30 25
316 242 29 24
316 243 29 24
316 244 30 24
316 245 29 23
316 246 29 23
315 247 30 23
316 248 29 23
316 249 29 23
315 249 30 24
315 251 30 24
316 252 30 24
315 252 30 24
315 253 30 24
315 253 29 24
316 254 29 24
316 255 29 24
316 256 29 23
316 257 29 24
316 258 29 23
316 259 29 23
316 258 31 25
316 259 31 23
316 259 30 24
316 262 29 22
316 263 29 23
316 263 29 24
316 264 30 24
316 264 30 24
316 266 29 24
316 266 30 25
316 268 29 23
316 270 29 23
317 270 29 24
316 272 29 24
316 274 30 23
316 274 30 24
316 276 29 24
316 278 29 24
316 270 30 25
316 258 30 26
316 244 31 26
317 241 29 24
316 244 30 24
316 246 30 24
316 248 30 23
315 249 30 24
316 251 30 24
315 252 30 24
315 253 31 24
315 255 30 24
316 256 30 24
316 257 29 24
315 257 30 25
314 258 31 24
316 254 30 25
316 241 30 25
315 228 30 25
316 219 29 24
315 221 30 24
315 223 30 23
315 224 30 23
315 225 30 24
315 226 29 24
316 226 29 24
316 226 29 24
315 226 30 24
315 227 29 24
316 227 28 24
315 227 29 23
315 227 30 24
316 227 29 24
315 227 30 24
315 228 29 23
315 228 31 23
315 229 29 23
315 228 29 24
315 225 30 25
315 212 30 25
315 199 28 25
315 199 29 25
315 202 29 23
315 203 28 22
316 204 27 22
315 204 29 23
315 205 29 24
315 206 29 23
315 207 31 24
315 207 30 24
315 209 29 23
315 210 29 25
315 211 30 23
315 212 30 24
315 214 29 23
314 215 30 24
315 217 29 23
315 218 28 23
315 219 28 23
315 221 29 24
315 222 30 25
315 224 30 24
315 225 29 24
315 226 29 24
315 228 29 24
315 229 30 25
315 231 29 24
316 234 28 22
315 234 30 24
315 235 29 24
315 237 29 23
315 238 29 24
314 240 30 24
314 242 30 23
314 244 29 23
314 245 29 23
315 246 29 24
315 246 29 25
314 247 30 24
315 248 29 25
315 249 29 24
313 249 30 25
313 250 30 25
314 250 30 24
314 251 29 24
313 252 30 24
313 253 30 25
313 254 30 25
313 255 30 25
313 256 30 24
313 257 30 25
313 259 29 24
313 260 29 24
313 261 30 24
312 263 31 24
313 264 30 26
313 266 29 24
313 267 30 25
312 269 30 24
313 271 29 24
313 272 29 24
313 274 29 24
312 274 30 25
313 267 29 25
312 254 30 25
312 241 30 25
313 230 29 24
313 230 31 25
312 232 31 24
312 233 31 25
312 234 31 25
312 235 30 24
313 237 29 23
313 236 29 25
312 236 31 25
312 236 31 24
312 236 31 25
313 237 30 25
312 237 31 25
312 238 30 24
313 238 30 24
313 237 30 25
312 237 31 26
312 237 32 26
313 238 30 26
313 237 30 26
314 239 29 24
314 239 29 24
314 239 29 24
314 239 31 24
314 239 30 25
314 239 30 24
315 240 29 23
315 240 29 24
314 239 30 25
314 239 30 26
314 239 30 25
315 239 30 25
315 239 30 25
315 239 30 25
315 239 31 26
316 234 30 26
315 220 31 26
315 207 31 27
316 208 30 25
316 210 30 24
315 210 31 25
316 210 30 25
316 210 30 25
316 210 30 25
316 210 29 24
316 211 30 24
316 210 31 25
316 211 30 25
317 211 30 24
317 211 30 24
317 211 30 24
318 211 29 25
318 211 30 25
318 211 30 25
317 210 31 26
318 211 30 24
318 212 29 24
318 211 30 24
318 208 29 25
319 195 29 24
319 182 29 24
319 180 29 23
320 182 28 23
319 182 28 23
319 183 30 24
319 182 29 24
319 183 29 23
319 183 30 24
318 183 30 24
320 184 29 23
319 184 30 23
319 184 29 24
319 184 30 24
320 184 29 23
320 184 27 24
320 183 29 24
320 183 30 25
320 184 29 24
320 185 29 24
320 197 29 25
321 211 27 24
320 224 29 24
320 224 29 25
320 224 30 25
320 224 30 25
320 226 29 23
321 228 28 23
320 228 29 24
320 230 29 24
321 232 28 23
321 233 29 25
320 233 30 26
321 236 29 24
320 242 29 26
319 257 30 26
320 272 29 25
320 275 29 25
320 274 29 25
320 276 28 24
319 276 31 25
320 278 29 25
319 279 30 25
319 280 31 26
319 282 30 25
318 284 31 24
319 284 30 24
320 285 29 24
319 285 31 25
319 286 30 24
320 286 30 25
321 287 29 25
320 287 29 25
320 287 30 25
320 287 29 25
320 288 29 25
320 288 29 25
319 288 29 25
320 288 29 24
319 288 31 25
319 288 29 25
319 288 29 25
320 288 29 24
319 288 29 25
318 288 31 25
318 288 29 25
318 288 30 25
318 288 30 25
319 289 29 25
319 288 28 25
320 289 29 24
320 288 29 24
319 288 29 25
319 288 29 25
319 288 29 25
319 288 29 25
319 288 29 26
319 288 30 25
318 288 31 26
319 288 29 25
319 288 29 25
319 288 30 25
319 288 30 25
318 288 30 25
318 288 30 25
319 288 29 25
319 289 29 25
319 289 29 24
319 288 30 26
318 288 29 25
319 288 29 25
319 288 29 25
319 288 29 25
318 288 30 25
318 288 30 25
318 288 30 24
318 288 29 24
319 288 29 23
319 288 28 24
319 288 29 24
319 288 28 24
319 288 28 24
319 288 28 23
319 288 28 24
319 287 29 26
319 287 30 25
318 287 30 25
319 287 30 25
319 288 30 24
319 287 29 24
319 287 29 24
318 287 29 25
318 286 29 25
318 287 30 25
318 287 29 25
318 287 30 25
318 287 29 26
318 288 29 24
318 288 28 23
318 288 29 24
317 287 29 25
317 288 28 23
317 288 28 23
316 288 28 24
316 287 27 24
315 288 27 23
314 287 29 25
313 287 29 24
312 287 28 25
311 288 29 25
310 288 29 24
309 288 29 24
309 287 28 24
307 287 30 25
306 288 29 24
305 288 29 25
303 288 29 24
302 288 29 24
301 288 29 24
299 288 29 24
298 287 28 24
296 287 29 25
309 288 33 25
335 288 35 25
362 288 34 25
375 288 31 25
370 287 30 25
368 287 28 25
366 286 28 25
364 287 28 25
361 288 29 25
359 288 29 24
356 287 29 25
354 288 28 24
352 288 28 24
349 288 29 24
347 288 29 25
343 287 30 26
341 288 29 25
338 289 29 23
335 288 29 24
332 288 29 25
336 288 31 25
358 289 34 25
384 289 34 26
408 288 34 27
433 288 34 27
451 287 30 26
447 286 31 28
442 288 30 25
438 287 31 25
434 287 31 27
431 287 31 26
428 287 29 25
424 288 29 24
419 287 31 25
416 288 31 24
412 287 31 25
408 287 31 26
405 287 30 25
401 287 30 25
397 286 29 25
393 287 30 24
389 287 30 24
385 287 30 25
381 287 30 26
377 288 31 24
372 286 31 25
369 288 30 24
380 289 32 22
404 288 33 24
429 287 34 25
447 286 34 26
446 287 32 24
440 287 30 23
435 287 30 24
430 287 29 24
426 287 29 23
420 287 30 23
416 286 30 25
412 287 29 22
407 288 29 22
402 288 29 22
398 288 28 22
392 288 30 24
386 288 31 24
381 288 31 25
376 288 31 26
371 288 31 25
370 288 33 26
387 288 36 26
412 288 35 25
433 289 36 25
448 288 33 24
442 288 34 24
435 289 33 24
431 288 33 26
425 289 33 24
420 288 33 25
415 288 33 25
409 288 33 26
405 289 31 24
401 290 28 23
395 289 29 24
389 289 29 24
384 289 29 25
391 290 29 24
413 290 31 26
437 289 32 24
455 290 33 26
473 290 36 29
487 289 35 29
477 285 39 35
477 285 39 35
477 285 39 35
462 282 37 37
455 283 38 35
453 288 32 29
449 291 28 23
445 290 29 24
441 288 26 25
441 288 26 25
420 288 26 21
420 293 22 22
415 292 25 21
410 292 27 23
404 291 28 22
401 289 25 24
420 291 28 23
443 291 33 25
465 292 29 23
486 291 28 21
505 291 28 22
505 292 26 22
496 291 27 22
490 291 26 23
484 292 26 23
478 291 27 23
472 291 27 23
466 292 27 23
459 292 28 23
453 292 28 24
448 292 27 23
441 291 28 24
435 291 27 25
430 291 27 24
424 292 27 23
417 293 26 22
412 293 26 22
405 293 27 23
401 292 25 23
393 294 26 23
393 294 26 23
393 294 26 23
446 293 30 25
471 289 30 24
471 292 32 24
462 294 32 24
458 292 30 24
452 295 28 21
446 293 25 23
439 293 27 24
431 293 27 22
427 294 26 22
420 291 27 24
413 293 29 23
409 295 28 21
404 296 23 18
396 296 25 19
391 296 24 19
