285.5,199.5,23,19
284.8983995910921,198.9602181305588,23.203200817815876,19.07956373888245
284.7087417497769,198.3474728799407,23.582516500446257,18.974897868545472
284.51124675529627,198.3431870467281,23.977506489407517,18.983469534970713
284.8455776502084,198.35667922065025,23.984251748371552,18.956485187126425
285.15084024557615,198.2933236836021,24.04879881802007,19.08319626122272
284.8122341647966,198.26793737095608,24.047893228281595,19.133968886514772
284.862715532225,198.31874117072715,23.946930493424823,19.032361286972638
285.09793853007443,198.28282217836824,24.152216596460384,19.10419927169044
285.28939285256905,198.33247790971356,24.449350710888485,19.00488780899982
284.889701500739,198.3492477214211,24.565758826716866,18.971348185584727
285.02889922175564,198.4133408125566,24.971570559425977,18.843162003313672
285.24787778538723,198.79661309535715,25.22191977752773,18.764923783077517
285.5329462284443,198.86948401271442,25.34262072902564,18.619181948362925
285.258951871925,198.869358270673,25.200324711349566,18.619433432445827
285.74923703637666,198.64117937311408,24.90788104339806,19.075791227563602
285.4337484612957,198.59466525086708,24.847725889117275,19.168819472057606
285.7469816504626,198.9712383427717,24.912989669292877,19.107403446757786
285.67550813050616,199.2578458230763,25.055936709205774,19.2259141687176
285.66894584748746,199.20793696881736,25.069061275243158,19.325731877235537
285.6291006505303,199.6237061054024,25.14875166915753,19.191860051088703
285.64413778960875,199.93184455465428,25.11867739100063,19.272283382553255
286.1569434427588,199.8099870573734,24.79061897011001,19.51599837711501
286.19751145490574,199.76731516066494,24.709482945816145,19.601342170531936
286.2148224395032,199.73575421414097,24.6748609766212,19.664464063579857
286.21887761793147,199.75664834994132,24.66675061976466,19.622675791979184
286.2642017309937,200.07110172691216,24.576102393640213,19.690108566809336
286.30912588439907,200.25898727978947,24.486254086829515,20.01038071421767
286.3198612835353,200.88851355093436,24.464783288556944,20.151023327708195
285.8770370798812,200.9150311742152,24.64864207919058,20.09798808114651
285.7966319480234,201.02813126207968,24.809452342906194,19.87178790541754
285.6700910864982,201.54867594859383,25.062534065956577,19.533265166528395
285.9716215148236,201.6658091792172,25.16041844598493,19.29899870528162
285.5809176786346,201.71258021515547,25.243200644306597,19.205456633405095
286.6766212823651,201.79656575851502,25.146881025605758,19.03748554668602
287.03284331161296,201.84051382250584,25.128588879396005,18.949589418704363
286.7989504776713,201.37320911890455,24.90393720301941,19.191761481646964
286.5057180034996,201.6336812587821,24.797439840165787,19.363779513088925
286.5396696215809,201.633459078447,24.729536604003194,19.364223873759116
286.9185442831217,201.63766227906638,24.66489088185272,19.355817472520336
286.6293425087208,201.63016876726158,24.55131650109655,19.370804496129953
286.632259714705,201.2590672709663,24.545482089128182,19.422524405188007
287.0532706538693,201.587037543297,24.394693754597824,19.457817404324807
287.07160492989726,201.61629079517192,24.35802520254188,19.399310900574967
287.0477055275475,201.61232075970779,24.405824007241296,19.407250971503245
286.7625599204446,200.79749706245772,24.287269050444717,19.65920602399843
286.73536275937715,200.80583789322483,24.341663372579497,19.64252436246418
286.69040280774743,200.84864546047265,24.431583275838975,19.556909227968575
286.923991152193,200.90934789121414,24.65607455522044,19.43550436648559
286.884684753337,200.8850984850948,24.734687352932475,19.484003178724286
286.5244979577086,200.2202590087898,24.75993202889309,19.423424300741793
286.5071858113038,200.15173922844693,24.794556321702633,19.560463861427515
286.54268566370524,200.04593694340886,24.723556616899874,19.772068431503662
286.21477905654353,199.960428519006,24.67973681942185,19.943085280309415
285.8725231255666,199.2270140119764,24.662517513775697,20.006451959168615
285.8817675706305,199.2252345578804,24.6440286236479,20.01001086736058
285.9268901538913,199.14024490471584,24.55378345712633,20.179990173689713
285.68488954388647,199.23559724787845,25.03778467713599,19.98928548736447
285.58908558382575,198.86851623258895,25.229392597257345,20.015474937314423
285.83154468548037,198.8897347050261,25.45580825322518,19.973037992440126
285.33824833160116,199.05375517639297,25.72828982828324,19.64499704970639
285.71034724445093,198.64167404274218,25.697024633893182,19.75622668569842
285.2887357321806,198.3439663155473,25.825978544476094,19.63737302613042
285.2803267116885,198.4185726002514,25.842796585460405,19.488160456722255
285.19034598973695,198.49562980832889,26.022758029363413,19.334046040567294
285.145739512406,198.41135915597818,26.111970984025387,19.50258734526868
285.0499004004582,198.3906215962225,26.303649207920934,19.54406246478005
284.59581958835616,197.76168177047285,26.491764116135705,19.36184868430081
285.00113293258534,197.85385991164765,26.401055872803386,19.177492401951188
285.370205416617,197.86060462845896,26.37842615937503,19.16400296832858
284.94603782566196,197.93483225511548,26.511810965806887,19.015547715015565
285.4051142074852,197.87921588283865,26.308190644922952,19.126780459569176
285.3338791399175,197.88349695133266,26.450660780058485,19.11821832258118
285.020253639549,197.80320867456368,26.362617959135633,19.27879487611913
285.30468641463017,197.7595595280122,26.510347271651938,19.366093169222104
285.32031625743826,197.3598858654595,26.47908758603576,19.4451702768741
285.366315776124,196.93825131192295,26.387088548664288,19.56734658926282
285.370257556636,196.8664627916396,26.37920498764038,19.71092362982951
285.3720271410903,196.80475481693114,26.375665818731676,19.83433957924641
285.3739542574939,196.39058229499273,26.371811585924515,19.93679306130191
285.2829567447516,196.34242161208175,26.553806611409154,20.033114427123856
285.2028074577332,196.196128514361,26.71410518544603,20.32570062256534
285.059099020129,196.1068534167983,27.00152206065436,20.504250817690753
285.0457488055191,195.92716340011629,27.028222489874107,20.863630851054786
285.46556964144946,195.569991502841,26.941219603899523,20.825335859719264
285.42904760302883,195.58033883752094,27.014263680740804,20.804641190359362
285.96405880212706,195.58387762018947,26.695705896700282,20.797563625022264
285.96166898125375,195.22918114474126,26.70048553844681,20.76047436277664
285.9747002069283,195.24884406891454,26.6744230870978,20.72114851443004
286.0748436759967,194.85243861917562,26.474136148960937,20.76904592256029
286.1323931537456,194.71059966683865,26.35903719346313,21.05272382723424
286.11888363408724,194.95761122341165,26.3860562327799,21.304172645448475
286.0051969310774,194.95478410284684,26.613429638799538,21.30982688657809
286.0366738559561,194.90837432329658,26.55047578904213,21.402646445678617
286.030820480292,194.93158631938923,26.562182540370383,21.35622245349333
285.9300018493366,194.92029436811012,26.763819802281226,21.378806356051566
285.9491733289021,194.92749260186542,26.725476843150233,21.364409888540933
285.8073904307142,195.01021158234528,27.00904263952603,21.198971927581255
285.91772219957085,194.97602126146094,26.788379101812634,21.267352569349903
285.58118337836623,194.94655430431123,26.705923221421337,21.326286483649305
285.75978904698025,199.82618697027806,26.34871188419338,21.38495592538232
285.90246760051446,212.36537389540172,26.063354777124893,21.079501436041674
285.92930145303205,226.8778496330291,26.009687072089697,20.967952141007192
286.1848636052575,240.83358265730476,25.498562767638866,21.12858473396391
285.9774889012509,246.63950080727156,25.913312175651964,20.518935232763674
285.6006440810554,245.98299142682265,25.937020034328057,20.37199043023156
285.1507330132918,245.65708408051862,26.10888405902841,20.295847012012732
285.07257117786105,245.60655157984414,26.265207729889887,20.396912013361714
285.1442972262796,245.76149799633498,26.121755633052814,20.087019180380054
285.5652868504489,245.85687748127395,26.005920551901063,19.896260210502057
285.6447504433684,246.21807623278477,25.8469933660621,19.895129119335955
277.4037601876191,246.3131022878221,25.796061575816168,19.705077009261302
252.38659542564272,246.6108441791858,26.49908189625775,19.82453973672967
225.223633736081,245.5964712280195,26.98184486455957,20.398065087418377
202.73508869763262,248.15332595137917,26.554364343325112,20.494716201140307
204.12276696147666,248.94215802011496,25.99718529250661,20.395837048248477
206.6155296076732,249.60972877942845,25.387257703206735,20.519228097319257
206.37672934135458,251.1181982787296,25.142938342130776,20.389968673569772
206.5115719496991,252.14261408507573,24.873253125441742,20.489366060398815
206.69659902824532,252.43910396105093,24.503198968349295,20.609923794361393
207.11474527519354,254.6888092164392,24.376687645350394,20.3692003089701
207.1991136521221,254.77144115051436,24.20795089149327,20.203936440819778
207.71984522171297,254.77044410801363,23.865176586340734,20.205930525821284
207.71568799050837,255.59494788639893,23.873491048749948,19.943792641651697
207.46715292488426,256.42544526557015,24.37056117999816,19.661481592290116
207.0413710040196,256.86721873315497,24.529699113556692,19.470360565291223
206.64691325355253,258.91987870542283,24.626846408143717,19.51564985883834
208.1825529845978,259.45643529212157,24.331532735452612,19.830519580140553
208.35417357927065,259.6734201014845,23.988291546106893,20.09111172388045
208.0028565720848,259.63671757716645,23.997440329372218,20.16451677251655
207.57151263561423,260.0322249659848,24.165319479289646,20.068310717903636
207.38468612275776,260.4705759273771,24.538972505002572,19.887454001049683
207.80699566972055,262.657358949976,24.393022813473987,19.705904370233895
207.73309911191467,262.4809363992171,24.54081592908574,19.36525953464301
208.17751926981032,261.6705513230843,24.34220787548235,19.605565162532745
208.5070839211488,261.7074839725855,24.374163814883445,19.531699863530363
208.39856951055228,261.8424856895905,24.59119263607646,19.26169642952033
208.44997840868726,261.82122638895765,24.488374839806486,19.304215030786068
208.4514887318949,261.8989875245207,24.485354193391217,19.14869275965995
208.52430462548298,261.8540304958367,24.33972240621508,19.238606817027915
207.3886975094534,262.256155264241,24.555647243931837,19.1194537450002
207.76661351967275,262.21008144571545,24.48627883417122,19.211601382051345
207.44480656256823,262.16850674363803,24.442991634488706,19.294750786206073
207.73644336452543,262.1881651224273,24.54730745861365,19.255434028627686
207.32058303722468,262.33926864405885,24.69048081272815,18.953226985364513
207.31332633870338,262.0716220556232,24.704994209770756,18.80270392973122
207.02079283121225,262.09985905429613,24.60647864127762,18.746229932385415
207.405887201674,262.09482131937193,24.51744855479184,18.756305402233792
207.1497788574426,262.13939336918463,24.349700312718824,18.66716130260842
207.87543853752862,261.3510265984108,24.25028413160574,18.891991665097212
207.05693182726841,261.3922758027863,24.531108336055247,18.809493256346144
207.107960748265,261.46609933050604,25.110091140596715,18.66184620090671
206.89325596946597,261.41383722138295,25.53950069819471,18.76637041915283
206.8041637575193,261.4183960259295,25.71768512208811,18.7572528100598
206.36450854029556,261.40421863720667,25.898750464474595,18.785607587505375
206.9421666833515,261.0347729338284,26.14635051558176,18.82304082565252
206.23673135675782,261.0068956943961,26.14556550274795,18.878795304517013
206.4835086938821,260.94234247081476,26.358743387881155,19.00790175167969
206.4548346854007,261.21031679665293,26.416091404843918,19.184039969596203
206.4368303663085,260.7480232144793,26.452100043028317,19.392776229739187
206.68854252199014,260.7573069306852,26.66849931406556,19.374208797327405
206.82910244908018,260.6401750094024,26.38737945988552,19.60847263989301
206.20480428455835,259.50132012045015,26.19122627761562,19.71905815082716
206.49297015752538,259.536566756545,26.336092819505563,19.648564878637497
206.4800231055289,259.5660040005376,26.36198692349856,19.589690390652354
206.98665716208976,258.89999319266815,26.07039984956701,19.47834992801071
207.1913719238673,258.8990269649003,25.660970326011928,19.480282383546413
207.0260156246309,258.94497494626097,25.282464863080616,19.388386420825103
207.11762147197896,258.8298726560868,25.09925316838449,19.618591001173442
207.5036187655968,258.8156947437276,25.03015308173705,19.646946825891863
207.21062193145121,258.6916605525188,24.913848365025103,19.89501520830942
207.52715252163327,258.9734027689049,24.98533114311251,20.03607473398875
207.2661860438287,259.0799422686271,24.79933741006271,19.822995734544264
207.28405408740807,259.1978136852324,24.763601322903956,19.587252901333777
207.33028648492282,258.91300809088506,24.671136527874474,19.459615727370025
207.64349253964522,258.887175454478,24.73848433571267,19.511281000184255
207.7498270811372,258.81151757382077,24.52581525272873,19.662596761498655
207.7894068950729,258.41534598641226,24.446655624857307,19.76011383022511
207.5962772283968,258.84958444884313,24.832914958209532,19.58682778438551
208.07401283146032,258.02012243894063,24.57574655588124,19.849146196592947
208.10032715121116,259.05423775383247,25.221731888032505,19.876757481768163
207.91047312969664,259.38767301585057,25.60143993106154,19.91885129466751
206.813352762482,259.3753242020264,25.649309147729532,19.943548922315944
206.8379401596529,259.3863150150411,25.60013435338771,19.921567296286533
206.83194755315407,259.26161164955164,25.61211956638539,20.170974027265412
207.5896160712917,258.7554086762164,25.53622157558496,20.46366045119837
208.0010421703194,259.0081939712183,25.436675011638844,20.681395495303935
207.94456044442603,257.2662601151245,25.549638463425623,20.53874828358793
208.2940603228964,257.27841480129945,25.575366835266205,20.514438911238003
207.5758464451407,257.5684054288951,25.562336687912925,20.659186607478976
208.3764674021165,257.06829885801915,25.41484161243214,20.932526329995493
208.81233954749933,257.12787979227465,25.272123304335885,20.813364461484483
208.3549728763185,257.14064288189036,25.46195061183529,20.787838282253155
208.1189007486651,257.2722248713179,25.934094867142054,20.524674303397994
208.03118042638377,257.37864810289136,26.109535511704728,20.311827840251063
208.4750997206838,257.0230254077576,25.951315241758547,20.29345491186469
208.1697111831908,256.6807711728172,25.83519212751826,20.25106319251929
208.32551851189103,256.6389209972975,25.523577470117786,20.334763543558676
207.95282929922382,256.7123114190492,25.54793394709135,20.187982700055326
210.26545739986682,256.6951659246633,25.236756191162527,20.222273688827038
210.1026914175021,256.248568897723,24.84748760165584,20.400667188471573
209.54674920497146,256.4083758309048,24.53595487228703,20.792761899322855
209.9779866605097,256.01901902723205,24.386709279662035,20.85824618821684
211.12287664030612,255.6202839857916,24.23286063380471,20.94373916651928
212.383255096347,255.26871909489455,23.845016625342197,20.935897980440227
211.84977496870704,255.21329474414784,23.50229860955009,21.04674668193367
211.63503074587697,254.77111520785672,23.230493775433015,21.229812474738623
212.77326343556814,254.78874648712056,23.053983569717616,21.194549916211
213.52569794908376,254.78785298078756,22.942461476644514,21.19633692887696
213.64538092822062,254.4343412344233,22.70309551837081,21.20839722465828
213.69233161884108,253.36597990961042,22.60919413712984,21.270861643607326
214.18918406504673,253.2929505182303,22.306433388443402,21.416920426367515
213.87602782388848,253.30879838303358,22.24422474143735,21.385224696760993
214.25194423431896,253.3665930414635,22.17943657144521,21.269635379901132
213.61952360291048,253.7402808786306,22.075878132213912,21.206459556591042
213.11631146826798,253.98834773072258,21.71914792538331,21.39190309046489
213.00375075386467,253.5463566021449,21.94426935418997,20.91806674885263
213.3041272852957,253.3698549225215,22.01846534404355,20.59612105538377
213.0950032860584,253.39016732164959,21.765710951974057,20.555496257127643
212.67978003453004,253.4713840764517,21.929749878894235,20.39306274752339
212.714038641663,253.17091355753092,21.861232664628368,20.327612641130038
213.13752584424424,253.48596397355146,21.67853977272539,20.361793322348504
214.3725125510123,253.26703080302923,21.856451559025256,20.137688363434023
213.38006270929316,252.95227726733285,21.857791604473068,20.106008888829887
213.0877929661561,253.02642748387146,21.781627807973365,19.957708455752627
213.41096646126792,253.14836325559287,21.792436288689053,19.713836912309844
213.53932638875864,253.10849430273163,21.535716433707602,19.79357481803233
213.20576874599723,253.16527855303656,21.552121313980308,19.680006317422436
212.56375999284313,253.21731952113612,21.537823827903026,19.575924381223317
212.81878804245548,253.36089984912164,21.675044013764715,19.28876372525229
212.40243649289843,252.80733729826767,21.862921476022677,19.106237553247954
212.03746458010568,252.89007844655498,21.948046932994057,18.940755256673373
211.80175104499227,252.8377538924213,21.775991400365797,19.04540436494072
211.88055143672216,252.82147569106368,21.618390616906012,19.077960767655956
211.88383684396283,252.51577294329985,21.6118198024247,19.048791088790942
211.57797250304228,252.19585095271324,21.583542013229284,19.048628598927696
211.64843172641875,252.72650404747225,21.442623566476374,19.266453043771982
211.2069064867864,252.48316465227816,21.684815263595645,19.112273052014736
209.730040188298,252.27729234571703,22.06993014888451,18.881863237215107
210.61119597367787,252.54788312013702,22.240882737674557,18.985103074891715
210.21597348466963,252.95454454643507,22.38260593545948,18.82050200252713
210.59246085043688,253.3039907196685,22.277892557069542,18.769871009204827
210.71419016659178,253.31169537735664,22.03443392475976,18.754461693828524
210.7740174817974,253.20003550098778,21.914779294348563,18.97778144656626
210.8340462529725,252.7437335074797,21.794721751998274,19.24682347309283
210.81565746560395,252.40658749895056,21.83149932673541,19.27510338832918
210.87275857268173,252.0546809582429,21.71729711257984,19.33188142548751
210.49801513109497,252.65551530990837,21.820613169483153,19.422554374696904
210.1117902456848,252.6803926599833,21.9438387725585,19.37279967454701
209.716277019238,252.95873709253163,22.084524518747966,19.46645151615448
209.30743345274706,252.27727048404444,22.248190380176148,19.521342190021546
208.48940024444272,252.30527148790435,22.56938201025409,19.46534018230173
209.15206832563564,252.35598340685937,22.567071368738503,19.36391634439164
209.1245164918679,252.3334142910427,22.622175036273994,19.40905457602501
209.09520765705201,252.32250774183208,22.680792705905713,19.430867674446223
208.43866446024595,252.26785983946124,22.668515399058283,19.54016347918791
208.4631473790858,252.31296460227006,22.61954956137856,19.44995395357029
208.4755566722328,252.37406757912436,22.594730975084506,19.32774799986167
208.7393973641071,252.12072887498468,22.7267447525571,19.174730246919886
208.67796980391586,252.75875457611988,22.849599872939606,19.21722434907892
208.37124234958665,252.77193413993604,22.801202813022993,19.19086522144667
208.7299949992859,252.73920059592365,22.74437860807913,19.256332309471404
208.09166886590847,252.73762942152894,22.699314774495253,19.259474658260867
208.0449352094471,252.75030720121083,22.79278208741799,19.234119098897057
207.9794856293229,253.14930987572563,22.923681247666345,19.09736127264582
208.33884879600507,253.14290138320638,22.86601740505425,19.110178257684304
208.2858263179974,253.19838281284586,22.972062361069597,18.999215398405347
207.9202458442545,253.2766901450582,23.04299898541647,18.842600733980625
207.51069349607093,253.2820295378558,23.203317647008635,18.831921948385432
207.42233621955702,253.58539923415424,23.38003220003644,18.88625935091
207.72627075287392,253.59560175858104,23.436832846479817,18.8658543020564
208.1512103501667,253.51756803662406,23.252164721365727,19.021921745970378
207.92459805531234,253.4531761486719,23.04048947138194,19.15070552187469
208.24669177965114,253.71849129181854,23.060023978748255,19.283797191625304
207.95168012710099,254.00737148281408,22.98387870615723,19.37220538732553
208.65579514941547,254.05740843477597,22.908485542805327,19.272131483401797
208.87967854778495,254.15396924626532,23.12436304441271,19.079009860423056
208.79604259727432,254.2212308541601,23.29163494543394,18.944486644633496
209.08322370461113,254.22332008276535,23.381527152634263,18.940308187422993
208.40919307726526,254.49647730319782,23.398453353773153,19.059561273334474
208.36101479982256,254.81967267762403,23.49480990865857,19.080927266317573
208.37120877157417,254.7796121115878,23.474421965155308,19.16104839839007
208.35711958756386,255.13480976776341,23.502600333175977,19.121218253680752
208.3591978777253,254.72885218976307,23.49844375285307,19.26277931436661
207.97104748625873,254.66830435654578,23.602165858620292,19.38387498080122
208.7918676215544,254.78077873623644,23.312785940210308,19.835056397510535
209.1533668047963,255.0108213632461,23.2687291459953,20.053912715760084
207.99791099008218,255.30118457101165,23.534311093272482,20.154962860946025
208.7731404604967,255.3379675403671,23.358862792422734,20.08139692223512
209.13178606852645,255.4274544962089,23.32518321525179,19.90242301055149
208.82690369924552,255.73350831112162,23.25473195084776,19.970531383691977
209.43837490302087,255.63348170891925,23.39223240627684,20.17058458809673
209.43686334645722,255.56741095710154,23.395255519404166,20.302726091732158
208.79622049931788,255.86060048681378,23.301088755485,20.404073261406538
208.83843676047624,255.86850004707367,23.216656233168308,20.388274140886757
215.15570531701795,256.1319788538173,22.93606957550309,20.547647108256037
210.70119610682843,245.41521946648226,23.630792241647303,20.07637720496669
222.60529671438394,246.07564432883197,23.89323327538716,20.130992751630167
245.16552844979236,246.59945764940753,24.488442344997246,20.468689520795074
261.70828339179917,245.77747195829707,24.645020011289837,20.698103985981604
285.84833134793075,257.21840923360855,25.58871834078479,20.644655750376916
288.9766899190851,257.650502537947,25.87538937901781,20.50751227287139
288.84443741438275,258.07000869177165,26.13989438842256,20.39771545690096
288.91865402986843,258.0911220034931,25.99146115745124,20.355488833457976
288.99219805342796,258.4018605071146,25.844373110332157,20.462534678223893
289.0392262160104,258.35641929788727,25.750316785167364,20.553417096678437
288.9812279193158,258.37208584062,25.8663133785565,20.52208401121297
288.91930773873213,258.42975985314933,25.99015373972381,20.40673598615437
288.55655382664145,258.47286854765065,25.98632574082258,20.320518597151732
288.633035725165,258.7400509763771,25.833361943775515,20.514029474353904
288.64410769275867,259.16148918127755,25.81121800858817,20.399830472535715
288.679160035023,259.91811829334335,25.74111332405946,20.33954138896193
289.0506588001853,260.4104697635604,25.722547921749978,20.07927057654293
289.94057476703836,260.79514890598614,25.38255289538756,20.029830745363206
289.3715558972514,260.8377669584693,25.806678038198715,19.944594640397
289.26972790209527,261.18142093645804,26.010334028511018,19.97629909365367
289.2779980782216,261.1885960688719,25.99379367625837,19.96194882882596
289.32237860262956,261.1179523131756,25.90503262744241,20.10323634021855
289.64899223498577,261.23281584220297,25.97490338884759,19.873509282163837
290.33572609435504,261.3391237877619,26.04227993041928,19.660893391045956
289.9271303962546,261.3545116375137,26.141492417487715,19.63011769154233
291.90811233238463,261.64904632520046,25.774463698478264,19.760035346819002
291.69136083149033,261.6034828309989,25.49245349568035,19.85116233522209
291.40223006169026,261.6367061416121,25.35802526776171,19.7847157139958
291.599860234876,263.8565999559167,24.962764921390203,19.602249250102663
292.44198520546905,263.666995267377,24.679596626094664,19.280917804236875
292.59345420072464,263.78898530463937,24.37665863558341,19.036937729712108
293.0277654096188,263.92787859802246,24.190420827484722,18.759151142945896
292.8576640359515,263.8622441122171,23.85560572754404,18.89042011455659
293.7130189968511,263.815682251237,23.48895480577935,18.98354383651691
294.11015142887453,264.23938654895966,23.362606725499518,18.80405202483864
294.268113027338,263.9197229456171,23.046683528572586,18.780308182126607
294.398989933177,264.5809134763976,22.78492971689457,18.773598292983614
294.8572671940839,264.939389878601,22.522077586381883,18.710347879877865
295.0185466767524,265.1730757062689,22.1995186210448,18.891611736618035
294.81371806823535,265.4572411520658,21.96259583275273,18.969860850350454
295.5617667909744,265.7523046225875,21.754847873624886,19.023908652482156
295.3262287751333,265.7848409116406,21.584098883930302,18.958836074376002
295.2142637129122,266.2472832501304,21.808029008372504,18.67208809493571
295.8205788604522,266.0640956385938,21.869406226904538,18.401459561202877
295.5096571803711,266.49548847221826,21.857650878963305,18.172272602057266
295.73284667850197,266.65527845472496,22.04099611776233,17.852692637043933
295.6882985559398,266.74241067373714,22.130092362886707,17.67842819901955
297.30610230063485,266.7835289026807,22.024110453419986,17.596191741132415
295.7516940363678,266.9023103753338,22.01809261555207,17.358628795826277
295.1849814616063,266.97732793506395,21.913478664112347,17.208593676365943
295.27016179654754,267.24239101873457,21.74311799422989,17.29344831434905
296.83154385378094,267.27435943727505,21.68910301790658,17.22951147726805
296.7603551446746,267.38312364841005,21.83148043611937,17.011983054998044
297.06746531199093,267.4360224396877,21.82778993021536,16.90618547244275
297.0096834076184,267.77396326990737,21.943353738960308,16.83905543316947
296.9238146890961,267.53188631206496,22.115091176004974,16.713786615298773
296.5068550027655,267.91608716863266,22.339012987452566,16.555382463377036
296.53020944068845,267.90980398568394,22.29230411160669,16.567948829274407
296.5711044732964,267.5878545294917,22.210514046390866,16.601537418948595
297.15114266621885,267.90900583500616,22.269669006854897,16.568850481074236
297.14409473968965,267.63138532836587,22.28376485991322,16.514110696797147
296.77587596719064,268.3170190373716,22.410903572846767,16.36144094291465
297.40234757126007,268.3523373954963,22.37541488070199,16.29080422666529
296.15990860726987,268.70177541523753,22.43217645298294,16.198957276107702
297.8407521916373,268.8167022173603,22.70877689326966,15.969103671862202
297.4637529178913,268.9106550793215,22.8559911688504,15.781197947939713
295.93714588896677,268.95928423799717,22.8796842338676,15.683939630588348
297.21524560413843,268.90817020909736,22.742094038677322,15.786167688387991
296.63540208003565,268.86364838655885,22.693246851049878,15.875211333464991
296.6574839759567,268.85524635912947,22.649083059207648,15.89201538832381
296.696025473542,268.85564771058864,22.572000064037038,15.891212685405446
296.97607249082176,268.8166341354269,22.61533732921353,15.969239835728876
297.2848831896901,269.0843126902466,22.603089381981547,16.039256176594282
297.34107490403807,269.32042003753617,22.49070595328564,16.173383620526632
296.660888664008,269.19863310747735,22.637382363126257,16.4169574806442
294.5146605974566,269.4022139325153,22.63830967227419,16.62287137684755
274.2046959029479,269.8247297947214,22.571261780422205,17.0107783579163
295.6529511945636,263.66547547013056,21.957126937846205,18.136893428689163
289.15242856690264,261.9078634254532,21.083103183143486,19.12937769803945
295.29248721107757,261.73164489278605,20.198435503765943,20.114895297205564
297.62348809092134,260.3460607611928,19.345565318365598,20.981497773248428
297.4109448851159,259.94409460168475,18.500769313979692,21.785430092264534
297.11960922390233,259.6264947906146,17.81563876575524,22.420629714404836
297.16256481249206,258.9712817165236,17.097123887438322,23.098452161449305
297.1461586602196,258.4150221134025,16.498701272656483,23.57973644836487
297.0763671015163,258.2182311062173,16.009595456622364,23.973318462735318
301.63783672543974,258.3656582704211,15.65796374309304,24.30498610106462
280.15320244422514,271.555935349299,16.709093315254837,23.575830429890456
270.9459453007864,280.766888331363,16.792708052817744,23.484824015076974
269.62869353605817,289.9502048634082,16.898814450509,23.449070156283536
277.89429080790205,289.3676391868208,16.83349778621016,23.34759551873607
285.10031453778254,284.3752739131435,17.55803065891051,22.610581663930535
295.4462343452698,287.4517904000139,17.699892726519977,22.770791624306096
295.54576103584725,283.497993854931,18.136920991541796,22.409323314173783
292.47438541146283,284.0067890693494,18.54094175819828,22.02936960557162
293.94489059007924,284.08109120054814,18.791490462010152,21.8807653431742
293.33110290462196,284.31936206324696,19.379019937533243,21.404223617776527
292.3731926865277,284.58998255139085,20.010724759934668,20.862982641488813
291.93121695048893,284.382933464136,20.251030782612435,20.633435366598775
291.943804156587,284.03892288704617,20.225856370416324,20.677613701033916
293.1954586331455,284.3208572022364,20.29910467014391,20.757884383864493
292.81220131174734,285.9472587013052,20.419062647806637,20.737864711395133
292.04112968459424,284.677147080379,20.664934447704642,20.685545044431404
288.78964970385664,285.27621424699936,20.656008077211194,20.78978797758427
292.9573342472134,283.6953902199244,20.805594061471062,20.68799177366757
293.4930526736577,284.0912870819477,21.041040489563663,20.549639690111547
292.7312740316154,284.1653728504352,21.254677949220607,20.401468153136598
290.2528633709257,284.32023901936554,20.96375607782538,20.74770371437275
292.4810274312861,285.3167632683822,21.105526214511038,20.725268755227983
291.5187440900963,284.58827215965783,21.05385528040323,20.86475922835161
292.8286108654187,283.2689597691661,21.074657659296513,20.862848079797118
292.7227413554045,284.62899235633347,21.28639667932485,20.78450712708058
292.53988052018076,283.51484041524566,21.65211834977228,20.362722481300047
292.56496477996495,284.1760519606115,21.601949830203875,20.363445666060564
293.23231631581865,284.4762251495022,21.588847587682913,20.423899702872284
291.9324586563574,284.75735178289017,21.542344996478555,20.523200913628045
292.95910328936213,285.0593198891989,21.47625853579862,20.581665636120547
293.57903717215123,285.38896016981874,21.560974882042153,20.584677130791796
293.4553376102492,284.8024570433119,21.808374005846243,20.430350314702583
292.9882168462599,284.8872751036699,22.077527277860963,20.26071419398655
292.91795401043606,284.27802543073693,22.218052949508685,20.14603259514992
292.87896025387937,284.2980200960693,22.296040462622038,20.106043264485134
292.6409555068573,284.5589896994011,22.104523300692122,20.251630713795663
291.97701112587964,284.5359866606159,22.098679123108916,20.297636791366028
292.71532749465075,284.4467071521093,21.95706216673414,20.47619580837921
292.99595914710915,283.8138523292381,22.063937404193403,20.40562836936938
292.32196647488144,284.1223875227924,22.07455358318417,20.457242564993187
293.3136821544822,283.70354502587213,22.10013519961736,20.625256566955535
291.73529744104036,282.57725872706874,21.893201697415538,20.85960740711092
292.4913841858105,282.80981883376273,21.727474994057538,21.067710586814126
292.43487794345475,284.55530687044825,21.840487478769024,20.94633405130011
294.17873989274244,284.12628122134765,21.721620724175267,21.13061392070495
293.5333701083167,284.7543595236249,21.662715702274827,21.224101906902394
292.80404896907487,283.7842147299509,21.770609732587772,21.138269121994387
293.19876477982086,283.7043046432205,21.656890142626573,21.29808929545529
291.87010524147803,284.3188108638584,21.608407341787746,21.421977792941625
291.844822496214,283.00686022735067,21.658972832315733,21.335309984310605
291.7560047406571,284.12257767152164,21.836608343429642,21.13508666669452
292.7186224297754,284.8173871867085,21.941464150660934,21.09886175996612
291.7644350116151,284.71551339023483,21.81653518053428,21.302609352913485
292.4039879051088,285.0869201175996,21.895488570182298,21.238825486501742
293.10505508858233,284.0405479529145,21.85187591771818,21.293787244147715
292.3556289959359,283.70607742378667,21.991837999276267,21.283283250535906
293.0689583842337,284.33383442711647,21.92812949218466,21.39071951338027
293.04320470724684,284.7203655140109,21.979636846158385,21.299830813838785
292.654034813807,285.1041207090707,22.076431233117773,21.213865823639424
292.20722657852235,285.22069644054295,22.288344575168445,20.980714360694904
292.2609889054411,285.16061878372756,22.180819921330993,21.10086967432579
292.26607147857635,284.4619460718974,22.17065477506047,21.135118369013
293.0719179917176,284.3608824444741,21.92282561614664,21.3372456238595
292.70552146404447,284.6853133002058,21.974373310743772,21.36962927314528
292.2977358975689,285.0950664636402,22.10737833530748,21.232689054663936
293.74194844731335,284.9775738647571,21.948897217633363,21.46767425243012
290.3720920021298,288.3559892226044,21.851459755359038,21.547993889376787
294.0889503783947,284.2224149134371,21.93571264692362,21.613721077790373
293.0065501129513,284.90398809910886,22.043073675371776,21.622201041405987
293.0412953091847,290.0188833342862,21.973583282905015,21.70692261089516
286.5164624721501,289.2915271735439,21.95355217448687,21.78587737632851
293.0970162789844,284.4044019663507,21.879808889340914,21.916806706540378
292.0743903031846,284.71359185145354,21.855929580039252,21.988137356635058
291.75349418829506,283.2679348494714,21.80726484754924,22.117623511523018
281.80136443236694,284.428262885091,22.343190518288313,21.87214606611782
275.60792893727364,290.91496909377025,22.196758084629007,22.128331707263374
280.81428293341895,280.40826984187333,22.254540624896762,22.20074914594034
284.6637553980252,278.0407511690671,22.956593799896083,21.335121088744923
308.8476872957106,294.5985180130155,22.70867175262953,22.391719946603263
296.6243152139208,294.669343163024,21.58684776410907,23.67054565503633
292.88208743508164,295.78316049600085,21.233517516628122,24.29301491823145
300.5641992637026,292.6460722698853,20.200262186028155,25.551352456137927
302.1269180122363,293.86184657705564,19.232619097119976,26.716127855395687
302.2363405844897,292.16917961130196,18.292574866241612,27.9378645277887
301.45973258000583,292.11619637900344,17.673592065632477,28.767897262244645
300.4984057891545,292.61734227407095,17.417867106427096,29.217857832715012
298.7224174433984,293.2065022176709,17.327244713768152,29.49657757918363
301.58107677060855,283.3504665485926,16.727840319864928,30.199253092562728
300.76621984011325,281.0455617935611,16.163483114178458,30.420920469271394
300.2915184710885,289.40896624971765,16.387913796266385,30.368468844072325
301.07005491396325,291.80207926621387,16.2869319844025,30.678561569679196
300.7281677361147,292.0233446226817,16.239824974029208,30.966912222813914
302.2459023199635,292.59673743672886,16.141609313740297,31.288753348423825
300.81826252354807,290.9445192132448,16.047484616764777,31.643785505585612
302.2817014690365,283.05505327444405,15.343413052699413,32.604008537111014
302.1087169806164,280.7311056216358,14.946636813167864,32.79543254449787
302.2281337782663,280.4204078261052,14.707803217868051,32.67823701204285
301.9137281299349,281.3349673890614,14.603915845350667,32.314515224490954
302.47081818598787,280.6719051768678,14.215329226638158,32.189452662091426
302.57315657078743,280.72837209814105,14.010652457038935,32.07651881954493
302.4310518687378,281.300689676563,13.583156504473576,32.355294376030486
302.5395908615568,281.31923117890403,13.366078518835604,32.3182113713484
302.59936362636637,280.35585998486397,13.246532989216455,32.13358218973434
302.7603132987929,279.1719147511148,12.924633644363398,32.40446557138663
302.811745482958,280.6396416177712,12.821769276033216,32.257693441215785
302.85351261473227,281.44289576906044,12.738235012484687,32.03762708221265
302.81437662142025,282.93871987074806,12.81650699910868,31.800227158247104
302.79366094378724,283.7440926128065,12.857938354374765,31.562564653901998
302.92475501091195,282.8009633859179,12.595750220125296,32.081112120330815
302.61064705528054,282.90373361866943,12.537326278423892,31.875571654827738
302.09616814965176,288.515046979767,12.883644875182698,31.575172364613362
302.36966768951146,286.7961797103467,13.021140670099394,31.59043253027353
302.9349810800853,289.2731165462567,13.26483542643025,31.4466842396288
302.0753797789976,290.50037147420386,13.605217124390185,31.060405740057696
302.44380018891763,282.37645777429566,13.558213240854414,30.752146668569097
302.26530782458144,281.97942518065815,13.91519796952682,30.17712898540475
302.42513728306875,283.56444674369345,13.595539052552212,30.419380044190053
302.5557691521615,283.4165365660676,13.334275314366758,30.715200399441805
302.9743289746638,283.1430211337489,13.17721397824475,30.58217295519645
303.03355227266553,283.33746925485303,13.058767382241282,30.19327671298825
302.6661696667134,291.0442838353076,13.125893788330709,30.13534008582097
302.04945712867044,292.0184135319815,13.691334213062106,29.523049995182546
301.8225234368878,291.5810106053476,14.145201596627295,29.059802336982955
301.68426524941606,292.0319818744562,14.421717971570875,28.82804188987154
302.6064073530756,293.42687281353915,14.592191497911777,28.72460365658573
302.2554392307075,294.08333080483396,14.621111065677862,28.757721027936384
301.93864156929965,292.7152697068022,14.580704964975878,28.797837529929502
300.89590623584826,292.6967123222114,14.644500284672588,28.83495229911116
300.99151944515796,291.505270167932,14.453273866053243,29.191224332183225
301.963366034399,292.54433734120175,14.541922807852954,29.14543210592544
300.57437630876126,293.51553406691943,14.606652632277086,29.23797587462867
301.9327828004067,292.4428545945325,14.612988995880364,29.340972809231836
301.18672594693953,293.1416127092926,14.74029343851455,29.308265844011864
302.80335663331186,283.13798279573325,14.243544525932066,29.475810334954744
301.4673292720542,291.7428953810145,14.203734079183109,29.89310876460944
301.8683994833727,290.22995358961526,14.084955241966956,30.185546005724657
302.5639084052503,290.82871279458095,14.065036674199098,30.359126871780482
303.6668906972057,290.0232141198507,13.922255808401502,30.59466840916551
303.3626082930797,289.59848740074574,13.842167967163286,30.755469197885162
302.7985480133958,285.733573523931,13.59112260799054,30.8998843995419
303.21127239979006,282.3315363466111,13.452936296588902,30.831334140313604
303.5479423571909,287.7134803453849,13.463429953610456,31.008783291937625
303.0093862762924,284.7058511386198,13.167365097290082,31.53133363299805
303.62953620922065,283.4177763037087,13.304874837707148,31.351864090273033
303.0632538380368,283.0105276001019,13.05994102675278,31.477612220825613
301.46764307718064,291.10154029579775,13.506273162375525,31.078700799448537
300.1090067330071,291.7291972945809,14.15847500108148,30.511743751762566
301.378886809231,291.78300055452246,14.38504552392313,30.40413723187941
300.14086181458293,291.88236121385194,14.779180578691816,30.20541591322047
300.5849545292563,282.6624931472848,14.588922914288773,30.49903015781824
301.124528705758,291.19914055752133,14.907589791138575,30.199518095582714
301.0844258988066,291.90651530811346,14.987795405041343,30.184906020347867
301.183646132878,283.05832444736393,14.789354936898611,30.350171806683043
300.80746034594944,290.3898034587881,14.841506955057884,30.391824453488304
301.53895284854553,290.3688805051097,14.781989194501723,30.433670360845056
300.93001530786154,290.2258259549181,14.59724161592629,30.719779461228278
301.32815163316866,291.2744666942752,14.503240832434836,30.729313583882675
302.62234800554427,280.59197546475554,14.717935847625105,30.370365903375358
298.4472106439617,260.17059199332346,15.376198391236148,29.955976610448964
299.76428541767075,257.3991264506226,15.560454542081608,29.862096299323497
297.8261548912966,255.81711172753333,15.904735549427947,29.49414570010007
297.82096223023086,255.8551587773395,16.62201111692736,28.711161355119778
298.7464510214504,255.62283681205537,16.893634326654894,28.468271688299197
298.1865239751968,256.55052537040285,17.3049653425871,28.029940724754326
298.7289738189182,256.00001150817064,17.637912429307626,27.71312167505543
298.02413650492053,256.6077259130961,17.62804764132643,27.91723228118097
298.3457297162869,255.8008710701542,17.697519360796317,28.105625682659916
298.8444193643711,255.18218936221447,17.416778618524386,28.626350544642786
298.85915897246986,254.70241045708283,17.387299402326867,28.86621192372677
299.33734200206595,256.3294327343049,17.153705534665903,29.22602832693881
300.0865147799436,256.25013751760883,17.103714738072398,29.384618760330888
298.0086711979826,255.25698940217887,16.90529018988176,29.919544420486545
299.64884522523295,251.68947799638534,16.54591794464718,30.482371661224736
298.9459224411644,253.05396393439554,16.48690744524373,30.683111920285334
297.98854701316577,239.16284812583925,16.198529010776703,31.29341562167145
298.09183938540485,241.85530719165365,15.991944266298594,31.81569594502696
299.3091786907511,237.26399112659846,15.784749651608447,32.0883920911281
298.24533001965483,245.35534506409755,16.426651973548758,31.506531928776916
299.09725854709285,237.6687858643754,16.21370670492672,31.97053246568193
299.59397137083,235.34144161090987,15.968876206043216,32.1336500810681
299.82339473979437,236.1857238572589,15.510029468114478,32.68533661443129
299.62610472255983,236.2287846876044,15.157773239419043,33.34605121690468
300.08031194163016,236.8171456988372,14.999652541337115,33.66991667455652
300.5009111071223,234.8463072311853,14.910673285059818,33.85049823632532
300.55904287747194,235.474658928,14.79440974436059,34.10033835827787
301.0904074479455,236.00800596920743,14.486521827945932,34.54332672492778
301.1600470769402,234.45352883378763,14.347242569956517,34.629080767022316
301.2152777341909,235.48305848394375,14.236781255455124,34.833719681860934
301.2396170387111,234.30554352351766,14.188102646414642,34.922088630811146
301.25543399468467,234.75938119855746,14.15646873446756,34.77037396500173
301.18740742919084,241.2758476102461,14.292521865455273,34.54202571404588
298.92850844493535,228.15597461415047,15.048630931045693,33.69761160520852
298.2322767656211,240.19614970948683,15.687612275471398,32.97520385481683
297.5785873829284,254.72493489870686,16.24083386520372,32.575606151195764
297.1722458960374,264.6901217091471,17.053516838985715,31.5934040538061
296.8253086496942,263.2142395192574,17.747391331672077,30.757717067587233
297.3645542975296,261.9764254083563,18.182818644648815,30.205508072094286
296.37932799101986,262.9765302631352,18.641035786680415,29.71753383352438
295.86071765129407,263.8418498112816,18.921714894260305,29.499977880974974
296.5351911036663,264.2883233548223,19.08873518316615,29.36501439071867
295.3290356409883,263.56953674764054,19.224799666107117,29.285089976805498
295.68201144206364,262.457637319612,19.27866521222255,29.229437388064063
294.7405921923278,264.5330371271077,19.641747179197367,28.878029104314543
292.6324054467144,264.7943604937391,20.055010626245295,28.355382371051867
294.58261724661656,262.7184700513912,19.952395593554364,28.70935468863432
294.9911291416364,265.0378880715745,19.89859017962612,28.649828904936744
294.88419123086663,264.78302222665485,20.11246600116572,28.398130170277714
295.0069682816865,264.64531241221056,19.866911899525896,28.673549799166224
295.58758793992894,264.0373005914802,19.46693757348622,29.128308450181905
296.45232936212767,262.791244837872,19.260432652075814,29.335953072917782
296.0687362848714,269.63967383108263,19.266444635444884,29.340230167076104
296.1192649589496,282.9067496116771,19.16538728728853,29.452926272604987
293.5692231270289,296.91469472144905,19.69739741117816,28.845477292771925
294.58458873504236,309.57792791709454,19.94982661954963,28.633775569863317
293.3895340359,306.1336493945442,20.05383257743169,28.664022293756013
295.1196564280559,304.3134600265241,19.650423444117305,29.24756537879861
296.10446345166633,301.3782856789834,19.213469773324515,29.75360275638228
296.9690224047534,301.62906823792815,19.017663736492146,30.018693573163606
296.9886633154977,311.74852994741707,18.21102950002708,31.26563777352554
297.1400865788778,331.6028554595518,17.90818297326685,31.71917756043872
298.0886117990063,333.6899312070715,17.558993088825524,32.18860773284632
298.4558809705794,331.97678098482186,16.82445474567934,33.29017352496792
298.98788759762334,336.3850562373025,16.5389257999327,33.81543472010169
298.5075937843828,350.9820807910551,16.718286902235796,33.526767007184866
298.2949359486684,363.5057733936933,16.363489186620093,34.223123574376814
298.4362333995527,376.58979987961766,16.080894284851574,34.71546424355017
298.29393443947095,390.4546365144644,16.365492205015048,34.50876553056982
298.9578417828302,401.4402403542064,15.82600697291,35.39911203487632
299.3444131099944,416.4848686562613,15.844700054908234,35.39961341117689
299.2362374664312,431.19577410172684,16.0610513420346,35.288149387165305
299.0677347100018,438.9689364993452,16.398056854893415,34.834483226461
299.01923667675885,440.1927513831588,16.49505292137924,34.76778601223186
300.4359341118064,435.8391117884686,16.04474939430212,35.5314273915526
300.1335311537706,436.4094791528183,15.851956869512904,35.98588954457465
299.882106314638,440.9367879913508,15.554004279454837,36.54089908738895
300.53371854187134,454.39505501489896,15.857933069740172,36.14239357870139
300.3921207362322,467.9052759837363,15.33795296166381,37.23310181843996
300.4923252168337,474.1633271424788,15.137544000460768,37.6728524891927
299.82657459228636,473.7937380306398,14.844026048734628,38.41203071287063
299.51281866214526,473.15999555997445,14.653648634204874,38.861626379389506
299.98531310058536,470.4753260702116,14.529580654783274,39.30543997416387
300.34730326504814,471.22890110190644,14.630645188471066,39.44837963600098
300.4144381007151,470.9448654510686,14.496375517137112,40.016450937676645
300.3341546907518,471.3358565137901,14.65694233706374,40.06908917817382
300.21942011563436,471.8166917527222,14.886411487298586,39.945695488058284
300.1592736186555,472.19183584468544,15.006704481256278,40.03605841131589
300.0761660177534,470.5208156323193,15.172919683060565,40.00164531279664
299.53458017901306,471.38861072969115,15.409480318999977,39.95927720113539
299.0557756032303,470.9084480834166,15.516837779654463,40.0693508027734
299.09335106832424,470.7375810140088,15.441686849466546,40.41108494158898
299.23702698413763,469.5127162560858,15.154335017839788,41.14618301857039
299.21687201551816,470.6924891696848,15.194644955078696,41.374671227534975
298.55365709943993,469.437410005666,15.654397917551812,41.2847989465225
297.6389344537548,476.11401944730284,16.610169050618502,40.163018279497685
300.9032485037672,480.1133842992433,17.953121053519848,38.28662865567041
295.36516581350315,483.23224211838567,19.447477787991026,36.40428058377513
297.42102553522625,483.08273440089886,20.5519305482438,34.96457195084914
298.88866277816084,482.2887458535942,21.084171481564614,33.95191248106611
297.94214465814656,482.66617377977565,21.25567318261066,33.19705662870315
296.16833301839847,483.4099824218341,21.393885468225378,32.56179209305657
297.83868907556695,483.57886213836315,21.433705882144736,32.22403265999858
296.1283303291001,483.3657969858482,21.491537465015487,31.80944148751278
297.50661762582683,483.44225691908804,21.241296402215422,31.656521621033058
295.9506118423975,483.5422711689718,21.037348415071897,31.45649312126556
298.07388936531896,483.15606494994137,20.903761775974274,31.406311877977338
295.73796097215313,483.26921409470737,20.65790279966899,31.180013588445334
307.8586959281431,465.30817917059227,22.404591279404368,29.744105748584676
307.6768118439575,478.0207081239934,23.587562825521488,28.89514917415916
309.1310069543467,489.8034965519167,24.80638318813196,27.616509468612104
335.52566896000735,486.1978100397969,25.659010041365242,28.225796232598746
332.3971803926456,486.00125727770364,25.97761482681912,27.77056284974679
355.4385619417137,487.9792771216391,27.288225789090426,27.199764166190665
356.19655184862086,490.6865352738227,28.346480873056702,26.075639358124334
381.65220963397945,483.9489762232464,27.989593740116106,27.554791389296085
382.22090439743107,482.54737735695625,27.726912239556057,28.608573069189774
382.15812057337126,481.70820248489326,27.852479887675724,29.39977697846799
387.8270049123734,489.0312433044307,29.13610353579949,28.276615688816175
381.79575114682103,481.5388143154745,28.54104332065147,29.69979393860061
381.6435877390406,480.8573003493971,27.928236980342366,31.062821870755283
381.69304597446603,480.0040295786774,27.82932050949146,31.840698293709465
381.6388902485784,480.7321978224899,27.937631961266796,32.26267048819206
381.4775650597962,480.14814261361454,28.260282338831143,32.48335651490387
381.28590067953803,480.5624173188063,28.643611099347456,32.610821714169624
381.2462681224359,479.89038024565156,28.722876213551732,32.990765044811226
380.63419340304705,479.3455552173717,28.975738466760923,33.109127915802475
380.4304968059105,479.3061991744662,29.38313166103414,33.18784000161354
379.9291984730708,479.1006205142435,29.400814213260148,33.598997322059006
380.24660017800863,479.61696018423083,29.757582960782603,33.55789013948242
380.1495769011471,479.4918718821268,29.951629514505726,33.808066743690404
380.1965745294439,478.78998645234725,29.85763425791208,34.20820716187875
380.7235149870941,478.6511034171854,29.812082492514378,34.48597323220236
381.15448577219144,478.6289423388383,29.962039709079036,34.5302953888965
381.65413792786745,478.58674166311346,29.977725537539882,34.61469674034627
381.1322824018426,478.52785822214156,30.004888575219606,34.73246362229005
380.2092220177636,478.28692452111164,29.813397289136415,35.2143310243499
380.14555934144954,478.1492475283743,29.940722641764516,35.48968500982458
380.6356515868173,478.1076436450341,29.990011493828398,35.57289277650497
380.69704533673195,478.0360811518387,29.867223993999136,35.71601776289579
380.70204877776064,477.98317633794244,29.857217111941765,35.821827390688334
380.63088563987856,478.0316932188345,29.999543387705955,35.72479362890418
380.62654504798,478.0109150497664,30.008224571502932,35.76634996704035
380.46890869021564,478.0575941361515,30.3234972870317,35.6729917942702
380.35550924036824,478.11612404514074,30.55029618672657,35.55593197629176
380.22851820921386,478.2615027371246,30.804278249035274,35.26517459232397
380.18483212639933,478.3627682130639,30.89165041466437,35.062643640445465
380.23244521970656,478.3444356851615,30.796424228049883,35.09930869625024
380.16992601196785,478.27562766244046,30.921462643527335,35.23692474169229
379.66245122824336,478.2891497026144,30.895102112902578,35.20988066134439
379.8062543913668,478.1352892034118,30.607495786655758,35.51760165974958
379.81049696400976,478.2191856265748,30.59901064136976,35.34980881342359
379.77247889947034,478.323355244771,30.675046770448656,35.14146957703122
379.82396966555615,478.25602773681265,30.572065238276956,35.27612459294794
380.06401704660533,478.0349555031328,30.09197047617867,35.71826906030765
380.32159986400353,478.2477136479609,30.61223926776509,35.29275277065146
380.81239604779336,478.323724367697,30.66786624187762,35.14073133117914
380.31360247790155,478.31873859853783,30.629696133644295,35.15070286949759
380.4555241827059,478.06206581359714,30.34585272403553,35.66404843937891
380.3364135984743,478.0616410883801,30.584073892498807,35.664897889812956
380.35300671350143,477.41542415209517,30.550887662444502,35.91480820349072
380.3328585383264,477.3933617541657,30.59118401279465,35.95893299934965
380.3887596878436,477.36865061583467,30.47938171376019,36.008355276011685
379.325664550566,477.3413056597888,30.513280965546684,36.06304518810339
379.90485923713624,477.241581324656,30.40242659828371,36.26249385836903
379.91334980456895,477.1439311528191,30.385445463418254,36.45779420204282
379.98176538282235,477.0216238732348,30.248614306911477,36.702408761211466
379.80084088848275,477.23609825044537,30.610463295590677,36.27346000679032
379.82733990832656,477.3060301098517,30.557465255903043,36.13359628797758
379.78510824758314,477.3461822805819,30.64192857738991,36.0532919465172
379.74691966353856,477.412634741924,30.71830574547908,35.92038702383302
379.6792756771527,477.5523103606256,30.853593718250796,35.64103578642986
379.6130198310736,478.21096533690434,30.986105410409003,35.370206622842105
379.579493511056,478.438305831606,31.05315805044417,34.91552563343882
379.57036652463114,478.55864224516415,31.07141202329388,34.67485280632246
379.5291933018813,478.64207229726003,31.15375846879354,34.50799270213076
380.03245057487544,478.67008702873414,31.18094989776063,34.45196323918258
380.6358998033481,478.6238259259535,31.007319667206765,34.54448544474387
379.8042857091393,478.42486835814776,30.606675646161207,34.94240058035531
379.6752030398234,479.1552668586071,30.86484098479307,34.513307803966384
379.5050220656385,479.3636896262916,31.20520293316281,34.096462268597435
379.63846039149155,479.30148242177745,30.938326281456696,34.220876677625725
379.7833549896499,479.21403779995404,30.648537085139957,34.39576592127254
379.80837957396227,479.2425664560116,30.598487916515253,34.33870860915733
379.97709288005393,478.47915297311994,30.261061304332014,34.843326716419845
379.9829520327099,478.47451830730506,30.249342999020044,34.852596048049556
379.9858580518449,478.39329152976416,30.243530960749986,35.015049603131445
380.5667822122116,478.2518258145902,30.108689821552673,35.29798103347931
380.13187908080454,478.1438317117334,29.949280548443674,35.51396923919288
380.0532147978977,478.18487673958856,30.106609114257402,35.43187918348255
380.14479047294793,477.5153590623246,29.923457764156836,35.73966448343425
379.5143077387829,477.6981052834829,30.15137294483998,35.37417204111761
380.06659789198926,478.17798161121766,30.077871190476763,35.44549793769757
380.13728253328753,478.1300193748594,29.936501907880277,35.541422410414164
380.23879818059146,478.09350456284767,29.733470613272395,35.61445203443761
380.27343485700993,477.42641385366164,29.664197260435504,35.92057468407105
379.64543290094065,477.51141806713815,29.888545628444813,35.75056625711805
379.63183644532467,477.543299814091,29.915738539676838,35.68680276321246
379.3322149496573,478.3909622922551,30.514981531011493,35.02358883710529
379.23530748100444,478.4129515196592,30.708796468317225,34.979610382297075
379.2447076076005,478.3915075267367,30.68999621512509,35.022498368142124
379.3495861995726,478.23514820837056,30.480239031180897,35.33521700487442
379.3349305212647,478.18979448428206,30.509550387796665,35.42592445305134
379.3860694857887,478.2072146750114,30.40727245874872,35.3910840715927
379.97683001169855,478.1472026603554,30.261202636079812,35.511108100904735
380.0497096701674,478.1560322565269,30.115443319142162,35.49344890856178
380.15764635121934,478.1063241739526,29.899569957038228,35.592865073710286
380.3474595008978,478.0020119227284,29.51994365768133,35.80148957615873
380.3890966715018,478.0675811250045,29.43666931647328,35.67035117160647
380.5151864764999,477.98411249244936,29.184489706477155,35.83728843671679
380.63796736073846,477.8887137942684,28.938927938000056,36.02808583307869
380.65006861559414,477.82125356480896,28.914725428288683,36.163006291997576
380.61213948341697,477.8330502900616,28.990583692643025,36.139412841492316
380.5146302385328,477.92612968857094,29.18560218241131,35.953254044473624
381.1154677908418,477.90139983925945,29.008350787210745,36.00271374309654
381.32053725696943,478.1999687430241,29.62052576567656,35.40557593556726
380.6554766840981,478.9200203489474,29.927627439948154,34.98849219519171
380.66718243991215,478.3850262934215,29.904215928320152,35.036956168917996
380.71718780079834,478.29787320419933,29.804205206547778,35.2112623473623
380.6749824996499,478.8943766307036,29.888615808844587,35.04123554190985
381.3154426552688,477.62738936935796,29.629407613282822,35.53178583324913
381.1943463581463,478.33444356187715,29.871600207527884,35.142784985016505
380.61178388050683,479.03424288648984,30.013718208334694,34.76619329026326
380.63513653114285,478.50084450772067,29.967012907062674,34.813520526429166
380.52646167984716,479.1026845755124,30.184362609654094,34.62929226616104
380.609384517641,477.85831358055725,30.018516934066398,35.0778597858349
380.46364231416277,477.9429976550731,30.310001341022822,34.908491636803184
380.54203197883805,478.46483988179915,30.153222011672227,34.89123160872789
380.6203454327729,478.3701495710303,29.99659510380255,35.08061223026563
381.2068385684926,478.26118139568615,29.847664598365647,35.29854858095393
381.15778447755537,478.27718140898946,29.945772780240187,35.26654855434735
380.54763701922866,478.4439026445448,30.139956949966024,34.93310608323663
379.6916131163314,478.40606846596825,29.8038499097972,35.00877444038977
380.2662228277424,478.27142344613696,29.674478583300655,35.278064480052365
380.25230888492376,478.2392102984064,29.702306468937934,35.34249077551338
380.35799237645983,478.10062290517766,29.49093948586581,35.61966556197092
380.3909692790417,477.46931342155955,29.424985680702065,35.85805689866633
380.74303784542667,477.55805303287934,29.747679320962764,35.68057767602676
380.6357149849167,477.6125262846409,29.962325041982737,35.57163117250354
379.9776514676402,477.6738068805001,30.247366825853966,35.4490699807852
380.0590447145878,477.61436336964164,30.084580331958783,35.567957002502055
379.9442059689659,477.7768765283057,30.314257823202624,35.242930685173945
380.0793233431819,477.6213045093532,30.04402307477059,35.554074723079005
380.56734591879024,477.6939403255616,30.100107351919718,35.408803090662275
380.67736769696927,478.22274503508606,29.88006379556171,35.3819828487363
380.1352900682758,478.28710910123965,29.937383762677968,35.25325471642907
380.1194818163031,478.3081341987176,29.96900026662344,35.211204521473135
380.6436714772027,478.3039694270631,29.946250583610336,35.21953406478213
380.6766210057738,477.73908869051536,29.88035152646811,35.323903052078066
380.0284216906772,477.8740413507059,30.15080648394949,35.053997731697024
380.0843410088528,477.7239204608765,30.038967847598258,35.354239511355786
379.72469867774345,478.6417802326852,30.758252509817044,34.54748344404342
380.2920092802828,478.6786399218401,30.65163520045037,34.47376406573366
380.3398127351486,478.73563740356377,30.55602829071885,34.35976910228636
376.57511047192634,478.86968634253833,30.932432506407167,34.09167122433719
354.0958709563457,479.2399225286202,31.87183578780713,33.35119885217348
324.3420735484448,478.78532701758616,32.83653466334681,33.233321524412396
312.5394347957849,478.445245657983,32.5111060051934,33.913484243618726
314.1054798669726,478.26642428611297,32.51701062867848,34.27112698735877
314.73076950377686,478.089205206675,32.31812235708038,34.62556514623472
315.3814237139084,477.9824373793893,32.070888661669116,34.839100800806136
315.32496297810934,477.95475032917767,32.18381013326725,34.89447490122938
315.3512965712846,477.83093112845023,32.13114294691668,35.14211330268425
316.05057713461014,477.64756046298265,31.791737863907212,35.50885463361946
316.09598276232936,478.12774829131865,31.70092660846872,35.60792661210843
316.8068169421228,478.0158648794482,31.338793667834114,35.83169343584923
316.9414818462896,477.9463754163695,31.06946385950047,35.97067236200666
317.0276630370352,477.8850799235278,30.89710147800927,36.093263347690026
316.62297371744893,477.73466749331476,30.652307435224873,36.39408820811615
316.6464379473281,477.76800129808936,30.605378975466614,36.32742059856693
316.5532833752202,477.8491354940846,30.791688119682355,36.16515220657656
317.1378448905557,477.79576608596,30.676154290064733,36.271891022825685
316.61355249997547,477.7854175014412,30.671360236350683,36.29258819186332
316.6528027626401,477.7288128015783,30.592859711021404,36.40579759158918
316.57110493507616,477.7876271940741,30.756255366149226,36.28816880659748
316.562149244623,477.3552826786236,30.774166747055517,36.097939029658534
316.4523288688015,477.4307895248067,30.993807498698594,35.94692533729231
316.4782318551077,477.4025939006221,30.942001526086237,36.00331658566155
316.465147234997,477.3654192475574,30.968170766307647,36.077665891791014
315.95596184654,477.3973645530881,30.931468388923108,36.013775280729575
315.9298463868425,477.45278902455345,30.983699308318137,35.90292633779877
316.0321104535229,477.4647766876371,30.779171174957387,35.878951011631585
315.99449769393794,478.13286500268856,30.85439669412722,35.591740264072286
316.65617602604215,478.03007224330497,30.576770806813634,35.79732578283952
316.7186908200297,478.0144020206972,30.451741218838567,35.828666228054956
316.6930628721982,478.11345744492127,30.502997114501603,35.630555379606875
316.57831455022216,478.25704617762915,30.73249375845364,35.343377914191166
316.5452005153394,478.3973526462811,30.79872182821923,35.06276497688726
316.59053917947836,478.3606728573507,30.70804449994122,35.13612455474801
316.6625175099985,478.25528799186384,30.56408783890099,35.34689428572179
316.5864008442243,478.32814617255406,30.716321170449405,35.201177924341366
308.0241787940257,478.47269945660423,31.241245071470818,34.91207135624093
278.78603713967004,478.7041310207832,32.441437911785556,34.44920822788295
249.5259521859067,478.72322036154696,33.031352782251815,34.411029546355465
228.1676053184871,478.2533128315414,33.266878510758886,34.288815406208315
227.1127801917139,478.2414040959068,33.24885123696778,34.31263287747759
228.24940408883114,478.12414014169264,33.10345825770791,34.54716078590586
228.82307717594895,478.08197196410794,33.02141551268933,34.63149714107526
228.97874162725157,477.962575004623,32.71008661008409,34.870291060045176
227.9903620521274,477.942037395841,32.55860179934868,34.911366277609034
228.63932543999024,478.4492971604661,32.32303268988075,34.95920441461668
228.22254997160158,478.42819854711024,32.097224178601216,35.00140164132832
228.1862944804176,478.48241687582856,32.169735160969175,34.89296498389175
228.80290730319223,478.4267452309695,31.992397324410625,35.00430827360979
229.0100871188616,478.2537769716138,31.578037693071856,35.35024479232129
229.01874420295687,478.23985326518,31.56072352488131,35.378092205188814
229.54858227687038,478.23197244296364,31.554773333166423,35.39385384962152
229.5520569139167,478.20969077769934,31.547824059073854,35.438417180150154
229.08749953259323,478.14175428833994,31.42248229665843,35.57429015886891
229.72077979255297,478.6174094942075,31.210482464178703,35.677540434573615
229.92710374798656,478.55396875081664,30.797834553311517,35.80442192135533
229.9942680135857,478.7071958922808,30.66350602211329,35.49796763842702
227.51153347925475,478.6664218002475,30.422888337940904,35.57951582249358
205.55339948747334,477.66519548495353,30.717344251722388,35.504739306901406
174.0573391742853,477.88678255946456,32.22049412396176,35.06156515787935
146.0475035688942,478.1144742982759,33.15532746623631,34.60618168025663
125.94894669006436,478.1059161662517,32.804570563657805,34.623297944305165
124.9731732700557,478.0474403173067,32.63259815398601,34.74024964219512
127.2385786630351,478.52529767064755,32.345227083299214,34.845394864331375
127.38875821580292,478.47589413187427,32.044867977763566,34.94420194187797
126.95467338984994,478.4517511668748,31.858338693737615,34.992487871876904
126.96203203405531,478.4975176156088,31.84362140532688,34.90095497440896
127.00245815343551,478.44885653191466,31.762769166566464,34.99827714179721
127.67923350571171,478.39137076210847,31.460264804046716,35.11324868140961
127.21024442823007,478.43783436307433,31.350235821802894,35.02032147947782
127.1115213231731,478.53983380195905,31.547682031916835,34.81632260170839
126.46253974667036,478.05870022495947,31.800859709338216,34.733804280123415
126.53859344010507,477.96528357796086,31.64875232246881,34.92063757412061
126.63143532498069,477.96120170936456,31.463068552717573,34.928801311313194
127.20831612582364,477.97534917289937,31.354492015623453,34.90050638424363
126.72426173806986,478.53337170841456,31.279588649373174,34.82747345497115
127.32980772526804,477.9023641709791,31.109177879555205,35.04880732526357
127.34559650991267,478.4110915276728,31.077600310265954,35.07274873267704
127.50386703601646,478.24781059332275,30.761059258058367,35.39931060137715
127.45670850550425,478.3006238019139,30.85537631908279,35.293684184194845
127.0664296280044,478.2938679481418,30.594802953085754,35.30719589173905
127.15287954294325,478.25394273928777,30.421903123208033,35.38704630944706
114.29944785494544,478.4885104415042,31.273797077751105,34.917910905014246
84.37532506540148,477.74297583793316,32.7703730297032,34.324991911187226
55.75762781067451,477.59165357933983,32.95212097021306,34.62763642837392
31.763150509312084,478.00717348686226,33.053588894883205,34.86076298395249
30.64544734998648,477.9609732053212,33.15014984064704,34.95316354703458
33.87113323600081,477.84893020506036,33.13317299923169,35.177249547556194
34.154102477007484,477.5323972272312,32.56723451721834,35.810315503214596
34.36649539072712,477.89002582881335,32.14244868977907,36.17156728103615
34.920290819616326,477.2237344034576,32.110201220084335,36.42880674366391
34.96821199437247,477.135513507827,32.01435887057206,36.605248534925174
32.983747822679085,477.0252166855112,31.663211412120887,36.8258421795567
32.84423097936225,477.7399096162398,31.942245098754547,36.474257768720165
32.84237688009048,477.86108692217323,31.945953297298104,36.23190315685327
32.80804514201122,477.98836786121603,32.01461677345662,35.97734127876762
33.39959407367069,477.8737395158402,31.901803671657674,36.20659796951933
34.046143132190814,477.8053677929124,31.6807430752131,36.34334141537484
34.04275361347433,477.79954597752527,31.687522112646064,36.35498504614921
30.45143433006958,477.0640204480059,31.37382495661815,36.75513100192539
5.210578511129288,475.7259599364045,32.540781281120914,37.28713222889455
-0.02244382885400853,472.11563457358795,30.917639841205037,39.012698354580905
-0.6386712219625714,467.99597637241186,28.851837672115312,40.655500846319484
-1.2057281541937197,465.3443517818755,26.71399919506693,42.68679768588146
-1.3539608103926781,466.100361301858,24.839134048995405,44.43177433362068
-2.0060633629674065,463.48990437600776,22.90358907256694,46.412938103743286
-0.3059407610765117,462.30391193929637,21.65492118713839,47.70913431798946
-0.6329319405299287,462.0601161821878,20.163083757197285,49.26963572663058
-1.0515118656462032,463.5098582432181,18.861963691242448,50.64671143694478
-0.9022451535485407,462.2342735700859,17.497800600098046,52.13225111625998
1.0641386090899498,461.8820679460901,16.751281360715375,52.8366623642516
-0.477813336591038,463.8320317101946,15.6015973424625,54.228719723061175
0.537201296016466,462.2199861725221,14.628360676793395,55.33922559931432
1.7856184299333897,461.1584310024678,14.239909541407147,55.35395280697537
1.4897882473173256,461.06602965828324,13.784507636217311,55.53875549534456
1.5971983930715963,460.60505081657897,13.56968734470877,55.4196908094692
0.8048174129808272,460.0299489655613,13.083914652675391,55.5346271853971
1.4503488511150744,460.03575387817835,12.820462241871889,55.52301736016294
1.5721892267173638,461.52673970437723,12.57678149066731,55.60825885327191
1.5832834896165027,460.2421807196516,12.554592964869032,55.12061720034414
0.7566533882084956,461.1434855350083,12.184499537126854,55.34136120018884
1.4072394083632203,461.03391691441556,11.890969348912147,55.560498441374406
1.6437192800621085,460.9000930796318,12.42304295029661,54.82311276615968
1.6183703302158463,461.9937645376822,12.473740849989134,54.645752742219635
2.0543668253487537,460.6354573358517,12.605233232684926,54.35191102699581
1.1277760961304173,462.34788213740853,12.454620685253865,54.93464943561768
1.2215134429058052,460.71960713122604,12.267145991703089,55.169727950185305
1.723876195515098,461.1949329911996,12.26925731530562,55.22591305905922
2.097903924186414,462.31488985836654,12.528864170336762,55.00132394947301
1.7000206184410729,460.57992194261357,12.315115773301304,55.44271475540049
1.3248804291270249,460.7284593892377,12.053822461271992,56.15721355280971
1.7725786718879464,460.27486144548436,12.174932822591213,56.04790259347531
1.9366600309515798,458.95021784456634,11.846770104463946,56.66254756253638
2.0545591154139604,458.0107180287361,11.610971935539185,57.52200193519079
1.560943070481355,459.51715227440735,11.571266643568427,57.589945589356276
1.648473655043328,459.0248084242531,11.39620547444448,57.54752311232322
1.6491764372758873,458.04336929936386,11.394799909979362,57.464186798070386
1.6224465271866064,458.07518394475414,11.448259730157924,57.40055750728985
2.018212396921684,458.9001781688406,11.678805106741276,56.772646175170365
2.0490688040661853,460.02805661294116,11.617092292452273,56.552528730540615
3.505923494083774,466.537973911423,12.757599826119623,54.68179064625889
0.8563599213435351,461.2981884566657,13.009573814026867,54.05762460911244
2.5669494257989216,461.5901889284812,13.610417871314523,52.4681178989317
2.6056369688434478,460.46093062983215,13.53304278522547,52.73741619517634
3.4852579205867125,459.3106546304422,13.767660389509993,52.04717893229977
1.6623023968685526,457.23281848899194,13.446936361436748,52.23621613969071
-0.07086390748586524,465.42579165114284,12.960231007472542,52.65068115674936
2.130369336301418,456.49268356804345,12.497144636323386,52.78968679903376
0.2625617513047116,465.9001459195809,12.320904089790545,52.55607674945861
0.8022173932445282,465.6312722668762,12.212916447640367,52.12250041313864
1.7377532053454505,457.7472014566889,12.268222965009981,51.5164278301557
1.6633520805534179,464.7518086458175,12.417025214594046,50.88786785816133
-0.671055177946414,468.3605648905979,12.336882473726027,50.31889552961535
1.4485736817027082,462.59684931509867,11.858781255241112,50.56285717817387
1.9805116376608423,464.5968730074792,11.72948959346767,50.301146793984095
2.4030964412767677,462.97953994744375,11.812767172216322,49.822024170133005
2.3870820982943206,462.3034180423904,11.844795858181216,49.327601511439724
2.4208109600785637,462.81670433929514,11.77733813461273,49.2180488426156
1.7067917244979505,464.8813025561307,11.376980497223341,49.659842680321006
1.9822959276107168,463.01173173266284,11.738692375182104,48.83538290633533
2.394334214455867,462.3112098247212,11.822715831969212,48.42022666126385
0.016810067282031937,470.08327699641865,12.058348189776876,47.33822331479699
2.532799822265166,466.4906321168187,12.385427989088955,46.48492411007936
1.368038280864078,460.55381840006265,12.052871294756171,46.82287250933991
9.048019758678922,476.95089997336805,13.523756532428116,45.032903403021656
4.94804993413514,476.3522390958956,14.618501752162583,43.56577724695924
29.122349147645174,471.95999428308835,15.969099134870003,42.58792483852002
32.78841179002057,471.3859849702718,16.71917524644299,41.939898709414535
33.855291658648056,471.63641616971955,17.291914903122752,41.439036310518986
32.86928158509319,471.66019511445285,17.453650021139566,41.391478421052355
32.382545318475124,471.24615909962006,17.519798898469514,41.31222679481175
31.891670112088,471.65217368722244,17.59419926462172,41.40754766622902
31.860185198058133,471.6868082420621,17.657169092681453,41.338278556549696
31.669293140719653,471.8694223265124,18.038953207358418,40.973050387649145
31.523936102902415,472.0038437890699,18.329667282992894,40.704207462534086
30.923682828782596,471.7035049277313,18.617352480349954,40.39206383432867
12.732150779733933,472.4272731207935,19.38061060682831,39.857855806450935
3.495505925540563,473.35177824798654,19.4769083620948,39.846544747376825
2.003225712297903,472.20325709099,18.780042971794003,40.30287415297688
1.4170710798031134,472.9481114800825,18.122600925212755,40.642916686362696
3.336262354375892,472.7973772382544,18.825686162890854,40.03609161265419
2.7175037938122006,472.47032020291647,18.239627867301966,40.690205683330035
3.071865181692038,472.85385635661385,18.44194173539492,40.83417001978793
3.5521852127489737,471.63029265606065,18.397981107395545,41.447938552665434
3.8232033523081377,471.58937279308805,18.780759152335072,41.52977827861057
3.870521223280221,471.7697204390553,18.686123410390906,42.101810782659136
3.0449612688981382,471.9325737424639,18.45850927617682,42.715471197331084
3.5145738359992116,470.82978550882655,18.463530100752493,43.032555747050225
3.7956058172887364,471.33263897196207,18.850389165660804,42.975771848266454
3.705751888736648,471.2085875676973,19.03009702276498,43.223874656796085
4.1003961963410624,471.1034417104816,19.20249909216497,43.434166371227434
3.5232954440210023,471.40976629575835,19.388925640937984,43.789292156540995
10.43946034044703,473.79318047197444,21.17588487569503,42.927286061011166
2.5239705565268586,465.4832153199464,20.094179477635503,44.62425904221443
2.066228361117089,466.31916161258937,19.008227200854684,46.95523979212926
2.376797930069392,463.9785413357023,18.387088062950077,48.59082241792834
2.6465130091187365,464.1861661316322,17.84765790485139,50.230790273243905
2.757637736998239,463.20181673248106,17.625408449092383,51.15815136220452
3.192242422985835,463.41056413339857,17.80673170182923,51.79118918508149
2.7872128405185794,461.51426947272665,17.553928844492624,52.39519243961199
3.7972497779402232,461.4153025582172,17.66755950691142,53.65997853726182
3.5981252306926397,461.19709058211856,18.065808601406587,54.096402489459095
3.556711121697452,459.59957816521927,18.148636819396962,55.09056821763141
3.5657093502242496,458.607061040265,18.130640362343367,55.95951195718486
