292.5,211.5,51,34
296.22693218139943,211.3419190232242,51.869246268357585,33.316161953551585
300.0054778265193,211.55859480131147,52.3133016412947,32.88281039737708
304.7138840817346,211.67014086094338,52.22692314710904,32.65971827811322
309.051470232066,212.08528327044493,52.84697394710671,31.829433459110152
313.6791348988614,212.1817704113036,52.85388821244048,31.63645917739281
317.8304117596493,212.09960934024065,52.47149319738373,31.80078131951872
322.2987939453597,212.19473824994836,52.754456020352805,31.610523500103273
327.6949665785654,211.9772539553849,52.50698760048191,32.045492089230194
332.2350332951637,211.95863870547186,52.67911722146684,32.0827225890563
328.19843315930586,211.52872715448916,52.802655690406965,32.94254569102168
295.2150582155667,212.1873995498093,54.39024372533636,32.966433438976196
252.954253775864,211.97192218525856,54.26239471660766,33.39738816807768
235.96185479147553,212.33654665806532,53.98074536360452,32.66813922246416
242.2701900150393,212.24862296707124,54.90598329039314,32.843986604452326
248.50919861643783,212.464008792374,54.76630824726857,32.41321495384681
253.63512803389375,212.2429985447824,54.045487359382065,32.85523544902999
258.5310330909642,212.04768202228024,53.76181737748222,33.24586849403434
262.4283405775637,212.00739516749164,54.1310646966618,33.32644220361152
267.5317888623547,211.78350594341336,53.49671453880063,33.77422065176809
272.6940521585739,212.03225567228452,54.09653512497091,33.27672119402574
278.6394138334193,212.4539900135596,53.13505982243082,33.799408517369436
283.51127099716405,212.47458769449958,52.91522858486721,33.758213155489514
288.4215889809642,212.51146511325356,52.590620965760856,33.684458317981495
292.6982820017889,212.6277579452186,53.49061176947308,33.451872654051414
297.8446154452806,212.74906920615558,54.07835205623606,33.20925013217747
303.05798952383157,212.82744675344816,54.56961000079548,33.052495037592315
308.4340414079599,213.0583645702972,54.772984599988334,32.590659403894286
314.01820103557435,212.92166743106134,54.52205123353578,32.864053682365984
319.2305589351663,212.7691907556782,53.656197809358474,33.169007033132246
325.0270258902045,213.4281613491045,52.925477462514834,33.20884254168372
330.8131161255061,213.20741554619576,52.13355577092603,33.65033414750124
335.87585713580876,213.31200394340465,52.75259427571494,33.441157353083454
341.3670062011578,213.28471634638683,52.56099987471826,33.49573254711909
346.89050647661094,213.26688894293702,52.28907091158498,33.531387354018705
351.6250583860435,213.33087310219892,52.22382641244386,33.40341903549489
356.84308584840517,214.19566773215823,52.510114377060475,33.01412263674375
362.11548657301654,214.20808185588606,52.669802485420206,32.989294389288105
367.3971087240684,214.3830767107535,52.826811494441316,32.639304679553206
347.56663421627627,214.8088622379333,53.72915782026661,33.124237166219764
305.88474267533894,215.28401888040057,54.24802750874978,33.5320372156031
265.7973190086557,215.37708467929397,54.80595160842067,33.3459056178163
266.45914972023917,215.43218468699177,54.86018593561157,33.235705602420694
273.094241481228,215.4227191160048,53.98163704561266,33.254636744394624
278.1251595996454,216.092366164289,53.46829737265446,33.2794135855229
282.5172209466178,216.16958205947435,54.181949590900814,33.12498179515215
287.9282215844337,216.9216071999603,54.278976101769544,32.98580998749284
292.754576779878,216.69995169238234,54.1741436326642,33.429121002648735
298.2731569194187,216.7981221574517,54.09597896621991,33.232780072510025
303.78109372306386,216.8167403220122,54.00337875245541,33.195543743389024
309.71786396777526,217.4002293349489,53.037055815636684,33.3919679115911
315.46561717762984,217.07070436676804,52.359697445653,34.051017847952814
320.7839718413448,216.79740652572707,51.194973880904854,34.59761353003479
326.0188936737809,216.83287597543975,51.48296079932656,34.526674630609435
332.19657257097174,216.77631904773347,51.258577094425036,34.63978848602197
338.05735427925316,216.4146868338749,50.308102248533224,35.36305291373911
343.52739902634755,216.55807683307336,50.12009384572313,35.07627291534217
348.6929929245222,216.54274738314945,50.48039150391712,35.10693181519005
353.668125854854,216.48198374832296,49.92682046565113,35.22845908484301
358.4062009157071,216.58343119237534,51.13886657625059,35.025564196738216
364.4396570603823,216.7006367727091,51.23073353766396,34.791153036070725
369.80167404731066,216.64497140651144,51.294512661860274,34.90248376846602
360.5000088216207,216.47915482222388,52.331167499847496,35.23411693704116
322.66395585835835,216.54713298395325,53.8940031181061,35.09816061358241
273.86779185773275,213.61538327288486,58.11413530237931,33.99358572101934
240.3201451663569,215.12318696385356,56.18411215612387,33.85403319445727
245.998445371917,214.99703111374643,54.676369749083705,34.106344894671494
251.78363415196702,215.1515699498736,54.215909672860136,33.79726722241716
257.45963730586095,214.85807518641383,52.500648255322915,34.38425674933669
262.95301217858093,215.06739454884826,52.40037829746561,33.965618024467844
267.9590762938555,215.0298350958353,51.85453492130124,34.04073693049376
273.54366340316767,214.91106076858912,51.44847552198108,34.278285584986136
278.91253218691025,214.92480359118082,51.456665673537444,34.250799939802725
283.4921280241165,215.12478070680285,51.69782477067601,33.85084570855869
288.4589214384216,215.32646612610856,52.4832297951156,33.447474869947236
293.9322391178182,215.28646423227744,52.29589739892276,33.52747865760947
299.35049471124887,215.1763925553504,52.20694945071624,33.74762201146356
305.17698483566477,215.11322857143648,51.32028120832442,33.87394997929138
312.1111929044619,214.83091290193346,50.79776514442325,34.43858131829747
317.69932507761615,214.77479826760046,50.31037851932502,34.55081058696344
323.4594238734983,214.7499310488098,50.76578764834814,34.6005450245448
329.06139692207046,214.66537528266355,50.26834025768494,34.76965655683728
333.7444666474961,214.6622207941661,50.237463611879875,34.775965533832135
311.79791680053086,214.63926275818008,51.46665188476208,34.82188160580421
269.8230181994688,213.91347890878825,52.911542039976815,34.92090984480247
233.75396046516943,207.44170649661692,53.502069489378776,35.481218281207276
184.81467859496033,216.19189078558762,57.97533645452991,34.71015658838831
146.2377626426777,215.7535341848399,56.93324348364868,34.13879710700509
151.10283790319693,214.92383203546964,55.74067463880199,34.37527112638031
157.44633327996675,215.1129049136291,54.32682033704157,33.99712537006139
163.19930878876403,215.34183162624825,53.87435975190516,33.539271944823085
167.8775456415729,215.42568470269492,54.08862750259452,33.37156579192977
173.34328265626473,215.48408198812587,54.0982066751422,33.25477122106788
178.8028409079253,215.5721952194264,54.105586427157974,33.07854475846683
184.92271944901069,215.54417239117157,54.132460526503266,33.13459041497645
190.73334348469606,216.19450738126963,54.789933060964096,33.198222724317205
196.67248684000933,216.11174475668838,53.91301155862084,33.363747973479676
202.2164944010386,216.62149684357792,53.74403396305236,33.709123490511914
207.60420002516773,217.4864343490777,53.91382343193111,33.34739856915445
213.91570179270067,217.4771176463192,53.57237526014531,33.36603197467153
219.56965630073543,218.12107633843343,53.14312621143374,33.4379470863628
224.44194332914023,218.5004209964264,54.23554785823991,32.67925777037683
222.66284935018345,219.0456036439972,55.07739164361044,32.94706456150672
188.51023043460117,218.93412491064063,55.997049693570474,33.170022028219876
134.78899205004615,223.4078744954947,58.99041415755228,33.97110667365703
115.07191377767303,222.91581222436784,57.80650282227478,33.50458593448132
120.8032496520502,222.93444697959987,56.32009887400619,33.467316424017284
125.85016665069668,222.16706274688448,54.64113574460178,33.59960641146662
131.6323707159131,222.26152184614688,54.1143732900116,33.41068821294181
136.44248111694623,222.39169084865262,54.07486336237675,33.15035020793036
141.88778264795945,222.1542603494949,54.09392846377145,33.625211206245766
147.5821293623142,222.2602096836,53.6809909969008,33.41331253803555
153.13761680987608,223.0621861645972,53.46799835345944,33.1716073575015
158.62829172175887,223.28376826127834,54.68175032813923,32.728443164139186
164.83150150779045,223.97339669611355,54.56610644423017,32.714828037596966
170.35745131191666,224.06292184616882,54.42373886905778,32.53577773748644
176.13868317185364,224.8510340660018,55.08825138185292,32.318106212561496
183.3883345162003,224.65161828768018,54.236461615641446,32.716937769204705
188.60521800008857,224.536982315954,53.314439683471605,32.94620971265711
194.2258479621964,224.5389060772339,52.86465826831466,32.94236219009727
200.33278080256682,225.12098325798343,52.73019224993915,33.120363346638825
205.70141706615925,225.2136840773872,52.737966975103646,32.93496170783132
211.9314324721267,225.22202360514845,52.339187731962966,32.918282652308804
217.03915921963682,226.02545431502472,52.79493754691811,32.64532164630315
222.612403926516,226.07542403214856,52.33747961677494,32.545382212055486
228.45373820043616,226.75221365999076,52.603412887081944,32.51942538060968
234.11711228976878,226.70262069539433,53.257072510684566,32.618611309802546
239.63919653859318,226.8092924478368,52.953493046470506,32.40526780491754
245.2998527875728,226.68066247117451,52.307857894620575,32.662527758242156
231.483146980431,227.13951266266014,53.3583652874713,33.07397258634257
189.02251390178986,226.98924526799632,54.47201568633423,33.37450737567018
163.02416537899816,227.16152744725693,54.27953221589964,33.02994301714899
166.0996639492194,226.97519724601554,53.5874700043733,33.40260341963178
170.81839116042937,226.80887300489803,53.6747157134783,33.73525190186675
175.9014526029596,226.71993085699074,53.08145625253174,33.913136197681325
180.1172854536094,227.16366430566234,54.18136966817677,33.02566930033819
185.50711290812507,227.26074599828644,54.307306854055994,32.831505915089934
191.03845408007126,227.28813433325092,54.139072313681325,32.77672924516099
196.34011608143854,227.25352589449062,54.40277126571267,32.84594612268159
201.39559674904916,227.0660845868685,53.8361052576863,33.220828737925814
207.4237467346311,227.04256522801353,52.67045880389034,33.267867455635795
212.9452535677148,226.953417744726,52.385114031829445,33.44616242221083
218.39356831703748,226.73901198439108,52.235862101772156,33.874973942880686
223.99122201149692,226.42345407412654,51.827334555526775,34.50608976340973
229.54074663004508,226.29682413087053,51.55007133223295,34.75934964992179
234.02225526545303,226.72510780882112,52.056360842440014,33.90278229402058
238.68611226804848,226.8054545375149,52.15148149049938,33.74208883663306
243.26744447027167,226.1501038190367,52.402873487206804,33.70792507342459
247.86129881611387,226.19985694274726,52.651600557555035,33.608418826003486
252.98030154712973,225.1493797409115,51.864466031758866,34.35924881021277
258.33216248232577,225.30338816200057,51.96746212755884,34.05123196803464
264.23067692746747,225.01418463649145,50.94850778570967,34.62963901905289
269.0136080300837,225.17779089044143,50.773479461467055,34.30242651115296
274.31196411765507,225.32645243585375,50.84465511413497,34.00510342032828
279.8122196890046,224.7280044361548,50.48111672124318,33.87237782600026
284.2951625699379,224.2368670523937,50.76887027951088,33.53270411921757
288.97122516989504,224.2138010043148,50.66114433433835,33.57883621537535
293.6457108668034,224.3758979132768,50.55061475282777,33.25464239745138
298.1004576551909,224.28962687986623,50.83017703053113,33.427184464272486
303.3540379229904,223.55330235036632,50.88135891627606,33.580040720604316
307.97350040674263,223.37177752562968,50.90417530644049,33.9430903700776
312.1553304566244,222.63001318506272,50.517433364226804,34.09713269161982
288.867665840044,222.51086967425735,52.00110124354179,34.33541971323056
246.34531689175395,222.5056483590926,53.19104208247542,34.345862343560114
231.49872190094322,222.67229612357409,52.73269617934319,34.012566814597136
241.48813468329777,221.94078746451208,51.767148352105615,34.117492865758834
246.25273001603787,222.15038942215233,51.655443880779146,33.69828895047835
249.0544393769196,222.4452185235151,52.73550385190862,33.108630747752784
253.86356312803238,222.17801708132538,52.51835215122067,33.643033632132216
258.1020361848482,222.0591458693298,52.13365333856082,33.880776056123395
262.9159007268296,221.95307411081055,51.93430528626136,34.09291957316192
267.6569902300544,222.06856681303805,51.88431805648097,33.861934168706924
271.32987657970665,221.5765632806649,52.59568913392312,33.503083937328746
275.7990249129642,221.0865408420702,53.09007520787216,33.135602708737544
280.3296001483901,221.35915992973062,53.4702707604404,32.59036453341672
284.5865376683974,221.3588214480786,53.02805462894028,32.591041496720756
289.27806380064897,220.65532130292337,53.01586682566136,32.65934686399916
293.9780015408068,220.5707240723932,52.99361839777025,32.828541325059525
298.88930562503174,220.54853586388944,52.566205710612735,32.872917742067045
303.3354236032209,220.6404025969801,53.02969863926874,32.68918427588573
308.3120766728796,220.51501424527808,52.45897325631478,32.93996097928978
313.3805985860215,220.4365722916669,51.67430827166203,33.09684488651216
318.32929574950305,220.21280414163783,51.06549655603922,33.54438118657025
322.42598108171467,219.3191940198657,50.82379067158897,34.006323966785665
326.9872239735242,219.22066406562863,51.00660117174005,34.2033838752598
329.4560885875578,219.09736450512293,51.410275337140234,34.449982996271196
303.18403079685527,219.15764224210295,52.82467075681655,34.32942752231118
278.85824189733864,221.25703213009197,52.344983304545714,35.58967721870022
220.29764497040892,218.2397645751785,55.050774268021435,34.731718178504046
211.72101898990482,218.64278098189942,53.94141555356605,33.92568536506218
216.69427340450116,218.66570680914285,53.61801107684748,33.879833710575326
219.74949466346402,218.78906236970738,52.984071507191814,33.63312258944629
225.66856411218095,218.91163443634062,53.34555363147601,33.38797845617978
230.8294710217399,218.81151328061463,52.52142630534386,33.58822076763175
233.57619451233947,218.79727828973748,52.41933063763754,33.616690749386045
238.82532960189872,219.07445051432288,52.69533810318637,33.06234630021529
244.2053233969083,219.03418887429146,52.668452288623634,33.14286958027809
247.20236289304046,219.0146595591986,53.38729885047438,33.181928210463795
251.64288703636845,218.9907675909946,53.98410849141761,33.22971214687178
256.6598438466585,218.9727565566165,53.49601779164025,33.26573421562802
260.975548399743,218.8624487148505,54.36367443316373,33.48634989916
265.61523212956587,217.98659001332382,53.32628866534024,33.86440368690966
269.4600495457021,218.1515520630246,53.82367542411721,33.53447958750806
271.90953995842017,218.4282141724226,55.75675186649595,32.98115536871208
277.30986209287295,218.32111563211961,54.65735486842691,33.195352449318094
282.48640389909895,218.00641151375055,53.91630318437042,33.824760686056194
286.947800487988,217.96768594820392,53.22948602995104,33.90221181714946
291.1001763475379,217.96061776519235,53.106858760330255,33.91634818317258
294.9096379458297,218.34179961909697,53.66046457083735,33.153984475363366
300.2296678062893,218.13433758473232,52.52352130627554,33.56890854409266
304.77622150719947,218.40089290851674,52.86323855550401,33.03579789652384
309.5133380999459,218.37811176127923,52.794915395670074,33.08136019099886
313.1334404637909,218.37591619071273,52.27193314714177,33.08575133213184
317.99176893987214,218.29099645728581,51.90517093069133,33.255590798985665
308.4916081147781,218.61952975868627,52.24278548430357,33.93157470308303
270.15569660762515,218.59096589551325,53.34846367880482,33.988702429429026
223.65395450548135,218.59056617869265,53.401750706452546,33.989501863070245
224.371682815967,219.001790827183,53.33401965758735,33.167052566089566
229.26870675365709,219.0350900785686,53.010513529831144,33.100454063318374
234.75912888262135,219.20226346863572,52.805555439691204,32.76610728318412
239.2049980170493,218.96622609402658,51.943709325951374,33.23818203240237
244.00945599521316,219.082282206517,51.66815012797869,33.006069807421554
248.87693288531915,219.05721915297607,51.21051267651444,33.05619591450342
253.5551510680686,218.9916983827654,51.08926881144862,33.187237454924755
257.73764454138114,218.81836445319163,50.64237452644318,33.533905314072314
262.1521050629473,219.38219849605545,51.04468958388603,33.72498524271253
266.6219434144365,219.54558481428614,51.400812314518234,33.39821260625115
271.2558420052183,220.18597314658655,51.42812594059353,33.4453089141702
275.8663831180166,220.21211936981643,51.51051999001686,33.39301646771042
280.3566804088079,220.96048136751193,51.835945125030506,33.225723860404656
284.2869203676897,221.01178877618867,51.964553308875836,33.12310904305119
288.45937890065034,221.20265855555476,52.941710771334826,32.741369484318966
293.0970203836667,221.2863197979304,53.04595408143694,32.57404699956772
297.90905655660583,221.26055233107695,52.792615282065924,32.62558193327457
302.74581088824846,221.2515256559674,52.46944597037151,32.64363528349369
307.8509791408082,221.91727378663668,52.90904266207403,32.643380671757896
313.1149660563634,221.5086665693813,51.74566195612825,33.460595106268684
318.2890357334561,221.2173247519913,50.736111864235724,34.04327874104865
322.25537086838324,221.66520426142486,50.7751779913073,34.47614245500252
326.692192321922,221.79832103459262,51.25628038776662,34.209908908666996
331.59315684861474,221.70979638714493,50.828854571745126,34.38695820356237
336.07164289315995,221.80189068927453,51.22193568341899,34.202769599303174
340.5184969440098,222.0515132226348,51.698285097548165,33.70352453258261
344.97791363846704,222.24777977661253,52.14143187284476,33.310991424627176
350.0417805745542,221.96054446403497,51.37629732483883,33.88546204978227
350.0389717831735,222.4577055415059,51.381914907600176,34.22676286473637
318.4713315304809,222.2805498991982,52.81353576394346,34.58107414935178
297.6150292109698,222.56069114391354,52.09380550481865,34.020791659921066
305.3645620537018,222.6608588023637,52.77851771412428,33.82045634302077
311.0783321393298,222.84630542473667,52.1955291653337,33.449563098274865
315.11995896355063,222.8528218745178,52.1561172656181,33.43653019871262
318.93682797366034,223.0003453071449,52.561372817658764,33.14148333345838
323.94071555259325,222.91543226497456,51.94032448014612,33.31130941779905
328.8492330775216,222.81301857474233,51.4648455761795,33.51613679826351
332.8099075636011,222.97888626667344,51.5282955389974,33.18440141440129
336.6481451368115,223.03283612884297,51.80911528250301,33.0765016900622
340.7491595895401,222.88783255109814,51.57879917854462,33.36650884555187
345.46143917207866,222.7196361629411,51.46432906513499,33.70290162186597
349.4020194014036,222.75443221853095,51.586597158189605,33.633309510686274
353.96426774755884,222.72359607453686,51.80415829091498,33.69498179867446
358.5868050310095,222.72954046399252,51.9311837111288,33.68309301976311
362.7084067400678,222.72130701275006,51.731448633236965,33.69955992224806
367.4798345281465,222.45099610388667,51.553593050894335,34.240181739974865
371.75166255888354,222.72744864943905,52.41925110914263,33.687276648870096
376.6940969306303,222.83310422725205,51.970121447510955,33.47596549324409
380.52019991254997,222.99564068826322,52.34414367123346,33.15089257122171
385.4280438639114,222.95173923077817,51.89354401815352,33.23869548619181
389.16370360177604,222.87134358209838,52.41778883048387,33.3994867835514
393.9351137744196,222.9049032109414,52.27688437332078,33.332367525865365
397.86035456200176,222.8945696167834,52.46579881898842,33.3530347141814
402.608042725182,222.92725024944704,52.37192923610095,33.28767344885407
406.7439102383716,222.8185420485309,52.143639879154534,33.50508985068635
411.6047738157389,222.7255939814566,51.807448111479545,33.690985984834974
416.13570029857874,222.31079887316838,50.778719954947604,34.520576201411444
420.9479404946686,222.1621764370303,50.51451389663711,34.81782107368757
425.87739712180445,221.90998946291364,50.02244361776694,35.322195021920905
428.2702095279319,222.07764501133897,50.59288448730685,34.98688392507025
433.26399070762693,221.99853021544888,50.00001602448472,35.14511351685044
438.0962042378545,221.93312409656284,49.685886041977454,35.27592575462249
443.5162168926437,222.02858151986172,49.511153348468746,35.08501090802476
446.8981212892461,222.40255271352734,52.03894535115955,34.33706852069347
450.30976646054285,222.51611134893506,51.981114848412005,34.10995124987804
454.63851722632677,222.5984270092422,52.76270969209757,33.9453199292638
455.14681675411106,222.48405224189005,53.10352873085621,34.17406946396808
423.8881009606763,222.3069966098933,54.135451972798265,34.52818072796158
438.39895177631115,206.36492473463395,54.255786499971855,34.49485630494719
427.5568653824207,202.86026090098136,55.10556402472377,34.559385551242734
424.40842081907226,204.950184882226,55.79146093005678,34.58778175477629
423.60040589023475,200.51261981004774,55.994021967705216,34.982098978973255
423.22981940910216,200.4905842709916,55.3120851904677,36.44927979658822
423.27801054924976,200.83444733956193,55.21570291017246,37.19896136975484
421.8780940725104,201.34654688478113,55.11869937224871,37.623180525017695
374.4098601245475,218.54217105557493,59.90775549873284,36.6737139688682
334.9991244394061,218.7156391260566,57.19325411912847,36.32677782790484
338.9829395399174,218.84118084340204,55.079874989579125,36.07569439321396
344.8527498212623,219.03477135056144,53.33415618658161,35.68851337889513
350.06224968622433,219.21747382063768,52.680364409483985,35.32310843874266
355.2755173065486,219.41652840279068,51.90771080646131,34.924999274436715
360.1907105742471,219.6305457021707,51.60355577153574,34.4969646756766
365.1332105251571,219.51585379602318,51.16300232616514,34.726348487971705
369.52441307921924,219.46264167409592,50.45888961393443,34.83277273182622
373.4263616628544,219.5317596778081,50.680162971071105,34.6945367244018
377.9005736527643,219.70964310834643,51.10178808849692,34.33876986332517
383.2915545317204,219.68466631000356,51.032073436143236,34.38872346001091
387.63381611272484,219.87449137951205,51.719225531765744,34.009073320993934
391.81976624716975,219.67343412819454,51.40430873157381,34.411187823628964
395.9090154096088,219.68499577848553,51.29451969777001,34.38806452304698
379.2314525659045,219.75911956069444,52.42366332494648,34.23981695862915
337.6549811948037,219.89640676234353,54.14173278292344,33.965242555330974
296.202564560577,219.9566168507137,54.34339940190631,33.84482237859064
259.28453862758397,219.72929514506473,53.692950287227134,34.29946578988858
249.530039294744,219.7431552678464,52.54293444112427,34.27174554432527
260.0292507394159,219.8880551938451,51.93805518894807,33.981945692327834
265.2748366197636,219.8601347684126,50.86652885240542,34.03778654319282
268.0464836446979,220.07611296386685,50.645208783504586,33.60583015228436
271.66094157968047,220.00116065809027,50.01622718167887,33.755734763837474
276.1121938055004,220.13433230411323,50.30483293488058,33.48939147179158
280.43521300298795,220.3699903037808,50.849337241525305,33.0180754724564
284.2504811966045,220.39939339042138,51.098376212587695,32.959269299175254
289.1454126462378,220.18706827374075,50.52061529179878,33.38391953253651
294.2019020432601,220.03048998898257,49.6086004758089,33.697076102052925
297.91139644373,220.22188494681524,50.0250367543269,33.31428618638754
303.1923149448056,220.3540266764972,49.909741036058804,33.05000272702363
307.3442816631691,220.3175461632007,49.403949601330126,33.12296375361667
311.9371596375508,220.14931959536636,49.27128163231475,33.4594168892853
316.4120430330006,220.1720265539369,49.399696641609495,33.41400297214427
321.2678543572441,219.94537489202773,48.77452357359223,33.867306295962585
325.6522731056601,219.78071929053627,49.078680035961675,34.19661749894548
330.8073186453371,219.7927716371426,49.21799822763701,34.172512805732815
335.20108532026296,219.86557047128036,49.58563818727289,34.02691513745731
339.24042781225626,219.75649709578283,49.37308251177947,34.24506188845238
343.3421805609467,219.9571458909769,50.349534145416456,33.843764298064215
347.84895563924005,220.08542345476758,50.572438306082766,33.58720917048286
351.0662211594475,220.64223580351512,50.73082481804602,33.79216798346339
356.7831501890647,220.54692187226024,49.89194033360509,33.98279584597316
361.06943586369647,220.15081508452826,49.20881939045916,34.775009421437105
365.165577440722,220.44574353444307,50.24035051993137,34.185152521607534
348.665546280523,220.43892354630066,51.47613529146233,34.198792497892356
302.96022805167786,223.8636182136384,54.29264035271271,34.06107978415923
265.60905295511986,223.8163938239023,52.97137245381758,34.15552856363145
267.6593069363279,223.8956737427666,51.59897410570578,33.99696872590282
272.24035842753653,224.17303468955302,51.82263423229592,33.44224683233002
276.68910192190435,223.9241313015038,50.93473679304342,33.94005360842843
279.29899166329733,224.08878997838798,51.034538939926954,33.61073625466011
284.98454787194123,224.09980186214386,50.27076590562686,33.58871248714834
289.9601619759975,224.05806910893946,49.51804809264661,33.6721779935571
294.52276404169083,224.58092189913896,49.52173481804489,33.93059967841312
299.1635735203055,224.65356805451154,49.39936026878883,33.78530736766791
303.0359421181481,224.61168301345262,49.47989921217405,33.869077449785756
307.152126503586,224.54103075894986,49.08841489556298,34.01038195879129
311.7249243240117,225.15179483821805,49.06553972707973,34.092099582021795
316.39126082385354,225.0486431625784,48.86262358422623,34.29840293330109
321.1233469849685,224.96038504013478,48.530593821901675,34.47491917818834
324.98205676494524,224.84203591391315,48.62805280136091,34.71161743063156
329.5492999066452,225.46406280155412,48.6485395088081,34.77541693975636
332.73739821760614,225.33198855023684,48.81841175223731,35.03956544239095
336.79878276496197,225.73562157996736,48.59244531957633,35.54843315993833
341.28003305264343,225.83789426693716,48.87741079601285,35.34388778599872
345.127968424916,225.86324704171204,49.113730982111136,35.29318223644893
348.8807699244605,225.89027334505033,49.55681180614867,35.2391296297724
353.548834104334,225.9800787697214,49.534895665131494,35.05951878043028
348.47522055741774,226.09863470834793,50.39094819416914,34.822406903177196
308.8760400460019,225.223849998663,50.74573954678915,35.23564463322138
256.33694524771886,228.4674050322019,51.987987714788645,35.49112816540121
256.37936218674116,228.79206143297648,51.903153836744124,34.84181536385207
261.464790157045,229.08385620985058,51.248383274009875,34.25822581010388
264.8813680724166,229.22422270306234,51.114721121129136,33.97749282368033
268.26893972633763,229.45833625238478,51.005695421982836,33.50926572503543
271.6356286891819,229.41483403637454,50.89129184799374,33.59627015705591
276.3944464667169,229.4998812242217,50.638332649176576,33.4261757813616
280.1949775862222,229.59993586280237,50.93863977533263,33.226066504200254
284.99412422728665,230.27722936021416,50.566837593374075,33.18954966654387
289.7588974466869,230.29797577051585,50.220464483927216,33.148056845940516
292.05827143507275,230.49577606998264,50.84567579848993,32.75245624700692
297.10544433063063,231.15630223686892,51.221528312223036,32.74017870134049
300.99235434080487,231.9013799710155,51.332903729404826,32.56422247263575
305.30889792162344,231.6493864816169,50.57735640424358,33.068209451432956
309.4957096206046,232.32764645549497,50.06384313224791,33.02170785800459
314.18500048051874,232.2307182761584,49.79600339736251,33.21556421667773
318.54413115322825,231.75994141143315,48.882141932834934,34.15711794612823
323.1478242587392,232.21548244769434,48.79263874865978,34.5485905917268
325.1497745022682,232.0239509317085,48.711715955992055,34.93165362369851
329.6869137752489,232.60400465594904,48.82663032442146,35.08428802013037
334.44314943819234,232.5248979370365,48.533116787437095,35.24250145795542
339.22966247108525,232.57439387916554,48.16609833545321,35.143509573697344
343.3762847089889,232.52057351253922,47.720548091523945,35.25115030695002
347.2333014333286,232.38809110966824,47.8241954092128,35.51611511269198
351.773737952666,233.03988051312365,47.9053617396568,35.52139907279811
353.62566248995614,233.0068335040166,48.132063403923645,35.58749309101215
358.6912208218248,233.8205986635727,48.51864947472282,35.274675613717044
363.18036753725295,233.9912902646166,48.74852592372986,34.93329241162922
364.6878729735501,235.36057666032275,49.67349452671128,34.82137260393403
369.5629885375099,235.32235918632887,49.20161510352781,34.8978075519218
373.27164937495417,235.4869549509106,49.70190931347327,34.56861602275834
377.2834806642205,235.47403762510191,49.60865304408145,34.59445067437572
380.5049232040311,236.20725111942872,49.769530913463214,34.448776275522675
384.9009743323581,236.29989643899066,50.22285173763926,34.2634856363988
388.92157962873233,237.1908066046123,50.12891564172015,33.806211054627035
378.7543685887119,236.9871995588247,50.73009274571318,34.21342514620226
388.288707339225,224.2458603927944,50.300402571031796,34.400334963937645
354.5583555664308,257.36484802733844,50.03405702293219,34.56142743375946
382.9193215003325,269.7058192303493,51.6838389879579,33.7588225048042
373.28416481043143,263.42202977061226,52.220322413682275,34.28322502522823
385.49708359359124,277.5741870973492,52.18303037319636,34.432213485227116
380.97296140736404,279.5668662589835,51.73339748086936,34.51737398972196
394.7630068433375,277.50921195652086,51.183274318372035,34.578187438229904
391.7129775392485,275.09187602911766,51.906411211688294,34.03593757817454
394.9278038086639,273.91119953572445,52.20719948462149,33.70511424025542
365.40172255030456,275.4146907327936,52.07569987902272,34.73338153627515
380.09499041256436,279.1346456918106,51.254099877969,35.45488182494574
379.33119111637416,282.00446009160436,50.06206428014588,36.514338500866806
378.41874123711455,278.1630515582086,49.168507422556544,37.40101402738667
379.90688779371595,281.282123633114,48.912508605991874,37.96360561917122
379.81986658343965,279.16257141371057,49.086551026544484,38.1064837027066
379.7385586370787,281.0831147112223,49.249166919266344,38.37657941413628
378.8257743509749,280.2895266917901,49.697460685855845,38.58648064738248
376.20029765867116,276.3047195849478,50.78578550392063,38.23083772798165
386.62395525618996,279.0044577932004,50.91366783525157,38.424747318508174
382.86006207784254,280.4743430194686,51.42413809940021,38.291903302990114
383.3636139890746,279.7733363426555,51.8260963086949,38.284854624857545
393.0360622223012,274.1334701213416,52.292022329275454,38.24411707489466
380.0947399255092,278.40815255412105,52.58823019789475,38.22356445099067
376.78224646010545,274.1495230824109,53.51070861682316,38.18706062659244
371.3075942504962,277.1410717948406,54.38694512521624,37.960002007919044
380.25787197682587,275.73646760706714,55.317137975842314,37.872172182960554
374.06889016749096,277.11571156794474,56.006257290941306,38.0358953370981
376.80650392449905,273.93329449943997,56.42784411552772,38.50391513550501
369.47340614644213,276.47641046303517,56.210923355919874,39.37092973460339
360.6698073469696,277.7448300248047,55.82563019665795,39.8328390707654
316.9820608509655,291.20870345125417,56.133842015875324,39.92597258183609
258.44355841727975,241.45705669903958,60.15883937295044,38.43613937706712
236.64462380747767,237.46903118111834,57.459904274009176,37.152829549200526
238.67180639692498,237.85052959843767,54.886898676318424,36.38983271456186
239.59341015556973,238.16387398724314,53.04369115902894,35.76314393695095
240.20433027118057,238.47323391003962,51.82185092780723,35.144424091357976
240.74889833403537,238.63320112561263,50.73271480209763,34.82448966021194
241.0026501174426,238.8302228070995,50.22521123528317,34.43044629723825
241.05160080655244,238.94454752475912,50.12730985706351,34.20179686191897
240.5524213446566,239.1203313901263,49.8035849342104,33.8502291311846
240.5480513682713,239.26382422818662,49.81232488698099,33.56324345506399
240.29539627712467,239.4402676301972,50.31763506927426,33.21035665104278
239.67664814034055,239.6786168296705,51.55513134284249,32.73365825209625
237.98075384987033,239.67917673353438,52.30875319209437,32.73253844436847
237.35687156552171,239.6777941157733,52.22618521950588,32.73530367989058
237.6529545803563,239.64089964867068,51.63401918983671,32.80909261409586
237.06349508199017,238.8948508583194,51.491412337398444,32.979664345628024
237.36012999044192,238.95605993865115,50.89814252049494,32.85724618496451
236.46732695575022,239.1557636635224,51.3724380207222,32.457838735222
236.48486984014102,239.087836483182,51.337352251940615,32.5936930959028
236.38215217422632,238.96897289064506,51.542787583769986,32.83142028097664
234.93698009097514,238.29970939056548,51.79206373494043,32.849413273469864
234.37201439841937,237.76204671556386,51.597429920137884,32.60017342355894
234.0068812450169,237.81357118182956,52.327696226942805,32.49712449102752
234.13448408383059,237.7079166896945,52.07249054931542,32.708433475297596
233.67203490803163,237.13027593752614,51.67099105625,32.537317134971
233.6837661760727,237.1833138286361,51.647528520167825,32.43124135275106
233.1957068048827,236.52832498542892,51.308246033122074,32.42581780973962
233.25863878155565,235.77166878685196,51.18238207977618,32.62889238476613
232.7427346682808,235.79352363236177,50.90243772636795,32.5851826937465
232.77689065537146,235.73967212536135,50.83412575218662,32.69288570774734
232.93782634472637,234.9398682763545,50.5122543734768,32.98488649898821
232.30406113031862,234.92974733704688,50.47213191502152,33.005128377603484
231.58790661557993,235.0329723955645,50.597052787191814,32.798678260568195
231.59650334500373,232.9238508162021,50.57985932834427,33.09946217876412
230.80348579410406,233.04927934799954,50.85531776170342,32.84860511516923
230.7751073558962,233.08031285594427,50.91207463811912,32.78653809927978
230.73547948621817,233.18282356564836,50.991330377475215,32.581516679871584
230.0758682933963,233.21198963882551,51.002452363632415,32.523184533517274
229.47915662064742,233.3502396731988,50.88858408454833,32.24668446477075
229.33430295176385,232.00833106957398,51.178291422315446,32.328577466887396
229.34695640063808,231.98079547483712,51.15298452456697,32.383648656361096
228.43502595850777,231.508803469201,51.669635748461246,32.02042300726699
228.28927783772176,230.81672724730794,51.96113199003326,32.09573467346022
227.53512800148917,230.8753039697155,52.15497578967909,31.978581228645133
227.58023969439486,230.7265005850978,52.06475240386771,32.276187997880506
227.58603190438828,230.7092065086084,52.053167983880854,32.31077615085936
227.92931127751143,229.91225780642847,51.36660923763458,32.585233350810704
227.23892972467405,229.31210161036154,51.43359317167902,32.471766571314255
226.9914445192578,228.7134893081326,51.92856358251154,32.35610945104876
227.27300018436807,228.6411595065958,51.36545225229101,32.50076905412235
226.92473374673006,228.19011335135056,50.749636927376685,32.09051316442252
226.92195390506694,227.47238748941203,50.755196610702924,32.22969528025967
226.6185564019596,226.53595945775862,50.063309431487475,32.80386915813639
226.0219090818673,225.8894688336989,49.95870473848337,32.79895107306706
226.07954216146192,226.02152472251962,49.843438579294144,32.53483929542566
226.0939678306988,225.37859767826467,49.81458724082041,32.53057645043501
226.13452253392657,225.23982448000044,49.73347783436486,32.8081228469635
226.1137998709678,224.58382230752582,49.774923160282405,32.827109373360656
226.03375487738617,224.6852069397499,49.93501314744564,32.62434010891249
225.06087366207976,224.1916404237211,50.587792952633805,32.318490515545406
224.7717091350164,224.18832574591065,51.166122006760524,32.325119871166365
224.80654063538728,224.03790926352934,51.096459006018804,32.62595283592894
224.8023060233299,223.29757329340927,51.10492823013354,32.79620758459682
224.64742226315002,222.59240719489452,51.41469575049329,32.89315034092409
224.64807612495767,221.89722585840184,51.413388026877996,32.96386452612478
224.8549604953289,221.8935724285825,50.999619286135555,32.971171385763434
224.9827861724615,221.91048888828516,50.74396793187036,32.937338466358135
224.90212435395625,222.0935383521926,50.90529156888087,32.57123953854325
224.59366157184817,221.38395784284646,51.522217133097,32.683760193248595
224.5739400786348,220.4929143105288,51.561660119523765,33.148091282148734
225.05152566279665,219.8095695066719,51.93259823731694,33.18867160374568
224.49771648420676,218.9163064624504,51.70787385434146,33.642854952033396
224.74037935180942,218.86725729869266,51.222548119136164,33.740953279548876
224.6201143822301,218.80647258929685,51.463078058294805,33.862522698340484
224.60316251298576,218.9634271703124,51.49698179678349,33.54861353630943
224.55358797559487,218.33048917300997,51.596130871565265,33.48266617960728
225.35903655489068,217.6491206979567,51.317444327583274,33.51319251510422
225.44853002637313,217.65389388131626,51.138457384618356,33.5036461483851
225.19717741477348,217.78845217832603,51.64116260781764,33.234529554365565
225.02420761282107,217.94621437801942,51.98710221172246,32.91900515497879
224.8876275088822,217.9105168042616,52.26026241960021,32.990400302494436
224.86205246624095,216.74297484274956,52.31141250488268,32.657627579409684
224.60764527612423,216.88426038040956,52.820226885116156,32.37505650408968
224.80927763753766,216.32010460747117,52.41696216228929,32.17140339424933
224.9029157117555,216.32196346720303,52.22968601385359,32.167685674785645
224.8751021374934,216.40009397819364,52.285313162377776,32.011424652804436
225.071734946193,215.81299595810017,51.89204754497861,31.86774638156602
225.79656267185678,215.18050033045657,51.75198649272004,31.823143237784244
225.74565884991813,215.1916999987516,51.85379413659733,31.80074390119415
225.56834212904644,215.25613155596193,52.208427578340704,31.671880786773492
225.90840081091574,214.3534532725244,51.52831021460216,32.16622260416722
225.90041073933,214.3123306502938,51.54429035777359,32.248467848628394
226.08842440565311,213.34349137429848,51.16826302512739,32.875351534074746
226.7834759982923,213.5311255078927,52.40948041537822,32.50008326688627
226.68486547487956,212.98943675872732,52.60670146220368,32.255523663497314
226.76700134643465,212.9533839111217,52.44242971909345,32.32762935870855
226.76147531959145,212.31184319821563,52.45348177277985,32.285178138655
226.9603700577146,212.31579257637352,52.05569229653356,32.27727938233919
227.68797381217436,211.5191789593242,51.91940040228421,32.55159100176768
227.60981827887437,211.5833247060485,52.07571146888422,32.42329950831906
227.46373058588588,211.02682945407568,52.36788685486116,32.21462493760607
227.62311697869225,211.0908383542759,52.04911406924844,32.08660713720567
228.03649990618027,210.52235444547733,52.53796351287123,31.907959656203957
227.90618405468112,210.68452983103884,52.798595215869526,31.583608885080956
228.7019509844364,210.54273879075015,52.5253735975974,31.867190965658338
229.48542014704108,210.5361150956674,52.277460047188654,31.8804383558238
229.6055579317944,209.89347580833575,52.03718447768202,31.850163078712466
229.6500054315483,209.1609298454658,51.9482894781742,32.00379206022627
230.02050002786098,208.95363326196033,51.20730028554887,32.418385227237195
230.18720087201515,208.85428088315527,50.873898597240476,32.61708998484734
230.26603845749204,208.90210199798796,50.71622342628671,32.52144775518194
230.82619618627348,208.37439612869366,50.898884852706054,32.27388260978835
230.7468988983764,208.27651535034354,51.057479428500216,32.469644166488614
230.3951955601626,208.46623844996083,51.7608861049278,32.090197967254056
230.88948165294127,208.49528180187642,52.083688189200586,32.03211126342287
231.03475150768966,208.49188824387483,51.79314847970382,32.038898379426044
230.4885312328129,208.60371204453799,52.88558902945732,31.815250778099724
230.14941481193082,208.6874055362625,53.56382187122148,31.647863794650686
230.84890155170046,208.73616435197627,53.49562265921807,31.550346163223136
