0.00917411
0.09558129
0.12277818
0.14266801
0.14379954
0.11467934
0.11552596
0.12285018
0.12123084
0.12601113
0.11500168
0.09111977
0.09019661
0.14421201
0.15028214
0.15076399
0.09749961
0.09930182
0.10017347
0.09948206
0.09838152
0.11104941
0.14904666
0.15230155
0.14332032
0.11763024
0.10578299
0.13016415
0.12803555
0.13014245
0.09186292
0.08971810
0.11546397
0.14995718
0.14868975
0.12512326
0.10256410
0.10065436
0.10289240
0.10059094
0.10795665
0.13993859
0.14968586
0.15088511
0.10719299
0.11657882
0.14113975
0.12809157
0.13103652
0.09184384
0.08854651
0.09930968
0.14932394
0.15046144
0.14045429
0.10201716
0.10084295
0.10198641
0.10128045
0.10788512
0.13164282
0.15131521
0.15027881
0.11587524
0.11847472
0.13794971
0.12324262
0.12997198
0.09694386
0.09233475
0.11263037
0.14938998
0.15071249
0.11507773
0.10266018
0.10029244
0.10027504
0.10800934
0.14060545
0.15046406
0.14981055
0.10622692
0.11597109
0.14127922
0.12390399
0.13235593
0.09609818
0.09174132
0.10694814
0.14936590
0.14723611
0.13505816
0.10283709
0.09876704
0.10295486
0.09834480
0.10980940
0.15124011
0.14387894
0.13736343
0.11941242
0.11098099
0.12712407
0.12913918
0.09795928
0.08962131
0.12231874
0.14922404
0.14887977
0.10881758
0.10043883
0.09954429
0.10128641
0.10258460
0.11045957
0.14874601
0.15215492
0.12278223
0.11919546
0.12927580
0.11990094
0.12992287
0.10563445
0.08711171
0.09182739
0.14965892
0.14945316
0.15024734
0.10183263
0.09821367
0.10102439
0.10021329
0.10291290
0.11575294
0.14956498
0.15041280
0.12797236
0.11745572
0.12722659
0.12112594
0.12603092
0.11224031
0.09112334
0.09088087
0.15234804
0.14898968
0.12778640
0.10169649
0.10247946
0.10192990
0.10091066
0.10848379
0.15174317
0.14878345
0.12988544
0.11465192
0.11506748
0.12735462
0.13092923
0.11693883
0.08949995
0.09195065
0.13855910
0.14836907
0.15097547
0.10160875
0.09942079
0.09766769
0.10058022
0.10881615
0.12631893
0.14922738
0.14965034
0.11817980
0.11757350
0.14141011
0.12313151
0.13007164
0.09724045
0.09182501
0.11949229
0.14960313
0.14941883
0.11014366
0.10043859
0.10287285
0.10225010
0.10086608
0.11164832
0.14808321
0.14948201
0.14844108
0.10777950
0.11017323
0.13888574
0.12575746
0.13117409
0.09338188
0.09196854
0.11195827
0.14958572
0.14979196
0.12563705
0.10097623
0.10179520
0.10151339
0.10278916
0.10825729
0.12778854
0.14911532
0.14921594
0.11715984
0.11888099
0.13394189
0.11915135
0.13049388
0.10850310
0.09125090
0.09286499
0.15120029
0.15069556
0.14560270
0.10046434
0.10213351
0.10063052
0.10236621
0.10740829
0.12657356
0.15001249
0.14900255
0.11994195
0.11894965
0.13295722
0.11939240
0.13090396
0.10901284
0.09114814
0.08799601
0.14384055
0.14723992
0.14797163
0.09651351
0.09801531
0.09835100
0.10026336
0.10033250
0.10830283
0.14993286
0.14928579
0.14347339
0.11768484
0.10609937
0.13107610
0.12790298
0.13033390
0.09165430
0.09075141
0.11710882
0.14715481
0.14680433
0.12682319
0.10020280
0.10083842
0.10033464
0.10066462
0.10662532
0.12957001
0.14930129
0.15147591
0.11685061
0.11838508
0.13039756
0.11836624
0.12871122
0.11366582
0.09093285
0.09135652
0.14728236
0.14705038
0.14979529
0.09670305
0.09663653
0.09784508
0.09786797
0.09793377
0.10894108
0.14815593
0.14858127
0.14200377
0.10976577
0.10372138
0.13972235
0.12931395
0.13321352
0.09274125
0.08797479
0.10798478
0.14848733
0.15003943
0.13076258
0.10256338
0.10075045
0.10264111
0.10151124
0.10933971
0.14800787
0.14954090
0.13163066
0.10914993
0.13490939
0.12925458
0.12956429
0.09169388
0.09145641
0.13284683
0.14679146
0.14934587
0.10989571
0.09801817
0.09867048
0.09713721
0.10470009
0.12793183
0.14793229
0.15244222
0.11723113
0.11747408
0.13358212
0.12083316
0.12991166
0.09746480
0.08845568
0.08935142
0.14658833
0.14156389
0.14551926
0.09063053
0.09627104
0.09561753
0.09641600
0.09898829
0.10606170
0.14357185
0.14357471
0.14007449
0.11405706
0.13237333
0.12966013
0.13394570
0.09272075
0.09059834
0.11800575
0.14922881
0.15019298
0.12228918
0.10035825
0.10233307
0.10046768
0.10089278
0.10830855
0.13354635
0.14942884
0.15072942
0.11093092
0.11899400
0.14010406
0.12234449
0.13224554
0.09345508
0.09051681
0.09452820
0.14884520
0.14674330
0.14601135
0.10205889
0.10083961
0.10024548
0.10233998
0.10746384
0.12299562
0.14766288
0.15051413
0.12401724
0.11665630
0.12352347
0.12310672
0.12959552
0.12026381
0.08785868
0.09132433
0.13658786
0.14956474
0.14757657
0.10564446
0.10036087
0.10138893
0.10041237
0.10042095
0.10964060
0.15177703
0.15083790
0.14397812
0.11587954
0.10606456
0.13496709
0.12931275
0.13070178
0.09119272
0.09123278
0.11249065
0.14989614
0.15018511
0.11369205
0.09927487
0.10219049
0.09984875
0.09811211
0.11061144
0.15032101
0.15228891
0.13675523
0.11797547
0.12521625
0.12023258
0.13144445
0.11664009
0.09156799
0.10548854
0.14977860
0.14868712
0.13294458
0.10156751
0.10262632
0.10184908
0.09845710
0.11185503
0.14235210
0.14973140
0.14648080
0.11872649
0.13008404
0.11920357
0.12722850
0.09859943
0.09183860
0.11674762
0.14893985
0.14786530
0.12663937
0.10093927
0.10053825
0.10104418
0.10184455
0.11143661
0.14811063
0.14880800
0.14697170
0.10871196
0.11073327
0.13795495
0.12926245
0.12764955
0.09067297
0.09255528
0.11304760
0.14745498
0.14649892
0.13025236
0.10211563
0.10217834
0.09993076
0.10294819
0.11035800
0.13348007
0.15034008
0.14995599
0.11041284
0.11641359
0.13913941
0.11694503
0.13010335
0.10147142
0.08677363
0.09194899
0.14809728
0.14728093
0.15129709
0.10030437
0.10169697
0.10134578
0.10075521
0.10500693
0.11454940
0.15010905
0.14975023
0.13217354
0.11920142
0.11863089
0.12438416
0.13010645
0.12223554
0.08886409
0.09170938
0.13935328
0.14801669
0.14765596
0.10706449
0.10197735
0.09823418
0.09829473
0.10261679
0.11174202
0.15201235
0.14858246
0.14462900
0.11771822
0.10830474
0.12953997
0.13178945
0.13170934
0.09310722
0.09100842
0.13301587
0.14748406
0.14929795
0.10967398
0.10155416
0.10079598
0.09865403
0.10273933
0.11038733
0.15048409
0.14958358
0.14536524
0.11652279
0.10592389
0.13270283
0.12980580
0.12559509
0.08820629
0.08911371
0.10970092
0.14992476
0.14829445
0.13050389
0.10250664
0.10041857
0.10235739
0.10289598
0.10830259
0.14035487
0.14934230
0.15062237
0.10752654
0.11893225
0.13220048
0.12895894
0.13098025
0.09180474
0.08952594
0.12337136
0.14963961
0.14756393
0.11881423
0.10180974
0.10103631
0.09967661
0.10224223
0.11194468
0.15006614
0.14991450
0.13225436
0.11695385
0.11757278
0.12554860
0.13064504
0.12089753
0.09163690
0.09134579
0.14833617
0.14896965
0.14942098
0.10139036
0.10191917
0.10085535
0.10066843
0.10651636
0.13155532
0.14974666
0.14836931
0.11543345
0.11731148
0.13658834
0.12695789
0.13342404
0.09235454
0.09097219
0.11298847
0.14884400
0.14830995
0.11489034
0.10010791
0.09946084
0.09698272
0.09708977
0.11093831
0.14900589
0.14728951
0.14628911
0.11640978
0.10403514
0.13744664
0.12943625
0.12974167
0.09206438
0.09000397
0.11489749
0.14890170
0.14853430
0.12611866
0.10229254
0.10104752
0.10276985
0.10204625
0.10928106
0.14345670
0.14982152
0.15014672
0.10830092
0.11217117
0.13988376
0.12789035
0.13462400
0.09141469
0.08888340
0.10755181
0.14876485
0.14869523
0.12898946
0.10252500
0.10253072
0.10264516
0.10099816
0.10822725
0.14192367
0.15006804
0.14933681
0.10560942
0.11643267
0.13993096
0.12358856
0.13155103
0.09498954
0.09156442
0.10718465
0.14954448
0.14659905
0.13294625
0.10049891
0.09999394
0.10277534
0.10144091
0.10598254
0.12974596
0.15007401
0.14958549
0.11654782
0.11849451
0.13451529
0.11793876
0.13134170
0.10617590
0.08914351
0.10494685
0.14959407
0.14857197
0.13328338
0.10235524
0.09621859
0.09864330
0.09431720
0.10834074
0.15048933
0.15012693
0.14127851
0.11980557
0.11139607
0.12620616
0.12936616
0.10854530
0.09132671
0.08952260
0.14259195
0.14946628
0.13982010
0.10265303
0.10057521
0.09749484
0.10345745
0.11285663
0.14815140
0.14804721
0.13659787
0.11719227
0.12462616
0.12111402
0.13017011
0.09636307
0.09244108
0.11273146
0.14929223
0.14716935
0.11982417
0.10366821
0.10063171
0.10101485
0.10097289
0.11080718
0.14785957
0.15071273
0.14752960
0.11756468
0.14014792
0.12818384
0.12173915
0.09121013
0.09246325
0.14896798
0.14950466
0.13864136
0.10290217
0.10156226
0.10261726
0.10222411
0.10510015
0.13460970
0.14954805
0.14437318
0.11325455
0.11434484
0.14004207
0.12986112
0.13356400
0.09213424
0.09192514
0.11739016
0.14831829
0.14691448
0.11568689
0.10073972
0.10000944
0.09861016
0.10045385
0.10961270
0.15186596
0.15249157
0.12580419
0.11946011
0.13039136
0.12391639
0.12843990
0.09167004
0.09192920
0.13340092
0.14837980
0.14994454
0.10823607
0.10293031
0.10224247
0.10250044
0.10378814
0.11755061
0.15211701
0.14875793
0.12618256
0.11871386
0.12529778
0.12254930
0.13449264
0.09150481
0.09093046
0.12671471
0.14889050
0.14937782
0.11410213
0.10065413
0.10278726
0.10082197
0.10248661
0.11040115
0.14889812
0.14977193
0.14520288
0.11213851
0.10671735
0.13595796
0.12937927
0.13276768
0.08889461
0.08677769
0.11168623
0.14801216
0.14913297
0.12651396
0.10060573
0.10095787
0.10240173
0.10241699
0.10516834
0.13157558
0.14990425
0.14926815
0.11255527
0.11846900
0.13817906
0.11918545
0.12743235
0.10632181
0.09074640
0.09522605
0.14876294
0.14930773
0.14476371
0.10052371
0.10083008
0.10034609
0.10000086
0.10594082
0.11601782
0.15008712
0.14975166
0.12776542
0.11859775
0.12418652
0.12164474
0.13166404
0.11725831
0.09144115
0.09122849
0.14310122
0.15106630
0.14989734
0.09816027
0.09842086
0.09849477
0.09834599
0.09873796
0.11092353
0.14848065
0.14888072
0.14341021
0.11764574
0.10540295
0.13385463
0.13197279
0.13155055
0.09087563
0.09181643
0.13440013
0.15044737
0.15054226
0.10851479
0.10051417
0.10324383
0.09991407
0.10144663
0.10853148
0.14954114
0.15030146
0.14409757
0.11561656
0.10528278
0.13248563
0.12649679
0.12788558
0.09145522
0.08905077
0.11522126
0.14713287
0.14815640
0.12825656
0.10020018
0.10168266
0.10134125
0.10020781
0.10609531
0.13120008
0.14831591
0.14973497
0.11681676
0.11938810
0.13466978
0.11765361
0.12989831
0.10660744
0.08993673
0.09176707
0.14903903
0.14913344
0.13429880
0.10037589
0.10106349
0.10207891
0.10254288
0.10918951
0.14105392
0.14864397
0.14153337
0.11860895
0.11248040
0.12761831
0.13038564
0.12817430
0.09051204
0.09093809
0.13271213
0.14962053
0.14776969
0.11047554
