0.00878716
0.08797932
0.09212041
0.09562325
0.09616542
0.10749054
0.14328265
0.14468002
0.14957595
0.10822201
0.10974813
0.13911843
0.12623692
0.13052368
0.09394598
0.09106660
0.10930037
0.14864397
0.14695525
0.13491035
0.10125971
0.10248208
0.10058355
0.10237980
0.10919666
0.13474989
0.14947701
0.14952826
0.10993862
0.11855221
0.14190245
0.12518001
0.13254070
0.09475732
0.09183002
0.10810113
0.14937568
0.14666724
0.13198757
0.10038900
0.10131955
0.10217762
0.10051823
0.10838842
0.13329363
0.15034795
0.14922380
0.11248779
0.11903930
0.13948393
0.12346721
0.13034010
0.09815693
0.08810854
0.09479451
0.15074134
0.14853239
0.14187479
0.10017419
0.10148430
0.10248494
0.10060787
0.10633612
0.13937140
0.14942145
0.14914250
0.10627460
0.11667061
0.14168429
0.12477303
0.13211346
0.09575725
0.09109139
0.11041546
0.14708614
0.15229774
0.11549616
0.10012531
0.10177350
0.10195255
0.09991550
0.11148810
0.14638209
0.14974618
0.14903903
0.11257029
0.10615730
0.13321018
0.13276601
0.13156295
0.09058738
0.09108567
0.12138915
0.14955831
0.14837742
0.11864448
0.10190272
0.10022783
0.10266113
0.10000324
0.10788679
0.14850235
0.15151882
0.14457679
0.11916232
0.11038089
0.12589979
0.12975526
0.13223672
0.09055257
0.09064007
0.12788296
0.15018129
0.14844441
0.11240840
0.10047078
0.10086322
0.10266161
0.10046554
0.10911369
0.14708471
0.14930367
0.14764929
0.11026549
0.10782433
0.13874078
0.12760544
0.13123798
0.09079957
0.09095740
0.11413932
0.14934921
0.14887285
0.12595654
0.10028410
0.10249472
0.10181928
0.10253191
0.10629606
0.13402557
0.14904952
0.14947796
0.10995150
0.11821866
0.14075565
0.12409043
0.13360691
0.09769034
0.08957648
0.10579252
0.14935374
0.14713192
0.13700032
0.09848881
0.10171127
0.10216427
0.10245419
0.10514212
0.12962985
0.14896584
0.14689612
0.12042904
0.11885214
0.13118458
0.11796236
0.12929583
0.10032582
0.09077048
0.09522319
0.15032673
0.14771366
0.14449310
0.10140991
0.10194778
0.10194778
0.10236049
0.11056685
0.14910603
0.14879346
0.14679146
0.11418295
0.10439396
0.13569951
0.12402987
0.13462496
0.09342265
0.08868599
0.10318470
0.14949775
0.14958858
0.13324356
0.09981608
0.09985590
0.10201097
0.10186529
0.10845351
0.13489175
0.14766407
0.14897346
0.11130047
0.11844015
0.13640404
0.12145996
0.12994814
0.09961510
0.09115696
0.09870839
0.14722490
0.14976883
0.14037943
0.09973907
0.10233951
0.10196185
0.10178089
0.11031818
0.14294314
0.14898038
0.14924860
0.10617924
0.11312509
0.14082026
0.12569094
0.13328409
0.09227300
0.09088206
0.11596656
0.15010357
0.14833546
0.12504888
0.10227847
0.10076475
0.10255265
0.10029602
0.11083388
0.14138818
0.14979601
0.14935470
0.10428953
0.11478376
0.14040613
0.12650800
0.12944627
0.09287167
0.09049630
0.10777068
0.14838815
0.14849710
0.13144135
0.10018849
0.10080147
0.09846139
0.10213256
0.10848093
0.13093567
0.14899731
0.14809346
0.11656070
0.11869764
0.13382411
0.11820483
0.13054967
0.10832191
0.09089851
0.09202504
0.15220904
0.15000677
0.14490819
0.10288763
0.10103703
0.10142684
0.09892392
0.10195637
0.11745214
0.14930511
0.14836597
0.12339020
0.11863041
0.12749052
0.12022710
0.12927890
0.11281514
0.09057951
0.09054875
0.14810133
0.15011454
0.14921141
0.10322165
0.09926152
0.10153317
0.10028434
0.10480547
0.11585760
0.14928436
0.14927554
0.12441635
0.11842132
0.12152815
0.12208104
0.13182878
0.11972928
0.09120750
0.09130716
0.14804506
0.14944696
0.14880204
0.09354568
0.09761190
0.09635639
0.10050130
0.09778905
0.10424900
0.14575863
0.14975429
0.14228296
0.11690879
0.10606837
0.13125873
0.12920952
0.13162565
0.09184909
0.09180450
0.12382126
0.15009570
0.14894247
0.11722636
0.10219502
0.09869409
0.10233092
0.10212660
0.11159968
0.14790964
0.14949179
0.14595437
0.11173010
0.10663319
0.13653040
0.13187933
0.13330984
0.09024215
0.09138203
0.12124562
0.15230417
0.14986110
0.11828279
0.09963846
0.10204244
0.09929514
0.10225964
0.10956359
0.13880157
0.14903021
0.14913511
0.10509038
0.11581159
0.14111590
0.12598610
0.13327169
0.09374881
0.09062219
0.11204648
0.14918828
0.14844775
0.12756753
0.10134029
0.10184789
0.10057950
0.10203457
0.11055994
0.14303041
0.14954901
0.14992070
0.10632396
0.11158729
0.14015770
0.12982798
0.13327265
0.09219313
0.09081006
0.11342788
0.14862967
0.15091419
0.12450051
0.10256100
0.10150170
0.10273075
0.10230732
0.11095643
0.14946485
0.14890504
0.13589382
0.11884975
0.11599040
0.12845778
0.13138223
0.12176418
0.08821511
0.09211135
0.14780068
0.14893150
0.15139198
0.09555721
0.09500313
0.09783888
0.10107255
0.10209155
0.10982037
0.15226793
0.15126133
0.13148785
0.11880302
0.11926699
0.11970568
0.12812233
0.11602426
0.09114790
0.09060287
0.14825487
0.14676762
0.14934373
0.10291028
0.10067368
0.09931493
0.09994316
0.10953689
0.14232850
0.14849329
0.13610339
0.11854339
0.11118674
0.12425780
0.12743473
0.13177991
0.09154510
0.08951521
0.12145972
0.14980531
0.14894962
0.11851072
0.10025668
0.10205960
0.10034847
0.10256243
0.10995674
0.14294863
0.15151763
0.14941907
0.10587549
0.10544372
0.13641596
0.13060880
0.13012099
0.09135962
0.09083724
0.11451888
0.14905715
0.14972281
0.12493682
0.10012150
0.10260105
0.10110736
0.10255480
0.11002064
0.13965011
0.14945340
0.14876390
0.10477996
0.11562395
0.13865042
0.12572432
0.13360095
0.09688616
0.09113598
0.10679817
0.14825821
0.15053940
0.10196018
0.09802318
0.09943223
0.09855318
0.09713316
0.10835218
0.15240288
0.15064764
0.12530351
0.11865044
0.12673831
0.12115264
0.12715888
0.11435127
0.09016705
0.09250212
0.14920664
0.14859700
0.14688897
0.10283780
0.10239935
0.10026789
0.10251880
0.10529613
0.12619066
0.15154600
0.15236139
0.10595775
0.11782813
0.13967299
0.12962818
0.13362384
0.09148908
0.09212255
0.12199116
0.14876270
0.14911580
0.11812449
0.09924507
0.10182905
0.10227633
0.10124493
0.11017418
0.14478803
0.14994693
0.14886189
0.10771751
0.11208344
0.13935065
0.12996101
0.13362455
0.09057689
0.09130549
0.11278653
0.14904714
0.15144706
0.12664795
0.09757924
0.10232210
0.10219860
0.10019159
0.10991430
0.13810086
0.14908481
0.14912319
0.10730600
0.11759591
0.13951826
0.12409234
0.13205028
0.09726167
0.09132957
0.10755920
0.14896035
0.14802384
0.13379979
0.09923530
0.10061955
0.10239625
0.10047221
0.10798907
0.12713885
0.15141535
0.14925361
0.11803579
0.11872292
0.13634992
0.11610293
0.12737894
0.10926747
0.09065890
0.09238768
0.14912200
0.14906049
0.14690804
0.10026431
0.10075879
0.10018110
0.10247564
0.10332847
0.11657286
0.14947438
0.14965868
0.12849879
0.11872315
0.11834288
0.12684870
0.12974143
0.12087011
0.09105277
0.09084129
0.14342880
0.14869094
0.14956713
0.09959054
0.09989047
0.09757543
0.09718084
0.09786701
0.10850263
0.14867735
0.14931321
0.14371920
0.11747336
0.10682511
0.13038659
0.12855697
0.12988567
0.09194660
0.09033322
0.11481452
0.14865232
0.14791870
0.12371016
0.10190892
0.10203433
0.10255766
0.10228109
0.10809016
0.14238167
0.15224528
0.14858961
0.11033940
0.10975313
0.13947487
0.12552357
0.12947512
0.09297514
0.09131122
0.10823846
0.14946485
0.14987850
0.13002086
0.10244775
0.10249686
0.10244775
0.10243130
0.11027908
0.13804817
0.14925647
0.14912224
0.10654545
0.11592507
0.14034986
0.12606597
0.13145328
0.09428906
0.09103727
0.10893536
0.14950109
0.14930797
0.13074899
0.09926224
0.09984159
0.10263991
0.10263515
0.10667539
0.13290143
0.14898682
0.14966774
0.11306882
0.11869931
0.13749957
0.11530447
0.12798858
0.10909867
0.09053493
0.09160972
0.14968562
0.14910555
0.14665675
0.10049224
0.10249782
0.10070872
0.10153723
0.10633445
0.12113190
0.15007257
0.15117097
0.12081313
0.11880231
0.13910222
0.12615132
0.12231970
0.09149575
0.08973455
0.13956141
0.14995050
0.14941335
0.10193157
0.09918857
0.10088539
0.09904480
0.10332870
0.10756230
0.15212321
0.14972353
0.13707829
0.11830616
0.12590098
0.12177038
0.13008785
0.10950708
0.09149575
0.09137654
0.15098929
0.14929676
0.13037729
0.10002279
0.10077572
0.09975290
0.10209465
0.10991216
0.14546442
0.15195322
0.14075994
0.11960649
0.11455154
0.12750840
0.12973285
0.11210203
0.09094286
0.09101939
0.14985609
0.14955854
0.11929345
0.10207534
0.10221648
0.10042143
0.10049295
0.11027122
0.14848638
0.14982200
0.12860560
0.11893654
0.12859106
0.12120605
0.13009334
0.11133432
0.09157896
0.09166074
0.15000868
0.14852619
0.14887142
0.10453439
0.10414386
0.09967089
0.10074091
0.10761333
0.13300848
0.14971471
0.14928842
0.11289573
0.11853862
0.13781929
0.12345409
0.12840652
0.10008788
0.08946538
0.09960604
0.14899182
0.15070319
0.11718178
0.10247517
0.10008907
0.10026956
0.10268879
0.11195588
0.14627695
0.14696598
0.14846063
0.11159277
0.10619211
0.13887477
0.13200283
0.12986040
0.09016085
0.09072471
0.12543797
0.14935613
0.14919162
0.11649466
0.10053635
0.10040689
0.10133028
0.10065651
0.11027622
0.15000892
0.15054417
0.14537811
0.11311078
0.10504341
0.12913442
0.12799001
0.13174224
0.09121084
0.09184384
0.12486124
0.14957714
0.15031576
0.11102509
0.10098386
0.10036826
0.10257196
0.10201573
0.11196733
0.14812207
0.14928198
0.14519978
0.10979772
0.10667276
0.13645959
0.12931275
0.13350630
0.09255433
0.09101939
0.12085843
0.14996195
0.14858150
0.11917830
0.10149431
0.10115075
0.10265827
0.10259438
0.11240482
0.14981031
0.14933372
0.14370942
0.11566639
0.10576868
0.13247347
0.13142681
0.13195777
0.09183073
0.09277439
0.12608600
0.14892173
0.14713931
0.11576247
0.10190558
0.10229039
0.10026741
0.10286760
0.10987449
0.15186000
0.15006638
0.14323258
0.11836910
0.10528946
0.12995839
0.13147378
0.13130593
0.09208226
0.09151888
0.11763597
0.14762044
0.14744735
0.12485027
0.10019541
0.10267115
0.10214281
0.10064459
0.10967875
0.13977981
0.15025139
0.14921784
0.10631657
0.11601567
0.14121890
0.12598610
0.13177204
0.09294486
0.09107041
0.11030221
0.14943886
0.14977813
0.12925100
0.10273910
0.10010791
0.10103035
0.10260201
0.10875773
0.13545418
0.15013003
0.15019345
0.11269712
0.11914849
0.13878369
0.11997867
0.13029981
0.10020828
0.09177995
0.09939194
0.14959836
0.14811826
0.14224792
0.10029244
0.10196280
0.09981561
0.10236621
0.10728931
0.12796617
0.15004516
0.15000439
0.10481644
0.10939026
0.13777208
0.13194823
0.13171363
0.09047723
0.09172988
0.11683893
0.15185046
0.14871120
0.11052847
0.10251093
0.10213518
0.10168624
0.10037327
0.10765409
0.15118289
0.14894581
0.14412785
0.11777592
0.10419965
0.13171721
0.13125634
0.13198709
0.09129167
0.09041429
0.13558865
0.14738011
0.14852762
0.10999036
0.10154200
0.10380554
0.10216737
0.09986591
0.10781574
0.14875889
0.14843559
0.14415121
0.11797857
0.11246896
0.12527394
0.12741375
0.12146330
0.09037542
0.09169078
0.14993930
0.14717889
0.14988828
0.09890985
0.10162616
0.10239911
0.10055470
0.10611296
0.11240411
0.14960003
0.14944053
0.13006854
0.11905026
0.12085390
0.12394190
0.13052845
0.12036967
0.08953547
0.09130073
0.13694453
0.14741111
0.14737272
0.10845947
0.10137367
0.10161090
0.10254312
0.10268855
0.11016893
0.14876676
0.14946747
0.14715719
0.11275077
0.10712981
0.13571310
0.13182688
0.13324666
0.09155416
0.09052682
0.12376738
0.14807105
0.14791441
0.12311172
0.10289645
0.10249043
0.09812546
0.10168672
0.10856676
0.14098430
0.15177035
0.14943171
0.10528755
0.11446881
0.14143062
0.12671494
0.13184190
0.09297681
