0.00968575
0.10562873
0.12056756
0.10350966
0.08798146
0.10892248
0.14581060
0.14348173
0.12560487
0.09862041
0.10254765
0.10280776
0.10229874
0.10978270
0.15052915
0.15171432
0.14473152
0.11957788
0.11444378
0.12945080
0.12747025
0.12259173
0.08958912
0.09087133
0.13923597
0.14646697
0.15171552
0.10309243
0.10001493
0.09700346
0.09901786
0.09792423
0.10623789
0.14857650
0.15176439
0.13746548
0.11615300
0.10966182
0.12088323
0.12654924
0.12561464
0.08840704
0.08908176
0.13266373
0.14607906
0.14632034
0.10195565
0.09746051
0.09726429
0.09759569
0.09483624
0.10517383
0.14705563
0.14606428
0.14113092
0.10907221
0.11207533
0.12282991
0.13291574
0.12030840
0.09202671
0.09133554
0.15254545
0.14876771
0.14975119
0.09702444
0.09701395
0.09950948
0.09726381
0.10070109
0.11441398
0.14670134
0.14592266
0.10776186
0.11711216
0.14214373
0.12480021
0.13230610
0.09285569
0.09134769
0.11406898
0.14771605
0.14967060
0.12312627
0.09963799
0.09958839
0.09760618
0.09879184
0.10583830
0.14498949
0.14333844
0.13708115
0.11409378
0.10273337
0.12749815
0.12489223
0.12922740
0.08857894
0.08786678
0.11667466
0.14682889
0.14609814
0.11036706
0.09815121
0.10026240
0.09804988
0.09756827
0.10658526
0.13872719
0.14700508
0.14653301
0.10340548
0.10950971
0.13120365
0.12313509
0.12503433
0.08827305
0.08736968
0.10497212
0.14668703
0.14416409
0.12977982
0.09864426
0.09820294
0.09685230
0.09723663
0.10524774
0.12450600
0.14326310
0.14677167
0.11377120
0.11606646
0.13140345
0.11508060
0.12650776
0.10283041
0.08918548
0.08971906
0.14383745
0.14585853
0.14443088
0.09749150
0.09963346
0.09844565
0.09810758
0.10092068
0.11459994
0.14307308
0.14674735
0.12613034
0.11590433
0.11606336
0.11877990
0.12720323
0.11911321
0.09042954
0.08901668
0.13861465
0.14415479
0.14586306
0.09884787
0.09634733
0.10021544
0.09882736
0.09622240
0.10750961
0.14446616
0.14283729
0.14525843
0.11189771
0.10251498
0.13358974
0.12845016
0.12937260
0.08915639
0.08941531
0.13420105
0.14390302
0.14748621
0.10349512
0.10010672
0.09757161
0.09411550
0.09610939
0.10618663
0.14484286
0.14689612
0.13969660
0.11649418
0.11452246
0.12996387
0.13105702
0.12307882
0.09155750
0.08725715
0.13579297
0.14640689
0.14640069
0.10464168
0.09929132
0.09824753
0.09726143
0.09708238
0.10932374
0.15461230
0.15213585
0.13860917
0.12009764
0.12232137
0.12452316
0.13179803
0.11840010
0.08882546
0.08862543
0.14109612
0.14657569
0.14713526
0.10032058
0.10025930
0.10216594
0.10405731
0.10725427
0.12580967
0.15202236
0.15221953
0.11840081
0.12079144
0.12420630
0.11708975
0.12765908
0.10502362
0.08870363
0.08874345
0.15060210
0.15049314
0.14680123
0.10161710
0.10040593
0.10023808
0.09993863
0.10566020
0.12673640
0.14717150
0.14700747
0.11359310
0.11355662
0.12755013
0.11642170
0.12760782
0.10667300
0.08841586
0.08893919
0.14648771
0.14602661
0.14515924
0.09816885
0.09449983
0.09551382
0.09778905
0.09619975
0.10474467
0.14695168
0.14540768
0.13532352
0.11388206
0.10368156
0.12564778
0.12399220
0.12689757
0.08816648
0.08861256
0.11195803
0.14222622
0.14597034
0.12423325
0.09763241
0.09773898
0.09667921
0.09877968
0.10332847
0.12422848
0.14670062
0.14734960
0.11443377
0.11688256
0.13181472
0.11567640
0.12316251
0.10670471
0.08876729
0.08851314
0.14452291
0.14587545
0.14432979
0.09218001
0.09325552
0.09272504
0.09373236
0.09621644
0.10799456
0.14655495
0.14167523
0.14594913
0.10650849
0.10468483
0.13626075
0.12793875
0.12822795
0.08981347
0.08969378
0.12380457
0.14694452
0.14461660
0.11275196
0.09775472
0.10038090
0.09844637
0.09993029
0.10934615
0.14568353
0.14467001
0.14524674
0.10757232
0.10581470
0.13387227
0.12527585
0.12739372
0.08828568
0.08924246
0.10999870
0.14691973
0.14331508
0.12631392
0.09793210
0.09777093
0.09982491
0.10017586
0.10718608
0.13886452
0.14714837
0.14676237
0.10523176
0.10895324
0.13737917
0.12708974
0.12695765
0.08789134
0.08861017
0.10838199
0.14363623
0.14611411
0.12722230
0.09978294
0.09832573
0.09950686
0.09763002
0.10444474
0.13035941
0.14510059
0.14386415
0.11105347
0.11633635
0.13482237
0.11555743
0.12704587
0.09558845
0.08841896
0.10325670
0.14645362
0.14487958
0.13094664
0.09812069
0.09984446
0.09759784
0.09767628
0.10550904
0.13544393
0.14339781
0.14659429
0.10689020
0.11400199
0.13844395
0.11966300
0.12632942
0.09548807
0.08831024
0.10456681
0.14613008
0.14419103
0.13186407
0.09663129
0.09968281
0.09723020
0.09918976
0.10371423
0.12070680
0.13960171
0.14399433
0.12268782
0.11512256
0.11716962
0.11995125
0.12662983
0.11735988
0.08803129
0.08965635
0.13132477
0.14330792
0.14500666
0.10612822
0.09734654
0.09908319
0.09908795
0.09557676
0.10748100
0.13039064
0.14485908
0.14397645
0.10950446
0.11500168
0.12883830
0.11321688
0.12501788
0.11118817
0.08797002
0.08706880
0.13834929
0.14217758
0.14215374
0.10468769
0.09573770
0.09916544
0.09946299
0.09703779
0.10729933
0.13781452
0.14400649
0.14740038
0.10324478
0.11515951
0.13601327
0.11804461
0.12505603
0.10145640
0.08818030
0.08554077
0.14451456
0.14237022
0.14413023
0.09507132
0.09710526
0.09669733
0.09929299
0.09691405
0.10732198
0.13965034
0.14397097
0.14212799
0.10182214
0.11371279
0.13565922
0.12245798
0.12749028
0.09536171
0.08779550
0.09845090
0.14285517
0.14206743
0.14028263
0.09853792
0.09944463
0.10051680
0.09558344
0.10118270
0.11198735
0.14861298
0.14416051
0.13010550
0.11591196
0.11507058
0.12730145
0.13271451
0.11692429
0.09068298
0.09019589
0.14397979
0.14755821
0.14502358
0.09647489
0.09933686
0.09873605
0.09915686
0.10241795
0.11283135
0.14787865
0.14477229
0.12853289
0.11579609
0.11041498
0.12212229
0.12598729
0.12142062
0.08971190
0.08942747
0.13394666
0.14514184
0.14214468
0.10131121
0.09881663
0.09488940
0.09589767
0.09962344
0.10713148
0.14009595
0.14798045
0.14123940
0.11112928
0.10241127
0.12965798
0.12628341
0.12837887
0.08746982
0.08832407
0.11691928
0.14767194
0.14714336
0.11760163
0.09838295
0.09984565
0.09987426
0.09804273
0.10915041
0.13950133
0.14676452
0.14803696
0.10425162
0.10899639
0.13783073
0.12708592
0.12671113
0.08856320
0.09074616
0.11236763
0.14561486
0.14661598
0.12422442
0.09891009
0.09990478
0.10002685
0.09885144
0.10824108
0.14057541
0.14844036
0.14780927
0.10470200
0.10908151
0.13530612
0.12560105
0.12795901
0.09170675
0.08868361
0.10613799
0.14653993
0.14743996
0.12725210
0.10027623
0.09711790
0.09917402
0.09989476
0.10532284
0.13189507
0.14398479
0.14685106
0.10927415
0.11591887
0.13870001
0.12354779
0.12945962
0.09105563
0.08866978
0.10564113
0.14759684
0.14375067
0.13086224
0.09788609
0.09999871
0.10060525
0.09821677
0.10664415
0.13241982
0.14649248
0.14687061
0.11160207
0.11404634
0.12932253
0.11546445
0.12469959
0.10677004
0.08845973
0.08953190
0.14261198
0.14636779
0.13445807
0.09826493
0.09813786
0.09743428
0.09871674
0.09944248
0.11993432
0.14634848
0.14664149
0.11687398
0.11409688
0.12274909
0.11834931
0.12443423
0.10640979
0.08852959
0.09232330
0.14445567
0.14429855
0.14105964
0.09779501
0.09924388
0.09609389
0.09762383
0.09964466
0.10741258
0.14328575
0.14628887
0.13315630
0.11380792
0.10919404
0.12072682
0.12304902
0.12313962
0.08749866
0.08860087
0.12944126
0.14291286
0.14496636
0.10825992
0.09963298
0.09825969
0.09625864
0.09800220
0.10550714
0.13456511
0.14637280
0.14378691
0.10547996
0.11185932
0.13519168
0.11542726
0.12472796
0.09667778
0.09247041
0.11059070
0.15034914
0.15105605
0.12397242
0.09916449
0.10145831
0.10058546
0.10111618
0.11008358
0.14258099
0.15082002
0.14679766
0.11155343
0.10685229
0.13397813
0.13034010
0.13192225
0.09187484
0.08956861
0.13259649
0.15025687
0.15254474
0.10618448
0.09946156
0.10122061
0.09884715
0.09936571
0.11008024
0.15123224
0.14817929
0.14271832
0.11945367
0.11622167
0.12581897
0.12589288
0.12108111
0.08791900
0.08909798
0.13173962
0.14350390
0.14527178
0.10767555
0.09828401
0.09768391
0.09623981
0.09863424
0.10849524
0.14113665
0.14689922
0.14727092
0.10097408
0.11211395
0.13890290
0.12418175
0.12781644
0.09217072
0.08886194
0.10379076
0.14786386
0.14410853
0.13249016
0.09708405
0.10027647
0.09764862
0.09994507
0.10510302
0.12823510
0.14753246
0.14445901
0.11278415
0.11402225
0.13021326
0.11650658
0.12420416
0.10647655
0.08721089
0.08836818
0.14825988
0.14587951
0.14364958
0.09543824
0.09613276
0.09861588
0.09822035
0.10375690
0.12647414
0.14700103
0.14305043
0.11315775
0.11458468
0.12805581
0.11602592
0.12827611
0.10653162
0.08915496
0.09215808
0.14689469
0.14634919
0.13914752
0.09973288
0.09851456
0.09909868
0.09841299
0.10128689
0.11998224
0.14336729
0.14737320
0.11785460
0.11376262
0.12719941
0.11624789
0.12403536
0.11019397
0.08759785
0.08779883
0.14115286
0.14262748
0.14738178
0.09363580
0.09780383
0.09520340
0.09564590
0.09745789
0.10762405
0.14296269
0.14725757
0.14384913
0.10745072
0.10465240
0.13365459
0.12339187
0.12770367
0.08951545
0.08861589
0.10980773
0.14372110
0.14401054
0.12571645
0.09589744
0.09967279
0.09756160
0.09915352
0.10406208
0.12665415
0.14582157
0.14372277
0.11535573
0.11616874
0.12991667
0.11305690
0.12648797
0.10848212
0.08695436
0.08827925
0.14851570
0.14627576
0.14207029
0.09780979
0.09746981
0.09734344
0.09660602
0.09895015
0.11351490
0.14640093
0.14697051
0.12683916
0.11378431
0.11558151
0.12071109
0.12763166
0.11786437
0.08727503
0.08869171
0.13862801
0.14271045
0.14487863
0.09897232
0.09785843
0.09741473
0.09421468
0.09457493
0.10154438
0.14347172
0.14336348
0.14312911
0.10744667
0.10346293
0.13509727
0.12486100
0.12485623
0.08754921
0.08661675
0.10064268
0.14612603
0.14587307
0.12985349
0.09747386
0.09763837
0.09758973
0.09909391
0.10869861
0.13847613
0.14699721
0.14678526
0.10252953
0.10902500
0.13762212
0.12359476
0.12668991
0.09116340
0.08850312
0.10379124
0.14627171
0.14601278
0.12937927
0.09710217
0.10031748
0.09759951
0.09968853
0.10506773
0.12632847
0.14522696
0.14694929
0.11433721
0.11381865
0.12939930
0.12144852
0.13086987
0.10335970
0.08970475
0.08932424
0.14717937
0.14705038
0.14547324
0.10004926
0.09949422
0.09734631
0.09767509
0.10059023
0.11294627
0.14664316
0.14703369
0.12447047
0.11653519
0.12062430
0.11805081
0.12579823
0.11629939
0.08857679
0.08775544
0.13492084
0.14322281
0.14391088
0.10047412
0.09979892
0.09767580
0.09914279
0.09554648
0.10569191
0.14704490
0.14609361
0.14095283
0.10919499
0.10224128
0.13275027
0.12654138
0.12770510
0.08899307
0.08873010
0.11444235
0.14488173
0.14691138
0.12320638
0.09965253
0.09979057
0.09959674
0.09764409
0.10501361
0.13292813
0.14754295
0.13729596
0.10945725
0.11230469
0.13305068
0.11219358
0.12579250
0.10469389
0.08884716
0.08745241
0.14379907
0.14597583
0.14507794
0.09185863
0.09282875
0.09537482
0.09319687
0.09635091
0.10492301
0.14282346
0.14668536
0.14456224
0.11130714
0.10216403
0.13060999
0.12544966
0.12670016
0.08842826
0.08658695
0.10944462
0.14569020
0.14437008
0.12589669
0.09926891
0.09719777
0.09762120
0.09765744
0.10707736
0.13704062
0.14405370
0.14340425
0.10791063
0.11610842
0.13830256
0.12091327
0.12893105
0.09235001
0.08852053
0.10344291
0.14636397
0.14415383
0.13265252
0.09937024
0.09636116
0.09805989
0.09907413
0.10360074
0.12289095
0.14319992
0.14415455
0.12022591
0.11620569
0.12322068
0.11641145
