0.00999618
0.13724923
0.13712263
0.11365390
0.09822726
0.09925985
0.09735823
0.09950328
0.10957217
0.13508177
0.14896297
0.15018201
0.10949636
0.11896133
0.14060163
0.12626767
0.13190913
0.09597206
0.09097767
0.10994840
0.14885688
0.15017629
0.12881207
0.10055590
0.10003495
0.10058475
0.10092378
0.10724640
0.13282180
0.14921141
0.14943385
0.11461592
0.11989117
0.12978601
0.11357093
0.13009310
0.09788346
0.09170699
0.10120058
0.15151358
0.15152216
0.11996722
0.10029840
0.10245347
0.10077214
0.10226917
0.11006260
0.14829493
0.14936018
0.14377856
0.11754775
0.11347437
0.12885761
0.12970591
0.12720513
0.09122252
0.09113503
0.13698840
0.14897490
0.14912605
0.10373068
0.10256410
0.10240197
0.09640718
0.09827733
0.11082482
0.14731717
0.14941645
0.14670205
0.11606622
0.10464644
0.13212800
0.12801194
0.13340116
0.09055376
0.09001684
0.12774396
0.14883256
0.14760661
0.11437535
0.10253954
0.10041404
0.09805846
0.09856272
0.10842967
0.14915967
0.15231109
0.14338851
0.11813712
0.10618138
0.13005304
0.12976503
0.13151717
0.09011817
0.09265208
0.12970972
0.14939046
0.14986396
0.11290026
0.10085177
0.10313392
0.10268354
0.10265589
0.11033130
0.14816284
0.15076232
0.14673996
0.11468291
0.10495877
0.13614035
0.13192296
0.13272238
0.09206343
0.09161592
0.13248944
0.14927268
0.14883876
0.10808039
0.10106850
0.10247302
0.10122728
0.09989882
0.10877299
0.14846063
0.14991546
0.14363170
0.11954808
0.11049795
0.12707663
0.13174629
0.12881756
0.09128380
0.09174919
0.13125277
0.14938188
0.14926004
0.10956573
0.10234404
0.10270524
0.10231709
0.09889793
0.11061835
0.15162182
0.14999866
0.14146662
0.11955166
0.11085486
0.12748408
0.13209724
0.12914276
0.09125209
0.09175277
0.13455582
0.14685297
0.14765143
0.11094689
0.10244870
0.09896851
0.10047388
0.10277295
0.10580897
0.15228105
0.14995193
0.14026833
0.11922073
0.11728764
0.12533998
0.13071132
0.12072849
0.09183669
0.09136009
0.13912964
0.15051579
0.12844157
0.10238433
0.10028005
0.10251212
0.09546471
0.10663533
0.14885044
0.14824343
0.14329720
0.11775112
0.10593414
0.12971544
0.13180828
0.12978268
0.09094262
0.09186339
0.12449360
0.14859152
0.15105104
0.10116458
0.10233021
0.10086370
0.10032654
0.10663676
0.12252855
0.14902544
0.14971280
0.11155105
0.11867309
0.14013410
0.11993766
0.13041306
0.09982896
0.09100485
0.10002542
0.14957094
0.14859486
0.13867927
0.10287786
0.10160327
0.10208082
0.10244966
0.10918450
0.13158226
0.14854550
0.14992523
0.11652064
0.11834669
0.13633537
0.11406612
0.12957978
0.10713243
0.09085870
0.09084296
0.14818144
0.14884830
0.14901233
0.10162783
0.10052919
0.09867287
0.10147047
0.10545826
0.11420655
0.14927435
0.14951134
0.12866664
0.11937475
0.12253165
0.12179017
0.13197613
0.11755848
0.09121418
0.09111047
0.14802241
0.14936042
0.14774036
0.09606481
0.09784150
0.09661055
0.10006976
0.09768200
0.10939646
0.14883900
0.14949846
0.14285207
0.11787486
0.10656190
0.13022590
0.12879682
0.12023330
0.08960557
0.09204221
0.14759994
0.15038252
0.13211060
0.10245419
0.10264874
0.10251474
0.10055757
0.10838246
0.14166164
0.15156746
0.12785864
0.11988091
0.12467217
0.12192297
0.12979269
0.11706185
0.09081054
0.09115148
0.14761734
0.14682722
0.14987230
0.09589791
0.09635305
0.09822726
0.09799123
0.09534574
0.10835671
0.14848638
0.15074754
0.13439417
0.11885452
0.12083769
0.12399244
0.13019419
0.11989856
0.09137988
0.09135890
0.14355397
0.14954543
0.14933848
0.09911180
0.09939241
0.09771276
0.09784389
0.09757161
0.10938525
0.14966464
0.14986396
0.14606667
0.11289382
0.10514832
0.13560891
0.13184643
0.13299370
0.09113932
0.09212565
0.12522554
0.14940786
0.14852142
0.11708856
0.10304642
0.10239553
0.10241580
0.10248256
0.11261058
0.15130067
0.14959383
0.14397979
0.11341357
0.10541844
0.13559985
0.13203979
0.13214469
0.09144592
0.09140682
0.12106562
0.14855146
0.14879465
0.12024331
0.10197687
0.10090780
0.10243773
0.10129404
0.11215687
0.14551663
0.14970469
0.14843345
0.11212707
0.10712647
0.13643980
0.13152194
0.13230610
0.09185100
0.09144545
0.11666846
0.15079117
0.14953923
0.12308359
0.10208917
0.10257483
0.09914017
0.10035682
0.10883117
0.13837671
0.14995599
0.15136123
0.10411882
0.10647130
0.12065983
0.12823701
0.09526706
0.09093666
0.11161280
0.15112257
0.14718342
0.11481571
0.10231209
0.10236216
0.09904480
0.10023570
0.10954452
0.14911842
0.15258312
0.11985230
0.11930895
0.14163613
0.12625289
0.13226771
0.09285235
0.09125686
0.11258793
0.14873576
0.14988923
0.12575436
0.10274196
0.10026360
0.10054684
0.10281563
0.11227393
0.14972520
0.15055466
0.13919187
0.11889577
0.11295438
0.12624645
0.13176823
0.12832665
0.09252167
0.09127569
0.13498306
0.14876556
0.14859247
0.10569668
0.10223866
0.10066319
0.10249734
0.09631824
0.10831118
0.14933753
0.14924026
0.14526272
0.11412883
0.10473394
0.13577771
0.13157368
0.13103867
0.09085560
0.09126139
0.14296556
0.14878559
0.15225720
0.10248637
0.10070014
0.10057402
0.10204554
0.10375810
0.12222385
0.14947009
0.14977074
0.10804558
0.11906672
0.14173627
0.12630916
0.13028932
0.09136415
0.09083319
0.11681175
0.14987922
0.14986420
0.09795427
0.09796333
0.09828162
0.10264039
0.10274029
0.11463261
0.15217185
0.15001941
0.12050200
0.11821532
0.13293910
0.11993074
0.12628508
0.10081768
0.09107471
0.11409020
0.15184760
0.14752889
0.10277128
0.10100055
0.10236049
0.10265541
0.10944414
0.15206599
0.14964485
0.14458847
0.11502576
0.10589790
0.12951183
0.13115644
0.13304901
0.09088373
0.09215045
0.14276195
0.14741111
0.14954185
0.10197210
0.10089540
0.10096955
0.10055089
0.10023403
0.10872746
0.14974785
0.14961696
0.14292049
0.11846900
0.10460401
0.13233852
0.13178182
0.13184929
0.09132385
0.09102106
0.12609339
0.14885640
0.14733887
0.11682010
0.10290790
0.10070300
0.10223436
0.10036898
0.11003089
0.14670444
0.14968657
0.14863586
0.11249852
0.10674477
0.13583851
0.12928724
0.13271475
0.09261870
0.09107757
0.12263417
0.14865184
0.14917946
0.11983514
0.10335255
0.09912586
0.10301495
0.09979892
0.11190724
0.14763045
0.14966226
0.14921832
0.11445141
0.10482645
0.13596225
0.13212466
0.13232374
0.09123755
0.09112573
0.12102151
0.14918947
0.14864349
0.11865115
0.10006261
0.10260797
0.10269928
0.10270500
0.11234927
0.14990616
0.14951611
0.14437604
0.11588168
0.10590267
0.13319993
0.12903619
0.13167882
0.09155440
0.09083295
0.12665296
0.14898086
0.14920640
0.11511493
0.10234785
0.10091400
0.09930205
0.10114169
0.11034489
0.14463782
0.15031838
0.14890051
0.11140418
0.10809541
0.13945293
0.12937546
0.13348603
0.09218860
0.09114885
0.12128878
0.14990187
0.14680529
0.12071157
0.10119224
0.10085344
0.10192156
0.10160422
0.10798812
0.13840818
0.14936328
0.14975595
0.10824728
0.11869335
0.14014888
0.12184858
0.13240027
0.09816670
0.09136033
0.10818720
0.14820433
0.14770746
0.12863135
0.10030222
0.10006237
0.10212898
0.10075569
0.10690761
0.13541794
0.14940572
0.14984918
0.11163735
0.11038709
0.13989902
0.12970281
0.12963915
0.09322381
0.09066629
0.11334825
0.14728451
0.14825153
0.12908792
0.10059166
0.10106778
0.10175085
0.10062242
0.11188197
0.15128469
0.14935398
0.13121724
0.11764741
0.12281418
0.12178755
0.12871408
0.11765361
0.09123802
0.09112644
0.14683223
0.15134645
0.14731407
0.09991145
0.10207438
0.10266495
0.10035086
0.10555863
0.11938310
0.14906645
0.14979672
0.12840152
0.11708069
0.12707710
0.12112427
0.12990737
0.11578107
0.09208870
0.09094667
0.14867043
0.15061307
0.14994597
0.09382010
0.09729457
0.09784698
0.09991503
0.09806395
0.10838056
0.14834285
0.14916468
0.14252067
0.11377716
0.10524869
0.13521981
0.13317966
0.13224983
0.09122992
0.09102845
0.12590408
0.14439893
0.14898396
0.11779809
0.10074019
0.10249448
0.10243297
0.10250139
0.11229324
0.14996600
0.14937472
0.14592981
0.11442137
0.10506344
0.13552761
0.13151407
0.13163424
0.09167910
0.09142327
0.12420535
0.14889669
0.15051889
0.11608028
0.10205436
0.09895968
0.09936571
0.10282993
0.11080122
0.14283729
0.14963317
0.14951730
0.10626435
0.11367822
0.14064026
0.12701178
0.13420057
0.09258103
0.09160876
0.12185121
0.15086865
0.15027285
0.10322499
0.10030150
0.09979868
0.10033131
0.09743667
0.10702157
0.14867687
0.14966536
0.14473438
0.11816120
0.11520743
0.12362194
0.13141155
0.11724496
0.08815503
0.09078431
0.13928342
0.14962745
0.14859152
0.10224080
0.10190439
0.10010457
0.09724498
0.09641123
0.10823750
0.15066266
0.15222430
0.12962103
0.11894655
0.12301588
0.12471366
0.12852383
0.09256864
0.09122729
0.11205697
0.14917946
0.15017962
0.12707090
0.09861493
0.10097122
0.10013103
0.10103774
0.10690594
0.13110542
0.14926338
0.15217519
0.11471844
0.11832786
0.13795424
0.11754107
0.13188577
0.10485911
0.09134746
0.09454012
0.14893913
0.14877129
0.14435577
0.10191631
0.10060501
0.10070109
0.10026217
0.10270190
0.11597323
0.14969802
0.14985228
0.12824416
0.11853766
0.12434721
0.12057805
0.12905073
0.11983180
0.09241199
0.09128642
0.14804554
0.14937186
0.14988208
0.09580946
0.09589505
0.09736276
0.09765458
0.09790134
0.10806847
0.14859915
0.14947081
0.14440513
0.11095166
0.10908318
0.13677621
0.12963724
0.13357639
0.09233427
0.09151983
0.12141180
0.14930153
0.14865088
0.11893296
0.10065603
0.10210824
0.09853101
0.10272098
0.10631561
0.13278818
0.14815998
0.14944887
0.11377335
0.11834097
0.13788819
0.11832523
0.13238859
0.09232259
0.09098196
0.11730766
0.14790249
0.14704609
0.12119484
0.10256720
0.09900093
0.10215640
0.10089421
0.11078000
0.15072203
0.14925098
0.12501097
0.11470485
0.12421250
0.12084651
0.13122392
0.10312629
0.09092975
0.09091663
0.15206814
0.14829922
0.14830899
0.10103583
0.10034180
0.10294247
0.10270429
0.10672092
0.13467145
0.14984918
0.14820313
0.10769320
0.10409498
0.13554621
0.13012362
0.13294578
0.08958650
0.09259510
0.11489272
0.14968967
0.14886928
0.12486911
0.10018539
0.10225534
0.10046005
0.10261011
0.11152124
0.14561105
0.14994168
0.14734983
0.11284924
0.10623145
0.13761210
0.12774229
0.13332582
0.09191680
0.09133029
0.11691833
0.15089393
0.14857316
0.12457800
0.10048914
0.10246587
0.10069370
0.10261345
0.11076689
0.14137435
0.15024543
0.14898801
0.10669088
0.11610079
0.14115095
0.12620091
0.13363814
0.09264421
0.09188414
0.11258698
0.14897966
0.14886928
0.12671661
0.10236001
0.10078788
0.10204124
0.10247922
0.10942721
0.14153862
0.14976740
0.15032625
0.10461617
0.11648941
0.14065289
0.12756610
0.13456988
0.09245348
0.09044099
0.11511660
0.14977646
0.14868855
0.12461090
0.10126352
0.10162973
0.10273004
0.10230660
0.11079240
0.14306760
0.14924884
0.14909387
0.10675979
0.11202931
0.14044166
0.13077831
0.12670350
0.09173775
0.09136128
0.14788365
0.15002036
0.13859367
0.10217810
0.10295773
0.10259056
0.10290742
0.10739756
0.14407444
0.14857602
0.14968848
0.11189008
0.10818720
0.13256311
0.12914252
0.13203216
0.09131837
0.09194112
0.12386847
0.14953279
0.14879942
0.11624169
0.10161996
0.10221863
0.10079670
0.10182166
0.11170292
0.14945865
0.14934635
0.14524674
0.11642838
0.10595608
0.13279724
0.12913609
0.13213158
0.09144807
0.09168267
0.12617588
0.15166759
0.14868808
0.11367893
0.09998941
0.10065937
0.10279226
0.10249066
0.11025119
0.15162444
0.14914083
0.14467573
0.11743736
0.10603380
0.13131261
0.12965608
0.13024235
0.09225225
0.09137964
0.12324977
0.14675498
