0.00917816
0.12127924
0.12370944
0.08801889
0.08711863
0.11216807
0.14389849
0.14199710
0.13184977
0.10208392
0.10104704
0.10207748
0.10152006
0.11116242
0.14388633
0.15404034
0.15333295
0.11019921
0.11291146
0.13951039
0.13224030
0.13103771
0.09182930
0.09221864
0.11760092
0.14767265
0.15153861
0.12567520
0.10184836
0.10282445
0.10256600
0.10200667
0.11069465
0.14866424
0.14946628
0.14610791
0.11630273
0.10437942
0.13578129
0.13222814
0.13205266
0.09056163
0.08976173
0.11772943
0.14720106
0.14752078
0.12771606
0.10286379
0.10266972
0.10029936
0.09786558
0.10852385
0.14891100
0.14929914
0.14717317
0.11266303
0.10521507
0.13559747
0.13109469
0.13372517
0.09252286
0.09076166
0.11970329
0.14830995
0.15240216
0.14028788
0.10528111
0.10194111
0.10249138
0.10071683
0.10718799
0.13011408
0.14981794
0.14765596
0.12146378
0.11877561
0.13147354
0.12007546
0.12772346
0.11529469
0.09129858
0.09241486
0.15053725
0.15392423
0.15252399
0.12725329
0.10761595
0.10396647
0.10250711
0.10153413
0.11207962
0.14641452
0.15347219
0.15203309
0.11282873
0.12061882
0.14387441
0.12426472
0.13352489
0.09774375
0.09120727
0.10576391
0.14808083
0.14832234
0.13685822
0.10257816
0.10266209
0.10262847
0.10067201
0.10800123
0.13286686
0.14790463
0.14982677
0.11577201
0.11867499
0.13619590
0.11602473
0.12794185
0.10905385
0.09115911
0.09201264
0.14471579
0.14714742
0.14775825
0.09479237
0.09709978
0.09756708
0.09687304
0.09730434
0.10844398
0.14882445
0.14777899
0.14616323
0.11587763
0.10537934
0.13514709
0.13031173
0.13354778
0.09223771
0.09095454
0.11917472
0.14963245
0.14769554
0.12576294
0.10050774
0.10212493
0.10011816
0.10242224
0.10865903
0.14013100
0.14915228
0.14921737
0.10735011
0.11559892
0.14224911
0.12501669
0.13275051
0.09539962
0.09140563
0.10861444
0.15005231
0.15520549
0.15255213
0.10318756
0.10338974
0.10014582
0.09849215
0.09837842
0.10843611
0.15116286
0.15036273
0.14880371
0.11663699
0.10716677
0.13672566
0.13352871
0.13298655
0.09134126
0.09071946
0.12134314
0.14944267
0.14776731
0.12410593
0.10047102
0.10258222
0.10284019
0.10182810
0.11007714
0.13950539
0.15140700
0.15114594
0.11944389
0.12131429
0.13528490
0.11885118
0.13150024
0.10969877
0.08996010
0.09127235
0.15175939
0.14698792
0.14648914
0.10034657
0.10229874
0.10137439
0.10323000
0.10818934
0.12857628
0.15349841
0.14993238
0.11549973
0.12081122
0.13649511
0.13035941
0.12203836
0.09060335
0.08957648
0.12620616
0.14836454
0.14708328
0.11285806
0.10175014
0.10101819
0.10039711
0.10948539
0.14332604
0.14926410
0.14943862
0.11069942
0.11149764
0.14055920
0.12649417
0.13288021
0.09305167
0.08943534
0.11014104
0.15174270
0.14745498
0.12640142
0.10261440
0.10286903
0.10219407
0.10276461
0.10730791
0.13967228
0.15046883
0.14891481
0.10916781
0.11455131
0.14359021
0.13070917
0.13656068
0.09284067
0.09158587
0.11853886
0.14811873
0.14792776
0.12530756
0.10138512
0.10165286
0.10073137
0.10059476
0.10918021
0.14183426
0.14955664
0.14839244
0.10656190
0.11379623
0.13845158
0.12986827
0.13151431
0.09153485
0.09127855
0.14580703
0.14715314
0.14702058
0.09678268
0.09785604
0.10014772
0.09793711
0.09758496
0.10819650
0.14843845
0.15271950
0.14389133
0.12026858
0.11845875
0.12797761
0.12992954
0.12485385
0.09112835
0.09127402
0.13917565
0.14778161
0.14793348
0.10935450
0.10151815
0.09955978
0.09737182
0.09763432
0.11155105
0.14950156
0.14998651
0.13837028
0.12000132
0.11550260
0.12809968
0.12926841
0.12691021
0.09335780
0.09094119
0.14059377
0.15097928
0.14941454
0.11267400
0.10039711
0.10244823
0.10210371
0.10231757
0.11032844
0.14827919
0.15065789
0.14426517
0.11927462
0.11071372
0.12728357
0.13039136
0.11758995
0.09071422
0.09152269
0.14390326
0.14886308
0.14968038
0.11165714
0.10249472
0.10124326
0.10268855
0.10096598
0.11132169
0.15184617
0.14944911
0.14415359
0.11646605
0.10644007
0.13418150
0.13215423
0.13144326
0.09142780
0.09094405
0.12405229
0.14873075
0.14992714
0.13305187
0.10272503
0.10062647
0.10250378
0.10137510
0.10911560
0.13423634
0.15002728
0.15044665
0.11234498
0.11980033
0.14173532
0.12374926
0.13256311
0.09616923
0.09060049
0.10532618
0.14903378
0.14854693
0.13901258
0.10170388
0.10061836
0.10260987
0.10238290
0.10844612
0.13287878
0.14985633
0.14935327
0.11441541
0.11948872
0.13507056
0.12129331
0.13253498
0.10926437
0.08987999
0.09109473
0.15032959
0.14825296
0.14826345
0.09728551
0.09778500
0.09740400
0.09799576
0.10129523
0.11073089
0.15381336
0.15161586
0.15177631
0.10837102
0.11762309
0.14147401
0.12917233
0.13748789
0.09324574
0.09164691
0.11519098
0.14951706
0.14919806
0.13005996
0.10435343
0.10326505
0.10160208
0.10358024
0.11156130
0.14076400
0.15143538
0.15343428
0.11771750
0.12144232
0.13645077
0.11848092
0.13141060
0.10910964
0.09093475
0.09136987
0.14924216
0.14731812
0.14802551
0.09859228
0.09793735
0.09809661
0.09626532
0.09515190
0.10779142
0.14873314
0.15107965
0.14432168
0.11778545
0.10614467
0.13175702
0.12946701
0.13180041
0.09160781
0.09098721
0.12118316
0.14905453
0.15018463
0.13772130
0.10480952
0.10258389
0.10249400
0.09861302
0.10776353
0.12976003
0.14531279
0.14855576
0.12129211
0.11982298
0.12814999
0.12376618
0.12906075
0.11745977
0.09114242
0.09224319
0.14789724
0.15413928
0.15203500
0.11796379
0.10676599
0.10437822
0.10319948
0.10231757
0.11097956
0.15140748
0.15195107
0.15078759
0.11962962
0.11172819
0.12960243
0.12999797
0.13763523
0.09475970
0.09317255
0.12943220
0.15110874
0.15037704
0.13086891
0.10499120
0.10210299
0.10100508
0.10298419
0.11131239
0.14793229
0.14969945
0.14444637
0.11286235
0.10555959
0.13181233
0.13092351
0.13241959
0.09203863
0.09212017
0.14046645
0.15021014
0.14879155
0.10561419
0.09680629
0.09644341
0.10171723
0.10435128
0.11157465
0.15055442
0.14941311
0.13745093
0.11907887
0.12300730
0.12098908
0.13258648
0.11629415
0.09147429
0.09081507
0.14459968
0.15075731
0.15412736
0.10784101
0.10346937
0.10204077
0.10167408
0.10039210
0.10907602
0.15041351
0.15025520
0.14075160
0.11926579
0.11326170
0.12903261
0.13027978
0.12784672
0.09264970
0.09117055
0.13437390
0.15087581
0.15353966
0.12663841
0.10343075
0.10383582
0.10072756
0.10089946
0.10917330
0.13603163
0.15009904
0.15037656
0.11361694
0.11957622
0.14152145
0.12375259
0.13236332
0.09592175
0.08901453
0.09946299
0.14914274
0.14913368
0.14334655
0.10159612
0.10258150
0.10267568
0.10085726
0.10431886
0.12393808
0.14930677
0.14986920
0.12417817
0.11973119
0.12823558
0.12224913
0.13114691
0.11491489
0.09226751
0.09213996
0.15091372
0.14916945
0.14963508
0.10451818
0.10141563
0.10080147
0.10146189
0.10050893
0.10859799
0.15159059
0.14974117
0.14430666
0.11927629
0.10779500
0.12950253
0.12956405
0.13829255
0.09551430
0.09460378
0.12355995
0.14972019
0.15057659
0.13774443
0.10554218
0.10137129
0.10072255
0.10231566
0.10789895
0.12957931
0.15042257
0.14980316
0.12156272
0.11922121
0.13365102
0.11936355
0.13087225
0.10826898
0.09112549
0.09129310
0.14849854
0.15000272
0.15107918
0.11296320
0.10205960
0.10291767
0.10255718
0.10235572
0.11093593
0.15098286
0.15014434
0.14770269
0.11459613
0.10481858
0.13659620
0.12951064
0.13047528
0.09192657
0.09041572
0.11307931
0.14780045
0.14816236
0.13496780
0.10150766
0.10129738
0.10265422
0.10082364
0.10857081
0.12804103
0.15243626
0.14834404
0.11700892
0.11933804
0.13516498
0.12037826
0.13113213
0.10787010
0.09105492
0.09110522
0.15123487
0.15163970
0.14981985
0.10186148
0.10240626
0.10288572
0.10251999
0.10343909
0.11796808
0.15161538
0.15138149
0.12816262
0.11952162
0.12570930
0.12397122
0.12784886
0.12153864
0.09217691
0.09116316
0.14379525
0.14811587
0.15185809
0.10704803
0.10523510
0.10094261
0.10032034
0.10098028
0.11013126
0.14956760
0.14814377
0.14560938
0.11481690
0.10654163
0.13750935
0.13385892
0.13266706
0.09338212
0.09147429
0.12505031
0.14911628
0.14784265
0.12154388
0.10317349
0.10059166
0.10179162
0.10286927
0.11018205
0.14176989
0.15087032
0.15135980
0.11300254
0.12084866
0.14336610
0.12791348
0.13651109
0.09609818
0.09347630
0.11073589
0.15096879
0.15142012
0.14057016
0.10291910
0.10045671
0.10246491
0.10258150
0.10561085
0.12773681
0.15116262
0.15189314
0.12076306
0.11719155
0.12946486
0.12132120
0.12947249
0.11315751
0.09122396
0.09142828
0.15103745
0.14751911
0.14833021
0.09485888
0.09548974
0.09595203
0.09586835
0.09762287
0.10737705
0.14866662
0.15062785
0.14422941
0.11822462
0.10605669
0.13066125
0.12935972
0.13293529
0.09103298
0.09236622
0.12373900
0.14838219
0.15039134
0.13700247
0.10524702
0.10421109
0.10131812
0.10045910
0.10812950
0.12786913
0.14993095
0.15187192
0.12235165
0.11925387
0.12880373
0.12025452
0.13413882
0.11807728
0.09159493
0.08930111
0.14351726
0.14763999
0.14789367
0.10508180
0.10269380
0.10126185
0.10046124
0.10250401
0.11176419
0.15179300
0.15238476
0.15380430
0.11440802
0.12090492
0.13919759
0.11683059
0.13127041
0.10742688
0.09159803
0.09251142
0.15116239
0.14740610
0.14792466
0.09632540
0.09462523
0.09504437
0.09846568
0.09774613
0.10832238
0.15066600
0.15110397
0.14379191
0.11826730
0.10618424
0.13076353
0.12948966
0.13230801
0.09033751
0.09127307
0.11679196
0.14915347
0.15156555
0.12429714
0.10232496
0.10293150
0.10219836
0.10059166
0.10880494
0.14312315
0.15031290
0.14885807
0.10560393
0.11486864
0.14150834
0.12613893
0.13395619
0.09200001
0.09151983
0.11036062
0.15196013
0.15153837
0.15288591
0.10493255
0.10314703
0.10332060
0.10296416
0.10539699
0.11753249
0.15059924
0.15001130
0.13291812
0.12035394
0.12034154
0.12552524
0.13064075
0.11791348
0.09084034
0.09250093
0.13920951
0.14874148
0.14742637
0.10507679
0.10093927
0.10113978
0.10016060
0.10421658
0.11349845
0.15205336
0.15359020
0.15220475
0.11384964
0.12300634
0.14420080
0.12826538
0.13232398
0.09513402
0.09114623
0.11005664
0.14722991
0.14795160
0.13561773
0.10313058
0.10159564
0.10280228
0.10172081
0.10959888
0.13546062
0.15151310
0.15060687
0.12603974
0.12318492
0.13135886
0.12067413
0.13036561
0.11395073
0.09027386
0.09103131
0.14878297
0.15013885
0.14793134
0.09692359
0.09514999
0.09754920
0.09742236
0.09621763
0.10844183
0.14726067
0.14957952
0.14558911
0.11589456
0.10593319
0.13707662
0.13311982
0.13263869
0.09132576
0.09111285
0.12564015
0.14742208
0.14701700
0.11695886
0.10089874
0.10214806
0.10219860
0.10128355
0.11187863
0.14335918
0.14902401
0.14795518
0.10495400
0.11680508
0.14302325
0.12211680
0.13247204
0.09704971
0.09009647
0.09698129
0.14799786
0.15132403
0.14870214
0.09992838
0.10241508
0.10037088
0.10097671
0.10552120
0.11762619
0.15002203
0.14961839
0.12927699
0.11999369
0.11833763
0.12754607
0.13084197
0.12599802
0.09273815
0.09133053
0.14045954
0.14922786
0.14810729
0.10794139
0.10227990
0.10028601
0.10032821
0.10005260
0.10831332
0.14927030
0.14902616
0.14448953
0.11571503
0.10645533
0.13656068
0.13185906
0.13218665
0.09101057
0.09033012
0.11690521
0.15223169
0.14887261
0.13299775
0.09890676
0.10109258
0.10075045
0.10043359
0.10759091
0.12181401
0.14963412
0.14793921
0.12245679
0.11725426
0.12675524
0.12242031
0.13144636
0.12310481
0.09249544
0.09004593
0.14049006
0.14971876
0.14757538
0.10493398
0.10306001
0.10157871
0.10407090
0.10101795
0.11447549
0.15149093
0.15370297
