0.00904942
0.14249587
0.09013534
0.09414601
0.09564018
0.09590411
0.09803295
0.10734105
0.14165306
0.14940643
0.15077376
0.10704136
0.11246443
0.14097333
0.12763166
0.13147902
0.09234929
0.09135556
0.11248374
0.14952826
0.15425014
0.15626931
0.10343885
0.09954929
0.09931064
0.09481502
0.09633112
0.10962677
0.15193915
0.15060711
0.14873219
0.11341667
0.10585642
0.13628840
0.13244891
0.13147187
0.09184051
0.09140086
0.13014889
0.14914441
0.14886665
0.11595798
0.10116935
0.10253191
0.10301256
0.10060382
0.11394954
0.14682269
0.15186524
0.15223455
0.10649109
0.11779690
0.14040637
0.12516403
0.13259220
0.09625864
0.09104729
0.10869718
0.14894772
0.14675379
0.13495183
0.10108352
0.10067153
0.10071397
0.10314226
0.10849428
0.12663794
0.15041900
0.15247655
0.13023591
0.12050867
0.12614918
0.12423038
0.13020134
0.12177706
0.08944845
0.09172988
0.14959955
0.14721251
0.14318633
0.10116458
0.10323048
0.09491634
0.09576869
0.10810614
0.14834380
0.15080523
0.13649511
0.11835384
0.11613512
0.12862968
0.13139772
0.12756634
0.09138823
0.09157252
0.14856863
0.14498663
0.15043902
0.10045218
0.10153270
0.09826398
0.09551930
0.09634495
0.10637903
0.15031052
0.15153098
0.14436865
0.11691523
0.10559344
0.13280392
0.13022065
0.13087940
0.09182930
0.10719872
0.14877605
0.14867854
0.12579679
0.10237956
0.10206127
0.10139537
0.10241580
0.11107612
0.14377284
0.14936686
0.14912963
0.10779834
0.11200404
0.14098167
0.12552118
0.13353896
0.09136915
0.09074879
0.10993958
0.14815569
0.14821792
0.13134360
0.10209155
0.10204411
0.10206676
0.10111356
0.11037874
0.14160442
0.14957738
0.15203834
0.10583138
0.11759043
0.14208794
0.12595630
0.13212824
0.09588814
0.09312558
0.11213207
0.14931202
0.14994884
0.13063049
0.10172439
0.10278606
0.10300875
0.10101271
0.10778928
0.13965440
0.14961362
0.15120888
0.11181879
0.11798191
0.14050102
0.12040257
0.12957764
0.09974813
0.09064078
0.09849668
0.14908862
0.14899325
0.14261174
0.10214281
0.09964299
0.10207868
0.10227990
0.10704422
0.13020658
0.14923286
0.14943910
0.11657047
0.11781096
0.13105583
0.11658216
0.13041639
0.10940194
0.09057117
0.09057236
0.15184307
0.15343451
0.15029097
0.09646964
0.09659290
0.09693217
0.09707880
0.09944940
0.10784054
0.14869142
0.15181923
0.14405513
0.11969900
0.11000776
0.12749481
0.13160729
0.12173438
0.09106827
0.09123778
0.13667560
0.15156603
0.14973807
0.11727929
0.10196686
0.10290575
0.10137606
0.10239077
0.10964298
0.14844847
0.14943004
0.14357376
0.11480498
0.10561800
0.13605666
0.12975121
0.13406968
0.08929443
0.09039354
0.13773870
0.14934564
0.15009785
0.11043906
0.10368800
0.10218787
0.10097384
0.10431290
0.11499953
0.14875150
0.14927506
0.13244772
0.11930418
0.12759686
0.12178755
0.12874746
0.11628723
0.09156895
0.11657476
0.15296650
0.15544176
0.14985394
0.10646248
0.10415936
0.10434890
0.10355377
0.10772443
0.12734413
0.15226436
0.15161371
0.12881064
0.12111950
0.12649012
0.12233496
0.13150716
0.11517811
0.09102368
0.09093952
0.14795947
0.15092897
0.14887214
0.09627008
0.09948635
0.09929776
0.09874630
0.10104990
0.11142111
0.14961767
0.15032887
0.15088177
0.10686135
0.11835384
0.14168191
0.12913179
0.13308549
0.09296966
0.09139371
0.11481786
0.14921045
0.15078878
0.12481594
0.10090780
0.10083818
0.10224891
0.10070753
0.11014414
0.13925648
0.14940190
0.15054011
0.10778999
0.11789560
0.13797736
0.12064338
0.13021588
0.10000038
0.09109592
0.09908056
0.14952564
0.14828920
0.14051437
0.10173774
0.10233378
0.10193777
0.10182786
0.10699010
0.12820196
0.15096426
0.15120625
0.12638831
0.11960816
0.12651801
0.12374306
0.12836123
0.12079358
0.09174776
0.09083819
0.14395881
0.14849401
0.14771199
0.10079980
0.10175037
0.10012794
0.09814548
0.09733963
0.10904360
0.15094209
0.15019035
0.15041971
0.11211991
0.11011004
0.14001942
0.12977672
0.13343692
0.09155011
0.09078956
0.11558890
0.14991832
0.14864445
0.13259220
0.10141039
0.10057139
0.10239697
0.10133862
0.10665941
0.13288379
0.14909673
0.14982462
0.10951042
0.11125159
0.13481140
0.13180375
0.13403034
0.09284639
0.09063148
0.11665916
0.14793849
0.14851451
0.12401509
0.10275555
0.10208583
0.10312057
0.10237241
0.10831594
0.15269876
0.15097308
0.15156817
0.12213969
0.13133478
0.12202168
0.13046455
0.11061263
0.09264946
0.09080124
0.15059018
0.14858460
0.14932227
0.09769654
0.09776711
0.09706092
0.09512830
0.10880733
0.15018272
0.14897990
0.13525033
0.11779070
0.11670899
0.12861371
0.13012695
0.12957835
0.09218383
0.09077477
0.13686895
0.15056062
0.14939237
0.11700296
0.10584927
0.10122204
0.10163212
0.10181022
0.11030483
0.15171289
0.14918232
0.14683008
0.11635113
0.10575485
0.13559246
0.13147092
0.13182974
0.09161091
0.09151864
0.12463951
0.14723444
0.14731956
0.12307739
0.10211778
0.10302043
0.10344648
0.10452580
0.11166215
0.14724207
0.15210652
0.15199351
0.11740232
0.12218356
0.13972592
0.11642814
0.13294220
0.10539079
0.09129119
0.09206033
0.14893937
0.14748240
0.14787388
0.09515572
0.09552479
0.09834743
0.09817171
0.09878135
0.11065030
0.14563012
0.15047884
0.14735842
0.11416221
0.10468292
0.13678408
0.12958002
0.13357425
0.09175396
0.09086680
0.12114692
0.14833188
0.15138793
0.12737536
0.10274005
0.10217047
0.10011220
0.10106301
0.10900593
0.13597274
0.15122271
0.15002632
0.10910535
0.11947417
0.14331126
0.12406540
0.13056421
0.09959674
0.09064746
0.10067558
0.14781380
0.14873862
0.14839363
0.10202694
0.09961104
0.10204005
0.10019255
0.10367370
0.11902547
0.14962888
0.14924049
0.12918830
0.11850905
0.12556076
0.12393284
0.13127232
0.12170649
0.09238720
0.09320784
0.14787030
0.15085745
0.15111303
0.09814167
0.09793544
0.09837151
0.09711766
0.09775805
0.10799599
0.15021205
0.15023637
0.14357162
0.11778688
0.10674548
0.13299632
0.13449025
0.13231707
0.09131265
0.09076214
0.12574077
0.15138221
0.14908242
0.12509608
0.10480404
0.10215044
0.10243559
0.09865522
0.10875869
0.13872647
0.14912128
0.15118957
0.10903239
0.11947179
0.14158249
0.12550402
0.13211679
0.09571218
0.09074473
0.10985780
0.15000772
0.14869666
0.12997937
0.10232258
0.10032034
0.10293627
0.10288787
0.11025357
0.14024758
0.15133333
0.15164304
0.11815834
0.12006831
0.13758731
0.11762953
0.13187933
0.10946107
0.09095669
0.09231234
0.14904356
0.15114379
0.14790726
0.10176849
0.10239315
0.10278511
0.10257196
0.10453916
0.10957503
0.14445257
0.14469028
0.13211107
0.11935449
0.11524248
0.12897110
0.12676954
0.12629247
0.09111023
0.09132981
0.13582015
0.15360165
0.15407872
0.13055587
0.10632801
0.10385823
0.10119963
0.10270524
0.10777092
0.13850975
0.14993167
0.14950180
0.11545372
0.11746883
0.13260913
0.12024021
0.12967277
0.11258245
0.09127879
0.08824706
0.14747429
0.15004539
0.15276217
0.10306072
0.10287857
0.09836125
0.09829688
0.09982777
0.10881281
0.14802933
0.14818263
0.14813232
0.10801077
0.11244464
0.13990331
0.12716031
0.13166285
0.09580135
0.09169674
0.11551166
0.14890003
0.14806366
0.13245535
0.10111499
0.10279632
0.09888148
0.10262418
0.10644817
0.12758160
0.15165949
0.14956927
0.12042999
0.11965656
0.12590790
0.12338853
0.12876415
0.11817741
0.08938241
0.09145045
0.14350104
0.15004563
0.15109611
0.09969568
0.10092640
0.10099626
0.09672785
0.09892201
0.10779619
0.15258336
0.15207744
0.15198112
0.10969448
0.11807466
0.14310789
0.12757635
0.13250089
0.09305620
0.09031558
0.10456157
0.14787745
0.14786458
0.14024520
0.10131073
0.10203385
0.10044527
0.10281968
0.10742331
0.12605691
0.14967155
0.14963269
0.12031722
0.11824584
0.13171864
0.12037444
0.13119888
0.11124277
0.09133363
0.09028268
0.14652848
0.14926481
0.14928579
0.10867405
0.10122561
0.10064340
0.10159302
0.10024786
0.11030698
0.14892983
0.15034723
0.14480495
0.11625361
0.10629392
0.13368750
0.13053966
0.12991405
0.09186101
0.09119153
0.11834240
0.15067077
0.15210629
0.13282037
0.10271955
0.10280728
0.10250187
0.10267472
0.10756278
0.13370085
0.15034795
0.14867115
0.11311245
0.11961079
0.13801312
0.11640429
0.13156724
0.10500669
0.09106517
0.09117484
0.15190220
0.14981484
0.14828634
0.10203195
0.09957504
0.10071301
0.10253978
0.10254169
0.11123896
0.14943123
0.14992023
0.13425708
0.11892223
0.11703444
0.12988782
0.13008881
0.12589884
0.09143376
0.09103179
0.13645506
0.14828253
0.14916420
0.10581303
0.10058188
0.09968138
0.10234785
0.10079885
0.11084247
0.14829397
0.15047932
0.14583778
0.11047006
0.10798836
0.13828444
0.13432074
0.13162017
0.09330988
0.09132648
0.11744833
0.14947629
0.14878535
0.12469912
0.10107207
0.10163665
0.10053253
0.10181189
0.10829997
0.13880157
0.14878774
0.15037417
0.11529374
0.11923122
0.13796449
0.11680746
0.12881517
0.10869598
0.08946490
0.09202862
0.15156770
0.15241075
0.15466213
0.11890745
0.10618782
0.10338664
0.10248828
0.10417104
0.11340427
0.14999318
0.15203834
0.15219712
0.11110592
0.12199521
0.14021850
0.12320137
0.13180995
0.10069132
0.09096432
0.10619187
0.15105772
0.14735150
0.13589334
0.10041332
0.10252380
0.10185456
0.10297322
0.10625148
0.13127780
0.14967847
0.14981270
0.11796522
0.11811042
0.13624978
0.11939692
0.12847066
0.10894513
0.09049058
0.09342575
0.14936328
0.15133357
0.15062284
0.09879684
0.09524107
0.09615850
0.09867620
0.09653449
0.11024046
0.14840651
0.14731479
0.14865088
0.11122441
0.10935330
0.14115047
0.13335657
0.13756943
0.09267879
0.09155297
0.11488962
0.14925623
0.15040803
0.13382125
0.10159707
0.10258341
0.09965491
0.10042048
0.10739112
0.13636255
0.15007067
0.15037513
0.11276889
0.11960125
0.14162683
0.12070847
0.13339782
0.10175514
0.09242988
0.09413195
0.14893723
0.15025401
0.15141368
0.10335422
0.09848499
0.10222912
0.10284162
0.10294938
0.11449218
0.14992762
0.15299225
0.13556147
0.12081146
0.11838555
0.12649894
0.13115358
0.12289596
0.09228921
0.09242415
0.13799477
0.14910579
0.14927626
0.10552168
0.10267115
0.10029268
0.10015678
0.10132289
0.10988665
0.14602280
0.14980602
0.14889836
0.10941505
0.10866785
0.14024472
0.13123894
0.13210416
0.09190869
0.09206510
0.11723518
0.15139222
0.15280437
0.15417671
0.10764599
0.10410953
0.10177493
0.10217118
0.10588527
0.11286044
0.15127945
0.15207839
0.14308071
0.12067914
0.11517906
0.12913251
0.12671328
0.12733316
0.09063053
0.09038234
0.13763833
0.14889240
0.14724588
0.10896039
0.10071182
0.10047698
0.10372424
0.10156155
0.11152411
0.15046287
0.15190935
0.15251851
0.11029148
0.12005663
0.14182305
0.12745333
0.13235879
0.09515381
0.09015107
0.10812306
0.14933968
0.15006280
0.13394046
0.10095477
0.10316539
0.10133862
0.10295248
0.11096835
0.13844275
0.15052748
0.15213752
0.12518907
0.12191677
0.13137650
0.12158418
0.13040709
0.11639047
0.09172988
0.09088326
0.14789057
0.15093446
0.14967132
0.09680772
0.09530830
0.09802055
0.09802747
0.09782934
0.10894966
0.15143895
0.14965701
0.14454603
0.11783719
0.10641098
0.13171434
0.13084841
0.13060904
0.09181213
0.09137726
0.11761951
0.14578128
0.15128326
0.13742614
0.10580850
0.10381675
0.10177279
0.10262179
0.11016846
0.13991618
0.14981461
0.15034676
0.10854340
0.11653733
0.14255762
0.12566781
0.13256431
0.09614754
0.08925891
0.09263945
0.14951968
0.14956546
0.14769292
0.10056424
0.10253525
0.10099602
0.09882331
0.10468554
0.11945391
0.14974856
0.15066576
0.12739158
0.11865878
0.12327075
0.12458563
0.13073134
0.12019372
0.09110117
0.08891416
0.14380956
0.15444493
0.15833902
0.09785008
0.09767151
0.09761620
0.10095191
0.09854984
0.11075544
0.15487576
0.15323400
0.14970064
0.11835623
0.11250091
0.13166571
0.13263059
0.13356185
0.09361815
0.09367537
0.13829780
0.15416503
0.15359855
0.10358357
0.10129571
0.10284877
0.10085630
0.10175729
0.10996866
0.15432930
0.15601397
0.15193701
0.12144685
0.11188626
0.13433099
0.13400578
0.13700080
0.09706140
0.09473705
0.14106703
0.15472794
0.15534043
0.11613131
0.10717058
0.10586119
0.10256577
0.10005498
0.10923862
0.15680480
0.15454173
0.14238548
0.12347698
0.12238073
0.12873030
0.13421988
0.12210107
0.09398031
0.09309888
0.14942169
0.15636039
0.15375471
0.10543370
0.10496664
0.10319972
0.10467911
0.10767508
0.13185930
0.14998507
0.15016508
0.12374616
0.11853242
0.12896276
0.11991501
0.12918806
0.11509132
0.09009624
0.09170103
0.14769912
0.14782047
0.14851141
0.09914517
0.09378195
0.09482908
0.09788179
0.09874606
0.10766625
0.14878964
0.14834094
0.14371467
0.11802769
0.10317826
0.13233709
0.13087273
0.13205647
0.09053254
0.08902693
0.11865091
0.14669180
0.14848971
0.12380648
0.10232186
0.10006213
0.10051036
0.09994435
0.10907054
0.13929081
0.14972425
0.14883018
0.11108708
0.11890531
0.14309144
0.13193297
0.13774514
0.09299231
0.09344053
0.12551761
0.15258718
0.15355182
0.11831880
0.10571790
0.10289454
0.10560060
0.10049820
0.11129856
0.15398240
0.15432096
0.14252734
0.12270379
0.12244081
0.12954092
0.13702130
0.12042165
0.09356952
0.09330344
0.15465856
0.15562057
0.15335631
0.10432386
0.10273242
0.10281563
0.10511851
0.10847259
0.12673354
0.15444064
0.15485787
0.12242389
0.12042999
0.13852501
0.12330294
0.13296151
0.11094975
0.09257364
0.09373450
0.15446782
0.15133262
0.15065718
0.10384512
0.10486031
0.10151339
0.10498524
0.10863495
0.12954164
0.15432358
0.15580678
0.11811781
0.12237525
0.13649750
0.11956048
0.13505578
0.10487366
0.09349895
0.10158706
0.15445209
0.15451598
0.14151645
0.10356903
0.10206962
0.10302544
0.10322666
0.11079860
0.14405465
0.15389442
0.15541816
0.10958767
0.11709476
0.14498401
0.13255882
0.13591027
0.09382224
0.09436655
0.12644601
0.15499997
0.15515351
0.11376095
0.10510349
0.10321379
0.10314870
0.10006189
0.10982656
0.15386271
0.15578914
0.14290547
0.12200618
0.11916327
0.13064146
0.13325691
0.12477160
0.09201932
0.09355569
0.14616466
0.15524459
0.15772367
0.11050272
0.10565495
0.10170650
0.10177422
0.10061884
0.11131763
0.15527725
0.15469670
0.14219093
0.12206030
0.12253428
0.12800789
0.13376403
0.12222528
0.09367704
0.09322119
0.15536141
0.15791368
0.15705991
0.10263753
0.10347939
0.10070038
0.09849811
0.09817719
0.10899687
0.15494323
0.15411234
0.14304948
0.12060237
0.11986732
0.13272858
0.13059807
0.12732911
0.09407926
0.09398866
0.14773345
0.15930319
0.15829396
0.12704945
0.10816646
0.10691047
0.10362267
0.10339928
0.11289287
0.15161514
0.15613961
0.15539026
0.11498809
0.11151242
0.13765931
0.13609290
0.13873434
0.09438086
0.09448433
0.13960338
0.15535975
0.15568995
0.11145043
0.10448527
0.10321450
0.10363650
0.09993863
0.10892677
0.15291357
0.15333867
0.14430737
0.12179589
0.11812305
0.12937546
0.13192821
0.12515426
0.09452796
0.09385657
0.15215492
0.15385485
0.15343738
0.10302734
0.10416150
0.10396719
0.10385990
0.11063480
0.13778782
0.15268588
0.15685391
0.10757422
0.11809468
0.14332891
0.13489771
0.13259196
0.09699059
0.09274173
0.14291978
0.15201139
0.15459490
0.10629344
0.10364962
0.10090733
0.10094571
0.09903836
0.10888028
0.15626907
0.15866899
0.14628482
0.12210035
0.12174201
0.12885833
0.13442183
0.12110472
0.09312010
0.09455967
0.15598273
0.15551734
0.14876032
0.10216999
0.10415792
0.10471392
0.10359907
0.10716486
0.13630295
0.15687728
0.15142035
0.11349583
0.11740184
0.14394975
0.13482285
0.13575315
0.09364676
0.09391046
0.14054012
0.15602136
0.15155005
0.10280943
0.10135865
0.10080194
0.09851623
0.09864926
0.10843229
0.15524197
0.15649533
0.13880754
0.12223339
0.12225342
0.12761092
0.13525009
0.11991692
0.09275985
0.09311056
0.15333152
0.15381885
0.14944434
0.10239005
0.10398412
0.10265946
0.10466266
0.10968041
0.13973141
0.15241289
0.15328789
0.11410737
0.12164831
0.14387751
0.13479590
0.14451385
0.09852362
0.10005760
0.12862301
0.15723634
0.16025138
0.14202762
0.10889339
0.10531068
0.10539126
0.10508704
0.11223698
0.14943457
0.15589356
0.15458822
0.11428857
0.11250210
0.13914919
0.12947798
0.13734150
0.09474349
0.09337068
0.12890577
0.15387702
0.15847540
0.13243413
0.10682988
0.10399747
0.10554242
0.10341215
0.11531711
0.15631318
0.15472746
0.14694357
0.12357783
0.11560178
0.13194585
0.12922668
0.13050985
0.09382081
0.09364724
0.14465952
0.15452695
0.15503740
0.10317159
0.10094905
0.09882545
0.10131359
0.10036850
0.10918236
0.15125751
0.15386510
0.14569974
0.12185240
0.11796832
0.13231468
0.13703012
0.12539935
0.09574008
0.09224653
0.14847302
0.15394330
0.15693402
0.10560560
0.10458970
0.10469246
0.10598087
0.11263633
0.14446354
0.15419626
0.15375018
0.11175537
0.11323166
0.14209127
0.13978887
0.13403511
0.09535432
0.09568310
0.14387822
0.15449095
0.15250444
0.10506773
0.10320520
0.10201335
0.10014462
0.10325360
0.11360121
0.15561676
0.15620041
0.14820862
0.12619472
0.11862016
0.13161993
0.13723063
0.12507415
0.09594941
0.09587383
0.14974284
0.15146804
0.15599561
0.10163975
0.10485339
0.10627317
0.10420060
0.10925889
0.12689972
0.15544534
0.15449357
0.13433170
0.12525535
0.12824941
0.12573838
0.13447094
0.11858654
0.09613919
0.09920168
0.15404129
0.15456057
0.14461637
0.10585523
0.10320902
0.10509109
0.10780740
0.10468340
0.13427973
0.14768004
