0.01198149
0.14051056
0.11347103
0.11364937
0.12927747
0.11514831
0.12420392
0.11178756
0.08891821
0.08852816
0.13382912
0.14517450
0.14316058
0.10697293
0.09979701
0.09934092
0.09838867
0.09742475
0.10530543
0.13230133
0.14347839
0.14420843
0.12405157
0.11561179
0.11641598
0.12228608
0.12614202
0.12244630
0.08832026
0.08981538
0.14107800
0.14461374
0.14538980
0.09546876
0.09599280
0.09744167
0.09767532
0.10133696
0.11852050
0.14511204
0.14546871
0.12165451
0.11622739
0.11947250
0.12077284
0.12732434
0.11808491
0.08859491
0.08905363
0.13265777
0.14270711
0.14678645
0.11308312
0.10033894
0.09649563
0.09777975
0.09957004
0.10503626
0.12646747
0.14476228
0.14585495
0.11916828
0.11329937
0.12169385
0.11829805
0.12435269
0.11741519
0.08664584
0.08857918
0.13090205
0.14647603
0.14771199
0.12165403
0.10096622
0.09983778
0.09593844
0.09787273
0.10147667
0.11754251
0.14476585
0.14558291
0.12564468
0.11608291
0.10868239
0.12393665
0.12729287
0.12472630
0.08724117
0.08860826
0.11459804
0.14667988
0.15190887
0.14153433
0.10476637
0.09901738
0.09879375
0.09990001
0.10343695
0.11030936
0.14512134
0.14608979
0.13324046
0.11709428
0.10394144
0.12846565
0.12670493
0.12615442
0.08891726
0.08711171
0.10353446
0.14424729
0.14429140
0.13516760
0.10001612
0.09790707
0.09983444
0.09764194
0.10254455
0.11051917
0.14756608
0.14565468
0.13966060
0.11342311
0.10361981
0.13045454
0.12521935
0.12822413
0.08950615
0.08952045
0.10091543
0.14585304
0.14452434
0.13856864
0.10044646
0.09835625
0.09906340
0.09908342
0.10719895
0.13736010
0.15042329
0.15238428
0.11529255
0.11785841
0.12602019
0.11537814
0.12952280
0.11553264
0.08847547
0.10553837
0.14287233
0.14623833
0.13472605
0.09587717
0.09774256
0.09758496
0.09617877
0.09877348
0.10164881
0.14562821
0.14698410
0.14079356
0.11228061
0.10229969
0.13361955
0.12322402
0.12880373
0.08839774
0.08841181
0.13849092
0.14275765
0.14267898
0.10661960
0.09950352
0.09758854
0.09973693
0.09785342
0.10673499
0.13790131
0.14520025
0.14512110
0.10735941
0.11793900
0.13556790
0.11431265
0.12647414
0.10770082
0.08961129
0.08870387
0.14331841
0.14310670
0.14445877
0.10265827
0.09803367
0.09779692
0.09803629
0.09953570
0.10798311
0.14310122
0.14469576
0.14455557
0.10617828
0.10794854
0.13767886
0.12405443
0.12767529
0.09591842
0.08861303
0.09160995
0.14451718
0.14497423
0.14506054
0.09473515
0.09321666
0.09272456
0.09485173
0.09618831
0.10719371
0.13901520
0.14546633
0.14431500
0.10215473
0.11617494
0.13326216
0.11462092
0.12637281
0.10662770
0.08878565
0.08857656
0.14106774
0.15243888
0.15277100
0.11452913
0.10200286
0.09941769
0.09807611
0.09766793
0.10766721
0.13730359
0.14554453
0.14585972
0.11114240
0.11444688
0.13014579
0.11520958
0.12751269
0.11083388
0.08713412
0.08861494
0.13934875
0.14463329
0.14332056
0.10580206
0.09904504
0.09995747
0.09788084
0.09737396
0.10531378
0.13442230
0.14479852
0.14458394
0.10936809
0.11572123
0.12599897
0.11543798
0.12338924
0.11552048
0.08827257
0.08904791
0.13411856
0.14646792
0.14235139
0.11630416
0.09755158
0.09910583
0.09741855
0.09993148
0.10420632
0.13002205
0.14487576
0.14561200
0.11560726
0.11737204
0.12591338
0.11785889
0.12961531
0.11540747
0.09024143
0.08843684
0.13734102
0.14307523
0.14325380
0.10646725
0.09809709
0.09841251
0.09873390
0.09828448
0.10436130
0.12473559
0.14685202
0.14827323
0.12530208
0.11777806
0.11902976
0.12278962
0.12669468
0.11842370
0.08906150
0.08882594
0.13036346
0.14490819
0.14513302
0.11164427
0.09771061
0.09918499
0.09762406
0.09761214
0.10752511
0.12992096
0.14641333
0.14443135
0.11046529
0.11609578
0.12980080
0.11569810
0.12619567
0.10872889
0.08874321
0.08844757
0.14167380
0.14545035
0.14611077
0.10249472
0.09824610
0.09771705
0.09746718
0.09968090
0.10664463
0.13780761
0.14465857
0.14459276
0.10630512
0.11620808
0.13253188
0.12359953
0.12752748
0.09504390
0.08908200
0.10373926
0.14577746
0.14455605
0.13039398
0.09899235
0.09987879
0.09721470
0.09617400
0.10336280
0.11906433
0.14533138
0.14488482
0.10382223
0.11089706
0.13735247
0.12188554
0.12754989
0.09288192
0.08889914
0.09795904
0.14482927
0.14538097
0.14231086
0.09976220
0.09732938
0.09774375
0.09776449
0.10165238
0.10762978
0.14458489
0.14467406
0.12666345
0.11617756
0.11628270
0.12216306
0.12656236
0.12262535
0.08925056
0.08920050
0.12834167
0.14296770
0.14516926
0.11838055
0.09981751
0.09793425
0.09798813
0.09784675
0.10379362
0.12286520
0.14608312
0.14570165
0.11489677
0.11658072
0.12418079
0.11837912
0.12804651
0.11826992
0.08839321
0.08888340
0.13416982
0.14294577
0.14309525
0.11096120
0.09992599
0.09973788
0.09905028
0.09937954
0.10812259
0.15228200
0.15322900
0.15241313
0.10962868
0.11658478
0.13595891
0.11598611
0.12706423
0.10796499
0.08741760
0.08888507
0.14076161
0.14631176
0.14827847
0.10056329
0.10351610
0.09826612
0.09623981
0.09454346
0.10417032
0.14760494
0.14659357
0.14716411
0.10930252
0.11659861
0.13884354
0.11747932
0.12527776
0.10465789
0.08876634
0.08862996
0.14637780
0.14281392
0.14473867
0.09665155
0.09756899
0.09738588
0.09794664
0.09826064
0.10705328
0.14266682
0.14611387
0.14683056
0.10769606
0.11848044
0.13192534
0.11459875
0.12652087
0.10726786
0.08898163
0.08969736
0.14111447
0.14512539
0.13822365
0.10341096
0.10018206
0.10093379
0.10063267
0.10060620
0.11082053
0.15192342
0.14833069
0.14680910
0.11669827
0.10699344
0.13330770
0.12550259
0.12539411
0.08904576
0.08893156
0.10248280
0.14279509
0.14327979
0.14163065
0.09770179
0.09852910
0.09630609
0.09768081
0.09536695
0.10126066
0.14729834
0.14476991
0.14240193
0.11052132
0.10416341
0.13653326
0.12738442
0.12904477
0.08853912
0.08834362
0.10504651
0.15043545
0.14988017
0.15302467
0.10535216
0.10111666
0.09770298
0.09782147
0.09500265
0.10214877
0.14477324
0.14533138
0.14619422
0.10727191
0.10977149
0.13766599
0.12476468
0.12717414
0.09336996
0.08864570
0.10113740
0.14319992
0.14619875
0.14435363
0.09905529
0.09763837
0.09744906
0.09826207
0.10155487
0.11008263
0.14487386
0.14566278
0.13548923
0.11636209
0.10472083
0.13044477
0.12722826
0.12814283
0.09038329
0.08931017
0.10782766
0.14533615
0.14265251
0.13421392
0.09815168
0.10094333
0.10096812
0.10118198
0.10605812
0.12357283
0.15238047
0.15164876
0.13035274
0.11847019
0.11862707
0.12273979
0.12693405
0.12001491
0.08859420
0.08943176
0.13254666
0.14557910
0.14561725
0.11151266
0.10002804
0.09760451
0.09797335
0.09874463
0.10521507
0.13100433
0.14237261
0.14528489
0.11900759
0.12036896
0.13382506
0.12267733
0.13322377
0.11123276
0.09200072
0.09277773
0.14832973
0.15073872
0.15062714
0.09862566
0.09840369
0.10010600
0.09893107
0.09768748
0.10968089
0.14380479
0.14640999
0.14505363
0.10958648
0.12149167
0.13548040
0.11941075
0.13102627
0.10980463
0.09205174
0.09287167
0.14975095
0.14775968
0.14301491
0.09167933
0.09749269
0.09557533
0.09749150
0.09625077
0.10450506
0.13825297
0.13810492
0.14631653
0.10934973
0.11578441
0.13106513
0.11986399
0.13110328
0.10989952
0.08893085
0.09048676
0.15297461
0.14914727
0.15086341
0.10240579
0.10156894
0.09921575
0.10076523
0.10043859
0.10408950
0.14458156
0.14530206
0.13936448
0.11116147
0.10167646
0.13586783
0.12325120
0.12670398
0.09128594
0.08888412
0.09651494
0.14491963
0.14452720
0.14492726
0.09403181
0.09637713
0.09683347
0.09575129
0.09814787
0.10664582
0.14207411
0.14468241
0.14370632
0.10409427
0.11398697
0.13741708
0.11662769
0.12561202
0.10485268
0.08957887
0.08859277
0.14572978
0.14651704
0.14658523
0.09704804
0.09796453
0.09866929
0.09808111
0.09841371
0.10639405
0.14348626
0.14480686
0.14510942
0.10369968
0.11189747
0.13880038
0.11951828
0.12678576
0.10331368
0.08921170
0.08971906
0.14451575
0.14398909
0.14470506
0.09532642
0.09746385
0.10149050
0.10040760
0.10152745
0.10876942
0.15493321
0.15370440
0.15396595
0.11878920
0.12111902
0.13656306
0.12036514
0.12974238
0.10909653
0.08870912
0.08805251
0.14361238
0.14556336
0.14482975
0.09733057
0.09769344
0.09820366
0.09753633
0.09830046
0.10837483
0.13822198
0.14510226
0.14501953
0.10395956
0.11346650
0.13800478
0.12006068
0.12604117
0.09754014
0.08868980
0.08971691
0.15249276
0.15000415
0.15304685
0.11459470
0.10636044
0.10272121
0.09871268
0.09781909
0.10783052
0.14406800
0.14607382
0.14548969
0.10632896
0.11709499
0.13732195
0.11528683
0.12742686
0.10270262
0.08953547
0.08823323
0.14548445
0.14264750
0.14600205
0.10103655
0.09850001
0.09792733
0.09742880
0.09797978
0.10875988
0.14199734
0.14479923
0.14476323
0.10480285
0.11362672
0.13512516
0.11328602
0.12703681
0.10741758
0.08881974
0.08840132
0.14319777
0.14630628
0.14256501
0.09942198
0.09961343
0.10183406
0.09983015
0.09985113
0.11400700
0.15474749
0.15265775
0.15237403
0.11200762
0.11913466
0.14069033
0.11906433
0.13105536
0.10423803
0.09186196
0.09495449
0.14732838
0.14734721
0.14363360
0.09297752
0.09564543
0.09790921
0.09933019
0.09898901
0.11114454
0.14902925
0.14971447
0.14797115
0.11497140
0.10568547
0.13625383
0.12769294
0.12892818
0.08782768
0.08968377
0.10592651
0.14439225
0.14429903
0.13285637
0.09867907
0.09953666
0.09804988
0.09977174
0.10149431
0.11301494
0.14006948
0.14635444
0.13212514
0.11454606
0.10806894
0.12709904
0.12849784
0.12945747
0.08758807
0.08867240
0.11437416
0.14654517
0.14226675
0.12675595
0.09983945
0.09986877
0.09884501
0.09766483
0.10167098
0.12034607
0.14418006
0.14432883
0.12500548
0.11597943
0.11750603
0.12093163
0.12712789
0.11824226
0.08878970
0.08857775
0.12806606
0.15168548
0.15190125
0.12613726
0.10420871
0.10283637
0.10178828
0.09920907
0.10914445
0.14016724
0.14473248
0.14543748
0.10617232
0.11562920
0.13659716
0.11276054
0.12816882
0.10320067
0.08858824
0.08802199
0.14073396
0.14422536
0.14993262
0.11663008
0.10021925
0.10044169
0.09773016
0.09757996
0.10488415
0.13485599
0.14355803
0.14512587
0.11319566
0.12005711
0.13011980
0.12106156
0.12532043
0.10926557
0.08825541
0.08926105
0.13804007
0.14196873
0.14614248
0.10631514
0.09890056
0.10183907
0.10164261
0.10140085
0.10804415
0.14442110
0.15015912
0.15179515
0.11268950
0.11452818
0.13197780
0.11408353
0.12631655
0.10955977
0.08728909
0.08910108
0.13312292
0.14325309
0.14432597
0.11183167
0.10021257
0.09988260
0.09682155
0.09994555
0.10423613
0.12703800
0.14553976
0.14667249
0.12477946
0.11504197
0.11117029
0.12177277
0.12423992
0.12889576
0.08840442
0.08833551
0.10907483
0.14525580
0.14456248
0.12838268
0.09841537
0.09786987
0.09734392
0.09861732
0.10105610
0.11335754
0.14468074
0.14485359
0.13331628
0.11535788
0.10813189
0.12419581
0.12341285
0.12550879
0.08897018
0.08888340
0.10796070
0.14495111
0.15072060
0.14263201
0.10157871
0.09875488
0.09997821
0.09880161
0.10108542
0.11664724
0.14501476
0.14559817
0.12962222
0.11573958
0.11297345
0.11642671
0.12504339
0.13310766
0.08937883
0.09192467
0.12061739
0.15329885
0.15298796
0.13868380
0.10333109
0.10441041
0.10111403
0.10120368
0.10764170
0.12476873
0.15198612
0.15284562
0.12041116
0.11932206
0.13185334
0.12109828
0.12947536
0.11111712
0.08924150
0.08889174
0.14100122
0.14474320
0.14517021
0.10491514
0.10140467
0.10122991
0.09982610
0.10285544
0.11060047
0.14718771
0.14977670
0.14758730
0.10869169
0.11355734
0.13883805
0.12776828
0.13049650
0.09547901
0.09217358
0.10779572
0.15161395
0.14879465
0.13285446
0.10279441
0.10035896
0.10447741
0.10629225
0.11381030
0.14423513
0.15699887
0.15739846
0.12255931
0.12565231
0.13550520
0.12340736
0.13425565
0.10947919
0.09416580
0.10069370
0.15223408
0.15223026
0.14411664
0.10214138
0.10441041
0.10537529
0.10372043
0.11173797
0.13449550
0.14973140
0.15382075
0.11433792
0.12286806
0.14530015
0.13478684
0.13622665
0.09503508
0.09374738
0.12330818
0.15371013
0.15533733
0.11915374
0.10352921
0.10304785
0.10324645
0.10380983
0.11150193
0.15553355
0.15464091
0.14070010
0.12235451
0.11733818
0.13107085
0.13364434
0.12335229
0.09275651
0.09373260
0.14666462
0.15519261
0.15465093
0.09972835
0.09909439
0.09892797
0.09977436
0.10089636
0.10948706
0.15613079
0.15658355
0.14222574
0.12075329
0.11871910
0.13125730
0.13168955
0.13045263
0.09431934
0.09210467
0.14182496
0.15402198
0.15451193
0.10183501
0.10075951
0.09979844
0.10069108
0.09802532
0.10964918
0.15297174
0.15431738
0.14434123
0.12173128
0.11890292
0.13071799
0.13587904
0.12357950
0.09419084
0.09361219
0.15222883
0.15328622
0.15292144
0.10154915
0.10541153
0.10324931
0.10409093
0.10687423
0.12619901
0.15455651
0.15605712
0.12464666
0.12190390
0.13593721
0.12429619
0.13470340
0.11255360
0.09380031
0.10257435
0.15396166
0.15377164
0.13770056
0.10516644
0.10313511
0.10520029
0.10323453
0.11474824
0.14976382
0.15543485
0.15460849
0.11763167
0.10925174
0.13816047
0.13365984
0.13459373
0.09402442
0.09346843
0.14038897
0.15640831
0.15502691
0.10226631
0.10082507
0.10021544
0.09909081
0.09811831
0.11216021
0.15732837
0.15523505
0.14682698
0.12083292
0.11800218
0.13335562
0.13571286
0.12354302
0.09496689
0.09392595
0.14888954
0.15668559
0.15416598
0.10170388
0.10474038
0.10349894
0.10300446
0.10731030
0.12800527
0.15429258
0.15480423
0.12405276
0.12089705
0.13758302
0.12157536
0.13406634
0.11029601
0.09484053
0.10166216
0.15684199
0.15366292
0.13905835
0.10343337
0.10303211
0.10527015
0.10514927
0.11098218
0.14363980
0.15527892
0.15515184
0.11016750
0.11688805
0.14306140
0.13251042
0.13458109
0.09508848
0.09411812
0.13832784
0.15438294
0.15553164
0.10633850
0.10315132
0.10328746
0.10087872
0.10104084
0.10990357
0.15281963
0.15512180
0.14495325
0.12333345
0.11624384
0.13393497
0.13023329
0.13104916
0.09624219
0.09370112
0.14453578
0.15453625
0.15650487
0.09695554
0.09941697
0.09881759
0.10070252
0.09870338
0.11227179
0.15274048
0.15585136
0.14690399
0.12292528
0.11674452
0.13312769
0.13083220
0.12912393
0.09430432
0.09425926
0.14457822
0.15298462
0.15514898
0.10471249
0.10302162
0.10101819
0.09829140
0.09858346
0.10960484
0.15672731
0.15436745
0.14107180
0.12069225
0.12100840
0.13277435
0.13441324
0.12297606
0.09364486
0.09452415
0.15130711
0.15674996
0.15723586
0.10713482
0.10632968
0.10080719
0.09804344
0.09868002
0.11012578
0.15733051
0.15459466
0.13874102
0.12234902
0.11721730
0.13111925
0.12981701
0.12711191
0.09262967
0.09394240
0.14243650
0.15821052
0.15572095
0.10812616
0.10289931
0.09973669
0.10058904
0.10001731
0.11241698
0.15684557
0.15445900
0.14019847
0.12011242
0.12124515
0.13423729
0.13529801
0.12269354
0.09625626
0.09394217
0.15299654
0.15918565
0.15938425
0.11951065
0.10694623
0.10455275
0.10327482
0.10115004
0.11257935
0.15393257
0.15597582
0.14952898
0.12446141
0.11486435
0.13350987
0.13232923
0.13313293
0.09671664
0.09656286
0.14895964
0.15531230
0.15589833
0.10797453
0.10266352
0.10093808
0.10063338
0.09824538
0.11000705
0.15692091
0.15605354
0.14103246
0.11998534
0.12080097
0.13011384
0.13417101
0.12317133
0.09382296
0.09285021
0.14829230
0.15252328
0.15538740
0.10120440
0.09920406
0.09977317
0.10200238
0.09898782
0.10786223
0.15265751
0.15743446
0.15470886
0.11745691
0.11219263
0.14045215
0.13154793
0.13440061
0.09741902
0.09370685
0.13816261
0.15390563
0.15401530
0.10811996
0.10327101
0.10295272
0.10115790
0.10082984
0.10983467
0.15289831
0.15411496
0.14132977
0.12249708
0.12269711
0.13007402
0.13502908
0.12064600
0.09609461
0.09447980
0.15535951
0.15200472
0.15024137
0.10366535
0.10355544
0.10331011
0.10388541
0.10693741
0.12756777
0.15446186
0.15454102
0.12150288
0.12192750
0.14158249
0.12492180
0.13378716
0.10256600
0.09379268
0.11973119
0.15497661
0.15232444
0.12606072
0.10320807
0.10429716
0.10396433
0.10536957
0.11330462
0.15418959
0.15453577
0.14692020
0.12228894
0.11756516
0.13157630
0.13007760
0.13141203
0.09412074
0.09197950
0.14230180
0.15402937
0.15304279
0.10607553
0.10322404
0.10193419
0.10107040
0.09885955
0.10989642
0.15736723
0.15557981
0.14701271
0.12361693
0.11787152
0.13255286
0.13282585
0.12797761
0.09422159
0.09383059
0.14451647
0.15491366
0.15484524
0.10505986
0.09837174
0.09833479
0.09951901
0.09900212
0.10965776
0.15319419
0.15277648
0.14280295
0.12273693
0.11736441
0.13231683
0.13412356
0.12553978
0.09438515
0.09399271
0.14848876
0.15393496
0.15412521
0.10279465
0.10452461
0.10332608
0.10542607
0.10747480
0.12754512
0.15441704
0.15410066
0.12072825
0.12226892
0.14315391
0.12560606
0.13575578
0.09919763
0.09369564
0.10997987
0.15415907
0.15393114
0.13043070
0.10332894
0.10241318
0.10264039
0.10330725
0.11044693
0.14306140
0.15186858
0.15280485
0.11206841
0.11780453
0.14268255
0.12993407
0.13791418
0.09640408
0.09484553
0.11975503
0.15249205
0.15309381
0.13019657
0.10353065
0.10346293
0.10469341
0.10310650
0.11266971
0.14662457
0.15418220
0.15308332
0.11560059
0.10895777
0.13731098
0.13600636
0.13523722
0.09400225
0.09403324
0.14207172
0.15220308
0.15238500
0.10723090
0.10203505
0.10296774
0.10082603
