0.051468
0.171362
0.178163
0.155083
0.202527
0.231258
0.172789
0.212912
0.239940
0.212250
0.227447
0.198362
0.206444
0.200319
0.180501
0.190781
0.201279
0.174630
0.222669
0.194903
0.144056
0.220486
0.153681
0.169560
0.131004
0.120369
0.156364
0.173000
0.142607
0.177299
0.161885
0.160539
0.152424
0.176725
0.196862
0.164792
0.147104
0.139329
0.141517
0.129158
0.149807
0.103626
0.124780
0.148387
0.154473
0.131126
0.146864
0.174401
0.166953
0.130787
0.125572
0.143694
0.177433
0.166826
0.175071
0.145965
0.159449
0.167776
0.133326
0.115402
0.170496
0.178969
0.171908
0.149751
0.155199
0.140054
0.129620
0.116323
0.119000
0.147845
0.148255
0.116621
0.137610
0.143237
0.135493
0.135423
0.123300
0.117677
0.129359
0.171260
0.176090
0.180697
0.141516
0.148745
0.165130
0.133282
0.117911
0.174728
0.211747
0.223609
0.164185
0.157760
0.167954
0.219957
0.176745
0.144190
0.200747
0.137773
0.146489
0.161930
0.119989
0.138086
0.174091
0.172940
0.226734
0.216069
0.156313
0.132670
0.123741
0.232744
0.234726
0.211015
0.223910
0.178111
0.227994
0.184871
0.228895
0.207163
0.173991
0.199302
0.262884
0.251884
0.230871
0.168983
0.178852
0.240391
0.227626
0.200486
0.221994
0.166640
0.215717
0.176636
0.178943
0.153211
0.150100
0.156337
0.123576
0.105672
0.142379
0.176681
0.155249
0.184470
0.147087
0.156520
0.174119
0.127293
0.134339
0.165691
0.181902
0.167205
0.137825
0.177389
0.183106
0.120891
0.150459
0.205414
0.196901
0.202512
0.223678
0.167599
0.180678
0.254513
0.218130
0.222243
0.185834
0.181448
0.221583
0.230910
0.234255
0.224970
0.173977
0.238463
0.228698
0.231556
0.199807
0.133744
0.125275
0.147284
0.150203
0.138428
0.142960
0.129358
0.124531
0.152272
0.133316
0.118575
0.110389
0.146524
0.166265
0.135321
0.147961
0.124221
0.124064
0.192688
0.188336
0.238348
0.231489
0.211036
0.225167
0.203181
0.227200
0.221007
0.213945
0.222678
0.170962
0.232824
0.226601
0.198261
0.237623
0.176769
0.240928
0.211698
0.234113
0.237597
0.144928
0.108176
0.154413
0.176986
0.145081
0.172198
0.147737
0.151869
0.170456
0.124017
0.090603
0.142053
0.160162
0.158590
0.147432
0.140456
0.133269
0.124303
0.145691
0.139048
0.210904
0.207716
0.221461
0.177093
0.166487
0.132968
0.168112
0.201738
0.182817
0.158105
0.152755
0.200627
0.186105
0.209120
0.178196
0.196430
0.219235
0.199830
0.226876
0.255365
0.241453
0.162633
0.166157
0.133966
0.126365
0.161075
0.169683
0.116508
0.186286
0.155806
0.163643
0.151909
0.125685
0.140842
0.176749
0.178452
0.179360
0.188508
0.208615
0.180824
0.199440
0.234808
0.229116
0.237627
0.203797
0.225223
0.244285
0.213572
0.161652
0.184150
0.132064
0.110405
0.210119
0.194702
0.201796
0.197256
0.197182
0.171836
0.234066
0.234456
0.232430
0.231522
0.199082
0.168884
0.177506
0.215647
0.207269
0.167556
0.149865
0.154454
0.186480
0.156904
0.182732
0.169631
0.155944
0.175987
0.165100
0.197747
0.178423
0.175073
0.168305
0.169295
0.156057
0.128534
0.142832
0.240307
0.171185
0.170931
0.159307
0.181030
0.136257
0.116794
0.183758
0.210741
0.173284
0.154830
0.159242
0.164482
0.136065
0.144397
0.163974
0.174035
0.188902
0.149019
0.169427
0.162645
0.132044
0.147172
0.164784
0.165963
0.175505
0.166007
0.154726
0.169002
0.135075
0.161616
0.183218
0.163642
0.175103
0.158435
0.171496
0.159375
0.139834
0.149228
0.178217
0.164099
0.165952
0.200038
0.179713
0.127215
0.128615
0.210307
0.181309
0.173170
0.184173
0.152770
0.162052
0.131482
0.180465
0.235309
0.232889
0.186224
0.200474
0.137448
0.227595
0.229151
0.248668
0.234507
0.190881
0.191401
0.184565
0.152473
0.194989
0.199258
0.204062
0.210628
0.219023
0.234025
0.219316
0.211280
0.170772
0.236576
0.225995
0.206341
0.219375
0.176595
0.240293
0.150498
0.228197
0.157374
0.166101
0.142628
0.111248
0.147893
0.180347
0.148500
0.178589
0.167068
0.169390
0.155266
0.118792
0.150880
0.186160
0.156725
0.174556
0.153375
0.159414
0.192488
0.170960
0.207491
0.194794
0.204718
0.207643
0.193982
0.196771
0.225199
0.222505
0.201826
0.211005
0.165975
0.234084
0.202062
0.178584
0.142926
0.162544
0.160331
0.167000
0.223655
0.198003
0.224714
0.187477
0.206984
0.175814
0.211717
0.150333
0.109225
0.140411
0.142700
0.140651
0.142144
0.110061
0.105361
0.117960
0.147728
0.147037
0.126169
0.136697
0.161856
0.136371
0.137886
0.096730
0.107748
0.120247
0.180061
0.184089
0.159002
0.170046
0.166076
0.153791
0.126032
0.150572
0.213702
0.167953
0.167162
0.154633
0.161635
0.132349
0.186023
0.208036
0.180607
0.191757
0.195132
0.172851
0.134734
0.239813
0.228923
0.235156
0.256515
0.191130
0.205862
0.208364
0.212119
0.163724
0.171391
0.131562
0.135324
0.178015
0.179248
0.164424
0.163860
0.165196
0.168238
0.130658
0.125184
0.174850
0.194718
0.163974
0.162299
0.160765
0.198698
0.209217
0.239031
0.247101
0.232326
0.210412
0.218777
0.228471
0.237021
0.237481
0.197715
0.226049
0.248492
0.243095
0.264747
0.209653
0.261461
0.246339
0.217752
0.200661
0.096413
0.149038
0.200479
0.189805
0.164975
0.174524
0.101700
0.083971
0.146579
0.147210
0.122682
0.146695
0.151871
0.142498
0.108821
0.096323
0.132402
0.153041
0.117137
0.148398
0.138588
0.138314
0.151159
0.121728
0.130531
0.178331
0.162856
0.164865
0.136471
0.158263
0.194928
0.226725
0.250951
0.250948
0.249534
0.212354
0.254052
0.260575
0.237277
0.214704
0.210730
0.245575
0.245652
0.249202
0.217624
0.230102
0.235557
0.238322
0.236283
0.155851
0.125281
0.193261
0.204837
0.168661
0.155442
0.166702
0.169772
0.132740
0.143903
0.176104
0.164646
0.179475
0.161399
0.157903
0.183172
0.126840
0.156616
0.176140
0.221193
0.179640
0.163015
0.176637
0.135314
0.129677
0.225331
0.203720
0.168057
0.160603
0.183072
0.130996
0.126851
0.182364
0.178718
0.163880
0.162763
0.178295
0.163992
0.133775
0.157161
0.181560
0.160625
0.187725
0.168520
0.180561
0.145640
0.118125
0.144461
0.181950
0.164625
0.174949
0.156358
0.154624
0.160998
0.124290
0.123432
0.183696
0.173942
0.168854
0.173202
0.182733
0.157883
0.130686
0.149945
0.175184
0.154288
0.206142
0.164407
0.161311
0.148900
0.166189
0.175267
0.189322
0.230610
0.174996
0.174614
0.183140
0.137883
0.177713
0.171481
0.179919
0.213707
0.214205
0.126076
0.175922
0.200929
0.235751
0.223033
0.230100
0.222535
0.240065
0.231803
0.239440
0.177077
0.165689
0.221922
0.223339
0.211231
0.233792
0.173244
0.196401
0.225587
0.230824
0.192782
0.166563
0.136878
0.129517
0.161185
0.165927
0.156119
0.173477
0.155482
0.165358
0.145076
0.142235
0.177593
0.179362
0.169084
0.161087
0.162629
0.174192
0.128022
0.120158
0.188631
0.181709
0.165018
0.202171
0.200247
0.191777
0.185875
0.233145
0.240202
0.221946
0.215792
0.213569
0.240268
0.228589
0.217727
0.205965
0.216312
0.237832
0.224258
0.215498
0.205712
0.201512
0.221573
0.243999
0.232159
0.191459
0.116994
0.149481
0.176251
0.143894
0.176586
0.157883
0.159827
0.164136
0.127859
0.143998
0.175909
0.160771
0.183239
0.157330
0.167434
0.160455
0.172801
0.258167
0.247738
0.236502
0.221633
0.199962
0.231088
0.202700
0.208639
0.204346
0.176976
0.188782
0.236907
0.245659
0.234523
0.197759
0.169253
0.185424
0.148758
0.188689
0.221551
0.178091
0.110024
0.104464
0.140627
0.147265
0.140124
0.163022
0.144030
0.153631
0.159488
0.128171
0.111477
0.161269
0.173432
0.150029
0.159274
0.169596
0.171751
0.138723
0.139434
0.236743
0.223307
0.208591
0.211062
0.160137
0.143263
0.189709
0.193207
0.245031
0.232489
0.192351
0.243688
0.230400
0.232318
0.236872
0.191972
0.220956
0.233772
0.212934
0.241916
0.192154
0.220584
0.241447
0.164885
0.144778
0.160327
0.156559
0.145733
0.123930
0.175844
0.177768
0.149736
0.158309
0.156940
0.163145
0.113278
0.105656
0.146855
0.169815
0.174570
0.210483
0.244730
0.177800
0.210452
0.235169
0.234287
0.247388
0.188084
0.232233
0.244753
0.238193
0.244299
0.192820
0.249988
0.231498
0.221821
0.235721
0.181893
0.192903
0.244328
0.222199
0.203984
0.208612
0.159294
0.201355
0.183630
0.151679
0.215282
0.181459
0.179136
0.101949
0.153750
0.177243
0.156827
0.170242
0.171926
0.161104
0.145518
0.187207
0.238362
0.187567
0.164725
0.155438
0.162414
0.173465
0.161564
0.170877
0.146730
0.178545
0.157997
0.179221
0.175254
0.128794
0.172664
0.194223
0.160437
0.167245
0.153619
0.152525
0.136163
0.142664
