341	285	86	29
333	283	104	34
336	283	102	34
340	285	101	36
339	287	101	36
339	290	100	36
339	292	102	36
339	294	102	36
339	298	102	35
338	299	104	37
339	303	103	35
340	305	103	36
341	307	102	36
338	311	104	36
339	314	103	36
338	316	104	37
339	320	104	36
339	322	104	36
340	325	102	34
339	328	102	35
340	331	103	34
339	333	104	34
340	337	104	33
339	339	106	35
341	343	103	37
338	345	106	36
340	348	103	35
340	352	104	36
344	355	101	37
343	355	103	39
342	358	107	41
343	361	100	38
346	360	101	40
346	345	97	38
352	325	96	41
348	322	94	37
346	325	96	36
345	326	94	35
344	327	94	35
344	329	95	35
346	329	94	34
344	330	92	35
347	329	94	35
342	330	96	35
344	330	96	35
342	330	97	35
347	329	97	36
342	329	96	35
344	329	98	36
343	330	97	34
344	329	95	34
342	329	97	35
344	329	95	34
343	329	95	35
344	328	93	35
342	329	96	35
341	328	97	34
340	328	95	34
340	327	95	35
338	327	97	36
341	327	98	37
337	328	100	36
339	328	99	36
339	328	97	35
338	329	97	35
339	328	96	35
338	329	96	35
339	329	98	36
335	329	99	35
339	329	95	35
338	330	97	35
337	329	98	35
338	331	97	34
338	331	95	34
337	331	98	35
336	333	96	33
338	332	98	34
337	333	97	34
340	333	97	34
340	334	98	33
338	335	101	33
338	336	97	31
336	336	97	31
338	337	98	31
339	337	96	32
341	337	96	31
343	339	96	32
342	338	98	34
343	338	97	35
341	340	99	33
342	339	95	34
340	339	99	36
346	341	99	34
338	340	99	35
343	339	98	37
351	343	103	35
339	345	100	35
347	342	99	37
337	347	102	35
341	347	101	36
345	346	102	38
350	345	101	38
351	344	105	41
348	350	101	39
346	345	103	41
346	349	105	42
344	350	105	39
341	353	107	39
340	353	110	39
342	355	107	38
337	355	113	40
344	355	106	39
343	357	106	39
345	357	106	37
342	358	110	39
347	360	107	37
346	360	108	39
348	361	107	39
348	361	111	40
350	363	107	40
348	366	106	36
350	364	108	38
348	366	109	38
348	367	109	36
349	368	105	36
348	369	105	36
349	369	102	35
348	369	103	37
345	372	102	35
345	371	103	38
343	371	105	39
338	372	107	39
335	372	107	41
336	373	102	38
330	375	103	38
328	376	101	37
323	374	103	39
319	376	103	38
311	378	103	36
306	376	105	38
295	376	112	39
289	377	110	39
282	378	106	39
275	380	105	38
278	381	99	38
307	384	99	34
343	385	101	34
374	385	100	35
410	385	99	36
427	387	94	33
416	388	93	33
407	388	90	32
396	387	89	32
389	390	88	30
383	388	91	32
376	391	85	32
364	388	96	34
353	388	95	37
347	389	90	36
339	390	91	35
329	392	90	35
316	392	91	35
308	393	91	33
294	394	95	33
288	396	91	30
281	397	85	30
272	399	86	30
274	398	91	33
303	398	88	32
339	400	82	30
369	399	87	34
384	400	86	32
367	400	91	32
356	400	89	33
343	401	88	34
327	400	94	35
319	402	92	33
311	404	91	31
293	404	96	32
266	407	99	30
265	408	99	31
251	409	94	33
246	409	87	32
229	407	100	33
223	404	101	36
201	407	103	36
188	407	103	35
175	409	100	32
164	410	103	33
151	410	103	34
138	411	103	33
124	411	99	33
131	410	102	33
162	413	96	30
191	412	95	32
220	412	95	31
246	412	98	31
273	412	98	32
278	412	95	32
262	414	93	29
249	399	91	36
240	379	92	33
222	359	98	36
212	336	98	40
192	331	91	31
177	333	92	30
163	334	92	29
150	334	90	30
137	334	88	30
125	332	87	29
110	331	90	30
113	332	87	29
142	329	91	30
173	329	85	28
175	330	79	27
156	326	85	29
144	326	85	31
134	324	83	30
145	322	88	30
173	322	88	29
199	320	90	29
223	317	87	29
218	315	87	32
192	311	94	36
179	307	94	38
172	310	90	34
160	308	92	35
146	306	90	37
133	306	82	34
135	306	83	32
163	307	89	31
193	306	89	30
215	303	88	30
202	301	90	28
184	298	88	30
173	297	89	30
162	295	91	30
177	296	86	26
207	295	87	26
239	293	84	27
262	290	88	30
290	288	88	32
302	285	89	35
285	282	90	35
276	279	88	37
265	278	91	39
251	281	90	35
238	283	84	33
226	282	86	30
216	281	83	29
203	279	86	31
191	277	86	29
177	275	86	29
163	274	90	31
152	271	88	30
141	270	88	30
146	271	89	29
175	270	87	26
209	269	84	25
238	270	83	24
270	268	82	25
302	267	83	25
329	264	86	26
358	262	86	28
387	262	86	28
411	260	84	30
401	259	84	30
387	258	84	30
377	257	85	30
367	256	84	30
356	256	85	29
346	254	84	29
336	253	82	29
326	253	82	29
317	251	82	29
306	251	82	29
295	249	82	30
286	248	82	29
275	249	82	28
265	247	83	29
255	246	83	29
247	246	82	29
237	245	82	29
228	244	81	28
217	244	83	29
208	242	82	28
199	241	82	29
205	240	87	28
235	239	90	28
270	239	88	28
302	237	88	28
332	236	89	28
357	236	85	29
348	235	86	30
337	234	84	30
330	234	82	30
322	233	84	30
313	233	84	29
305	232	83	29
297	232	83	29
288	231	83	30
280	231	84	29
272	230	83	29
263	230	83	29
255	229	84	30
247	228	85	30
239	228	83	30
231	228	83	30
222	226	84	31
214	226	83	30
206	226	84	30
199	225	85	30
191	226	83	30
182	225	83	31
173	224	85	31
166	223	84	31
158	222	85	31
150	222	86	31
143	222	83	31
136	221	83	31
128	221	85	31
122	221	84	31
114	220	85	32
119	220	87	30
122	222	86	29
112	231	88	30
104	242	89	31
98	250	86	31
89	249	88	32
82	247	91	32
76	246	90	33
72	246	90	34
66	247	88	33
59	246	88	34
54	246	90	34
55	246	89	34
70	247	90	30
87	248	86	30
100	247	90	30
114	247	90	29
128	247	88	29
143	247	88	29
158	248	88	29
173	248	86	28
187	249	87	28
202	249	87	28
215	249	85	29
213	249	85	29
204	250	86	30
197	250	86	29
191	251	85	29
184	252	87	30
178	252	87	30
173	253	85	30
166	253	86	30
161	254	86	31
155	255	85	31
149	255	88	31
146	256	83	30
144	257	85	30
155	258	88	29
175	260	84	28
190	261	86	28
204	262	88	28
221	262	87	30
235	263	88	29
251	264	88	29
268	265	87	28
284	266	89	28
298	266	87	29
297	267	87	28
299	268	89	28
311	268	88	29
308	269	89	29
303	270	87	29
302	270	87	30
299	271	86	30
297	272	87	30
295	273	87	29
293	274	88	31
293	275	86	30
290	276	88	30
291	276	85	29
292	278	84	29
290	279	85	28
290	280	85	28
288	281	85	29
288	282	86	28
288	283	85	27
288	284	88	28
289	286	87	28
288	287	87	28
290	287	86	28
291	289	86	26
288	291	88	27
291	292	86	26
293	293	85	25
297	295	81	25
299	296	83	23
314	297	82	24
331	298	83	26
351	299	84	26
352	299	86	30
352	300	85	27
349	302	85	27
350	303	83	26
348	303	83	30
346	303	86	32
347	305	85	31
345	307	87	31
344	308	88	31
345	309	86	31
343	311	87	30
346	313	83	29
344	313	86	30
342	314	88	30
343	316	85	29
342	317	86	29
340	319	85	28
340	320	83	27
339	321	85	29
339	322	84	29
338	320	85	31
335	317	90	33
338	319	86	30
337	320	86	30
335	321	89	31
335	322	87	30
334	322	87	29
333	323	88	30
333	324	87	29
330	325	87	29
330	324	90	31
329	324	90	31
328	325	91	30
327	326	91	30
327	327	89	29
325	327	90	29
323	326	92	30
321	326	93	30
319	326	91	31
316	326	89	32
317	326	87	32
313	327	89	32
314	327	84	31
312	328	83	32
309	328	83	33
308	328	82	32
306	329	82	31
304	328	81	31
302	330	82	30
300	330	80	29
298	330	84	30
295	331	83	30
291	330	86	31
289	331	86	31
286	331	85	32
283	330	88	33
280	331	88	31
278	332	89	31
272	333	90	32
265	335	91	32
262	333	93	32
262	333	93	32
271	335	88	29
289	334	91	30
305	332	93	31
307	332	93	33
300	331	95	30
299	330	93	32
296	329	92	30
294	328	89	30
291	327	88	30
288	327	89	30
285	326	90	30
275	324	99	32
272	323	98	32
271	322	97	31
268	322	96	32
265	320	96	31
265	319	94	32
257	317	95	32
256	316	91	32
252	315	93	34
246	314	93	33
252	314	92	31
270	314	91	32
284	311	86	33
279	311	90	33
272	310	88	33
268	309	89	34
267	308	87	34
262	306	88	35
261	306	84	34
258	306	84	33
255	305	83	32
249	303	90	33
243	302	89	33
238	301	89	33
236	300	86	33
233	300	84	32
227	300	85	32
224	299	86	34
217	299	88	35
226	298	90	34
243	297	93	35
258	297	91	36
275	297	87	35
282	295	87	37
275	295	86	36
268	296	89	34
262	297	88	35
258	298	88	34
253	299	87	33
247	298	88	33
242	298	87	32
236	297	85	32
232	298	85	31
227	297	86	32
222	296	85	33
216	296	87	33
210	295	88	33
205	295	88	32
200	294	90	32
195	294	88	30
190	294	87	29
190	293	86	30
197	291	85	29
202	291	84	29
206	290	86	30
202	288	86	29
196	287	85	28
189	286	83	29
182	285	85	29
176	283	86	29
171	282	85	30
166	281	86	29
163	280	86	30
158	277	90	32
162	276	87	31
166	274	85	32
171	273	86	32
177	271	87	31
181	270	87	31
187	268	86	31
192	266	87	31
196	265	87	31
203	263	87	31
208	261	87	31
212	259	88	31
216	258	89	31
222	256	86	30
225	254	90	32
232	252	88	31
235	252	88	30
242	250	87	29
245	248	89	31
249	246	89	31
255	245	90	31
258	243	92	31
257	241	91	31
250	242	91	31
244	245	91	31
237	247	94	31
230	251	95	32
223	254	96	32
220	258	96	32
214	261	98	33
211	264	95	33
205	267	95	33
199	271	94	32
192	275	95	33
182	278	99	34
178	282	97	33
173	281	97	33
168	278	95	34
162	277	94	33
154	275	96	34
148	274	95	35
140	272	96	35
133	271	96	35
126	270	96	35
120	269	95	35
112	268	96	36
103	266	95	39
96	266	96	37
91	266	95	37
92	265	97	36
97	265	93	37
98	264	95	38
102	263	95	39
106	262	94	38
108	262	95	37
111	262	93	37
114	262	94	36
117	261	95	35
121	261	96	37
123	260	96	37
126	259	96	36
129	259	95	36
132	259	97	35
136	258	95	35
138	258	96	34
141	258	94	35
144	256	94	36
147	256	96	37
151	256	96	35
154	256	94	35
157	255	93	36
161	255	91	34
162	254	94	36
165	254	94	33
167	252	96	34
170	252	95	34
176	252	93	33
179	251	93	33
183	251	92	32
185	250	93	32
186	250	95	32
191	249	94	32
192	249	93	31
197	249	95	32
200	248	92	33
203	247	93	33
204	247	93	33
208	246	93	33
208	245	95	33
206	246	93	32
200	245	95	32
195	245	95	30
186	245	93	30
179	244	90	30
169	247	95	30
163	251	95	31
157	255	95	32
151	260	95	31
144	263	95	33
141	263	92	34
142	261	92	37
145	261	93	35
148	261	94	35
154	261	92	34
157	260	91	34
161	260	93	34
163	260	94	33
170	259	93	33
175	259	90	31
178	259	92	31
182	258	93	31
187	258	93	31
193	257	91	32
198	256	90	33
202	255	90	33
207	256	91	31
211	255	93	32
215	256	92	32
219	256	95	34
224	257	94	34
230	258	94	34
235	259	93	35
240	261	93	33
245	263	91	32
247	264	91	33
240	265	93	33
234	267	91	32
227	267	91	32
222	268	91	33
219	269	90	32
214	270	89	32
208	272	90	32
203	272	92	33
199	273	91	33
192	274	92	33
189	275	92	33
182	276	95	33
178	276	92	33
171	272	93	33
169	269	93	33
162	264	89	33
158	260	91	33
153	256	92	32
149	255	88	31
146	255	89	32
141	255	90	32
140	256	92	30
145	257	90	31
152	257	89	30
157	257	89	30
162	257	90	30
167	258	89	30
172	257	92	31
181	257	91	30
189	257	90	30
193	256	90	31
199	256	92	31
206	256	91	32
212	256	90	30
219	256	90	31
224	256	90	31
230	255	91	31
238	255	92	31
242	255	93	32
250	255	91	32
258	255	90	31
264	255	89	30
269	255	91	31
277	254	90	32
281	254	89	33
278	255	92	32
272	255	92	31
266	254	94	32
262	255	93	32
257	255	93	32
254	255	93	32
249	255	93	32
244	255	93	32
242	255	93	32
238	255	93	31
232	255	94	31
230	255	93	32
224	255	96	32
222	255	94	32
218	256	93	32
215	256	92	32
213	256	94	33
218	256	94	32
224	257	94	32
231	257	96	32
236	257	96	33
243	258	95	33
250	259	96	33
257	260	96	34
264	261	95	33
272	262	94	32
277	263	95	32
285	264	94	33
290	265	96	32
297	266	95	33
304	267	96	33
310	268	96	32
309	269	95	33
303	269	96	32
298	270	96	33
295	271	95	33
292	273	95	32
289	275	95	32
285	276	93	32
281	278	95	32
278	280	95	32
283	282	97	31
290	284	96	31
291	286	96	32
286	289	95	32
280	291	96	32
279	294	94	32
275	296	95	33
272	299	93	32
269	301	94	31
266	303	94	32
269	305	93	32
276	309	94	31
280	311	93	31
274	312	93	31
269	315	94	31
265	316	94	32
262	318	93	32
259	319	93	32
258	316	92	32
252	314	94	32
250	311	93	32
248	309	92	32
245	306	90	32
241	308	92	31
239	311	92	32
237	313	92	31
234	315	92	32
230	318	91	31
228	321	91	32
226	323	91	32
223	324	90	34
222	322	88	31
221	320	89	31
217	317	89	31
215	314	88	31
210	312	89	32
205	314	91	33
201	316	93	32
201	319	91	32
198	321	90	31
195	324	91	32
194	327	93	31
193	330	90	31
189	332	93	32
186	335	90	32
182	337	93	32
184	342	95	30
191	344	94	31
197	346	94	31
206	348	92	31
203	351	93	30
199	355	91	30
199	357	89	29
191	360	92	29
189	363	91	28
188	365	92	32
185	368	86	30
185	371	87	31
179	374	85	28
183	377	86	31
193	380	90	30
198	382	91	31
204	385	84	30
210	389	86	31
221	393	87	29
227	393	88	31
234	396	87	31
243	399	88	32
250	401	85	31
249	404	82	31
243	406	85	31
241	409	88	32
236	413	85	30
236	414	85	29
232	409	87	32
232	408	88	32
231	407	88	33
228	410	86	32
226	414	86	33
223	416	87	33
220	419	87	33
218	420	86	33
215	418	86	32
214	415	86	33
211	412	89	34
208	409	90	32
207	408	89	30
200	402	94	34
200	400	92	31
195	396	94	33
195	393	91	33
192	391	91	30
189	387	92	32
185	383	93	32
184	379	93	33
182	377	92	31
178	373	92	32
176	369	93	32
175	366	91	32
172	362	92	32
168	359	92	32
166	355	91	32
163	352	91	32
161	350	93	33
156	351	91	33
158	353	89	32
161	354	92	32
169	354	91	33
176	354	91	32
182	355	90	32
189	355	91	32
197	355	91	32
202	355	90	32
209	355	92	33
216	356	90	31
221	355	93	32
227	355	91	32
235	355	89	31
241	355	91	31
247	355	92	32
253	355	91	31
258	354	91	33
264	354	92	32
270	354	91	32
272	354	93	32
265	352	94	32
258	348	94	31
254	342	93	32
250	337	93	32
244	331	93	32
238	327	93	32
233	328	93	32
227	329	94	32
221	329	94	33
220	330	92	32
223	331	93	31
229	330	93	32
232	330	95	32
236	329	95	33
240	329	95	32
243	329	97	32
247	330	97	32
253	329	96	33
258	330	96	33
261	330	97	32
266	330	98	33
269	329	97	33
272	329	96	34
269	330	96	31
259	330	98	32
253	331	98	32
245	331	96	33
239	331	95	32
233	332	95	32
225	333	95	32
220	333	93	32
213	333	94	33
206	332	95	33
202	334	91	31
194	333	92	32
192	335	91	29
193	332	94	33
197	332	95	33
202	331	93	33
205	331	94	34
208	331	94	34
210	331	95	34
214	332	94	33
218	332	93	32
215	332	93	32
205	332	93	31
198	333	92	32
190	333	92	31
183	333	90	31
174	332	92	32
171	331	95	33
173	330	97	34
176	330	95	33
179	330	96	34
182	331	95	33
185	330	96	33
189	330	94	33
192	330	94	33
194	329	96	34
199	329	93	33
202	328	93	33
204	328	93	34
208	328	92	32
210	327	92	32
214	327	90	32
216	326	91	32
219	326	92	32
222	326	91	32
224	325	92	33
226	324	93	33
229	324	92	33
224	324	90	31
214	323	89	31
205	322	91	32
197	323	91	31
189	322	91	31
181	320	91	32
173	319	93	33
173	319	93	33
175	319	93	33
177	318	94	34
179	317	93	33
182	317	94	33
185	317	93	32
187	317	94	33
191	316	92	32
195	315	91	33
197	314	92	33
199	313	93	33
202	312	93	34
205	312	93	34
203	312	94	33
197	311	94	32
185	310	94	33
179	310	91	31
169	310	92	32
162	310	91	31
154	309	91	32
144	308	92	32
141	308	93	32
143	306	93	34
146	306	93	32
148	305	94	34
150	305	94	33
154	304	93	34
156	304	95	33
158	303	95	34
161	303	95	32
165	303	92	33
167	302	93	34
169	301	94	34
170	301	97	33
174	300	95	33
177	300	94	32
179	299	94	33
180	298	94	32
175	298	92	31
164	298	93	32
156	297	92	32
147	296	92	32
139	296	91	31
133	295	93	33
133	293	95	34
135	293	94	34
137	292	93	34
139	292	93	33
