0.067775
0.204855
0.197349
0.192885
0.208391
0.164308
0.139656
0.204074
0.188710
0.191097
0.189017
0.202948
0.167971
0.242442
0.211867
0.232121
0.203920
0.192730
0.220587
0.229662
0.224398
0.230664
0.193229
0.213614
0.241197
0.223265
0.169538
0.166374
0.148655
0.199403
0.170046
0.186113
0.161963
0.158053
0.155401
0.156438
0.128725
0.146940
0.181319
0.159539
0.236955
0.188742
0.164582
0.174533
0.177341
0.179041
0.153555
0.163015
0.183908
0.162880
0.127329
0.127853
0.173236
0.177174
0.181107
0.158951
0.158535
0.164712
0.137342
0.143487
0.177177
0.167315
0.175436
0.155541
0.154253
0.164499
0.131932
0.124517
0.176903
0.177728
0.162587
0.156886
0.162856
0.162270
0.128053
0.129218
0.187937
0.198010
0.230208
0.221346
0.161817
0.133811
0.208173
0.204450
0.155594
0.168578
0.202074
0.161786
0.126324
0.160278
0.178043
0.160628
0.184071
0.165078
0.205278
0.136703
0.207978
0.254068
0.217280
0.211947
0.201340
0.183542
0.228262
0.215976
0.219722
0.220388
0.200178
0.238245
0.228888
0.224849
0.206102
0.203346
0.236961
0.240061
0.222020
0.203822
0.210072
0.234781
0.238259
0.214669
0.209351
0.217277
0.241064
0.224956
0.222057
0.191903
0.162018
0.234757
0.217363
0.219065
0.230312
0.182950
0.237401
0.206851
0.224851
0.231290
0.180120
0.213787
0.230405
0.227604
0.243021
0.187502
0.191465
0.241861
0.246289
0.224764
0.195839
0.200438
0.250272
0.225717
0.191264
0.194493
0.166893
0.240674
0.212210
0.228750
0.224647
0.187237
0.148960
0.261993
0.238838
0.209564
0.211582
0.181596
0.200562
0.180011
0.181953
0.161243
0.153713
0.156483
0.132097
0.156618
0.177042
0.157229
0.175159
0.155090
0.160148
0.164769
0.134527
0.149107
0.175802
0.163291
0.187627
0.167092
0.159183
0.178419
0.193571
0.226486
0.158086
0.165980
0.153568
0.163588
0.139020
0.118416
0.144163
0.162906
0.146167
0.194143
0.170992
0.160112
0.180145
0.130423
0.200569
0.192493
0.226206
0.224035
0.158151
0.141636
0.211926
0.215884
0.216247
0.220404
0.199219
0.155879
0.251799
0.237892
0.154250
0.156286
0.156869
0.127413
0.116616
0.162304
0.178380
0.147128
0.167406
0.149325
0.146775
0.128849
0.112457
0.132064
0.175282
0.171447
0.241906
0.173936
0.200094
0.162817
0.234310
0.213304
0.215915
0.241195
0.171033
0.240954
0.206689
0.219600
0.233623
0.196327
0.159047
0.204836
0.205198
0.179294
0.165144
0.152241
0.138294
0.138627
0.164019
0.185987
0.164207
0.164154
0.155470
0.159367
0.137165
0.124643
0.158111
0.177958
0.143766
0.208241
0.186467
0.203099
0.169956
0.231313
0.237264
0.203259
0.201331
0.162888
0.207486
0.239171
0.227962
0.224756
0.190525
0.210850
0.187330
0.207819
0.157826
0.166222
0.164186
0.126316
0.135251
0.158567
0.180637
0.152584
0.167561
0.155498
0.160701
0.146744
0.110617
0.151386
0.177089
0.155197
0.186316
0.211417
0.208282
0.211478
0.251998
0.245240
0.223598
0.219829
0.216418
0.243674
0.227994
0.224100
0.186458
0.216732
0.221682
0.236331
0.209682
0.160075
0.121929
0.189689
0.191324
0.233363
0.170796
0.157928
0.155315
0.129648
0.151300
0.173408
0.159618
0.186368
0.158369
0.223074
0.128106
0.123559
0.187044
0.217783
0.179104
0.157788
0.160575
0.173948
0.141273
0.185238
0.172432
0.196841
0.153573
0.157306
0.155291
0.129419
0.165460
0.179824
0.158392
0.167392
0.154766
0.158136
0.166560
0.130390
0.109375
0.174939
0.176679
0.152708
0.165121
0.149320
0.177095
0.139296
0.130987
0.186366
0.176800
0.155351
0.151444
0.178634
0.171881
0.124867
0.104982
0.171022
0.178794
0.205363
0.185310
0.153557
0.150107
0.150155
0.146030
0.184664
0.235468
0.157302
0.166863
0.165870
0.121028
0.238295
0.216654
0.186007
0.223408
0.159046
0.173498
0.225601
0.211027
0.225211
0.210680
0.190890
0.245613
0.256039
0.249263
0.217896
0.205570
0.241467
0.238770
0.219892
0.204484
0.207069
0.246009
0.229132
0.230104
0.194767
0.204920
0.230385
0.235003
0.233352
0.200780
0.202675
0.240477
0.231810
0.215439
0.195680
0.153385
0.264535
0.234002
0.229453
0.199088
0.172286
0.244992
0.219682
0.210498
0.203658
0.167428
0.226279
0.229724
0.238976
0.217117
0.190878
0.159949
0.211510
0.156803
0.200117
0.200884
0.197418
0.176308
0.239052
0.226707
0.238636
0.224061
0.206060
0.251163
0.243070
0.212550
0.191560
0.107576
0.149067
0.171099
0.153328
0.180941
0.177016
0.155321
0.154992
0.119442
0.151248
0.174554
0.154581
0.182662
0.159346
0.152552
0.163730
0.130419
0.206207
0.229822
0.227088
0.242245
0.200912
0.194785
0.249786
0.248670
0.216360
0.199829
0.220167
0.237721
0.235406
0.219595
0.204298
0.206824
0.235147
0.237039
0.216382
0.190086
0.212249
0.235503
0.230596
0.231783
0.190855
0.201123
0.242274
0.225463
0.240062
0.204815
0.207822
0.244770
0.224642
0.220640
0.213006
0.196824
0.211653
0.241560
0.203225
0.205034
0.177185
0.222083
0.188538
0.195908
0.197554
0.195254
0.165236
0.246725
0.236248
0.219875
0.148844
0.142357
0.124039
0.153570
0.183622
0.154248
0.164279
0.156671
0.157951
0.146664
0.121564
0.159189
0.187110
0.156629
0.179816
0.152625
0.217970
0.192396
0.234710
0.201588
0.217014
0.216745
0.185827
0.215749
0.239121
0.231934
0.234845
0.190625
0.197942
0.238052
0.217555
0.217682
0.204390
0.158096
0.247577
0.230574
0.223855
0.205335
0.164904
0.258662
0.228475
0.231256
0.199776
0.191236
0.234683
0.231190
0.203591
0.211165
0.179903
0.256478
0.221066
0.238497
0.214331
0.205971
0.240637
0.224768
0.220691
0.192054
0.174666
0.267051
0.239324
0.205995
0.207519
0.171047
0.232742
0.218751
0.192506
0.177040
0.181715
0.179539
0.235114
0.229424
0.180883
0.183550
0.152980
0.128342
0.194732
0.171232
0.180172
0.158439
0.161071
0.151213
0.134238
0.099356
0.127971
0.173776
0.161558
0.188053
0.156458
0.164089
0.151618
0.123201
0.148392
0.206941
0.152078
0.199822
0.217706
0.174624
0.161165
0.243321
0.210553
0.211092
0.221238
0.131815
0.159604
0.176587
0.182370
0.174654
0.182456
0.123283
0.093925
0.192024
0.195418
0.204757
0.162198
0.149930
0.192687
0.201036
0.199360
0.176677
0.165178
0.111797
0.169583
0.177839
0.172876
0.179434
0.157075
0.147225
0.128621
0.238944
0.225925
0.215620
0.215303
0.171982
0.258114
0.251522
0.231929
0.204471
0.204537
0.245238
0.192247
0.178454
0.203523
0.141609
0.112396
0.213277
0.225626
0.233815
0.215501
0.176394
0.114980
0.194218
0.193564
0.200474
0.197535
0.208840
0.171309
0.244706
0.222522
0.220529
0.226947
0.169931
0.143583
0.177327
0.177654
0.170649
0.161449
0.160206
0.153267
0.118372
0.123968
0.152139
0.165066
0.147026
0.162340
0.138159
0.152709
0.145530
0.124768
0.197472
0.225230
0.226661
0.223548
0.202390
0.154253
0.230223
0.197569
0.201122
0.182374
0.186940
0.168199
0.244262
0.184469
0.197623
0.191847
0.197127
0.168831
0.203692
0.180591
0.218487
0.202081
0.193616
0.190671
0.226257
0.230747
0.216826
0.220505
0.167805
0.201841
0.180820
0.219132
0.226200
0.182502
0.181502
0.232624
0.184234
0.170090
0.199513
0.158309
0.122613
0.181835
0.247267
0.230530
0.221648
0.206125
0.191894
0.231490
0.211403
0.182174
0.196066
0.153588
0.144305
0.221054
0.186327
0.181835
0.198364
0.173950
0.140266
0.206933
0.239662
0.218584
0.149546
0.151515
0.147105
0.116813
0.131025
0.177455
0.170651
0.175961
0.151040
0.158197
0.160861
0.125580
0.118394
0.177054
0.177855
0.165045
0.164191
0.218578
0.170112
0.210603
0.243070
0.234051
0.228705
0.185535
0.184456
0.237083
0.235419
0.211258
0.200285
0.194720
0.212043
0.193294
0.180172
0.200067
0.176001
0.164680
0.208733
0.190342
0.202286
0.217768
0.184088
0.211801
0.252486
0.240228
0.233278
0.182571
0.122165
0.199081
0.201975
0.197552
0.189047
0.184922
0.160824
0.148522
0.231047
0.204028
0.213207
0.194921
0.186876
0.146224
0.227831
0.202239
0.208952
0.200772
0.182934
0.185310
0.226955
0.216268
0.219557
0.211142
0.165323
0.227201
0.220091
0.217944
0.208418
0.181219
0.182742
0.223537
0.197841
0.173673
0.169522
0.164555
0.120683
0.128870
0.187253
0.158402
0.183196
0.226422
0.197457
0.125413
0.153062
0.172757
0.155946
0.171784
0.137468
0.153366
0.170549
0.132445
0.217635
0.179546
0.125945
0.209507
0.153949
0.150743
0.138462
0.124893
0.134644
0.191436
0.178540
0.163123
0.144225
0.145659
0.151885
0.127199
0.126885
0.164131
0.165264
0.145973
0.160167
0.139937
0.147331
0.143341
0.112962
0.116099
0.201572
0.180063
0.134906
0.162621
0.163209
0.168598
0.121343
0.130710
0.160697
0.162658
0.159838
0.166813
0.149392
0.149173
0.160265
0.139489
0.143410
0.184183
0.144203
0.185907
0.182103
0.218021
0.125295
0.146257
0.169216
0.173878
0.160185
0.169736
0.161905
0.152777
0.120673
0.132769
0.164561
0.196280
0.219877
0.154661
0.205594
0.145716
0.212178
0.234734
0.251483
0.232438
0.188056
0.236075
0.229517
0.231666
0.216715
0.198395
0.156608
0.223464
0.165379
0.190605
0.223076
0.188012
0.163658
0.209585
0.182358
0.202132
0.169603
0.195432
0.131441
0.135253
0.197407
0.160467
0.208179
0.216848
0.195298
0.208761
0.245436
0.226917
0.207588
0.190032
0.156589
0.234103
0.216501
0.189175
0.175299
0.187644
0.121824
0.143342
0.193583
0.153397
0.208683
0.220754
0.191971
0.215658
0.240692
0.239969
0.214542
0.194246
0.199805
0.238806
0.235622
0.222107
0.206300
0.214669
0.242738
0.217112
0.150932
0.149997
0.162021
0.120244
0.104759
0.173962
0.165287
