155	280	97	33
155	284	94	30
155	284	94	29
153	284	94	30
152	284	95	29
153	284	95	29
185	283	100	30
237	284	98	30
282	284	94	30
285	284	95	30
279	284	94	29
281	285	95	29
281	284	96	29
281	285	95	29
280	285	95	29
280	286	95	29
280	286	94	29
279	286	94	30
278	287	94	29
277	287	94	29
276	288	95	29
276	289	94	29
275	289	94	29
274	290	94	29
273	291	93	29
273	292	93	28
272	292	94	29
270	292	95	29
270	293	94	29
269	293	94	29
268	294	94	29
268	294	94	29
267	295	95	29
266	295	95	30
266	296	94	30
264	297	95	29
264	297	94	30
263	297	94	30
263	298	94	30
263	299	94	29
262	299	94	29
261	300	94	29
259	300	95	29
259	300	93	29
258	301	95	29
257	301	94	29
257	302	93	29
254	302	95	30
254	303	95	30
253	303	94	30
253	304	95	30
252	304	95	30
251	305	94	29
250	306	95	29
249	307	95	29
249	307	94	29
248	308	94	28
247	308	93	29
247	308	93	29
246	310	92	28
244	309	95	29
243	310	94	29
242	311	94	29
241	311	95	28
240	312	94	29
239	313	93	29
238	313	93	29
238	314	93	28
237	314	92	28
236	315	92	29
236	315	91	28
234	316	92	28
232	316	93	29
232	317	93	29
232	316	94	29
230	317	93	29
229	318	94	28
228	318	93	28
228	318	94	29
228	319	92	29
227	320	92	29
226	320	93	28
224	321	94	28
224	322	93	28
223	322	93	28
223	323	91	27
222	324	91	28
221	324	91	27
221	324	91	28
221	325	90	28
220	326	92	28
219	327	92	28
220	327	91	28
219	328	91	28
218	328	91	28
218	328	91	28
217	328	90	28
217	329	91	28
216	329	90	28
216	330	91	28
216	331	90	28
216	331	90	28
215	332	91	28
214	332	90	28
214	332	91	28
214	332	91	27
214	332	90	28
214	332	90	28
213	332	91	28
213	332	91	29
213	333	91	28
213	333	90	27
213	333	91	28
213	333	91	28
213	333	91	28
213	333	90	28
213	334	89	28
213	334	89	28
213	334	89	28
212	335	89	28
210	335	92	28
211	335	91	28
210	335	92	28
210	335	92	28
210	335	91	28
210	335	92	28
210	335	91	28
209	335	91	28
210	336	91	28
209	336	91	28
209	335	91	28
210	335	90	28
209	335	93	28
209	335	92	28
209	334	92	29
209	335	91	28
209	334	91	28
209	335	90	28
209	335	90	27
209	335	90	27
210	335	90	26
209	334	90	27
209	334	91	27
210	334	90	27
209	333	91	26
210	333	89	27
210	332	90	27
209	332	90	26
209	332	90	27
210	325	86	30
211	298	81	35
208	281	90	28
208	280	89	27
208	280	90	28
207	279	91	27
207	279	89	28
206	279	91	28
207	278	90	28
207	278	89	28
207	278	89	27
206	277	89	27
207	277	89	27
206	277	89	27
205	276	90	28
204	276	91	28
204	276	91	28
204	276	91	28
203	276	90	28
204	276	89	28
203	277	89	27
203	277	89	27
203	277	89	28
202	277	89	28
202	277	89	28
202	277	89	28
202	278	89	27
208	278	88	28
244	277	100	30
299	279	93	28
314	279	89	27
308	279	90	28
309	279	89	28
310	280	89	29
310	280	91	29
309	281	90	28
310	281	89	28
309	282	91	28
309	282	91	29
309	283	90	29
309	284	90	28
308	284	90	28
307	285	91	28
308	285	90	28
308	285	90	29
307	287	90	28
307	287	90	28
308	287	88	28
307	288	89	28
306	288	89	28
305	289	90	29
304	289	90	28
304	290	89	28
305	290	88	28
304	291	89	28
302	292	90	27
303	293	89	27
302	293	89	28
301	293	89	28
301	294	90	28
301	295	89	28
301	296	88	27
300	295	90	28
300	297	89	28
299	297	90	28
300	299	89	28
299	299	89	28
298	300	88	28
298	301	89	27
297	301	90	27
298	302	88	27
297	303	89	28
297	303	88	28
296	305	89	27
296	305	89	28
296	306	88	27
295	307	88	27
295	307	88	27
295	308	88	27
294	308	89	26
294	308	89	26
293	310	88	26
293	310	88	26
293	310	88	26
291	310	89	27
292	311	88	27
291	312	89	27
291	312	88	26
291	312	88	27
290	312	89	27
290	313	88	27
289	312	88	27
288	313	89	28
289	313	88	27
288	313	88	27
288	314	88	27
287	314	88	27
288	314	87	27
287	314	87	27
287	313	88	27
285	313	89	27
285	313	88	28
285	312	88	28
284	313	89	27
284	313	89	27
283	313	89	27
282	313	89	28
283	313	89	27
282	313	89	27
282	313	89	28
282	314	88	27
281	314	88	28
281	315	88	26
281	315	87	27
281	315	87	27
279	315	87	27
279	315	87	27
278	316	88	27
277	316	88	27
277	316	87	27
276	317	88	27
276	317	87	27
276	317	86	27
275	318	87	27
275	318	87	27
274	318	88	27
273	319	88	26
273	319	86	26
272	319	87	26
272	319	87	26
271	320	86	26
270	320	88	26
269	320	88	27
270	320	87	27
269	321	87	27
269	321	86	26
268	321	87	26
267	321	87	26
267	321	87	26
266	322	88	26
265	322	87	26
264	322	89	26
264	322	87	26
264	323	87	26
264	323	87	26
263	324	87	26
262	324	88	26
263	324	87	26
262	325	87	25
262	325	87	26
261	326	87	25
261	326	87	26
260	327	88	26
260	328	87	26
260	328	87	26
259	328	87	26
260	329	87	26
258	330	87	26
258	330	87	26
259	331	85	27
258	331	87	26
258	332	86	26
257	332	87	26
257	333	86	26
256	334	87	26
256	335	86	26
256	335	84	27
256	336	85	27
256	337	86	27
255	337	87	27
255	338	86	27
255	339	87	26
257	326	82	34
257	303	82	33
254	296	86	28
254	298	87	28
254	298	86	27
254	299	87	27
254	300	86	27
253	300	86	26
253	301	86	26
253	302	85	27
253	302	85	26
252	302	86	27
252	303	86	27
252	302	86	26
251	303	85	26
251	303	86	26
251	303	86	26
251	303	85	26
252	303	86	26
251	303	85	26
251	303	86	26
252	303	84	25
252	302	85	26
251	302	85	26
251	302	85	26
251	302	84	26
251	302	86	27
250	301	86	27
250	302	85	27
250	302	85	27
249	301	87	27
249	302	85	27
249	302	86	27
250	302	85	26
249	302	85	27
249	302	85	27
249	303	85	27
249	303	85	27
248	303	86	27
249	305	85	26
248	306	87	26
248	306	86	26
248	307	86	27
248	309	86	26
248	309	85	26
248	311	85	26
248	312	84	26
248	314	85	27
248	315	84	27
248	316	84	26
248	318	85	26
248	319	85	27
247	320	85	27
246	322	85	26
247	323	85	27
247	325	85	26
246	326	85	26
247	328	84	26
246	329	85	26
245	331	86	26
246	332	86	26
245	333	86	26
249	322	79	33
247	299	80	33
246	291	84	27
246	294	84	27
246	295	83	28
245	296	83	28
246	298	84	27
246	299	83	26
246	300	83	26
246	302	83	27
246	303	82	26
245	304	83	27
245	305	82	27
244	306	85	26
244	307	83	27
244	308	85	26
244	309	84	26
244	310	84	26
244	311	83	26
243	312	84	26
243	313	84	27
243	313	85	26
243	315	83	27
243	316	85	26
243	317	84	26
243	317	83	26
243	319	83	25
243	319	82	27
242	320	83	27
242	322	83	26
241	323	84	26
241	324	84	26
241	324	83	26
242	326	83	25
241	327	83	25
242	327	83	25
241	328	83	26
241	329	82	25
241	329	82	26
241	331	83	25
241	331	82	25
241	332	81	25
241	333	82	26
241	333	82	25
241	334	82	25
241	334	80	27
240	335	82	26
240	335	82	26
240	336	81	26
239	337	83	26
238	338	84	26
238	338	84	26
238	339	82	26
238	340	82	26
238	340	82	27
238	341	82	26
238	342	82	27
238	342	82	27
238	343	82	27
238	344	82	27
238	344	81	27
236	345	83	26
237	345	82	26
236	346	83	26
238	342	80	30
239	314	77	35
238	297	78	28
237	296	80	26
236	296	79	26
236	297	80	26
235	298	82	26
235	298	82	26
235	299	81	26
234	299	82	26
234	299	82	26
234	299	83	27
234	300	83	26
234	299	81	27
234	300	81	26
234	300	82	26
233	300	83	26
234	300	82	26
234	301	81	25
234	300	81	26
233	301	82	27
232	301	83	26
233	301	82	26
233	301	82	26
233	301	81	26
233	301	81	26
233	302	81	27
232	301	83	26
232	301	82	27
233	301	82	27
233	301	81	26
232	301	82	27
232	301	82	26
231	301	83	26
232	301	82	26
232	301	82	26
232	301	81	26
232	301	82	26
232	301	81	26
232	301	82	26
232	301	81	26
232	301	81	26
231	301	81	25
231	300	82	26
231	300	82	26
231	300	81	26
231	299	83	26
231	299	82	26
231	299	82	27
231	299	82	26
232	299	81	26
232	299	81	24
231	298	81	25
232	298	81	25
232	298	80	25
232	297	80	25
232	297	80	25
232	296	81	26
232	296	80	25
232	296	81	25
233	296	80	26
233	296	80	26
232	295	82	26
233	295	81	26
233	295	81	26
233	294	80	26
233	294	80	26
233	294	81	26
233	293	81	25
233	292	81	26
233	292	81	26
233	292	80	26
233	291	80	26
233	291	81	26
233	291	80	26
233	290	80	26
232	290	80	26
233	289	81	27
233	289	81	26
233	289	80	26
232	288	81	26
232	288	81	26
232	288	83	26
232	288	80	25
232	287	81	25
233	286	81	26
233	287	80	26
233	286	81	26
233	286	80	26
232	286	80	26
233	286	80	26
233	286	79	26
233	286	79	25
233	286	80	26
232	286	82	26
233	286	81	25
232	286	81	26
232	286	82	26
233	286	80	26
233	287	80	26
233	287	79	26
233	288	79	26
232	288	80	26
233	288	79	26
232	289	81	26
232	289	80	26
232	289	80	26
232	290	80	26
232	290	79	25
232	291	80	25
232	291	80	26
232	292	80	26
232	292	80	26
232	292	80	26
231	293	80	26
232	293	80	26
232	294	80	25
231	294	80	25
231	293	81	26
231	294	79	25
231	294	80	26
231	294	79	26
232	294	78	25
231	294	79	26
231	294	79	26
230	294	80	26
230	294	80	26
231	294	79	26
230	295	79	26
230	294	80	26
230	294	80	26
230	294	79	26
229	294	79	26
228	294	81	27
229	294	80	26
229	294	80	26
228	294	79	26
228	294	79	26
228	294	79	26
228	294	79	26
229	294	78	26
227	294	79	26
227	294	79	26
227	294	79	27
227	295	79	26
227	294	78	26
227	294	79	27
227	295	78	26
227	295	78	26
227	295	78	26
229	294	81	27
264	293	92	30
322	294	85	30
337	295	79	25
333	295	79	25
333	295	79	25
335	295	79	25
335	295	79	25
335	295	79	26
336	296	78	25
336	295	79	25
337	295	79	25
336	295	79	25
336	295	78	25
337	294	79	25
335	294	80	26
336	294	79	25
336	294	80	26
337	293	78	26
336	293	79	26
337	293	78	26
337	292	78	26
337	292	78	26
337	292	78	26
337	292	78	26
338	291	77	26
338	291	78	26
337	292	78	26
338	292	77	26
338	291	78	26
338	292	77	26
338	291	77	26
337	291	79	26
338	291	78	25
338	291	77	26
338	291	78	26
338	291	78	26
338	291	78	26
338	291	77	26
337	291	79	26
337	291	79	26
337	291	78	26
337	291	79	26
337	291	79	26
337	291	78	26
337	291	78	26
337	291	78	26
337	291	79	26
337	291	79	26
337	291	78	26
337	291	78	25
337	291	79	26
337	292	78	26
337	291	78	26
337	292	78	26
337	292	78	26
337	292	77	26
336	292	78	26
337	293	77	26
336	293	77	26
336	293	77	26
337	294	77	26
337	293	77	26
335	293	77	26
335	294	78	25
335	294	77	26
334	294	78	25
335	294	77	25
334	294	77	26
335	294	76	26
334	294	78	26
334	294	78	26
334	294	77	25
335	294	77	26
334	295	79	25
335	295	77	25
335	295	77	25
335	295	77	26
335	295	76	26
335	296	76	26
335	296	77	27
335	297	76	26
335	297	76	27
335	297	76	27
333	298	77	27
334	299	76	26
334	300	77	26
333	300	77	27
333	300	76	27
333	300	76	27
334	301	75	27
333	301	76	27
333	301	76	27
333	301	76	27
333	302	75	27
332	301	75	28
332	301	75	27
332	302	76	27
331	302	76	28
331	302	76	27
331	302	75	27
330	302	75	27
331	302	75	27
330	302	75	26
331	302	74	27
329	302	76	27
329	301	75	27
329	301	75	28
329	301	75	28
328	300	76	28
329	300	74	29
327	300	77	27
326	299	77	28
326	299	78	27
326	298	76	28
326	298	76	27
326	297	76	27
326	297	77	28
325	296	76	28
326	296	76	27
326	295	76	27
324	295	77	26
325	294	77	26
324	294	76	25
325	293	76	25
324	292	77	25
324	291	76	25
325	291	76	25
324	290	77	26
325	289	75	25
324	289	77	26
324	289	77	26
324	289	76	26
324	288	77	25
323	288	77	25
324	288	76	26
324	288	76	25
325	288	75	25
324	288	75	25
324	288	75	25
325	288	75	25
325	288	75	26
325	288	75	25
324	288	76	25
324	288	77	25
324	288	76	25
324	289	76	26
324	289	76	27
325	289	76	27
326	290	74	27
325	290	75	26
325	291	75	26
324	292	76	25
325	292	75	25
325	293	74	26
325	293	75	26
324	294	76	26
325	295	75	25
324	295	75	25
325	296	73	25
325	297	74	25
324	298	75	24
323	299	77	25
323	299	75	26
323	300	75	24
323	301	75	25
323	302	74	25
323	302	74	25
323	303	74	25
323	304	75	26
322	305	75	26
320	306	76	26
321	306	75	26
321	308	75	25
320	308	74	26
320	310	74	25
321	310	72	25
320	311	73	26
320	312	74	26
320	312	74	26
319	313	74	26
318	313	73	26
318	314	73	25
318	314	74	27
318	315	73	27
318	315	73	28
318	316	73	27
318	317	72	26
318	318	72	26
317	318	73	26
317	318	72	26
317	319	72	26
315	319	74	27
316	320	73	25
315	320	73	26
314	321	74	26
315	322	73	26
314	322	74	26
314	323	73	25
314	324	74	26
314	324	74	26
314	325	73	26
314	326	73	25
314	327	73	26
314	327	73	25
313	328	73	26
313	328	72	26
312	329	74	25
312	329	74	26
313	330	73	26
313	330	73	26
314	331	72	26
315	332	72	26
314	332	73	26
314	332	72	25
314	333	73	25
315	333	72	27
316	334	72	25
314	334	74	25
315	334	74	25
315	334	73	25
316	334	73	25
315	334	73	25
316	334	73	25
315	333	73	26
316	333	74	26
316	334	73	26
316	334	73	25
315	334	75	25
316	333	73	26
316	333	74	26
317	333	73	26
317	333	74	26
319	333	72	24
318	333	73	25
318	333	73	24
317	332	74	25
317	332	74	25
317	331	74	24
317	331	73	25
318	330	73	25
317	330	74	25
318	329	72	26
318	329	73	25
318	328	73	26
317	327	73	26
318	327	73	25
319	326	73	26
317	326	73	26
318	326	73	25
318	325	72	26
318	324	73	26
318	324	73	25
317	323	73	25
318	323	72	25
316	323	74	24
316	322	73	25
316	322	74	25
316	322	73	25
316	321	73	25
317	321	72	26
315	321	74	25
315	321	74	25
316	321	72	25
316	320	72	25
316	320	73	25
316	320	72	25
315	320	73	25
315	320	73	24
315	320	72	24
315	320	73	24
315	320	72	24
315	319	71	25
314	320	72	24
313	320	72	24
314	320	72	24
313	320	73	24
314	321	72	23
314	320	72	24
312	320	72	24
311	320	74	25
312	320	72	25
312	321	72	25
311	322	73	24
311	322	73	25
311	323	73	24
311	323	73	25
311	324	73	24
311	325	72	24
311	325	71	24
310	325	72	24
309	326	74	24
311	327	71	24
311	328	71	24
310	329	72	24
310	330	72	24
309	331	72	24
308	331	73	24
308	332	73	25
309	333	71	24
308	333	73	24
309	334	71	23
308	336	73	24
307	336	74	24
307	337	73	23
306	339	73	23
307	339	73	24
307	339	72	25
309	319	72	33
310	296	69	32
308	274	71	28
307	276	73	23
308	277	71	23
307	277	72	24
306	278	74	24
307	277	74	26
306	278	73	26
306	279	73	25
307	280	73	24
306	281	73	24
306	282	73	24
305	282	74	24
305	282	75	24
305	283	75	24
305	283	74	24
305	283	74	25
304	284	74	24
304	284	73	24
304	284	73	24
304	285	73	24
304	285	72	24
304	285	72	24
303	286	73	24
303	286	72	24
303	287	72	25
302	288	72	24
302	288	73	24
300	288	72	25
300	289	73	26
301	290	71	25
300	289	72	26
299	291	72	25
299	291	73	25
299	292	72	25
298	292	74	25
298	293	74	24
297	294	75	25
297	294	74	25
296	295	74	25
297	295	73	25
296	295	73	25
295	296	73	25
295	297	73	24
294	297	74	25
295	297	73	25
294	298	73	25
294	299	73	24
293	300	74	24
293	300	73	25
293	300	74	25
292	300	74	26
293	301	73	25
293	301	73	26
292	301	72	27
293	302	72	26
293	302	71	26
292	302	72	27
293	303	71	25
292	304	72	25
292	305	72	25
292	306	73	25
292	305	72	26
291	306	72	25
291	307	73	25
290	307	73	25
291	308	73	25
291	308	72	25
290	309	73	25
291	309	72	25
291	310	72	25
291	310	71	24
291	311	72	24
290	311	73	25
290	312	74	24
291	312	72	25
291	313	72	25
290	313	73	24
290	314	72	24
290	314	72	24
289	315	73	24
289	315	74	24
289	316	72	24
290	316	72	24
289	317	72	24
290	317	72	24
289	318	73	23
289	319	73	24
289	319	72	24
289	320	72	24
288	321	72	24
289	321	72	24
288	322	73	24
289	323	72	23
