375	274	48	28
372	275	48	30
370	274	48	31
365	273	49	32
363	276	48	30
360	275	48	31
356	276	49	31
353	275	48	31
349	276	49	31
346	275	49	31
342	277	48	31
338	276	49	31
336	276	48	30
333	277	48	29
330	277	48	30
325	278	48	30
322	277	49	31
319	278	49	31
315	278	48	31
313	278	48	30
310	279	47	30
305	279	47	30
303	279	47	30
299	279	47	30
300	279	47	30
328	278	50	30
364	278	50	30
397	278	51	30
428	278	48	31
432	278	48	30
427	278	47	30
423	278	47	30
419	278	48	30
416	278	48	31
412	278	49	30
408	279	49	30
404	278	48	30
402	278	48	30
398	278	48	30
394	279	49	30
391	278	48	30
387	278	48	30
383	278	47	30
380	277	47	30
376	277	47	31
371	277	48	30
367	277	48	31
363	277	48	30
359	276	48	30
355	278	48	30
350	276	48	30
346	276	48	31
343	275	48	32
337	275	48	33
333	275	49	33
325	276	50	34
322	273	50	35
318	275	49	35
314	276	48	33
309	274	48	33
305	275	48	33
299	275	47	32
295	274	47	32
289	274	47	30
284	275	47	31
280	276	46	31
296	276	48	31
330	274	49	31
361	275	50	31
393	274	49	31
408	274	48	30
401	275	45	29
394	275	45	29
388	274	46	30
383	273	48	31
377	274	47	31
372	273	46	30
364	274	47	31
359	272	48	32
352	272	49	32
346	272	50	32
339	272	50	32
334	272	48	32
329	272	48	31
322	272	50	31
315	271	49	32
310	271	47	31
304	271	47	31
297	271	47	31
290	272	48	31
283	271	50	32
276	271	51	31
270	272	48	30
263	271	48	30
256	271	49	31
250	271	48	31
244	270	47	31
238	271	46	31
241	270	46	31
268	271	49	29
302	271	49	29
330	270	50	30
359	271	47	30
358	269	50	31
348	270	47	30
342	270	47	29
337	270	48	30
332	269	46	31
323	270	48	31
316	270	51	31
312	270	48	30
307	269	44	29
300	269	46	29
292	269	47	29
286	269	47	30
278	268	49	31
272	269	48	30
265	268	46	31
258	268	48	30
258	268	46	30
284	268	46	28
317	269	47	27
345	268	49	28
375	269	48	28
404	267	49	29
419	268	48	29
409	268	47	29
401	268	47	30
396	268	46	28
391	269	45	27
384	268	46	28
377	267	46	29
369	266	48	31
362	267	49	32
355	265	51	34
348	265	50	33
341	264	50	34
333	264	52	33
328	265	50	33
321	264	52	35
314	263	51	34
308	264	51	33
303	263	50	33
296	263	50	34
288	262	51	35
281	261	52	35
274	262	51	34
268	261	52	34
261	262	51	33
255	262	52	33
249	262	50	33
244	262	50	33
263	261	53	33
297	261	52	33
328	260	53	33
357	260	53	33
371	261	51	33
361	260	50	33
355	260	51	32
348	261	51	33
342	260	50	33
336	260	50	33
329	260	50	32
323	260	49	33
316	260	49	32
308	260	49	32
301	259	50	33
294	258	50	33
288	258	50	33
281	258	51	33
274	258	50	33
288	258	52	33
319	256	55	34
350	257	53	34
378	256	54	35
408	255	54	34
436	256	52	33
444	256	51	33
432	255	51	33
425	255	50	32
418	255	50	30
412	256	50	31
405	255	50	32
397	255	50	33
390	254	51	33
382	255	50	33
375	255	50	33
368	255	50	32
360	255	50	32
353	256	50	32
345	255	51	32
337	254	52	32
329	254	51	32
322	254	50	32
314	253	50	32
306	254	51	33
298	252	51	33
289	253	53	32
281	252	52	33
274	252	51	33
268	251	51	34
261	252	50	33
263	252	49	33
289	252	53	33
320	252	54	33
348	252	52	33
378	250	52	32
407	251	50	32
412	251	49	32
400	250	50	32
393	250	48	32
385	249	49	32
378	249	48	32
369	249	50	32
361	248	49	32
355	249	48	30
346	249	47	30
338	248	47	30
329	248	47	31
323	248	48	31
313	246	50	33
306	246	49	31
299	246	46	30
289	246	49	33
282	245	48	34
274	246	47	34
265	245	48	35
256	244	48	33
257	244	48	32
283	244	49	33
314	245	48	32
342	243	48	33
370	244	48	32
399	244	47	31
406	244	45	30
392	243	46	32
383	243	48	32
377	242	48	33
369	243	49	32
361	242	46	31
352	243	46	31
345	242	46	31
337	243	46	30
328	242	47	30
318	241	49	31
311	240	48	32
303	240	50	32
295	240	47	31
287	241	48	32
294	240	48	33
322	239	52	33
353	240	51	32
382	239	49	33
412	240	48	31
439	239	50	32
456	239	50	33
449	239	48	32
440	238	49	33
432	239	50	32
424	239	49	33
418	239	48	33
410	238	46	32
401	238	48	32
394	238	47	34
392	236	49	34
417	238	49	32
448	236	49	32
455	237	48	32
442	236	47	32
435	236	46	32
428	236	46	32
421	236	46	32
413	236	46	32
404	237	47	32
396	235	47	33
387	234	48	34
380	235	47	33
372	236	48	31
364	236	47	32
354	236	50	32
348	235	49	32
339	235	50	32
332	234	50	33
323	233	50	34
316	235	49	32
309	234	48	31
301	234	48	31
293	235	49	31
285	234	48	31
277	235	49	32
268	235	49	32
261	235	48	31
252	235	48	31
246	235	47	31
235	249	48	32
228	267	49	31
221	284	49	31
214	285	47	31
206	283	48	31
201	283	48	32
219	283	51	31
254	284	49	31
282	283	50	32
307	283	52	34
312	283	53	33
304	283	49	33
296	283	47	32
290	285	47	31
287	285	47	31
311	285	50	31
342	283	51	32
371	284	50	33
400	282	50	33
416	284	49	32
408	283	49	33
397	283	50	33
389	283	51	32
382	282	49	33
376	283	50	32
369	282	49	34
362	282	49	36
354	284	50	33
345	284	48	31
337	284	49	32
330	284	49	33
323	283	48	33
315	283	49	33
307	282	50	34
300	284	48	33
292	283	48	33
285	283	47	33
277	283	48	32
268	284	49	32
269	284	48	32
296	284	50	32
326	283	50	33
326	284	48	32
313	283	49	33
307	284	49	32
299	283	50	33
292	283	48	33
285	283	48	33
278	284	49	33
270	283	48	32
263	283	47	32
254	284	50	33
248	284	49	33
241	283	47	32
234	283	47	32
225	284	48	33
219	284	49	33
238	283	51	33
269	283	52	33
300	282	51	33
327	282	52	33
357	282	52	33
371	283	48	33
360	282	48	32
351	283	49	32
344	282	50	32
337	282	49	32
330	282	48	32
322	281	48	33
320	281	49	33
345	281	50	32
377	280	49	32
382	280	49	32
372	281	49	31
365	279	48	32
359	279	47	32
351	279	47	32
343	279	49	33
335	279	50	33
329	278	48	33
322	279	47	32
324	278	48	32
353	277	49	33
376	277	48	33
366	277	48	32
355	277	50	32
349	276	50	32
345	277	47	31
338	277	47	31
329	276	49	32
324	275	47	32
317	276	47	31
309	275	46	31
301	274	49	34
294	275	50	33
288	274	48	32
281	274	48	32
274	274	48	32
268	274	48	31
282	275	48	31
315	275	47	30
345	274	47	31
373	273	50	32
398	272	48	33
392	273	49	32
383	272	48	33
377	273	48	33
372	273	44	30
365	273	45	30
359	273	47	31
351	273	47	33
344	272	48	33
337	272	48	33
330	273	47	32
324	272	47	31
317	272	48	31
320	272	48	31
349	273	47	31
381	270	49	33
410	271	50	32
438	271	52	33
464	271	51	33
461	271	50	33
452	270	49	33
447	270	49	33
441	271	49	32
435	271	47	32
429	271	47	31
421	270	49	32
414	269	49	32
409	269	48	32
402	269	50	33
395	270	50	32
390	269	49	32
383	268	48	32
378	269	47	32
367	268	48	31
329	268	52	31
306	269	49	32
305	268	47	32
300	268	47	32
291	267	47	33
285	267	49	34
301	266	49	33
331	266	50	32
361	266	49	32
377	265	48	33
368	266	48	33
360	266	48	33
355	266	48	33
350	264	49	32
342	266	50	33
335	266	50	32
329	265	52	33
323	265	51	33
318	265	49	32
312	264	49	32
307	264	48	32
301	265	47	33
292	264	49	32
287	265	49	32
283	264	48	32
277	265	47	32
270	264	48	33
261	264	50	33
257	264	50	34
278	264	51	32
312	265	48	31
341	264	50	33
355	265	48	34
345	265	49	33
339	265	48	33
333	265	49	32
327	265	49	32
322	265	49	32
315	265	50	33
310	266	50	32
304	267	48	32
298	266	49	32
292	265	50	32
285	265	51	32
279	265	50	32
273	264	49	32
267	266	49	32
262	265	48	32
256	265	48	33
250	265	48	32
256	264	49	34
286	265	51	32
319	263	52	34
350	264	50	33
370	263	49	32
365	264	47	31
357	263	46	32
352	264	47	32
346	263	49	33
339	264	50	32
334	264	48	33
329	264	47	32
322	264	49	31
316	263	48	32
310	263	49	32
304	262	49	33
298	263	48	31
293	262	48	31
286	262	48	32
279	263	49	32
273	262	49	32
267	262	49	33
262	262	49	33
256	264	48	32
250	262	47	31
244	263	47	31
238	262	47	31
231	261	47	32
227	261	48	33
247	260	49	33
282	261	49	32
313	260	49	33
342	260	49	32
358	261	47	32
347	260	47	32
341	260	46	32
336	258	48	34
329	258	48	34
323	258	49	34
316	258	49	33
311	258	48	32
305	257	49	33
298	258	49	33
292	259	49	33
286	259	48	32
293	259	48	32
323	259	50	32
356	259	49	32
386	259	49	32
417	259	49	32
447	259	48	32
475	259	48	31
478	260	47	31
468	260	46	31
462	260	47	31
457	262	47	31
449	261	50	32
444	261	49	33
438	260	49	33
432	261	49	32
426	261	49	32
420	260	48	33
415	261	50	35
409	262	50	34
402	264	49	32
397	264	48	31
392	264	47	31
385	265	49	32
379	264	48	31
373	264	49	32
368	264	48	32
360	265	50	32
356	265	48	31
349	264	49	32
344	265	49	32
336	265	52	34
332	264	52	35
327	265	49	32
322	265	48	32
316	266	46	31
310	265	47	33
302	264	50	35
296	265	50	34
292	266	50	33
287	266	47	31
282	266	47	30
276	267	47	30
270	266	47	33
264	266	48	32
258	266	47	31
275	267	49	31
308	267	50	32
340	267	50	33
371	268	48	34
396	268	48	32
393	268	49	31
384	268	47	30
378	268	48	30
372	269	48	31
368	268	48	32
363	268	47	33
358	268	46	33
353	269	47	32
347	269	48	31
341	269	47	32
335	271	47	31
329	272	46	29
325	271	47	31
319	270	47	32
314	271	47	32
307	270	46	32
302	273	47	32
296	273	47	33
291	272	47	33
286	273	47	34
281	273	47	33
275	273	47	32
270	273	46	32
274	274	48	32
304	274	49	32
338	273	49	33
359	273	48	32
354	273	47	32
347	274	45	32
341	273	47	32
336	273	47	32
331	274	48	33
326	273	48	32
321	273	48	31
316	274	47	31
310	274	47	32
306	272	47	33
301	274	47	32
311	273	48	32
342	273	51	33
374	272	52	33
405	273	51	33
433	272	49	33
432	272	48	33
424	271	47	33
419	273	47	31
416	273	47	31
410	273	46	30
406	273	46	31
400	273	46	31
395	272	46	32
388	274	48	32
383	274	47	31
378	273	47	31
372	273	48	31
389	272	51	32
421	272	54	32
452	272	54	32
483	272	54	33
513	270	52	33
515	271	53	34
508	270	49	33
504	271	49	32
500	271	48	31
495	271	49	31
489	272	51	32
482	271	52	34
477	271	49	34
472	271	48	33
468	272	48	31
462	272	49	31
456	271	49	32
449	271	50	33
445	271	50	33
439	271	51	32
435	271	51	33
430	270	50	33
425	270	49	34
420	270	48	33
415	270	48	33
408	271	48	31
403	270	47	32
398	270	47	33
393	271	48	32
387	270	48	32
380	271	48	31
376	270	47	32
372	270	46	32
366	269	46	32
359	270	47	32
353	271	48	32
349	269	47	32
343	270	47	32
337	269	49	32
332	270	48	32
327	269	47	33
322	269	46	32
317	269	46	32
313	269	47	32
334	268	50	33
368	269	51	32
397	269	50	32
400	269	48	31
391	268	47	31
388	270	45	31
381	269	47	31
376	269	47	30
371	269	47	30
365	269	47	31
359	268	48	31
354	268	48	32
349	269	47	32
342	268	48	32
337	267	50	34
331	268	48	33
326	267	48	33
321	268	46	32
315	268	47	31
309	267	46	31
303	269	47	31
297	267	48	31
290	267	46	31
284	267	47	31
279	267	46	31
278	266	47	32
303	267	50	32
336	267	51	33
367	268	51	32
397	267	49	31
417	268	48	31
410	267	48	30
403	267	47	30
397	267	48	30
393	268	48	30
386	267	48	32
380	267	48	32
375	266	49	32
369	267	49	30
362	268	48	31
356	267	49	31
351	267	48	30
344	266	48	31
338	266	49	32
332	266	50	32
326	266	49	31
320	267	48	30
313	264	49	30
308	265	50	32
302	264	49	32
295	265	49	32
289	266	49	32
283	266	47	31
282	265	47	31
308	266	49	30
344	265	47	29
374	266	47	29
403	267	48	29
433	266	48	30
444	266	46	30
433	266	47	30
426	267	46	30
420	266	48	30
415	266	47	30
409	266	47	30
405	267	45	29
398	266	46	29
390	266	47	30
383	266	49	30
378	265	48	31
373	267	46	30
367	267	45	30
361	266	46	29
355	267	45	28
350	267	44	30
343	267	46	30
336	267	47	29
329	267	46	29
322	266	47	30
314	267	48	30
309	267	47	30
302	267	48	30
296	267	48	31
291	268	46	29
289	267	47	30
315	268	49	30
349	267	49	30
379	267	49	30
409	267	47	29
430	267	46	30
422	267	48	30
413	267	48	30
407	267	48	30
400	266	49	31
394	268	49	30
388	267	48	32
382	266	49	31
376	268	49	29
369	266	49	32
363	267	49	32
356	266	50	33
351	267	49	32
345	267	49	31
339	266	49	33
332	267	50	33
326	267	50	33
321	267	50	33
314	267	49	32
308	268	50	33
303	268	48	32
297	268	48	32
291	268	49	32
287	267	48	33
281	267	48	32
295	267	52	35
327	266	53	34
359	267	52	33
380	266	49	31
373	268	48	30
366	267	48	32
360	267	49	32
355	268	49	32
349	268	49	32
344	267	48	31
338	267	48	31
333	267	48	31
328	269	45	29
323	267	45	28
318	269	45	29
312	267	45	30
314	267	48	32
343	266	51	32
377	266	50	31
407	265	50	30
439	265	49	29
455	266	48	30
450	267	46	30
441	266	49	32
436	266	49	32
432	267	47	31
426	267	48	31
421	266	47	30
417	267	46	30
411	266	45	31
406	267	46	30
401	267	46	30
396	266	46	30
391	267	46	29
386	267	46	29
382	268	47	30
375	268	47	30
371	268	45	28
364	268	46	28
360	267	48	30
354	268	46	32
350	268	47	32
345	268	46	31
339	268	47	30
336	269	46	29
330	268	45	30
325	269	46	30
321	269	46	29
316	270	44	29
311	271	44	29
311	271	44	29
336	270	47	29
371	272	47	28
403	271	46	29
418	270	46	30
412	271	44	29
405	272	45	29
399	272	46	30
396	271	47	31
391	272	45	30
387	271	46	30
381	272	46	31
376	272	46	31
371	271	46	33
366	272	46	33
363	272	45	32
358	273	44	29
353	275	43	29
347	272	46	32
341	272	48	33
336	273	47	32
332	273	48	31
327	273	47	31
322	274	47	30
323	273	46	30
348	275	49	29
382	275	49	30
414	274	50	30
440	275	49	31
439	275	46	30
433	275	45	30
426	275	47	30
422	275	48	30
416	274	49	32
412	275	48	31
408	276	47	29
404	276	45	28
400	276	44	27
395	276	44	28
389	275	45	30
386	276	45	29
381	276	45	28
377	277	45	28
373	276	45	28
367	276	46	30
362	276	47	31
357	276	47	31
353	276	47	30
347	277	45	29
342	277	46	29
337	277	47	30
333	277	47	30
330	278	46	30
326	278	45	29
328	277	45	29
357	278	47	28
390	277	46	28
393	277	47	29
385	278	46	29
382	278	46	29
377	278	45	29
372	277	47	29
367	277	48	30
363	278	47	30
359	277	45	31
354	277	46	31
349	278	47	29
343	279	47	28
339	278	47	29
335	278	46	30
331	278	46	30
326	278	47	29
321	278	46	29
317	277	46	30
311	278	48	31
306	278	49	31
301	278	48	31
298	279	47	30
294	279	46	29
289	278	47	30
283	277	47	30
278	277	48	32
273	277	48	32
270	278	48	31
265	278	48	31
261	277	47	31
257	277	47	32
250	278	48	32
246	278	48	32
242	278	48	31
238	279	45	31
233	279	46	31
229	279	46	31
224	279	46	30
220	280	46	30
216	279	46	31
210	279	46	31
208	279	47	31
231	280	47	30
267	280	48	30
300	280	47	30
308	281	46	30
300	280	46	31
296	280	45	31
293	281	46	31
288	281	46	30
285	282	46	29
281	282	45	29
277	283	44	29
280	283	47	30
310	283	50	30
346	283	50	29
370	283	47	30
365	284	46	29
358	284	46	29
354	284	46	29
350	286	46	29
345	284	47	30
357	284	48	30
390	284	50	30
424	284	49	30
452	285	48	30
450	285	46	30
444	285	45	29
440	284	46	30
436	284	46	30
432	284	46	30
429	284	45	29
425	285	45	29
422	285	45	29
417	284	45	30
412	284	45	30
409	284	45	30
404	284	46	30
400	284	46	29
397	284	45	29
393	284	44	30
389	284	44	30
385	284	45	30
381	284	45	30
376	284	45	30
373	283	44	30
369	284	44	29
365	284	45	30
361	284	45	30
356	284	45	30
351	284	44	29
348	284	44	30
341	285	46	30
337	284	47	30
334	285	46	29
329	285	45	29
325	286	46	29
321	285	47	31
316	286	47	31
312	285	47	31
308	286	46	30
305	288	46	29
301	288	46	29
295	288	45	30
292	287	47	31
