0.022652
0.086866
0.243668
0.049142
0.035334
0.112429
0.069125
0.108778
0.149990
0.037825
0.149327
0.037565
0.138187
0.171292
0.133383
0.195257
0.207879
0.126681
0.066598
0.211896
0.051636
0.039702
0.053812
0.048602
0.032593
0.031417
0.041687
0.039568
0.045912
0.050234
0.038815
0.025379
0.057313
0.050971
0.045397
0.046710
0.040898
0.052189
0.029325
0.039535
0.044043
0.060921
0.044415
0.051245
0.033288
0.040557
0.032539
0.032378
0.032182
0.032589
0.031551
0.042606
0.108609
0.189560
0.064713
0.147729
0.190262
0.053506
0.160027
0.228746
0.033492
0.128675
0.139956
0.078638
0.154653
0.207777
0.143277
0.061790
0.174646
0.208010
0.034632
0.038992
0.070836
0.045595
0.108902
0.029830
0.160559
0.046476
0.236885
0.237904
0.032154
0.039820
0.115559
0.076919
0.049881
0.038236
0.085402
0.070297
0.168074
0.038447
0.039668
0.045371
0.053776
0.039540
0.027788
0.033142
0.038819
0.064064
0.093898
0.058109
0.068667
0.034269
0.084689
0.034514
0.057522
0.094039
0.041840
0.028736
0.028781
0.042588
0.029335
0.034822
0.038506
0.048071
0.038154
0.037252
0.105594
0.040328
0.031542
0.132312
0.037686
0.031873
0.030595
0.044770
0.026743
0.032531
0.028161
0.058806
0.169487
0.028195
0.031136
0.079866
0.026701
0.214594
0.204509
0.190100
0.066730
0.050493
0.041722
0.202885
0.195827
0.111354
0.037062
0.103374
0.045718
0.040839
0.056073
0.139387
0.139384
0.072125
0.105665
0.205716
0.036969
0.036205
0.030262
0.041168
0.060848
0.056679
0.031673
0.090539
0.126495
0.120383
0.122694
0.060841
0.046185
0.045048
0.050540
0.086946
0.055077
0.026334
0.032375
0.158757
0.040355
0.058902
0.122481
0.038793
0.048495
0.085025
0.139559
0.136167
0.118887
0.070879
0.087332
0.038983
0.237536
0.173955
0.185582
0.030870
0.170091
0.042902
0.050767
0.030374
0.159933
0.281616
0.272577
0.063011
0.247394
0.226996
0.256405
0.227538
0.253609
0.253490
0.059542
0.230810
0.056593
0.221230
0.221557
0.224579
0.053614
0.051048
0.235622
0.197026
0.268052
0.057632
0.082063
0.041678
0.062775
0.085583
0.089786
0.061897
0.029708
0.053623
0.085722
0.178684
0.045970
0.061625
0.227443
0.056611
0.045972
0.255511
0.199178
0.198281
0.094071
0.246103
0.214738
0.046137
0.211282
0.040489
0.221877
0.190676
0.109411
0.093953
0.103269
0.150896
0.192285
0.113083
0.232328
0.123693
0.124690
0.185206
0.176456
0.065617
0.039146
0.035693
0.037786
0.155581
0.188755
0.157615
0.050046
0.100378
0.075912
0.096287
0.043485
0.036672
0.032912
0.056451
0.041448
0.048342
0.049526
0.045822
0.033227
0.052938
0.035725
0.052127
0.039910
0.053684
0.031161
0.033049
0.076584
0.067026
0.060472
0.030022
0.034454
0.044126
0.070061
0.035400
0.044494
0.039654
0.048324
0.028378
0.037421
0.044583
0.061149
0.037620
0.044905
0.043256
0.051545
0.046021
0.044218
0.148033
0.048502
0.035198
0.045900
0.043494
0.066339
0.037096
0.042478
0.025419
0.039591
0.084730
0.064170
0.040666
0.046426
0.061307
0.059151
0.038529
0.064127
0.033360
0.089352
0.076756
0.134153
0.036079
0.055731
0.051094
0.068628
0.105645
0.057247
0.043793
0.058729
0.037241
0.054014
0.066912
0.044203
0.070688
0.045131
0.044671
0.061688
0.038182
0.040083
0.048675
0.043629
0.065933
0.054181
0.047431
0.046821
0.035600
0.062731
0.050570
0.050722
0.066145
0.076518
0.094886
0.081081
0.051310
0.054612
0.045321
0.128328
0.106861
0.039012
0.194816
0.044094
0.063929
0.195976
0.261305
0.215313
0.247132
0.248726
0.156493
0.054383
0.156773
0.068805
0.144787
0.062746
0.228438
0.055699
0.287869
0.057542
0.190419
0.048042
0.099088
0.148776
0.183638
0.156724
0.057037
0.107948
0.204265
0.177215
0.217402
0.232762
0.217827
0.218812
0.039139
0.046960
0.057208
0.060565
0.049298
0.040029
0.047006
0.046582
0.086250
0.073384
0.052904
0.038979
0.071969
0.038044
0.074082
0.045563
0.133290
0.044175
0.047559
0.126635
0.037602
0.140396
0.056619
0.126838
0.098629
0.203553
0.032349
0.074111
0.232810
0.034965
0.027882
0.048329
0.043544
0.033721
0.035745
0.033203
0.108470
0.052442
0.034562
0.056497
0.029793
0.153210
0.235688
0.231189
0.031330
0.044931
0.162090
0.207793
0.213993
0.036392
0.183038
0.058798
0.214767
0.067987
0.033016
0.050181
0.062231
0.073778
0.166175
0.103373
0.109951
0.122621
0.146517
0.155578
0.034597
0.068757
0.134246
0.039327
0.024938
0.070202
0.086438
0.041107
0.114967
0.079484
0.036115
0.038162
0.162345
0.030799
0.040784
0.105633
0.163506
0.034143
0.052614
0.051682
0.036720
0.029135
0.045051
0.042826
0.032852
0.041191
0.057183
0.032475
0.080396
0.049137
0.035436
0.036840
0.062619
0.032658
0.035370
0.029826
0.025359
0.032820
0.037462
0.065530
0.036200
0.030428
0.036506
0.039728
0.030836
0.111810
0.165414
0.044405
0.032037
0.098826
0.076725
0.032327
0.026903
0.044248
0.038910
0.041896
0.085144
0.048291
0.039646
0.061580
0.062412
0.086287
0.032599
0.047513
0.076680
0.056471
0.169455
0.088895
0.144154
0.124844
0.060110
0.100097
0.233145
0.206442
0.238996
0.171455
0.069952
0.236607
0.213003
0.138559
0.063337
0.051855
0.102387
0.115888
0.076963
0.068528
0.078978
0.102925
0.190016
0.162874
0.143089
0.181890
0.191407
0.056585
0.201203
0.124665
0.120246
0.035858
0.050493
0.203333
0.212788
0.159301
0.032284
0.207724
0.131284
0.037537
0.215524
0.215695
0.292290
0.231491
0.219777
0.194223
0.046031
0.036954
0.141499
0.078806
0.162437
0.044869
0.045257
0.148004
0.133288
0.233687
0.065045
0.175932
0.059850
0.046525
0.038188
0.032973
0.045905
0.037773
0.086661
0.054746
0.030859
0.066147
0.043916
0.035647
0.033175
0.034635
0.038827
0.031707
0.025586
0.069993
0.030715
0.055311
0.039036
0.044230
0.026788
0.048533
0.055330
0.115522
0.130040
0.029503
0.064724
0.067291
0.028037
0.036752
0.038337
0.033700
0.031938
0.058000
0.086840
0.052829
0.040202
0.132427
0.152060
0.170850
0.058837
0.206243
0.157761
0.065016
0.211103
0.177165
0.214224
0.216946
0.222979
0.046801
0.256811
0.213398
0.037794
0.208001
0.205963
0.211566
0.045203
0.067263
0.098785
0.051512
0.083072
0.051196
0.053966
0.073759
0.055034
0.061553
0.037913
0.035905
0.068700
0.032717
0.057059
0.070585
0.030360
0.046961
0.032896
0.047314
0.035547
0.067405
0.039331
0.031610
0.048941
0.055980
0.048036
0.084478
0.035276
0.033478
0.025657
0.060361
0.047338
0.046265
0.044725
0.064188
0.063456
0.044463
0.071231
0.025086
0.032207
0.056300
0.044181
0.029650
0.059660
0.045981
0.035284
0.069721
0.046311
0.066215
0.037547
0.051031
0.033304
0.026836
0.052454
0.088724
0.043081
0.023411
0.031897
0.073978
0.046165
0.071513
0.072446
0.053112
0.061436
0.027219
0.049364
0.058227
0.073349
0.027188
0.049378
0.040255
0.101109
0.058081
0.041035
0.057430
0.113923
0.048867
0.060438
0.089844
0.069003
0.080006
0.050139
0.076219
0.116635
0.228341
0.087093
0.057603
0.035932
0.024953
0.038368
0.057649
0.067915
0.051337
0.128228
0.046585
0.083972
0.147319
0.046121
0.049705
0.136945
0.067081
0.023307
0.120861
0.087155
0.116753
0.094217
0.142832
0.158587
0.053559
0.216237
0.223963
0.220702
0.042718
0.088144
0.084065
0.167841
0.160046
0.207784
0.220165
0.235718
0.043871
0.227128
0.165215
0.032941
0.028308
0.175537
0.042994
0.174643
0.051294
0.174696
0.056726
0.053296
0.038695
0.093062
0.050813
0.057800
0.041054
0.045184
0.051883
0.035081
0.033873
0.085095
0.033467
0.039109
0.061316
0.243044
0.183642
0.042820
0.222009
0.135882
0.260228
0.221923
0.232180
0.080788
0.242806
0.046382
0.045349
0.031525
0.042043
0.068405
0.085996
0.106352
0.232175
0.107858
0.142693
0.174005
0.029732
0.038297
0.068239
0.028629
0.024244
0.049792
0.076993
0.040980
0.056658
0.029475
0.019905
0.054305
0.027078
0.046459
0.028441
0.026671
0.032951
0.026372
0.036642
0.032015
0.134479
0.036283
0.121205
0.114192
0.176447
0.217463
0.167854
0.028565
0.045807
0.046894
0.059805
0.064464
0.054282
0.037704
0.049323
0.046096
0.038802
0.057966
0.108967
0.046470
0.039876
0.030625
0.042959
0.057566
0.046629
0.031601
0.049480
0.035549
0.032176
0.038921
0.046344
0.043665
0.040587
0.041246
0.037342
0.042294
0.074675
0.038373
0.051762
0.030061
0.052464
0.040317
0.057972
0.048644
0.049764
0.055669
0.044761
0.048835
0.048765
0.053926
0.047680
0.083027
0.042305
0.033989
0.030396
0.045355
0.038114
0.090971
0.041342
0.105152
0.190624
0.117730
0.048795
0.026470
0.039120
0.242016
0.209229
0.042310
0.055772
0.054283
0.038125
0.063494
0.223136
0.046168
0.052378
0.055751
0.207301
0.203692
0.031532
0.033608
0.219393
0.056031
0.108057
0.023342
0.059051
0.056820
0.052732
0.033306
0.044189
0.038715
0.147021
0.047290
0.036011
0.053864
0.055519
0.039531
0.130795
0.080396
0.067496
0.079123
0.164856
0.150354
0.067118
0.052776
0.086654
0.052825
0.044688
0.047458
0.079705
0.054269
0.048184
0.082334
0.100026
0.061091
0.040020
0.212511
0.059657
0.221719
0.049025
0.216353
0.222918
0.060564
0.048457
0.047884
0.048966
0.042029
0.086878
0.061625
0.039928
0.033318
0.059435
0.218641
0.046959
0.224010
0.047191
0.055109
0.049212
0.047049
0.211199
0.074312
0.225282
0.211508
0.046749
0.254995
0.048708
0.203537
0.131971
0.245845
0.058495
0.046546
0.049939
0.177195
0.039069
0.034847
0.040581
0.075096
0.034756
0.024773
0.033732
0.042920
0.046342
0.027373
0.084952
0.051553
0.043384
0.038075
0.033468
0.022923
0.032418
0.037334
0.025889
0.039348
0.025326
0.030830
0.024057
0.033603
