212	224	90	29
214	225	85	27
212	227	85	27
215	228	87	27
231	230	87	27
254	231	86	26
267	233	84	26
266	234	84	26
264	236	84	26
264	237	84	27
263	239	84	27
263	240	84	27
263	242	84	27
263	243	84	27
263	244	84	27
263	245	84	27
264	245	84	27
263	246	84	27
263	247	84	27
263	247	84	27
263	247	84	27
262	248	85	27
261	250	85	27
261	252	85	28
260	256	85	28
260	261	86	28
261	264	85	29
261	270	86	29
260	274	86	30
260	279	86	30
260	284	86	30
260	289	86	30
259	294	87	30
261	298	86	30
260	303	86	30
259	307	87	30
259	311	87	30
260	315	86	30
260	312	86	30
259	306	87	31
259	301	86	31
260	295	86	31
259	290	86	30
260	285	86	30
259	289	86	30
261	286	85	30
260	287	86	29
259	291	86	30
260	297	85	30
260	304	86	31
261	310	85	31
260	317	86	31
258	323	86	31
260	321	85	30
260	318	85	30
259	314	85	30
259	311	85	31
259	308	84	30
258	310	84	31
259	319	84	30
258	326	84	30
258	333	84	30
257	341	84	30
257	346	85	31
257	353	85	31
258	351	84	30
257	347	85	30
257	343	84	30
257	338	83	30
256	341	84	30
256	347	84	30
255	352	84	30
255	357	84	30
254	362	85	30
255	357	83	30
253	350	84	30
252	343	84	30
251	335	83	30
250	327	83	30
248	322	84	30
246	324	84	29
243	327	85	29
243	327	84	30
239	328	86	31
239	325	82	31
234	316	84	31
232	307	84	31
228	297	84	31
227	286	83	32
222	279	85	30
221	280	83	29
218	281	84	29
215	282	84	28
211	283	84	28
208	284	83	28
204	285	84	28
201	285	84	28
198	286	85	28
195	289	85	28
206	290	86	29
223	292	87	30
240	295	88	30
247	299	87	31
241	301	86	30
233	304	87	31
229	307	88	30
223	310	88	30
218	314	88	30
213	317	87	30
213	320	86	30
227	323	86	30
244	327	87	30
258	330	87	30
273	334	86	30
287	337	87	30
301	341	86	30
308	344	87	30
301	348	87	31
292	350	87	31
285	355	87	31
276	358	88	31
269	362	87	31
273	365	88	31
286	369	86	32
299	372	88	33
311	376	88	33
325	379	87	33
327	383	87	32
316	385	88	32
306	389	87	32
298	391	87	32
289	393	85	31
279	394	86	32
270	396	84	31
268	397	85	30
279	398	86	31
291	399	85	30
299	399	85	30
292	400	84	30
278	400	85	30
268	400	84	30
258	401	84	30
248	401	83	29
237	401	84	29
228	400	83	29
217	401	83	29
207	401	84	29
196	400	83	29
186	402	84	31
177	411	80	30
166	420	82	30
154	419	83	30
143	417	84	30
134	418	83	30
124	417	83	30
113	418	84	31
102	418	83	30
91	418	83	30
80	418	84	30
70	419	85	30
59	419	84	29
49	419	84	29
40	420	82	29
40	419	83	29
48	419	85	29
61	419	84	29
68	420	86	29
78	419	85	29
88	419	86	29
98	419	86	30
108	418	85	29
117	419	86	30
127	418	86	30
137	419	86	30
147	418	85	30
157	418	85	30
166	419	86	30
175	418	86	30
184	418	85	30
177	418	85	30
163	418	85	30
151	419	85	30
140	419	84	30
130	418	84	29
118	419	84	30
108	418	84	29
98	416	83	30
102	413	84	30
113	411	83	29
123	408	84	29
131	404	85	29
143	400	83	29
153	396	84	29
163	392	84	29
173	387	84	29
184	382	84	29
195	377	83	29
204	372	84	28
215	367	83	28
225	362	83	28
222	356	84	28
210	352	84	28
198	348	83	28
187	342	84	29
177	337	84	29
167	333	83	29
168	327	83	29
179	322	84	28
190	318	84	28
201	312	83	28
210	308	83	28
212	303	82	29
198	299	84	28
187	293	83	29
177	289	83	29
167	284	83	29
157	285	84	29
147	291	84	29
137	296	83	30
128	301	84	30
117	302	84	29
108	298	83	29
101	294	85	29
108	293	85	28
122	291	84	28
134	289	84	28
144	288	84	28
156	286	83	28
167	285	83	28
178	285	83	28
189	284	83	28
200	284	83	28
211	283	83	28
222	282	83	28
233	282	83	28
244	282	84	28
254	281	85	28
266	280	84	28
271	280	84	29
261	280	85	29
250	279	84	29
241	279	84	28
231	279	84	28
221	278	84	28
213	278	84	28
205	278	85	29
215	277	85	28
227	277	84	28
239	277	84	28
251	277	83	27
263	277	84	28
274	276	85	28
285	276	84	28
297	276	84	28
309	275	84	28
322	275	84	28
333	275	84	28
345	274	84	29
356	274	84	29
368	274	84	29
370	273	84	29
360	274	84	29
349	273	84	29
339	273	85	29
330	274	84	29
321	273	84	29
313	272	84	29
303	272	84	29
294	272	84	29
285	273	84	29
276	282	82	30
267	293	82	29
258	292	84	29
250	291	83	29
241	290	84	29
232	289	83	28
224	288	83	28
216	288	84	29
222	287	85	29
235	287	84	28
247	287	83	28
259	287	84	28
271	286	84	28
283	286	84	28
294	285	84	28
306	284	84	28
318	285	84	28
319	285	84	28
309	284	85	28
300	284	84	29
291	285	84	28
282	285	84	28
272	285	85	29
264	285	84	29
255	286	84	29
250	286	85	29
258	287	85	29
271	287	84	29
285	288	84	29
297	289	84	29
309	290	84	29
322	291	84	29
334	292	84	29
346	293	84	29
358	294	84	30
353	296	85	30
344	297	83	29
335	298	82	29
326	299	84	29
318	300	84	29
309	301	84	29
301	302	85	29
294	303	84	29
286	304	84	29
285	305	83	29
296	306	84	29
310	307	84	29
323	307	85	29
336	308	84	29
349	309	83	29
361	309	83	28
374	309	84	29
387	310	83	29
386	310	83	29
376	311	83	29
367	311	83	29
360	311	83	29
352	312	83	29
344	312	83	29
337	312	83	29
329	313	83	29
322	313	83	29
316	313	84	29
321	314	83	29
334	314	84	28
348	314	84	28
362	314	83	28
375	314	84	28
389	315	83	29
402	314	83	29
417	315	82	29
430	315	83	29
438	315	82	29
430	316	82	28
421	316	82	29
414	316	82	29
406	317	83	29
399	317	83	29
391	318	83	29
386	318	83	29
379	318	82	29
372	319	83	29
366	319	82	29
360	320	83	29
354	320	82	29
347	321	82	29
340	321	82	29
334	321	82	29
329	322	82	29
321	323	82	29
314	323	83	30
317	323	82	29
331	324	83	29
346	326	83	29
361	326	82	29
375	327	82	29
388	327	82	29
400	328	81	29
393	329	84	29
386	330	82	29
379	331	83	29
373	332	84	29
366	333	82	29
360	334	83	29
354	335	82	29
347	336	82	29
341	337	82	29
335	337	82	29
348	336	82	29
294	344	81	28
287	344	82	29
282	344	82	29
285	345	82	29
300	346	82	29
315	347	82	29
330	347	82	29
345	348	82	29
360	347	82	29
368	348	81	29
361	349	82	29
354	349	81	29
347	350	82	29
342	350	82	29
336	351	82	30
329	352	81	30
324	352	81	30
319	353	82	29
313	354	82	29
309	354	81	29
302	355	81	29
297	355	81	29
291	355	81	29
286	356	82	29
280	357	82	30
275	358	82	29
269	358	82	29
263	359	82	30
259	359	81	29
253	360	81	29
247	361	81	29
243	362	81	29
237	362	82	28
237	363	81	29
251	364	82	28
268	364	81	28
283	365	81	28
298	366	81	28
303	366	81	29
296	367	81	29
290	368	82	29
283	368	81	29
277	370	83	29
272	370	83	29
267	371	82	28
261	372	83	29
256	373	83	28
251	373	82	28
244	374	83	28
239	366	82	30
235	357	80	31
230	348	81	30
224	338	81	30
219	329	81	30
214	328	81	27
209	329	82	28
213	330	81	28
227	330	81	28
244	330	80	28
260	331	81	28
274	331	81	28
290	332	81	28
306	332	81	28
322	332	81	28
337	332	81	27
352	332	81	27
369	333	81	28
376	332	80	28
370	333	80	29
363	334	80	29
358	334	80	28
353	334	80	28
348	335	81	28
342	335	81	28
337	336	81	28
333	336	81	28
331	336	80	28
343	337	81	28
359	337	82	28
362	337	79	27
355	338	80	27
349	338	80	28
344	338	80	28
338	339	81	28
333	339	81	28
328	339	81	28
323	340	81	28
319	339	80	28
313	340	81	28
309	340	80	28
305	340	80	28
311	340	81	28
327	341	82	28
341	340	81	28
338	341	81	28
330	341	81	28
326	341	81	28
320	341	81	28
316	341	81	28
310	341	80	27
309	341	79	28
321	341	81	27
338	341	81	28
351	341	80	28
347	341	80	28
340	341	81	28
336	341	81	28
330	341	81	28
325	341	81	28
320	342	81	28
315	342	81	28
311	353	79	28
306	362	78	29
301	372	78	29
296	383	78	29
291	392	79	28
286	392	80	28
281	391	81	28
275	391	81	28
271	390	80	28
268	389	80	29
281	391	81	28
298	391	81	28
313	391	81	28
329	391	81	28
337	391	81	29
331	391	80	28
324	392	80	29
319	391	80	28
312	391	81	28
308	392	80	28
302	392	80	28
296	391	80	28
291	391	81	28
286	391	81	29
281	390	81	28
276	390	80	28
271	390	80	28
266	390	80	29
260	390	80	29
255	390	80	29
250	390	81	28
245	390	81	28
239	390	81	28
235	390	80	28
229	390	80	28
223	389	80	28
218	389	80	28
213	390	80	28
209	389	79	28
205	389	79	28
216	390	80	28
233	389	80	28
249	389	80	28
263	389	80	28
279	389	81	28
293	388	80	28
304	387	79	28
296	387	80	28
289	387	80	29
284	387	80	28
277	387	80	28
272	386	80	28
265	386	80	28
260	386	80	28
255	385	80	28
249	385	80	28
244	385	80	28
238	385	80	27
233	385	80	28
227	385	80	28
222	385	80	27
216	385	79	28
211	385	79	28
204	384	80	28
200	379	77	29
192	369	80	30
187	359	80	30
181	348	80	30
175	344	79	28
168	346	81	28
163	346	80	28
158	346	80	27
153	346	79	27
146	347	79	28
151	347	79	27
168	347	80	27
182	346	80	27
196	346	79	27
210	346	80	27
220	346	78	28
213	346	79	28
205	347	79	28
198	346	80	28
193	346	80	27
186	347	80	28
181	347	79	27
174	347	79	28
181	347	79	27
196	348	79	27
212	348	79	27
227	348	79	27
241	349	80	27
257	349	80	27
272	349	79	27
287	350	80	27
301	350	79	27
301	350	79	27
294	350	80	28
287	351	79	28
281	351	80	28
276	351	79	28
269	352	80	28
265	353	80	28
260	353	80	27
255	353	80	28
250	354	80	28
245	354	79	28
244	355	78	27
255	356	80	27
272	356	80	27
288	356	80	27
304	357	80	28
320	357	80	28
335	358	80	27
350	358	79	27
349	358	79	27
341	359	80	27
336	359	79	27
331	359	80	27
326	360	81	28
321	360	80	27
317	361	79	28
313	361	79	28
308	362	79	28
304	362	78	27
299	362	79	27
295	362	78	27
290	362	78	27
286	362	78	27
282	363	78	28
278	363	78	27
274	363	78	27
270	363	78	27
266	363	78	27
265	364	79	27
278	364	79	28
296	364	80	28
312	364	79	28
329	364	80	28
343	364	78	27
339	364	78	28
332	365	80	28
329	365	78	27
324	364	79	27
319	365	79	28
314	365	79	28
311	365	78	28
306	365	78	28
302	365	79	28
298	365	79	27
293	366	79	28
290	366	78	27
286	366	79	27
282	366	78	27
277	367	79	28
273	367	79	27
269	366	78	28
264	366	78	27
261	367	78	28
255	367	79	28
253	367	78	27
247	367	78	28
243	368	78	28
239	368	78	27
234	368	79	27
231	368	78	27
226	368	79	27
222	368	77	27
218	368	79	27
213	368	78	27
209	368	78	28
218	368	78	27
234	368	79	27
252	368	78	28
268	369	78	27
284	369	78	27
301	368	79	27
312	368	78	27
305	368	79	28
300	368	78	27
295	368	77	28
291	368	77	27
286	368	77	27
282	368	77	27
277	369	79	28
274	369	77	27
271	370	77	28
278	370	77	28
295	370	78	27
312	370	79	27
329	371	79	27
345	371	79	26
362	371	79	27
376	371	78	27
372	371	79	27
366	370	79	27
362	371	79	27
357	371	79	28
354	371	78	28
348	364	77	29
345	354	76	29
340	346	79	28
337	346	77	28
332	348	78	28
330	349	77	28
325	349	77	28
321	350	77	28
318	350	76	27
314	350	77	27
313	351	76	28
327	351	77	27
344	351	78	28
361	352	77	27
365	352	76	27
358	352	77	28
354	352	77	27
349	352	77	27
345	353	77	27
341	353	77	27
337	353	77	28
333	354	77	28
329	354	77	28
325	354	77	28
321	354	76	28
318	355	76	28
314	355	76	28
310	355	76	28
307	355	76	28
309	356	76	28
324	357	77	28
343	357	77	27
359	357	77	27
376	357	78	27
393	357	78	28
401	357	77	28
395	357	78	28
390	358	77	28
386	358	76	28
382	358	76	28
377	358	77	28
374	359	77	28
370	360	76	29
367	360	76	28
363	360	76	28
359	361	77	28
356	362	76	28
353	362	76	28
349	362	76	28
346	363	76	28
342	363	76	28
339	364	77	28
336	365	75	28
333	365	76	28
329	366	76	28
326	366	75	28
331	367	77	27
348	368	77	27
365	369	77	28
382	369	76	27
399	370	77	27
416	370	78	27
417	370	75	27
411	370	77	27
406	371	77	28
402	371	76	28
398	372	76	28
396	373	76	28
393	373	76	28
389	373	76	28
386	374	76	28
383	374	76	28
379	375	76	29
375	376	76	29
373	376	76	28
369	376	76	29
366	378	76	29
363	378	76	28
359	380	76	29
357	379	76	28
353	380	77	29
356	381	77	28
372	382	76	28
390	383	77	28
402	383	76	28
396	382	78	29
391	384	78	29
387	383	78	29
384	385	78	29
381	385	77	29
378	386	77	29
374	387	78	29
372	387	77	29
368	387	78	29
365	387	78	30
362	388	77	29
360	389	77	29
357	390	76	29
353	389	77	29
351	390	77	29
349	391	76	29
345	391	77	29
343	391	77	29
340	391	78	29
338	392	77	29
336	392	77	29
336	391	77	28
351	390	77	28
370	388	78	28
388	384	77	28
388	381	76	28
382	377	76	27
379	373	77	27
376	368	77	28
373	366	77	27
369	370	78	28
367	374	78	29
365	377	78	28
363	371	77	29
361	364	77	28
358	357	77	28
355	351	78	29
353	345	78	28
351	338	78	29
349	332	78	29
346	325	78	29
344	327	77	29
342	331	78	29
340	335	78	30
338	338	77	29
337	335	76	29
333	327	78	30
331	319	78	30
328	312	78	30
327	304	79	30
324	298	79	30
322	290	79	30
319	283	79	30
319	281	78	29
316	285	79	30
314	290	79	30
313	296	78	29
310	302	79	30
309	310	78	29
307	318	78	29
305	326	77	30
302	335	77	29
302	344	77	29
299	354	76	29
298	364	76	29
295	368	78	29
294	367	77	28
292	366	78	29
289	366	77	29
288	366	77	29
287	366	77	29
287	367	77	28
302	368	79	28
322	368	78	29
342	368	77	29
360	368	78	29
369	369	77	28
365	369	77	29
362	369	78	28
360	369	77	28
357	369	78	28
355	369	77	29
354	369	77	29
352	369	76	29
351	369	76	29
349	369	77	29
347	370	77	29
346	370	76	29
344	370	78	28
343	370	77	29
341	371	77	29
339	371	78	29
338	371	77	29
336	372	77	29
335	372	77	29
333	372	77	29
332	371	78	29
331	361	76	31
329	351	77	31
327	341	77	30
325	341	78	29
323	342	79	29
323	344	78	29
321	344	79	29
320	344	78	29
319	344	78	29
317	344	77	29
315	344	77	29
313	344	77	29
312	345	76	29
310	344	77	28
309	344	76	29
306	344	76	29
304	344	77	29
303	345	77	29
314	345	78	28
332	345	79	29
352	346	78	29
356	346	78	29
352	346	78	29
350	346	76	30
347	347	76	30
343	347	77	29
341	347	77	29
338	348	77	29
336	347	78	29
333	348	78	29
331	348	77	29
329	348	77	29
327	348	77	29
324	348	78	30
322	348	78	29
318	342	78	30
317	332	77	31
315	323	78	30
313	324	77	29
309	325	78	29
308	326	78	29
305	327	79	29
303	327	78	29
301	328	78	29
299	328	78	28
297	329	77	29
302	329	79	29
320	329	80	28
339	330	79	28
357	330	79	29
375	330	80	29
393	330	80	29
411	330	79	29
417	331	77	29
413	332	77	29
409	332	76	29
407	333	76	29
404	334	75	29
401	334	76	29
399	334	76	29
396	335	76	29
393	336	77	29
391	336	76	29
388	336	76	30
385	338	77	30
382	338	76	30
379	339	77	29
377	340	76	30
374	340	76	29
371	341	77	29
368	342	77	29
365	342	77	29
362	343	77	29
359	344	76	29
357	344	76	29
352	345	77	29
351	346	77	29
347	346	77	29
344	347	76	30
340	348	77	29
337	349	76	29
334	350	77	29
330	351	78	29
328	351	77	29
324	352	78	29
321	353	77	29
316	354	78	29
314	355	77	28
310	355	77	29
306	356	77	29
302	357	77	29
300	358	76	29
296	359	76	29
292	360	77	29
288	360	78	29
283	361	78	29
280	362	78	29
276	362	77	29
272	364	77	29
268	365	78	29
264	365	77	29
261	366	77	29
257	367	77	29
253	368	77	29
261	369	76	28
278	369	78	28
295	370	78	29
312	371	79	28
329	372	78	28
342	372	77	28
338	372	78	29
332	374	79	28
327	375	79	28
324	374	78	28
319	376	79	29
315	377	78	29
311	377	78	28
308	377	77	29
304	377	77	29
302	378	76	29
297	379	77	29
293	379	77	28
289	379	77	29
285	380	77	28
281	380	78	28
277	381	78	28
274	381	77	28
269	381	77	28
271	381	78	28
