289	217	32	28
297	218	33	24
307	217	32	25
317	217	32	24
327	217	32	25
331	218	31	24
312	217	35	25
293	218	34	24
278	216	32	24
259	217	32	24
243	217	32	24
245	217	31	24
258	217	30	23
269	217	29	23
278	216	30	24
287	217	30	23
297	217	30	23
307	215	30	24
315	216	31	24
319	215	31	24
302	216	33	23
282	215	33	24
263	215	33	24
248	215	32	24
246	214	30	24
257	214	32	24
267	214	31	23
276	214	31	23
286	214	31	23
296	214	31	23
303	214	31	23
312	214	29	23
302	214	30	22
279	213	32	22
262	213	30	24
243	213	31	23
229	213	29	22
234	212	29	22
246	212	29	22
255	212	28	22
263	211	30	23
272	212	29	23
281	211	30	23
286	211	29	22
270	211	32	23
248	211	32	25
229	210	32	25
219	210	28	23
226	210	30	22
238	211	29	22
246	211	29	22
253	211	29	23
262	210	28	23
269	210	30	24
276	211	30	23
285	210	29	23
272	210	32	23
249	210	33	23
229	210	31	24
210	210	32	24
191	210	31	24
191	210	29	23
203	210	30	23
212	210	29	23
219	209	29	23
227	209	29	23
235	210	29	23
242	210	30	23
239	209	31	24
218	209	33	24
197	210	33	23
181	210	30	23
181	210	28	23
192	210	28	23
200	209	30	23
207	210	30	23
215	209	30	23
222	209	30	24
230	209	30	24
238	209	30	24
244	209	30	24
253	209	28	23
261	209	29	23
268	209	29	23
277	210	28	23
285	210	27	22
292	210	28	23
299	208	28	23
307	209	29	23
314	208	29	24
321	209	30	24
328	209	30	24
335	208	31	24
333	209	30	24
312	209	33	24
289	209	33	24
271	209	32	24
262	209	29	23
271	208	30	23
281	208	29	24
288	208	30	25
296	208	29	24
303	207	29	24
312	207	28	24
319	208	28	23
325	208	30	24
333	208	30	24
340	208	29	24
347	207	30	24
354	207	29	24
363	208	30	24
371	207	29	24
364	208	30	23
342	209	31	22
320	208	32	23
304	208	30	23
309	208	29	22
319	207	29	23
326	207	29	23
335	207	30	24
341	206	30	24
348	206	30	24
356	206	29	24
363	205	31	25
370	205	31	24
377	206	31	24
384	205	31	25
383	206	32	24
361	207	34	24
340	206	33	24
319	205	33	24
307	205	31	24
312	205	32	24
321	204	31	25
327	205	31	25
334	204	31	24
339	205	30	25
344	206	31	25
351	206	31	24
355	207	31	25
360	208	31	24
366	208	32	24
370	210	31	25
373	211	31	24
354	212	35	24
327	213	36	24
305	214	35	25
298	215	31	24
304	216	31	25
308	218	31	24
311	219	31	24
314	221	30	24
318	223	30	25
320	225	31	24
322	226	31	24
324	228	30	24
326	230	30	24
328	232	30	24
330	235	30	23
332	237	30	24
333	239	30	24
335	241	30	24
335	243	31	24
337	245	30	23
338	247	30	24
340	249	29	23
342	251	29	23
342	252	29	23
342	255	30	24
343	257	30	24
344	259	31	24
344	262	30	24
345	264	30	24
347	267	29	24
348	270	29	23
349	273	28	23
350	275	29	23
350	278	28	23
352	281	28	23
351	284	28	23
352	287	28	24
351	291	29	23
352	293	28	23
353	282	28	23
353	275	29	23
354	279	29	23
354	285	28	23
354	288	28	24
355	292	28	23
355	296	28	23
356	300	27	23
356	304	28	23
357	307	27	23
357	310	27	23
358	314	27	23
357	317	28	24
358	314	27	24
358	304	27	24
358	294	28	24
358	297	28	23
358	301	28	23
358	306	28	23
358	309	28	24
358	312	27	24
358	316	27	23
359	319	27	24
358	323	27	24
358	319	27	25
358	308	27	25
359	299	27	24
359	287	27	24
358	288	28	24
358	292	27	24
358	294	27	24
359	297	27	24
358	300	27	23
359	302	28	23
359	304	28	23
358	305	28	23
358	308	28	24
358	309	28	24
359	312	27	23
359	314	28	23
358	315	28	23
359	317	28	23
359	319	28	23
358	321	27	24
359	323	27	23
358	323	28	23
359	312	27	24
359	300	28	24
358	290	27	23
359	293	27	23
359	296	28	24
358	298	28	24
358	301	28	24
358	303	28	23
358	305	27	23
357	307	28	23
358	309	27	23
358	310	28	23
358	312	28	24
358	314	28	23
358	316	28	23
359	318	28	23
359	320	28	22
359	308	28	24
359	296	27	24
359	285	28	24
359	285	29	23
358	288	29	24
359	291	29	24
359	292	29	24
359	295	28	24
360	297	29	24
359	298	30	23
360	299	29	24
360	301	28	24
360	302	29	24
361	304	28	24
361	306	29	23
361	307	29	23
361	309	29	24
361	311	29	24
361	312	29	24
361	314	29	23
362	316	28	24
362	318	28	24
363	320	27	24
362	322	28	23
362	323	29	23
363	325	28	24
364	327	28	24
364	330	27	24
364	332	27	23
365	334	27	23
365	336	26	23
365	339	26	23
365	341	26	23
366	343	26	24
366	346	26	23
366	349	25	24
366	351	26	24
367	346	26	23
367	336	26	24
367	325	28	23
365	314	29	24
365	315	30	25
365	318	30	25
366	322	30	26
365	326	30	25
366	329	30	25
366	332	30	26
366	335	30	25
366	337	30	25
366	339	30	26
367	342	30	26
367	343	30	25
366	337	31	26
366	325	33	27
366	314	33	27
367	302	33	27
366	290	32	27
367	293	32	25
367	296	31	25
367	298	32	25
367	300	32	25
367	301	32	25
367	302	32	25
366	303	32	25
367	305	31	25
367	306	32	25
367	307	32	25
366	298	32	27
366	285	32	27
367	274	32	27
367	264	31	24
367	268	31	24
366	269	31	24
366	271	31	24
367	272	31	24
366	274	31	24
366	275	30	24
366	276	30	24
366	278	31	25
366	279	31	24
367	274	31	26
365	261	31	26
366	258	32	25
366	261	31	25
366	265	30	24
366	266	30	23
367	268	30	24
366	270	31	25
367	272	30	24
366	273	30	24
366	275	30	24
367	276	31	24
366	278	31	24
366	279	31	24
366	281	31	24
366	282	31	24
366	283	31	25
366	271	30	25
366	259	30	25
366	247	30	25
367	235	29	25
367	235	29	23
367	237	29	24
367	238	29	24
367	240	29	24
367	242	30	24
367	243	30	24
366	244	31	23
367	245	29	24
367	247	29	24
367	248	29	23
366	248	29	23
366	250	29	22
366	250	29	23
366	252	30	23
366	253	30	24
366	254	29	23
366	249	29	25
367	238	29	26
367	225	29	25
367	215	29	24
367	219	28	23
367	221	28	23
367	222	27	24
367	224	27	24
367	225	27	23
367	226	27	24
367	228	27	23
367	228	27	24
368	229	27	23
367	230	27	24
367	232	27	23
367	232	27	23
367	234	27	23
366	235	28	23
367	236	28	24
367	237	28	24
367	238	28	23
366	239	28	23
366	240	28	23
366	242	28	24
366	242	28	24
366	243	28	23
366	245	28	24
366	245	28	23
366	247	28	23
366	248	28	23
366	249	28	23
365	249	28	23
365	250	28	23
365	251	28	24
364	252	28	24
364	253	29	24
365	254	28	23
364	249	28	25
365	238	28	25
365	226	28	24
364	225	27	23
365	229	27	23
365	230	27	23
365	231	28	24
365	233	27	23
364	234	28	22
365	235	27	23
364	237	27	23
365	238	28	23
364	238	28	24
364	239	28	23
364	240	27	23
364	241	27	23
364	242	28	24
364	244	28	23
364	244	28	23
364	245	28	24
363	247	28	24
363	249	28	23
364	250	28	24
364	252	28	24
363	253	28	24
363	255	28	24
362	256	29	24
362	258	28	24
362	259	29	24
363	254	28	26
363	242	28	25
363	230	28	25
363	227	28	24
362	230	28	24
362	233	28	23
363	235	27	23
362	238	28	24
362	241	28	24
363	255	27	25
362	271	29	26
362	285	29	26
361	300	29	25
362	303	29	24
362	303	29	24
361	305	29	23
361	307	29	23
361	309	29	24
361	311	28	23
361	313	29	23
361	315	29	23
362	318	29	24
361	319	29	23
361	322	29	23
360	323	30	24
361	326	30	24
361	328	30	23
361	331	29	24
361	333	30	23
361	335	29	23
361	338	29	23
360	340	29	24
360	342	29	24
361	344	28	24
361	346	29	23
360	348	30	24
361	350	29	24
360	351	30	25
360	353	30	24
360	354	30	25
360	355	30	25
361	356	30	25
361	357	30	25
361	357	30	25
361	358	30	25
361	358	30	25
361	359	30	26
360	358	30	26
360	358	31	26
360	359	30	25
360	359	30	25
359	359	30	25
360	359	30	25
358	359	30	25
358	360	30	25
358	359	31	25
358	360	30	25
358	360	30	25
358	360	30	25
357	360	30	25
357	359	31	26
357	360	31	25
357	360	30	26
358	360	30	25
357	359	30	25
357	359	30	25
357	359	30	25
358	359	30	25
358	359	30	25
358	358	30	25
357	358	30	25
358	357	30	24
358	357	30	25
358	356	30	25
358	355	29	26
359	355	29	25
359	354	29	25
359	354	29	25
358	353	29	25
358	353	29	25
358	352	29	25
358	352	29	25
358	352	29	24
359	351	30	25
358	351	30	24
358	350	30	24
360	350	29	24
359	349	30	24
359	350	30	24
359	350	29	24
359	349	29	25
360	350	29	24
361	349	29	24
361	349	29	25
362	349	29	25
362	349	29	26
362	350	30	25
363	350	29	24
364	349	29	24
365	350	28	25
366	350	29	25
366	350	29	24
367	350	29	25
369	350	28	25
370	349	29	25
372	349	29	25
373	350	30	25
375	350	29	25
377	350	30	25
378	351	29	25
381	350	29	25
383	350	29	25
384	351	30	25
386	351	29	25
388	350	30	25
391	350	30	25
392	350	30	26
395	351	30	25
397	352	31	26
401	351	30	25
403	350	31	26
406	339	30	26
410	341	30	25
412	341	29	26
415	343	29	25
418	342	30	25
422	342	30	25
415	344	31	25
389	343	34	24
365	344	33	24
341	344	33	25
317	345	33	24
300	342	30	26
303	343	31	24
310	344	31	24
314	343	30	25
318	344	30	24
322	344	31	24
314	345	32	23
289	345	35	21
265	345	35	22
243	345	35	23
237	343	28	24
243	344	30	24
249	344	29	24
254	344	29	24
258	344	28	24
262	344	29	24
267	344	29	24
271	345	29	24
277	345	28	25
282	345	28	24
287	345	30	25
293	345	29	25
298	345	28	25
302	345	28	26
308	345	28	26
313	344	29	26
318	345	29	25
324	345	28	25
330	346	29	25
336	346	28	25
341	346	28	25
348	345	28	25
354	346	28	24
359	346	26	24
366	346	26	24
372	347	27	23
377	347	27	23
384	347	27	23
390	346	27	24
396	347	27	23
402	347	26	24
408	347	25	23
409	348	26	23
388	349	30	22
365	349	29	22
344	349	29	22
322	348	30	22
316	348	26	24
324	348	27	24
333	349	27	24
338	348	27	24
344	348	27	23
351	349	27	23
358	349	27	23
366	350	26	23
373	350	27	23
378	349	27	24
385	350	27	24
393	350	25	23
400	350	25	23
407	350	25	23
414	350	25	23
421	349	25	24
412	350	28	22
389	351	29	21
367	351	30	22
347	350	30	24
327	350	31	24
319	350	26	25
329	349	26	24
338	349	27	24
344	349	27	24
353	349	27	24
360	349	26	23
366	349	28	24
375	349	27	24
382	349	27	24
389	349	27	24
397	348	27	24
405	349	26	24
413	348	26	24
421	348	27	25
425	348	26	25
408	349	31	23
386	349	31	23
364	348	32	24
346	348	31	24
326	348	33	24
311	347	29	25
315	347	30	25
327	346	29	25
335	346	30	25
343	346	29	25
351	346	29	25
358	346	29	24
366	347	29	24
376	346	27	24
384	346	27	24
390	346	29	25
400	345	28	25
408	345	27	25
416	345	28	25
415	345	28	25
393	345	31	23
371	346	31	23
351	345	33	24
332	344	34	25
326	345	28	25
336	345	29	25
346	344	28	24
355	346	27	22
362	345	27	23
370	344	28	24
379	344	29	24
388	345	28	22
396	345	25	23
404	345	26	22
413	345	27	22
421	344	27	22
430	344	26	22
438	344	26	22
446	344	26	21
455	343	26	22
463	343	27	22
470	343	26	22
460	344	29	22
437	343	29	21
417	343	31	22
397	341	33	23
382	340	32	24
387	342	33	23
399	341	32	23
407	341	32	23
416	341	32	23
425	340	31	23
433	340	31	23
442	340	32	23
451	340	31	22
459	339	32	23
467	339	30	23
477	339	30	23
485	338	30	23
494	338	31	24
497	337	31	25
478	338	36	22
458	339	33	24
441	339	33	25
423	339	32	24
407	339	30	23
409	340	30	22
421	339	30	23
430	338	29	23
439	338	29	23
448	336	32	27
455	336	26	26
491	345	32	30
522	361	45	33
521	356	58	41
513	348	59	44
508	346	57	43
507	339	84	38
509	348	56	45
501	337	72	55
492	346	62	49
474	349	58	46
447	351	64	47
422	355	53	43
398	361	47	38
366	349	69	50
364	346	96	43
358	346	63	45
354	346	93	36
374	327	113	47
347	336	102	48
359	352	78	34
358	336	113	44
362	360	53	31
371	348	79	36
341	325	96	58
355	359	48	34
367	351	74	37
347	352	61	43
323	358	57	39
285	354	59	40
263	352	72	43
243	362	79	34
209	352	94	39
177	361	56	40
151	345	69	41
145	345	74	41
158	350	74	37
168	342	107	43
164	356	62	38
167	352	89	36
159	341	83	51
157	351	70	39
164	357	65	34
174	344	91	42
158	347	82	41
157	341	97	42
159	355	58	38
168	356	73	33
156	345	103	49
133	360	51	40
100	349	63	47
78	362	52	40
46	355	63	43
22	353	63	42
17	353	85	42
25	325	126	60
10	349	111	40
8	357	60	38
32	330	99	52
36	339	159	44
108	342	140	36
168	313	101	66
190	325	152	61
393	320	37	30
369	324	35	25
347	325	34	24
322	326	34	24
298	326	35	24
274	326	35	24
257	326	32	24
261	325	31	24
266	325	30	24
269	325	30	24
271	325	30	24
273	325	30	24
277	325	30	24
279	325	30	23
282	325	30	24
285	326	30	24
288	326	30	24
291	325	30	25
294	325	30	24
296	326	30	24
298	326	31	25
301	326	30	24
304	326	30	24
307	326	30	25
310	327	29	25
312	327	31	25
315	326	30	24
318	327	30	25
320	327	30	25
323	327	30	24
326	327	30	25
328	327	31	25
331	328	31	25
335	328	30	25
338	328	30	25
341	328	29	25
344	328	30	24
347	328	29	24
338	329	33	24
312	330	37	22
285	330	38	23
263	329	35	24
243	329	31	23
244	329	31	24
251	330	31	24
255	329	30	24
258	330	30	24
261	330	30	24
265	331	30	24
269	330	31	25
273	331	30	25
277	331	30	25
280	331	32	25
284	331	31	25
289	331	31	25
293	331	31	25
298	331	31	25
302	331	30	26
306	331	30	25
310	331	30	24
315	331	30	24
319	332	31	25
325	332	30	24
329	332	30	25
333	332	31	24
333	333	31	25
310	333	35	24
285	334	36	23
263	334	35	23
240	335	34	26
222	334	32	26
221	335	29	25
231	336	29	24
237	336	29	25
241	336	28	25
247	336	29	24
252	336	29	25
258	337	29	24
263	336	30	25
270	335	29	25
275	335	30	25
281	336	30	25
286	336	31	25
292	337	30	25
298	337	31	25
305	338	30	25
310	337	30	24
316	338	31	24
324	337	29	25
329	329	30	26
334	316	32	27
341	306	30	24
348	308	29	23
355	308	29	24
362	310	30	24
367	310	29	24
373	310	30	24
381	309	30	25
386	308	36	29
394	306	30	27
397	304	47	28
436	284	45	43
404	278	62	47
399	261	61	58
431	215	69	76
439	248	101	60
388	270	82	58
393	250	90	64
381	278	82	53
400	249	69	68
431	218	93	67
400	257	129	71
450	246	117	52
442	265	63	63
459	226	78	88
416	269	113	60
365	266	78	58
330	276	90	56
326	257	116	51
287	264	130	40
266	264	131	49
275	249	116	56
309	219	107	37
290	215	161	91
346	199	151	102
387	184	121	81
401	163	173	71
375	179	113	61
447	166	119	96
391	175	111	63
401	174	146	60
386	177	154	58
373	179	115	63
438	172	141	97
405	169	106	61
386	228	97	82
372	180	148	84
396	194	126	66
411	252	90	78
414	294	57	48
429	313	28	24
435	314	30	23
446	314	28	23
453	314	28	23
461	314	28	24
468	315	27	22
462	315	23	20
438	314	33	23
425	310	40	30
407	299	63	44
373	272	95	75
271	167	153	76
242	184	96	54
251	181	79	57
257	178	88	55
286	168	118	61
280	173	144	63
294	171	187	70
260	175	198	61
259	173	174	59
311	161	200	57
291	172	131	63
246	177	131	60
242	182	98	57
263	173	89	60
268	170	123	63
269	175	167	72
266	174	183	73
291	165	214	65
262	174	142	82
253	192	121	64
248	180	107	65
264	178	134	61
241	182	126	56
225	187	82	52
206	192	57	43
180	194	42	43
155	195	43	42
135	182	54	49
119	173	60	39
96	176	73	31
94	166	99	44
146	158	121	50
93	172	123	56
95	164	100	50
136	162	125	60
98	167	127	55
96	169	155	58
57	169	124	87
27	160	212	62
74	159	187	79
210	388	200	71
294	357	152	97
262	368	152	86
243	342	143	103
189	235	200	181
159	356	146	93
160	366	162	84
136	380	117	67
161	301	131	125
116	343	152	112
131	402	104	58
145	377	106	73
174	288	139	130
124	359	183	80
132	381	116	75
179	311	123	134
106	385	125	75
133	318	180	80
120	344	194	55
283	300	36	29
268	304	31	23
249	304	30	22
232	304	30	22
212	304	30	23
194	304	30	22
180	304	28	22
186	304	29	23
198	303	29	22
207	302	29	23
216	303	28	22
225	302	29	23
