219	290	103	30
233	286	96	29
258	286	97	29
283	285	96	29
308	284	97	29
331	284	97	29
352	283	94	30
347	282	96	30
338	281	94	30
332	281	94	30
325	281	93	30
318	280	93	30
311	279	94	30
304	279	94	30
298	278	93	31
291	277	94	30
284	278	93	30
278	277	94	29
291	276	97	29
319	275	97	29
341	274	96	29
365	273	96	29
389	272	97	29
412	270	96	29
431	270	96	30
423	269	96	29
414	267	94	29
408	267	94	29
401	266	95	29
393	265	94	29
387	265	95	29
380	263	94	29
373	263	95	29
367	263	94	29
360	262	93	29
353	261	94	29
345	261	96	29
340	260	95	29
333	259	96	29
326	259	95	29
321	259	94	29
322	258	96	29
343	257	97	28
371	257	98	29
394	256	97	29
415	256	94	30
408	256	96	29
401	255	95	30
395	254	96	30
389	262	91	32
383	277	93	34
375	290	94	32
370	290	96	30
364	289	94	30
358	288	95	30
351	288	94	30
346	288	95	30
340	287	94	30
335	287	93	30
329	287	94	30
322	287	95	30
316	287	95	30
310	287	94	30
304	287	94	30
299	297	91	33
294	312	91	33
288	327	91	34
281	335	92	30
275	333	94	30
270	333	94	30
265	332	94	30
260	331	94	30
254	331	94	30
248	331	95	30
243	331	95	30
238	331	95	30
233	331	95	30
229	331	95	30
224	331	94	30
219	331	95	30
214	330	95	30
209	330	95	30
205	330	95	30
199	330	95	30
194	330	95	30
189	330	96	30
184	330	95	30
179	330	96	30
175	330	95	30
169	330	96	30
165	331	95	31
160	331	95	31
155	331	95	31
160	332	95	30
176	332	94	31
194	332	93	30
207	332	93	31
202	333	95	31
195	333	93	32
188	334	94	31
183	333	95	31
177	334	94	31
171	334	93	31
165	334	94	31
162	335	94	32
169	334	95	30
186	335	94	30
201	335	94	31
216	336	94	30
230	335	94	30
245	336	94	31
259	337	94	31
275	337	93	31
290	337	94	31
304	338	94	31
319	339	94	31
325	340	93	31
316	340	93	31
308	340	93	31
302	341	94	31
295	342	93	31
289	343	95	31
283	343	94	31
277	343	94	31
272	334	93	32
266	324	93	32
260	320	94	30
254	321	94	30
248	322	94	30
242	323	93	30
237	324	94	31
232	325	94	31
234	325	94	30
248	326	95	30
265	327	94	30
280	327	94	31
294	327	93	31
292	329	94	31
283	330	94	31
276	331	94	30
271	331	94	31
265	332	94	31
260	341	93	32
253	346	94	31
248	346	95	31
243	346	95	30
238	347	94	31
232	348	94	31
227	348	94	31
221	349	94	31
215	350	94	31
210	351	95	31
204	352	95	31
200	352	95	31
208	354	95	31
225	354	93	31
240	356	94	31
255	356	94	31
269	357	94	31
284	358	94	31
300	359	94	31
314	359	94	31
310	360	95	31
303	360	94	31
296	362	94	31
290	362	96	31
285	364	95	31
280	364	94	31
281	365	94	31
296	365	94	31
311	366	95	31
315	367	93	31
306	368	95	31
299	369	95	31
293	369	95	31
287	370	95	31
280	365	93	32
275	355	93	32
268	346	93	32
263	337	93	32
257	328	94	32
250	324	96	30
245	326	95	30
239	328	94	30
234	329	95	30
228	331	94	30
222	331	95	30
216	332	95	30
211	333	95	30
205	333	95	30
208	335	95	30
222	335	95	30
239	336	95	30
253	336	95	30
269	337	94	30
284	338	93	30
298	338	94	30
304	339	94	30
296	339	93	31
289	341	93	30
283	341	94	30
276	342	94	30
271	342	94	30
265	343	94	30
258	344	94	30
253	342	95	31
246	332	94	32
240	323	94	31
234	323	96	30
229	325	95	30
223	326	94	30
218	327	94	30
212	327	95	30
216	328	94	30
229	328	95	29
246	329	94	29
261	329	95	29
276	329	94	30
290	330	94	30
307	330	94	29
313	331	93	30
305	331	93	30
298	332	93	30
292	332	94	30
287	332	93	30
281	332	94	30
275	333	94	30
270	333	94	30
264	331	93	31
260	321	92	32
254	311	94	31
249	309	95	30
244	309	95	29
239	310	95	29
235	311	94	30
231	312	94	30
225	312	94	30
221	313	94	30
217	313	95	30
226	313	96	29
244	313	94	29
260	313	95	29
276	314	95	29
292	314	95	29
308	314	95	29
323	314	93	29
322	314	94	30
315	314	94	30
309	314	94	30
304	314	95	30
299	314	94	29
294	314	94	30
289	314	94	30
285	314	94	30
280	314	94	29
276	315	94	29
271	314	94	29
267	314	94	30
262	314	94	30
257	314	95	30
253	314	95	30
248	314	94	30
243	313	94	30
239	314	94	29
238	313	94	29
249	313	95	29
266	313	96	28
284	313	95	28
300	312	95	29
316	312	95	29
333	311	95	28
349	311	95	29
355	311	94	30
349	311	95	30
344	311	93	30
339	311	94	30
336	310	94	30
331	311	95	30
327	310	95	30
322	310	95	30
319	310	95	30
315	310	95	30
311	310	95	30
307	310	95	30
304	310	95	30
300	309	95	30
296	309	95	30
292	310	95	30
289	310	95	30
285	310	95	29
282	311	95	29
278	311	95	29
274	311	94	29
270	312	95	29
268	311	95	29
265	312	94	29
261	312	95	29
257	312	95	29
255	313	93	29
251	314	94	29
249	314	95	29
245	314	95	29
242	314	95	29
240	314	94	29
245	315	94	28
263	315	95	29
282	315	96	29
297	315	94	29
294	315	96	29
289	315	95	30
287	315	95	30
285	316	93	29
281	316	95	29
278	316	94	29
275	317	95	29
272	317	95	30
270	318	94	30
267	318	95	30
265	318	95	30
262	319	95	30
260	319	95	30
258	320	94	30
255	320	94	30
263	321	96	29
282	322	95	29
301	323	95	29
319	323	95	29
338	323	95	30
354	323	94	30
353	324	94	31
347	324	95	30
344	325	95	31
342	325	94	30
340	326	94	30
337	326	94	30
336	327	93	31
333	324	92	31
329	313	92	32
327	304	91	32
324	294	92	32
322	284	93	32
321	276	92	31
317	276	95	29
316	278	93	30
313	279	94	30
311	280	94	30
308	281	94	30
306	281	94	30
303	282	94	29
300	283	94	29
297	283	94	29
295	284	94	29
293	285	94	29
289	286	95	29
287	286	94	30
285	287	94	29
282	287	95	30
280	288	95	29
278	288	95	30
286	289	96	29
305	289	96	28
326	289	95	28
344	289	96	29
362	289	96	29
375	290	94	30
371	290	96	30
369	290	94	29
366	290	94	30
363	290	96	30
361	290	95	30
360	291	94	30
357	292	94	30
356	292	94	30
353	292	94	30
351	293	93	30
350	294	93	30
347	294	94	30
346	294	94	30
345	295	93	30
342	295	94	30
339	296	93	30
339	297	93	30
335	297	94	30
333	299	93	30
331	299	94	30
329	300	93	30
326	300	93	30
324	301	94	30
322	302	94	30
320	302	94	30
318	303	93	30
315	304	94	30
313	304	95	30
311	305	94	30
308	306	95	30
306	307	95	30
304	308	94	30
303	309	93	30
300	309	94	30
296	309	95	30
295	310	94	30
292	311	95	30
289	311	95	30
288	311	95	30
284	312	96	30
283	312	95	30
280	313	94	30
278	313	95	30
275	315	94	30
272	315	95	30
271	316	94	30
267	317	95	30
264	317	95	30
262	318	94	30
258	319	95	30
255	320	95	30
253	320	95	30
249	321	95	30
246	321	95	30
243	322	95	30
240	322	96	30
237	322	95	30
234	322	96	30
231	322	95	30
236	323	96	29
254	323	95	29
271	323	93	29
272	323	93	30
266	324	94	30
262	324	95	30
259	325	94	30
255	325	94	30
252	325	95	30
248	326	95	30
245	325	95	30
241	326	95	30
237	326	95	30
234	327	96	30
231	326	97	30
227	327	96	30
223	327	96	30
221	326	96	30
217	327	95	30
214	326	95	30
210	327	94	30
207	327	95	30
202	327	95	30
199	328	95	30
194	328	96	30
202	328	95	29
219	329	95	29
237	329	94	29
253	329	94	29
267	329	93	30
262	329	96	30
256	330	96	30
251	330	96	30
246	330	96	30
242	331	95	30
237	331	95	30
232	331	95	30
227	332	95	30
222	332	95	30
218	332	95	30
214	332	96	30
208	333	96	30
204	332	95	30
199	333	95	31
193	334	95	30
188	335	94	30
183	335	95	30
186	336	94	30
202	336	95	29
217	337	94	30
232	338	94	30
246	339	94	30
260	340	95	30
276	340	94	30
290	341	94	30
305	342	94	30
306	343	94	30
298	344	94	31
290	345	93	31
283	346	95	31
277	347	93	31
270	349	93	31
264	350	94	31
257	351	94	31
249	352	95	31
243	354	94	31
248	355	94	31
262	356	94	30
277	357	94	31
290	358	93	30
303	359	94	30
313	360	94	31
306	362	96	30
297	363	95	30
289	363	94	31
282	354	93	32
274	345	93	32
265	335	93	32
257	325	94	32
250	316	94	31
242	309	95	30
234	310	94	29
227	312	93	29
218	313	95	29
216	313	96	29
226	313	96	29
240	314	95	29
253	314	95	29
266	314	96	29
279	314	95	29
290	314	96	29
304	314	94	29
315	314	96	29
323	314	93	29
314	314	94	29
304	314	93	29
295	314	93	29
287	314	93	29
278	314	93	29
271	314	93	29
261	314	95	29
252	309	93	30
244	300	93	31
235	288	93	31
227	280	93	31
218	276	94	29
211	277	94	29
204	278	93	29
195	278	95	29
187	279	94	29
181	279	95	30
190	279	95	29
204	279	94	29
216	279	94	28
228	279	94	28
241	280	94	29
255	280	94	29
266	280	94	28
279	280	95	29
291	281	95	29
305	281	94	29
317	281	94	29
328	281	95	29
323	282	95	29
313	283	93	29
304	283	94	29
294	284	94	29
287	284	94	29
277	285	95	29
270	285	93	29
261	285	93	29
252	286	93	29
244	287	93	29
236	287	93	29
234	287	93	29
244	287	94	29
257	288	94	29
269	288	94	29
283	289	94	29
295	288	94	29
308	289	94	29
319	289	93	29
314	289	94	29
304	290	93	29
295	291	93	29
286	291	93	29
277	292	93	29
268	292	93	29
260	293	93	29
251	294	93	29
247	294	94	29
258	295	95	29
272	296	94	29
285	296	93	29
298	296	93	29
311	297	93	29
322	297	94	28
335	297	93	29
342	298	92	29
332	298	92	29
322	298	93	29
314	298	92	30
305	299	92	30
296	299	93	29
287	299	93	29
279	298	93	29
274	299	93	29
281	299	94	29
296	299	94	29
309	299	93	29
320	299	94	29
333	299	93	29
345	298	93	29
348	299	91	29
338	299	91	29
328	299	91	29
319	299	91	29
310	297	91	29
302	298	90	30
294	298	91	30
286	299	90	31
278	308	90	32
270	318	89	32
262	327	89	32
253	336	89	30
245	337	90	30
237	334	91	30
229	334	91	30
229	333	92	29
241	332	93	29
255	331	92	29
267	331	92	28
280	330	91	28
292	329	91	28
301	328	88	29
292	328	89	28
282	327	89	29
274	325	88	28
266	326	88	28
260	325	87	29
266	324	89	28
281	323	87	28
294	322	86	28
307	322	85	28
320	321	85	27
330	321	83	28
323	319	84	28
314	319	83	28
305	318	84	28
297	316	84	29
289	316	84	28
282	315	86	29
274	315	85	28
269	313	87	29
279	312	87	28
293	312	87	27
306	311	86	27
321	310	85	27
334	309	85	27
347	307	85	27
360	306	84	27
360	305	84	27
350	303	84	27
343	303	83	28
335	301	83	27
328	300	83	27
320	299	84	28
314	297	83	27
307	297	83	28
300	303	81	29
293	312	79	29
285	320	80	29
279	325	80	28
272	322	80	27
266	320	79	28
259	318	80	28
252	316	79	27
246	315	79	27
251	313	81	28
265	311	81	26
279	310	80	26
293	309	79	26
307	307	78	26
321	306	78	26
335	304	78	26
348	303	78	26
363	301	78	26
377	300	78	26
382	299	75	25
374	298	76	25
366	297	75	26
359	296	76	26
351	302	76	28
345	310	76	28
338	320	77	28
330	329	77	29
324	335	76	27
318	332	76	27
313	331	76	27
320	330	77	27
336	329	78	26
351	328	77	26
365	326	77	26
379	325	77	26
392	324	75	27
390	323	76	27
382	321	75	27
374	319	75	28
366	320	76	28
360	318	76	28
353	316	77	29
346	315	77	29
341	313	76	28
334	313	76	28
328	311	76	29
322	309	76	29
316	308	75	29
309	306	76	30
303	304	77	30
297	304	77	30
292	302	76	31
300	301	78	31
315	301	79	32
330	299	79	32
345	298	77	31
357	297	82	32
372	295	81	31
384	295	78	30
378	293	80	31
374	293	75	31
365	292	78	31
362	290	75	33
358	289	72	32
364	288	58	31
361	287	55	31
360	286	50	29
335	286	69	30
325	294	76	35
324	297	76	47
300	302	97	50
305	309	93	55
301	323	86	51
293	318	93	57
279	309	111	66
255	257	212	136
218	179	292	189
285	42	336	244
344	22	269	236
253	48	343	258
34	86	460	214
330	0	289	139
287	131	314	195
241	69	374	293
332	14	307	287
219	111	411	325
23	114	610	396
158	10	478	501
0	0	639	506
0	3	640	508
0	2	640	509
0	0	640	512
0	0	640	511
0	0	640	511
0	0	640	511
0	0	640	511
0	0	640	511
0	0	640	511
0	0	640	511
0	0	640	511
0	1	640	510
0	1	640	510
0	0	640	512
0	1	640	510
0	1	640	510
0	0	640	512
0	0	640	511
0	1	640	510
0	0	640	511
0	3	640	508
0	11	640	500
0	16	640	495
0	31	640	480
0	61	639	424
31	9	594	344
0	67	640	436
0	29	624	463
0	57	634	430
0	18	627	436
0	27	640	481
0	48	640	433
0	38	636	464
0	28	638	452
0	76	640	432
0	22	618	460
0	24	631	487
0	35	637	455
0	70	637	428
0	5	519	382
34	47	599	368
258	52	381	398
27	5	530	193
0	3	251	126
96	259	277	73
267	293	124	44
293	295	83	32
312	297	77	28
316	297	76	29
308	296	78	27
302	296	77	29
298	295	75	29
291	295	76	29
288	294	75	29
283	293	75	29
275	293	78	29
271	293	76	29
268	292	75	29
263	291	75	29
257	291	76	29
253	290	76	29
250	290	76	29
260	290	77	30
276	289	80	29
293	289	78	30
308	288	79	31
323	287	79	31
339	286	80	31
354	286	80	31
370	285	81	32
388	285	78	31
401	284	79	30
402	285	76	29
394	285	77	29
389	283	76	30
384	283	76	29
379	284	76	28
372	283	78	29
368	283	76	28
362	283	77	28
357	284	76	29
352	284	77	29
348	284	76	29
342	284	76	29
337	284	76	29
331	285	76	29
327	285	75	29
329	285	77	30
343	285	79	31
361	285	77	31
375	286	80	32
390	287	79	31
405	286	79	32
421	288	79	32
434	287	79	31
449	287	79	31
451	288	79	30
444	288	76	30
437	287	77	29
432	288	77	29
425	288	77	29
420	288	76	31
414	287	77	30
407	288	77	31
402	288	76	31
397	289	77	30
391	289	76	30
384	288	77	31
378	289	77	30
372	290	77	30
367	290	76	29
359	291	77	28
355	291	76	29
347	290	77	29
341	290	77	28
342	291	75	29
353	290	77	30
368	290	79	29
382	290	79	30
396	291	79	30
410	291	78	29
412	291	76	27
402	290	77	28
395	290	77	27
389	290	76	29
381	290	77	27
381	290	70	28
379	291	65	27
370	290	68	26
369	290	62	25
369	291	56	25
359	290	60	27
363	289	59	27
377	290	59	26
390	290	62	28
402	289	66	34
392	270	98	58
294	220	193	116
196	164	325	226
63	49	414	346
0	0	371	231
0	0	286	135
19	57	313	168
85	94	349	221
8	88	420	272
0	0	343	231
344	44	213	248
63	36	277	130
83	135	348	180
32	33	420	270
356	53	256	332
36	70	473	290
0	0	410	289
13	24	431	272
0	62	464	260
0	12	382	225
111	2	237	142
89	31	266	181
356	40	199	170
268	125	281	187
139	60	320	258
113	47	426	256
410	25	220	176
189	58	208	145
348	89	203	219
204	210	241	175
196	239	209	91
227	261	170	68
263	274	93	43
270	279	77	36
265	289	79	33
259	300	64	31
255	312	68	27
249	312	73	29
243	310	74	31
238	310	76	30
235	309	76	31
245	306	79	35
254	303	80	41
264	298	98	48
259	286	127	72
180	263	257	155
31	44	384	295
25	26	553	401
0	0	593	489
0	0	640	481
0	0	627	429
0	0	564	484
0	0	618	483
0	0	604	449
0	0	605	461
0	0	640	492
0	0	640	512
0	0	640	512
0	0	640	512
0	0	640	512
0	0	640	512
0	0	640	512
0	0	640	512
0	0	640	512
0	0	640	512
0	0	640	512
0	0	640	512
0	0	640	512
0	0	640	512
0	0	640	512
0	0	640	512
0	0	640	512
0	0	640	512
0	0	640	512
0	0	640	512
0	0	640	512
0	0	640	512
0	0	640	512
0	0	640	512
0	0	640	512
0	0	640	512
0	0	640	512
0	0	640	512
0	0	640	512
0	0	640	512
0	0	640	512
0	0	640	512
0	0	640	512
0	0	640	512
0	0	640	512
0	0	640	512
0	0	640	512
0	0	640	512
0	0	640	512
0	0	640	512
0	0	640	512
0	0	640	512
0	0	640	512
0	0	640	512
0	0	640	512
0	0	640	512
0	0	640	512
0	0	640	512
0	0	640	512
0	0	640	512
0	0	640	512
0	0	640	512
0	0	640	512
0	0	640	512
24	0	615	512
0	0	640	512
51	0	588	512
0	0	640	508
39	0	600	512
0	0	635	507
45	0	594	512
0	0	640	508
30	0	609	512
0	0	640	498
0	0	640	508
40	0	599	512
0	0	614	500
