242	43	18	19
241	44	18	17
240	45	18	16
239	47	18	15
239	47	18	16
238	49	17	15
239	48	17	16
238	50	18	15
240	54	16	15
241	64	15	14
240	72	16	15
240	79	16	13
241	86	17	13
242	96	16	13
244	103	16	14
244	108	17	14
245	114	19	16
246	119	20	15
246	121	20	15
249	122	17	15
246	121	23	17
248	120	23	17
252	117	19	18
250	116	23	18
254	115	21	18
255	115	22	18
261	114	16	15
263	114	15	14
263	113	15	16
264	112	14	15
265	112	16	15
266	112	16	15
265	111	17	15
266	110	17	15
268	110	14	15
268	110	15	14
270	110	14	14
269	109	14	12
269	109	14	13
269	108	13	13
269	108	14	13
268	109	14	13
268	108	13	12
268	108	14	14
266	109	14	13
263	108	16	14
260	109	17	15
260	108	16	14
258	109	17	15
257	108	18	15
255	108	15	15
255	110	14	14
251	110	14	13
249	110	15	15
248	111	17	14
245	109	19	14
243	110	19	14
239	111	19	15
238	111	15	14
230	114	20	15
225	113	21	19
222	116	23	18
222	114	20	19
220	113	22	20
214	116	21	18
211	115	21	19
210	116	21	19
208	116	18	16
207	118	16	16
203	118	17	16
198	118	22	17
190	121	21	17
188	121	19	17
186	125	19	15
184	127	18	17
179	127	19	17
178	128	16	17
177	130	17	17
174	130	18	16
168	134	20	15
165	134	16	14
162	136	18	16
158	136	18	17
155	138	18	16
153	141	18	14
150	143	19	17
147	144	17	17
129	158	22	23
123	153	32	28
118	149	47	41
115	173	71	52
100	172	67	58
100	164	90	80
162	101	95	110
154	81	173	118
179	251	185	118
258	213	260	215
224	158	253	233
260	230	204	180
241	114	220	210
278	197	258	218
195	109	224	247
70	209	305	181
265	223	146	102
240	150	252	166
210	95	195	204
209	130	201	195
251	132	217	203
201	132	213	229
166	191	281	207
213	157	246	234
328	217	259	274
149	158	271	235
244	191	235	221
216	105	235	225
265	166	263	239
278	157	216	236
144	75	231	185
209	142	261	205
212	176	216	191
208	123	231	184
189	139	248	196
250	178	179	163
262	191	236	220
264	159	196	214
249	145	199	205
198	140	203	203
219	178	202	185
257	210	244	221
232	155	234	201
255	186	255	240
258	186	240	253
271	182	231	224
238	143	235	223
221	198	266	211
176	126	260	241
147	155	314	259
152	158	345	286
65	219	357	248
196	168	316	294
218	116	303	283
176	192	327	271
174	105	338	278
151	138	325	291
161	235	394	271
136	154	405	293
102	168	374	288
150	179	389	285
57	187	382	293
159	220	345	251
182	79	336	333
140	112	356	277
175	177	367	293
168	95	376	318
176	138	327	245
324	171	276	251
178	162	228	257
287	205	188	193
255	139	268	204
374	130	187	109
281	143	194	215
263	122	238	210
174	159	259	240
147	129	288	248
193	151	336	251
121	155	334	292
173	173	369	287
148	116	379	310
146	211	372	270
138	148	302	276
143	178	328	260
222	194	306	272
148	203	357	267
165	164	373	304
53	159	411	278
49	264	312	227
222	178	261	249
202	169	285	248
222	230	233	200
225	198	202	167
186	194	215	233
263	175	207	233
257	153	265	189
237	181	152	167
196	212	286	207
262	214	302	203
260	185	251	217
328	145	210	236
176	149	245	203
221	202	274	230
286	180	283	297
121	167	342	274
171	170	355	283
297	101	284	259
348	198	236	253
301	236	249	187
444	335	179	158
221	291	194	109
210	228	236	139
234	215	200	151
183	306	133	97
200	335	65	45
228	345	31	30
224	353	23	20
232	349	19	16
236	343	23	18
244	333	24	19
245	329	27	17
244	319	36	26
267	308	33	23
273	306	19	19
278	302	16	15
275	301	17	15
276	300	15	15
274	300	19	17
271	299	20	19
274	299	18	17
272	295	20	19
273	297	20	18
270	299	21	18
272	299	20	17
275	299	18	16
274	299	18	17
277	299	17	17
277	296	25	18
289	285	18	16
298	276	20	18
307	269	20	16
317	262	18	14
324	253	19	15
330	244	21	17
332	237	27	20
340	232	22	18
346	227	18	16
344	223	22	18
343	222	20	18
345	222	21	18
346	221	21	16
346	222	20	17
344	223	22	17
345	221	21	17
345	221	20	17
344	221	21	17
345	221	21	18
346	221	21	17
342	220	23	19
349	222	18	16
347	221	19	17
353	216	20	17
354	204	24	20
364	199	24	16
372	195	23	17
383	185	22	19
393	175	20	18
399	166	23	21
412	160	20	16
419	153	20	16
426	143	22	19
431	135	25	20
438	127	26	18
449	120	23	19
461	111	22	17
471	104	17	16
473	98	18	17
473	94	20	19
474	90	21	19
472	88	20	20
473	87	20	20
472	81	22	24
467	86	26	23
472	84	21	20
470	88	21	18
469	87	23	20
473	87	20	18
474	87	20	19
475	88	21	17
457	96	29	17
468	91	26	16
458	91	34	22
453	89	36	25
471	87	30	24
458	94	32	19
468	87	27	19
472	86	23	17
456	94	30	19
455	97	23	16
451	94	26	21
457	93	31	18
470	87	26	22
451	95	33	16
464	89	29	20
470	89	26	19
468	88	26	20
467	87	25	19
470	86	24	21
472	86	22	18
456	89	31	24
448	100	28	19
448	95	38	23
453	93	36	23
468	88	33	21
455	96	33	17
450	101	17	17
451	100	19	16
450	98	23	17
455	98	28	16
452	99	32	18
450	90	38	29
447	100	21	20
450	99	21	19
455	94	33	21
454	94	29	24
453	95	28	22
447	96	30	26
450	95	40	28
447	101	19	19
451	101	18	18
450	100	27	20
448	101	21	19
448	102	18	17
450	101	17	17
450	100	19	16
449	101	17	17
450	102	17	16
450	101	17	17
450	101	17	17
450	102	17	16
451	94	21	22
450	103	18	17
450	102	19	20
450	101	18	18
450	103	19	18
450	101	19	20
449	102	18	18
449	102	18	18
449	104	17	18
449	102	16	17
450	102	17	17
450	101	19	16
450	102	16	16
449	102	18	16
449	101	17	17
450	102	17	16
448	102	18	16
448	102	17	17
448	103	16	17
444	103	21	18
442	103	24	19
440	101	24	19
448	103	16	18
445	102	20	17
450	98	18	20
450	100	17	17
451	101	15	15
448	101	19	16
451	101	15	16
451	102	15	15
450	102	17	15
451	98	20	17
448	101	18	15
451	101	15	15
452	102	14	15
451	102	13	14
451	102	14	15
450	102	14	15
451	102	13	15
450	103	14	15
451	103	14	15
449	102	16	16
450	102	16	16
450	102	15	15
450	103	15	15
450	102	14	16
450	103	14	15
450	103	14	15
448	102	16	17
456	100	25	14
458	98	27	16
461	89	29	21
463	95	26	18
456	96	27	17
452	100	19	16
448	100	22	16
452	100	19	16
450	100	26	15
449	100	27	16
450	99	20	18
449	98	32	20
439	99	27	21
442	101	24	20
472	94	20	20
475	98	22	22
476	106	18	21
473	107	21	20
468	104	24	22
471	107	23	21
473	112	21	18
467	114	27	17
472	112	22	17
463	117	28	15
474	113	20	17
473	112	22	18
474	112	21	18
471	114	22	18
472	112	21	18
474	111	21	18
473	111	22	18
473	112	22	18
473	113	21	17
474	111	21	18
473	111	22	18
472	113	22	17
477	116	18	17
478	126	17	18
476	136	18	19
476	141	18	18
476	147	17	19
477	157	18	20
476	166	20	19
477	173	18	18
474	179	19	18
473	182	20	20
476	188	19	18
475	186	20	20
472	180	20	23
476	189	19	17
476	193	19	15
478	192	19	16
478	192	19	15
477	193	19	16
476	192	20	17
476	193	19	17
476	196	20	15
479	194	18	15
474	193	21	17
475	193	21	18
476	194	20	17
481	201	17	17
480	213	16	17
479	219	18	16
478	222	26	17
476	232	20	19
476	243	19	19
478	250	18	18
476	253	19	20
478	265	19	18
479	275	17	18
481	283	16	16
477	289	18	17
479	298	17	17
478	303	18	18
481	308	16	17
481	309	16	16
482	312	15	15
479	312	18	15
475	312	21	16
482	313	15	14
477	311	20	17
477	312	20	18
478	312	19	16
476	311	21	19
474	311	22	19
477	312	21	17
479	312	18	17
477	312	20	17
478	313	19	17
478	313	19	17
479	313	19	16
477	312	19	17
477	313	19	17
482	314	16	16
481	313	16	16
479	313	17	16
477	314	19	16
478	313	19	16
476	312	20	17
475	313	22	17
474	314	22	15
476	312	21	17
477	313	21	17
476	313	21	18
475	313	21	17
475	315	21	18
472	311	23	19
479	313	18	16
474	311	22	19
477	313	18	16
478	313	18	16
477	313	19	17
478	313	18	16
478	314	17	15
477	313	19	16
476	314	19	16
475	312	20	16
474	311	22	18
475	306	23	21
476	310	21	19
476	313	19	16
481	313	17	15
476	312	21	18
477	312	22	18
478	314	18	16
479	313	18	17
477	313	19	17
475	310	20	20
470	314	23	18
476	314	21	16
482	316	16	15
478	314	20	18
474	312	21	19
476	313	20	17
478	317	17	17
477	317	18	16
468	318	24	19
478	314	19	16
478	315	18	16
473	313	23	19
481	314	16	15
480	315	18	15
477	312	21	17
478	314	18	16
475	313	20	18
480	314	18	16
476	312	21	16
476	312	20	17
477	313	19	16
482	314	15	16
479	312	18	17
477	313	20	17
477	313	21	18
479	313	20	17
478	313	20	17
476	313	21	17
476	313	21	18
481	313	19	17
482	314	16	16
482	313	17	16
480	313	18	17
480	314	19	16
483	313	15	15
480	314	18	16
481	314	17	16
482	313	16	15
481	313	17	16
483	313	16	15
483	314	16	15
483	314	16	15
479	313	18	17
479	313	19	17
480	313	18	16
482	313	16	16
475	311	22	18
478	312	21	16
475	312	22	18
476	312	23	18
477	313	21	17
477	312	22	18
481	313	18	16
479	313	19	16
475	312	23	19
470	314	24	20
476	314	21	16
477	313	22	18
478	312	20	17
478	314	19	16
478	313	20	16
478	313	20	17
477	313	20	17
477	314	20	15
478	312	19	17
477	313	19	16
478	313	20	17
477	313	20	16
478	313	19	16
477	314	19	16
479	313	18	16
481	314	16	15
478	314	20	18
477	313	19	16
483	315	15	15
481	314	17	15
482	313	17	15
480	314	17	15
479	314	18	15
478	311	20	18
478	313	19	16
478	314	18	16
479	312	18	17
478	312	18	16
478	313	18	17
479	315	17	15
474	308	22	21
477	312	22	17
478	311	20	17
478	312	19	16
479	313	18	16
480	311	19	18
474	310	23	20
475	312	24	18
478	315	17	15
471	310	23	22
480	313	16	16
480	313	17	15
480	314	17	16
480	314	16	15
480	314	16	15
480	314	16	15
480	314	16	15
479	313	17	15
480	314	16	16
479	313	18	16
479	313	17	15
480	313	17	16
480	313	17	16
479	313	18	16
480	313	17	16
480	313	17	16
480	314	17	15
480	314	17	15
479	313	18	16
480	313	16	16
480	314	17	16
479	313	18	16
479	313	17	16
481	314	16	15
480	313	17	16
481	313	16	16
480	312	17	17
481	313	16	16
480	313	16	17
481	314	16	16
480	313	17	16
481	313	16	16
481	313	17	16
480	313	17	16
481	313	16	16
481	313	16	16
481	313	16	16
481	313	16	16
481	313	16	16
481	313	16	16
481	313	16	16
481	313	16	16
481	313	16	16
481	313	15	16
482	313	15	15
481	313	15	16
481	314	15	15
482	314	15	15
481	314	15	16
482	314	15	15
481	313	16	16
481	314	15	16
481	314	15	16
481	314	15	15
481	314	15	15
480	312	17	16
481	313	16	16
481	313	16	15
481	314	15	15
482	314	15	15
483	314	14	15
481	313	16	15
481	313	15	15
482	314	15	15
481	313	15	16
481	313	15	16
482	313	16	16
481	313	16	16
481	313	16	16
481	314	16	16
481	313	16	16
480	312	16	16
481	313	16	16
480	313	16	16
480	313	15	15
481	313	17	16
481	312	17	17
481	313	17	16
481	313	17	16
481	312	17	17
481	313	18	17
481	312	17	17
481	313	17	16
480	313	17	16
481	313	17	16
481	313	17	16
480	313	17	16
481	313	17	16
481	313	17	16
481	313	17	16
481	313	17	16
481	313	17	16
481	313	17	16
480	313	17	16
481	313	16	16
481	313	16	16
481	313	17	16
481	313	17	16
481	313	16	16
480	313	17	16
480	313	16	16
481	314	15	16
481	313	16	17
481	313	16	16
480	313	16	16
481	313	16	16
481	314	16	16
481	313	16	16
481	313	17	16
480	313	17	16
480	314	17	16
480	314	17	16
481	314	17	16
481	314	17	16
480	313	17	16
480	313	17	16
480	314	17	16
481	314	16	16
481	313	17	16
482	314	15	15
481	313	16	16
481	313	15	15
482	314	15	15
482	313	16	16
482	314	15	16
480	312	18	17
481	312	17	17
480	312	17	17
481	313	17	17
481	313	17	16
481	313	17	16
481	313	16	15
482	314	15	15
481	314	16	15
481	314	16	15
482	313	16	16
481	314	16	15
481	313	16	16
482	313	16	16
480	313	17	15
481	313	16	16
481	314	16	16
481	313	17	16
481	313	16	16
481	312	16	16
481	313	16	16
481	313	16	16
481	314	16	16
481	313	16	16
480	313	16	16
481	312	16	16
480	312	17	16
480	313	17	16
480	313	17	16
480	313	18	17
480	313	17	16
480	313	17	16
481	313	16	16
481	313	16	16
481	313	16	16
480	313	17	16
480	313	17	16
480	313	17	16
480	313	16	16
480	313	16	16
480	314	16	16
480	313	17	16
480	313	17	16
481	313	16	16
481	313	16	16
481	313	15	16
481	314	16	16
480	312	17	17
480	313	17	16
480	313	17	16
480	313	17	16
480	313	17	16
480	313	16	16
480	313	17	16
480	313	17	16
480	313	17	16
480	313	17	16
480	313	16	16
481	313	16	16
480	313	16	16
480	313	17	16
480	313	17	16
480	313	16	16
480	313	16	16
481	313	16	16
481	313	15	16
482	313	14	15
480	313	16	16
481	313	16	16
481	313	15	16
481	313	16	16
481	313	16	16
481	313	16	16
480	313	16	16
480	313	17	16
480	313	18	16
480	312	17	17
480	312	16	17
480	313	16	16
481	313	16	16
480	313	16	16
481	313	16	16
482	312	16	16
480	313	17	16
481	312	16	17
480	313	16	16
480	313	16	16
481	313	16	16
481	313	16	16
481	313	16	17
481	313	17	16
481	313	17	16
482	313	17	16
481	313	17	16
480	313	17	16
480	313	18	16
481	313	17	16
480	313	17	17
481	313	18	16
480	313	17	16
481	313	17	16
482	313	16	16
481	314	17	15
481	314	17	16
482	314	17	16
481	313	18	16
481	313	17	16
481	313	17	16
480	313	17	16
480	313	17	16
481	313	17	16
482	313	17	16
480	312	17	16
481	312	17	17
480	313	17	17
480	313	16	16
481	313	16	16
481	313	16	16
481	313	16	16
481	313	17	16
481	313	16	16
481	313	16	16
480	313	16	16
480	313	17	16
481	313	17	16
480	313	18	16
479	314	18	16
479	313	18	16
479	314	19	16
480	313	19	16
480	313	19	16
481	313	17	16
480	314	18	16
479	314	19	16
479	314	19	16
478	313	19	17
479	313	18	17
480	313	19	16
480	314	18	16
480	313	18	16
481	313	18	16
479	314	18	16
479	314	18	16
480	314	18	16
479	313	18	16
479	313	17	16
480	314	18	16
480	314	18	16
480	314	18	16
479	313	19	16
482	312	16	16
483	313	16	16
481	313	17	16
482	313	16	16
483	313	15	16
481	314	16	15
481	313	17	16
482	313	15	15
480	313	17	15
481	314	16	16
481	313	16	16
481	314	16	15
481	313	16	16
482	314	16	16
481	313	17	16
482	313	16	16
481	314	16	15
481	313	17	16
481	313	17	16
480	313	17	16
481	313	17	16
481	313	17	16
480	313	17	16
480	313	17	16
481	313	15	16
481	314	15	16
481	313	17	16
481	313	15	16
481	313	16	16
481	314	16	16
480	313	17	16
480	314	17	16
480	313	18	16
480	313	17	16
480	314	17	16
480	314	16	15
480	314	16	16
479	313	19	17
479	312	16	16
480	313	16	16
480	313	17	16
479	313	16	16
479	313	17	16
480	313	17	15
480	313	16	16
480	313	17	15
480	313	17	16
480	313	16	16
480	314	17	16
478	312	18	16
481	313	16	15
481	313	16	15
480	313	16	16
480	313	16	15
480	313	16	15
480	313	15	16
480	314	16	16
481	314	16	16
480	313	16	16
480	313	16	16
480	313	16	16
480	313	17	16
480	313	17	16
480	313	16	16
479	313	17	16
480	313	16	16
480	314	16	16
479	312	18	16
480	313	16	16
480	313	16	16
479	312	19	16
480	312	16	16
480	313	17	16
480	313	16	16
480	314	17	16
479	313	18	16
480	313	17	16
480	314	16	16
480	314	16	15
480	314	16	15
480	314	17	15
480	313	17	16
480	313	17	16
480	314	17	16
480	313	18	16
480	313	18	16
480	313	18	16
480	314	17	16
480	313	18	16
480	313	18	16
479	313	18	16
479	313	18	16
479	313	17	16
479	313	17	16
480	313	18	16
480	313	17	16
480	314	17	16
480	314	17	15
480	314	17	15
480	313	18	16
481	312	17	16
481	313	17	16
480	313	17	16
481	313	16	16
481	312	16	16
480	313	16	16
480	313	16	16
480	313	16	16
480	314	17	16
479	313	19	16
480	313	17	16
480	313	17	15
480	313	16	15
480	313	18	15
480	314	17	16
479	313	17	16
479	313	17	16
480	313	18	15
480	313	17	16
480	314	17	15
480	314	17	15
479	313	18	16
480	313	17	16
480	313	17	15
480	313	17	15
481	314	17	15
481	314	16	15
481	313	17	16
480	313	17	15
481	314	16	16
481	314	16	16
481	314	16	15
481	314	16	15
481	313	16	16
481	314	15	15
481	313	17	16
481	314	15	15
481	313	15	15
481	313	16	15
481	313	16	15
481	314	16	15
481	314	16	15
480	313	17	16
480	314	16	15
480	314	17	16
480	314	17	16
481	314	16	15
480	314	16	15
481	314	15	15
481	313	16	16
480	314	16	16
480	314	15	15
480	314	17	16
480	313	17	16
480	314	15	15
481	314	16	15
481	314	15	16
480	313	17	16
480	314	16	16
479	313	17	16
479	313	16	16
480	314	16	16
479	313	17	16
479	313	16	16
480	314	16	15
480	313	16	16
480	314	16	16
480	314	15	15
481	313	16	16
481	314	15	15
481	313	16	16
481	314	15	15
481	314	14	15
480	313	16	16
481	314	16	15
480	313	17	16
481	313	17	15
481	313	16	15
481	313	17	15
481	314	16	15
481	313	17	16
481	314	16	15
481	313	17	16
481	314	16	15
480	312	17	16
481	313	17	16
481	313	17	16
481	313	17	16
481	313	17	16
481	313	17	16
481	313	17	16
481	313	17	16
481	313	17	16
481	314	16	15
480	314	17	16
480	313	17	16
480	314	17	15
480	312	18	17
481	314	16	16
480	314	18	16
481	314	16	15
481	314	16	15
481	313	17	16
479	313	17	16
480	313	17	16
481	314	17	15
480	313	17	16
481	314	16	15
480	314	16	16
480	313	17	16
481	314	16	15
481	314	16	15
481	314	16	16
481	313	17	16
481	314	16	15
481	313	17	16
481	314	14	15
482	314	14	15
480	313	16	15
481	314	15	15
481	313	16	15
481	313	15	15
481	314	15	15
482	314	15	15
480	313	15	15
480	314	17	15
481	314	16	15
481	314	15	15
480	312	17	16
480	313	17	16
480	312	17	17
480	313	16	16
480	313	17	16
480	313	16	16
480	313	17	16
480	313	16	16
480	313	17	16
480	313	17	16
479	312	17	17
480	312	16	17
480	313	17	16
481	314	17	15
480	313	17	16
480	314	17	16
480	314	17	16
480	313	18	16
480	314	17	16
480	314	17	16
480	314	17	15
480	314	16	15
480	313	18	16
481	313	17	16
481	313	17	16
481	313	17	16
481	313	17	17
481	313	18	16
480	313	18	16
480	313	17	16
479	313	17	16
479	313	19	16
479	313	17	17
480	313	17	16
479	313	16	16
480	314	17	16
479	313	17	16
480	314	17	16
480	313	18	16
480	313	17	16
480	314	17	16
480	313	17	16
481	313	17	16
481	313	17	16
481	313	16	16
481	313	16	16
481	313	17	16
480	313	16	16
480	313	16	16
480	313	16	16
480	313	16	16
480	313	17	16
480	314	16	16
481	314	16	16
481	312	16	16
481	313	16	16
481	313	16	16
480	314	16	16
479	312	18	17
480	312	16	16
480	313	16	16
480	313	16	15
480	313	16	16
480	314	16	16
480	314	16	15
480	314	16	15
480	313	16	15
480	313	16	16
480	314	16	16
480	314	16	15
480	313	17	16
481	313	15	16
481	314	16	15
480	313	17	16
480	313	16	16
481	314	16	15
480	314	17	16
481	314	16	16
480	313	17	16
481	314	16	16
480	312	17	16
481	313	15	16
480	313	17	16
480	314	16	16
481	314	17	16
480	312	17	17
481	313	16	16
481	313	16	16
481	313	16	16
481	313	17	16
481	313	17	16
482	313	16	16
481	314	17	16
481	314	16	16
482	314	16	16
480	314	18	16
480	313	18	17
480	315	16	15
479	313	17	16
480	315	16	15
480	314	17	16
479	314	17	16
480	314	16	16
480	314	17	15
479	314	17	16
479	314	17	16
478	314	17	16
480	314	16	15
480	315	17	15
479	313	18	16
480	314	16	15
479	313	17	16
479	314	16	16
479	314	17	16
479	314	17	16
479	314	17	16
479	314	17	16
478	314	18	16
480	314	17	16
480	314	16	15
480	314	17	16
479	314	17	16
479	314	17	16
479	314	17	16
480	314	17	16
479	314	16	15
479	314	16	15
478	313	16	16
479	314	16	15
480	315	16	15
478	314	17	15
479	315	16	15
480	315	16	15
479	314	16	16
479	314	16	15
479	314	16	16
480	315	15	15
479	314	16	15
479	314	16	15
479	314	16	15
479	314	16	15
479	314	16	15
479	313	17	16
480	314	16	15
479	313	17	16
480	314	16	15
478	313	17	16
479	314	17	15
478	314	17	16
478	314	17	16
477	313	18	16
478	313	17	16
478	313	18	16
478	314	17	16
478	314	17	16
479	315	17	15
478	315	17	15
478	314	18	16
478	313	17	16
479	314	16	15
478	313	18	16
478	313	17	16
479	314	16	15
478	314	17	15
477	314	17	16
478	314	18	16
478	314	17	16
478	314	17	16
478	314	18	16
478	314	17	16
478	314	17	15
478	314	18	15
478	314	17	16
478	314	17	16
479	314	17	16
479	314	17	16
479	314	17	16
479	314	17	15
478	314	17	15
478	313	17	16
479	314	16	15
479	314	17	15
478	313	17	16
479	314	16	15
479	314	16	15
479	314	17	15
479	314	16	15
479	314	17	15
478	313	18	16
479	314	17	15
479	314	17	15
478	314	17	15
478	314	17	15
479	314	16	15
479	314	16	15
479	315	16	15
479	314	17	15
479	314	17	15
480	314	16	15
479	314	17	15
479	314	17	15
479	314	17	15
478	314	18	16
479	314	17	16
477	314	18	15
479	315	17	15
478	314	18	16
479	315	18	15
477	314	18	15
479	315	16	15
478	313	18	15
479	315	16	14
478	314	18	15
479	314	17	15
479	314	18	16
479	314	18	15
480	315	15	15
480	315	16	15
479	314	17	15
480	314	16	15
480	315	17	15
480	314	17	15
480	314	17	15
479	314	18	16
479	314	18	16
478	314	18	16
478	314	18	16
478	314	18	16
479	315	18	15
477	313	19	16
480	315	17	15
479	314	18	15
479	314	19	15
479	314	18	15
478	314	17	15
479	314	18	15
480	315	18	15
479	315	18	15
479	315	17	15
478	315	18	15
477	314	19	15
479	314	17	16
480	315	16	15
478	314	18	16
479	314	18	15
479	314	18	16
478	314	18	16
479	314	18	16
478	314	17	16
479	314	17	15
479	315	17	16
478	313	18	16
479	315	17	15
479	314	18	15
480	315	17	15
478	314	18	16
479	315	17	15
479	314	18	16
480	315	17	15
479	315	17	15
479	314	18	16
479	314	18	15
479	314	17	15
479	314	18	15
479	314	17	15
479	314	17	15
478	314	17	16
480	315	16	15
478	313	18	16
480	314	16	15
479	314	17	16
478	313	17	16
479	313	16	16
479	313	16	16
479	313	16	16
480	314	15	16
479	314	16	16
479	314	16	16
479	314	16	16
479	313	16	16
480	314	16	15
479	314	17	16
480	314	16	16
478	313	17	17
479	314	16	16
479	314	17	16
479	314	16	15
478	313	17	16
478	313	16	16
478	313	16	16
478	313	16	16
477	313	17	16
478	313	17	16
478	314	17	16
477	313	18	17
478	313	16	16
477	313	17	16
478	314	17	16
479	314	17	15
479	314	17	15
478	314	18	16
479	314	17	16
479	314	17	16
478	314	18	16
479	314	17	16
478	314	17	16
479	313	17	16
479	314	16	15
479	313	16	16
479	313	16	15
479	314	16	16
478	313	17	16
479	314	16	16
478	313	17	16
478	314	16	16
479	313	17	16
478	313	17	16
478	313	16	16
479	314	16	15
479	314	16	15
478	314	16	16
478	314	16	16
479	315	16	15
479	314	15	16
479	314	16	15
480	314	15	15
480	315	15	14
479	314	16	15
479	314	16	15
480	315	15	14
479	315	16	15
479	314	16	15
479	315	15	15
480	315	15	15
479	314	16	15
480	315	15	14
479	315	16	15
478	315	16	15
479	315	15	14
478	314	16	15
479	314	17	15
480	315	15	14
479	314	16	15
480	315	16	15
479	315	16	14
479	315	16	14
478	314	17	15
480	315	16	14
479	315	18	15
479	315	18	15
479	315	18	15
479	315	18	16
479	314	18	15
480	315	17	15
480	315	18	15
479	314	18	15
480	315	17	14
478	314	18	16
480	316	17	14
479	315	18	16
479	316	18	14
478	314	18	15
480	315	17	15
478	314	18	15
480	315	17	14
480	316	17	14
478	314	18	16
480	316	16	14
479	314	18	16
480	315	17	15
478	314	18	16
480	315	16	15
479	314	17	16
479	315	17	15
480	315	17	15
480	316	17	14
479	314	17	16
480	315	17	15
481	315	16	15
480	314	17	16
480	315	16	15
481	315	15	15
480	315	15	14
481	316	15	14
480	315	15	15
480	315	16	15
481	315	15	15
481	315	15	15
480	314	16	16
481	315	15	14
482	314	15	15
482	314	15	15
480	315	15	15
481	315	15	15
481	315	16	15
481	315	16	15
