0.212286
0.339070
0.381650
0.466130
0.475475
0.439531
0.422400
0.509506
0.542517
0.489187
0.464427
0.456415
0.609079
0.553401
0.589056
0.558835
0.524936
0.415699
0.396816
0.378314
0.572050
0.381336
0.429749
0.459378
0.439875
0.466359
0.497848
0.470918
0.552078
0.472404
0.521609
0.464015
0.606100
0.500718
0.486816
0.472951
0.474756
0.459145
0.515593
0.625519
0.531229
0.498280
0.547894
0.654243
0.732938
0.690560
0.473502
0.471282
0.421068
0.504905
0.510198
0.512554
0.462138
0.412185
0.460673
0.658277
0.403118
0.562852
0.378823
0.440456
0.442317
0.445242
0.562484
0.378532
0.353012
0.481060
0.481365
0.504280
0.535319
0.700859
0.678492
0.602267
0.560070
0.634791
0.401543
0.486307
0.354853
0.609938
0.565545
0.649835
0.370528
0.360886
0.374003
0.640610
0.571658
0.408072
0.430127
0.636208
0.464597
0.524611
0.554358
0.468158
0.423692
0.452976
0.410090
0.627843
0.549613
0.383425
0.387475
0.500802
0.545206
0.567391
0.469931
0.605028
0.563535
0.540065
0.526362
0.518573
0.568773
0.616871
0.616680
0.526916
0.558875
0.694167
0.694284
0.696794
0.503831
0.653399
0.456548
0.308644
0.489974
0.506095
0.505890
0.487185
0.516245
0.509332
0.404598
0.523870
0.588563
0.352862
0.350156
0.406499
0.439929
0.466084
0.493576
0.410115
0.453343
0.491491
0.375217
0.467515
0.492419
0.500346
0.522881
0.476941
0.516719
0.487187
0.540317
0.517236
0.539994
0.521205
0.451679
0.375546
0.451436
0.290665
0.467527
0.360151
0.429407
0.293808
0.360953
0.440568
0.424579
0.407593
0.458866
0.459017
0.418562
0.444144
0.485897
0.429689
0.528343
0.507572
0.477760
0.493826
0.590393
0.623230
0.562312
0.456563
0.448347
0.586219
0.412857
0.504372
0.511540
0.353479
0.463729
0.504292
0.395719
0.319461
0.405956
0.458211
0.559021
0.540517
0.480504
0.513218
0.645400
0.612813
0.583116
0.646002
0.608392
0.552021
0.492900
0.461004
0.372022
0.253557
0.468249
0.444742
0.401112
0.472839
0.510711
0.373510
0.552924
0.432800
0.410809
0.463535
0.401825
0.379498
0.473867
0.512755
0.423600
0.359874
0.432132
0.433334
0.472678
0.424234
0.457385
0.483179
0.560486
0.552540
0.654066
0.409377
0.536779
0.482307
0.413975
0.282140
0.413013
0.474371
0.580810
0.407112
0.467025
0.454222
0.532000
0.520959
0.973542
0.680754
0.591937
0.526800
0.457186
0.490642
0.580931
0.582471
0.459368
0.497661
0.508435
0.511708
0.514548
0.485595
0.460258
0.484866
0.451467
0.370801
0.477390
0.414055
0.535140
0.585858
0.652678
0.527533
0.505681
0.527777
0.578220
0.522670
0.530732
0.464135
0.433169
0.508313
0.567343
0.451267
0.508050
0.434831
0.414118
0.437452
0.526828
0.594080
0.559397
0.672470
0.531516
0.589076
0.593410
0.455218
0.489867
0.521570
0.492456
0.535600
0.338338
0.294235
0.454436
0.456543
0.387172
0.416737
0.426925
0.318612
0.340696
0.356472
0.416804
0.570635
0.357492
0.385878
0.542976
0.524261
0.551237
0.670739
0.592458
0.672424
0.563446
0.526164
0.522892
0.618278
0.762240
0.594724
0.470183
0.598647
0.582832
0.482007
0.286693
0.405280
0.433473
0.432007
0.519799
0.508558
0.563240
0.498700
0.586093
0.329582
0.353937
0.545876
0.582082
0.452892
0.192527
0.316951
0.381114
0.596453
0.630438
0.443011
0.303184
0.448704
0.488511
0.551630
0.337872
0.665722
0.725812
0.517290
0.399409
0.527209
0.647692
0.571077
0.519788
0.428534
0.431333
0.577693
0.513996
0.463314
0.533797
0.562536
0.554547
0.624141
0.600395
0.528509
0.665411
0.690142
0.469906
0.574696
0.602201
0.617180
0.654968
0.364945
0.568746
0.478320
0.471774
0.470836
0.321081
0.483814
0.446652
0.418633
0.479611
0.435850
0.340857
0.511925
0.551317
0.504975
0.504308
0.521299
0.492971
0.404817
0.485270
0.543673
0.508005
0.488415
0.540410
0.497418
0.491989
0.487833
0.514814
0.468784
0.637114
0.457548
0.444139
0.468592
0.428748
0.517136
0.456905
0.283263
0.657513
0.491009
0.479039
0.532938
0.611809
0.606188
0.420907
0.443624
0.447119
0.503080
0.379890
0.485341
0.393961
0.304633
0.413217
0.528397
0.754752
0.502347
0.490679
0.531545
0.544760
0.623132
0.570612
0.728307
0.663357
0.551779
0.720159
0.393077
0.225283
0.452277
0.458413
0.456978
0.491535
0.533804
0.410185
0.504306
0.481132
0.418629
0.349142
0.456708
0.381899
0.442570
0.482001
0.490771
0.421865
0.435830
0.362937
0.462097
0.438154
0.545941
0.553871
0.598953
0.406496
0.470339
0.488933
0.531809
0.626961
0.467470
0.556924
0.616172
0.518655
0.549645
0.532755
0.610586
0.508185
0.523113
0.544011
0.552662
0.608428
0.807320
0.561085
0.687034
0.523440
0.657676
0.484899
0.535955
0.655050
0.491682
0.571159
0.437287
0.417222
0.551055
0.469987
0.593364
0.678246
0.536673
0.446856
0.634808
0.500510
0.513230
0.552437
0.504302
0.570972
0.380686
0.442537
0.430913
0.457764
0.475428
0.357042
0.362981
0.477722
0.532905
0.472589
0.490046
0.420664
0.596806
0.585387
0.339826
0.396206
0.427330
0.458085
0.523142
0.461726
0.554059
0.567883
0.638974
0.537359
0.530632
0.163371
0.194778
0.505207
0.446289
0.374662
0.464468
0.370740
0.651716
0.503783
0.596802
0.430890
0.410875
0.458232
0.326763
0.503801
0.545203
0.604949
0.556648
0.502844
0.376217
0.493382
0.508490
0.567197
0.469198
0.446046
0.407444
0.497825
0.444268
0.439607
0.547900
0.576148
0.485719
0.535244
0.555480
0.459905
0.524198
0.412204
0.463109
0.522411
0.555404
0.361805
0.518183
0.756785
0.622967
0.611799
0.499447
0.599356
0.502492
0.542536
0.518623
0.600348
0.567168
0.358589
0.654346
0.549579
0.397536
0.473329
0.458741
0.648555
0.575403
0.535701
0.542224
0.583128
0.454645
0.487494
0.556949
0.582157
0.527224
0.474532
0.517154
0.456602
0.580798
0.192370
0.477301
0.419783
0.472760
0.493866
0.472233
0.455674
0.401679
0.455222
0.532739
0.537247
0.578740
0.549354
0.463214
0.474681
0.448681
0.650535
0.563794
0.515443
0.295013
0.373979
0.368679
0.483525
0.433318
0.441274
0.479214
0.503866
0.458822
0.406101
0.351163
0.583905
0.496513
0.339927
0.467958
0.441238
0.509917
0.484679
0.335413
0.449149
0.464840
0.396422
0.348061
0.312905
0.353025
0.413346
0.428791
0.431465
0.461720
0.430974
0.486293
0.616085
0.477265
0.457597
0.503006
0.459141
0.609650
0.387280
0.446455
0.422406
0.513624
0.414930
0.453818
0.613578
0.549848
0.467758
0.521020
0.536834
0.453194
0.395460
0.487448
0.369001
0.391350
0.411441
0.426298
0.454096
0.403862
0.487871
0.419977
0.532195
0.559405
0.406067
0.521742
0.480824
0.471002
0.480811
0.491064
0.587080
0.567019
0.556661
0.499210
0.494482
0.556800
0.560279
0.459952
0.441369
0.553933
0.461060
0.516326
0.435089
0.485084
0.537196
0.547957
0.526066
0.436549
0.447186
0.491262
0.637676
0.356171
0.397174
0.567617
0.641888
0.563635
0.532832
0.616356
0.629792
0.529472
0.366870
0.475942
0.538159
0.534181
0.538098
0.565896
0.503870
0.528788
0.473490
0.704696
0.453724
0.625171
0.555534
0.429603
0.474308
0.649726
0.602536
0.473451
0.500000
0.399332
0.539864
0.488631
0.595153
0.569909
0.588462
0.572930
0.553273
0.509180
0.540865
0.533609
0.491073
0.545852
0.483250
0.387557
0.571295
0.476226
0.456274
0.567466
0.642926
0.654301
0.540064
0.536685
0.622210
0.492461
0.402495
0.425181
0.480458
0.457711
0.673061
0.608295
0.517051
0.600258
0.346963
0.490429
0.587366
0.626755
0.536722
0.514681
0.417709
0.423398
0.547647
0.598817
0.567914
0.186481
0.187365
0.401798
0.407225
0.581823
0.462138
0.684615
0.571007
0.699906
0.653006
0.552807
0.690125
0.687571
0.569364
0.493216
0.478211
0.538868
0.562776
0.558443
0.623827
0.533887
0.599174
0.515259
0.479938
0.547750
0.469270
0.630818
0.435877
0.413374
0.448141
0.340412
0.614548
0.476361
0.419817
0.493757
0.426158
0.510715
0.407381
0.503675
0.569527
0.455041
0.536279
0.523157
0.622667
0.543345
0.488968
0.453821
0.486797
0.371484
0.476614
0.547915
0.529670
0.359010
0.282136
0.328017
0.518887
0.617119
0.536613
0.305487
0.492052
0.606846
0.524614
0.553461
0.509602
0.573579
0.534720
0.639457
0.535369
0.540809
0.598940
0.433389
0.518485
0.498310
0.532631
0.560845
0.558501
0.469321
0.242287
0.465410
0.466410
0.512553
0.393540
0.530030
0.516455
0.526671
0.635388
0.598008
0.362433
0.396776
0.450567
0.572935
0.586243
0.477636
0.525429
0.540220
0.440967
0.507311
0.475352
0.650195
0.465643
0.502745
0.555816
0.476197
0.716218
0.427043
0.512871
0.541309
0.401393
0.412862
0.351851
0.375453
0.381505
0.369935
0.473738
0.461875
0.388696
0.185297
0.328458
0.431948
0.469613
0.448371
0.460383
0.459146
0.396432
0.492134
0.574532
0.554553
0.746094
0.653230
0.492875
0.593005
0.556152
0.654537
0.406429
0.308443
0.561388
0.591079
0.516824
0.534926
0.560937
0.424572
0.530333
0.533087
0.624107
0.485541
0.433109
0.425312
0.535721
0.454786
0.324664
0.576237
0.468466
0.487328
0.543222
0.563005
0.581327
0.599386
0.597718
0.424103
0.453208
0.485557
0.497439
0.551601
0.576914
0.376928
0.428823
0.453121
0.518903
0.457047
0.449569
0.461632
0.486368
0.434580
0.479481
0.502072
0.405420
0.478504
0.494298
0.471162
0.671499
0.663980
0.440472
0.467947
0.440302
0.392174
0.244862
0.411676
0.442275
0.574308
0.443124
0.495156
0.590756
0.501676
0.463032
0.518902
0.541373
0.408064
0.427939
0.424951
0.448587
0.498253
0.545124
0.377913
0.512569
0.631378
0.656650
0.441302
0.417002
0.429541
0.345255
0.152420
0.477733
0.436211
0.722406
0.517358
0.541111
0.581331
0.550727
0.845872
0.684178
0.555320
0.555583
0.472953
0.500067
0.620253
0.562429
0.608119
0.582599
0.436851
0.578553
0.563670
0.774319
0.649159
0.488853
0.568312
0.590442
0.421694
0.458372
0.485385
0.571151
0.502138
0.562402
0.650679
0.639204
0.489261
0.543719
0.607914
0.704788
0.592167
0.402761
0.341203
0.438082
0.496443
0.403740
0.455796
0.459419
0.466227
0.432780
0.519969
0.581255
0.398391
0.476792
0.577117
0.557791
0.593061
0.820592
0.584990
0.573607
0.460240
0.568821
0.548647
0.674510
0.591197
0.566213
0.654438
0.504729
0.555155
0.639691
0.497873
0.463407
0.462635
0.580640
0.461864
0.500486
0.507944
0.352051
0.586469
0.665478
0.378408
0.554709
0.587600
0.465651
0.519111
0.542986
0.571910
0.492839
0.531738
0.638579
0.514801
0.504773
0.541308
0.504475
0.751455
0.673086
0.644550
0.620858
0.519146
0.466694
0.433220
0.534666
0.503452
0.608018
0.575758
0.546129
0.543297
0.478242
0.583855
0.528045
0.592068
0.374614
0.413932
0.521481
0.357329
0.502677
0.455308
0.464454
0.394964
0.499335
0.441150
0.566680
0.517301
0.507311
0.297460
0.303590
0.231752
0.235085
0.305619
0.337895
0.366004
0.431961
0.750187
0.501790
0.540766
0.470417
0.521953
0.672991
0.602501
0.520952
0.529796
0.455606
0.530863
0.569369
0.505908
0.535044
0.449020
0.625619
0.560141
0.556870
0.588642
0.720751
0.675394
0.509016
0.561355
0.409260
0.432290
0.500756
0.506386
0.488818
0.514116
0.474684
0.476994
0.428042
0.397040
0.546816
0.503575
0.574738
0.623349
0.571434
0.560549
0.483724
0.260364
0.354540
0.350748
0.345046
0.331663
0.384888
0.447104
0.430555
0.400583
0.331721
0.318339
0.199223
0.141812
0.268259
0.205204
0.128096
0.142675
0.134265
0.126599
0.121406
0.126580
0.348443
0.223614
0.297536
0.319397
0.289075
0.241043
0.382259
0.315247
0.508156
0.306231
0.387686
0.317872
0.324204
0.240910
0.417252
0.329589
0.516462
0.596371
0.504817
0.467436
0.487859
0.527928
0.579775
0.421922
0.396648
0.419349
0.215591
0.249146
0.310919
0.241721
0.314332
0.406737
0.512057
0.465512
0.315733
0.278996
0.507071
0.562776
0.598806
0.533870
0.513821
0.587813
0.555162
0.654018
0.533543
0.514340
0.483703
0.570799
0.508800
0.524867
0.569072
0.514183
0.548105
0.497200
0.357053
0.400387
0.337003
0.486691
0.583534
0.564409
0.579101
0.472722
0.279775
0.370470
0.391344
0.432707
0.385921
0.500865
0.629120
0.523111
0.361542
0.594239
0.431617
0.236751
0.406270
0.340085
0.475281
0.525852
0.512242
0.460615
0.513102
0.567368
0.507764
0.565436
0.580151
0.512599
0.408408
0.314337
0.449580
0.516379
0.516865
0.516234
0.445966
0.558268
0.415170
0.476144
0.319105
0.150756
0.155773
0.165717
0.155806
0.315140
0.273936
0.364161
0.505406
0.534206
0.452950
0.364475
0.400472
0.243033
0.354982
0.468020
0.378665
0.466367
0.525882
0.510171
0.521679
0.499689
0.451193
0.348759
0.487465
0.487077
0.463438
0.512346
0.626539
0.456920
0.481361
0.603931
0.430053
0.439843
0.513770
0.538408
0.518106
0.412274
0.537901
0.458327
0.633583
0.480776
0.504960
0.448735
0.241389
0.432660
0.418352
0.646541
0.446091
0.522482
0.522083
0.475602
0.634261
0.637323
0.485220
0.535084
0.488593
0.452376
0.550235
0.565305
0.425218
0.563561
0.477093
0.405584
0.238636
0.524259
0.484774
0.580101
0.563727
0.676761
0.639727
0.455160
0.399585
0.395050
0.544151
0.495364
0.546764
0.653642
0.439766
0.512347
0.542420
0.481576
0.527200
0.371522
0.500347
0.450658
0.461565
0.554495
0.520308
0.473640
0.571912
0.605608
0.548165
0.652187
0.576113
0.497286
0.475170
0.531966
0.531774
0.531722
0.506960
0.522511
0.646372
0.493430
0.462404
0.461074
0.472750
0.484525
0.512004
0.435691
0.341928
0.302177
0.472929
0.409655
0.360757
0.495383
0.463219
0.493700
0.576352
0.417187
0.573854
0.513158
0.628779
0.490208
0.397605
0.538845
0.491655
0.513096
0.530813
0.485427
0.415303
0.555772
0.426853
0.461931
0.580630
0.548014
0.520957
0.612578
0.644766
0.509819
0.540300
0.536031
0.361851
0.373003
0.485159
0.512577
0.525473
0.583801
0.725185
0.445431
0.560680
0.603783
0.654783
0.509055
0.638160
0.543101
0.552783
0.550765
0.371207
0.401739
0.448514
0.549242
0.474807
0.353808
0.487917
0.496298
0.446823
0.334870
0.423696
0.451012
0.398714
0.487907
0.528572
0.398087
0.200292
0.338966
0.390007
0.347900
0.451907
0.499110
0.316735
0.348190
0.503914
0.489572
0.578775
0.369330
0.440522
0.447097
0.570945
0.529938
0.641556
0.515209
0.272296
0.589408
0.542955
0.704689
0.447178
0.290838
0.454257
0.567663
0.537034
0.732953
0.594198
0.579010
0.690357
0.436916
0.202051
0.241336
0.412501
0.516857
0.471893
0.508571
0.425095
0.374691
0.531768
0.550015
0.637842
0.358031
0.475691
0.461270
0.363389
0.404693
0.553723
0.440662
0.415209
0.448062
