0.384733
0.572367
0.526965
0.431879
0.478802
0.501813
0.422569
0.559989
0.496182
0.564194
0.316965
0.489100
0.559630
0.575902
0.499568
0.505833
0.521715
0.518276
0.646343
0.415494
0.415557
0.461009
0.545986
0.465813
0.579261
0.505604
0.786229
0.615996
0.504807
0.607661
0.569546
0.433729
0.456420
0.535453
0.515445
0.297879
0.701295
0.741506
0.628486
0.595526
0.549691
0.505310
0.480191
0.593545
0.642773
0.520554
0.499834
0.411031
0.454526
0.521606
0.462248
0.632860
0.659293
0.706797
0.448978
0.403804
0.524056
0.573849
0.618466
0.614435
0.540864
0.629095
0.506829
0.549387
0.379261
0.481838
0.839513
0.417743
0.404140
0.305025
0.488640
0.495560
0.451327
0.445000
0.686770
0.634459
0.604665
0.510963
0.498105
0.452378
0.468386
0.417067
0.432414
0.510255
0.503621
0.214113
0.709187
0.631908
0.662202
0.419842
0.468413
0.372710
0.472806
0.503141
0.546644
0.613894
0.548644
0.554076
0.378652
0.520229
0.520807
0.440732
0.529491
0.571898
0.350993
0.572810
0.433368
0.453203
0.586367
0.550031
0.405142
0.512681
0.625393
0.579899
0.390273
0.443527
0.418697
0.567479
0.575868
0.593465
0.606611
0.523716
0.652372
0.521655
0.407332
0.446757
0.468726
0.354736
0.365519
0.533762
0.499452
0.511155
0.458392
0.473743
0.497988
0.466557
0.558214
0.299125
0.456599
0.489774
0.411474
0.475003
0.462740
0.580963
0.518028
0.757533
0.556475
0.753386
0.473664
0.628169
0.501189
0.452914
0.508166
0.503488
0.516117
0.714708
0.575752
0.640686
0.613133
0.415829
0.546809
0.562315
0.624839
0.589253
0.589205
0.580019
0.522838
0.655981
0.666280
0.625508
0.461933
0.546484
0.478181
0.494336
0.422388
0.487218
0.663821
0.337260
0.438576
0.470643
0.536704
0.631218
0.727894
0.471260
0.452037
0.596533
0.522835
0.515440
0.600618
0.546601
0.640716
0.595339
0.528528
0.620324
0.688799
0.633038
0.432950
0.454241
0.505723
0.476964
0.432428
0.558477
0.499090
0.491652
0.589311
0.585860
0.595777
0.571812
0.693885
0.565030
0.533828
0.558997
0.449912
0.530994
0.669157
0.450455
0.603740
0.671225
0.549586
0.509649
0.482071
0.574658
0.545929
0.466118
0.595830
0.518654
0.488752
0.506991
0.247650
0.408432
0.491665
0.512807
0.632502
0.636017
0.568067
0.541503
0.602174
0.414437
0.376205
0.524322
0.492152
0.569290
0.600593
0.546243
0.626728
0.697449
0.582529
0.463460
0.510984
0.481569
0.478212
0.582684
0.547196
0.566123
0.572631
0.566687
0.404231
0.617636
0.768159
0.523945
0.530204
0.441874
0.428632
0.480300
0.440272
0.612831
0.722528
0.635314
0.811553
0.614703
0.606893
0.657813
0.558236
0.418023
0.553338
0.556391
0.587040
0.547983
0.626132
0.623884
0.569275
0.586188
0.449715
0.514062
0.663102
0.580346
0.665350
0.690758
0.592516
0.521728
0.513678
0.462259
0.532572
0.583478
0.584002
0.487124
0.520832
0.525760
0.554369
0.386018
0.339186
0.427962
0.411515
0.372940
0.454907
0.483321
0.549479
0.498524
0.513652
0.427607
0.319643
0.361014
0.336742
0.687912
0.607003
0.580118
0.528816
0.547317
0.554752
0.514726
0.490113
0.407911
0.550307
0.479902
0.520627
0.517400
0.528176
0.558919
0.494473
0.560876
0.560425
0.372866
0.520336
0.566571
0.531843
0.556448
0.502771
0.483763
0.624349
0.652803
0.379793
0.418402
0.408010
0.428108
0.420279
0.638159
0.689353
0.503966
0.482460
0.541325
0.643567
0.405453
0.508435
0.670905
0.621978
0.477670
0.481956
0.440223
0.506027
0.513949
0.711069
0.498629
0.644887
0.508443
0.499634
0.569993
0.596591
0.503506
0.539445
0.635195
0.448702
0.529676
0.561859
0.577842
0.429126
0.530345
0.625546
0.627928
0.568796
0.708452
0.471262
0.469190
0.493547
0.522551
0.607788
0.450487
0.491785
0.509495
0.690047
0.492815
0.481532
0.544666
0.580909
0.490010
0.491847
0.544067
0.488303
0.547515
0.614430
0.653376
0.597116
0.572149
0.549014
0.521440
0.362986
0.482519
0.493492
0.464573
0.511792
0.437540
0.520979
0.463438
0.546095
0.337025
0.562228
0.536629
0.621167
0.483654
0.312817
0.957679
0.546055
0.456326
0.373718
0.551716
0.498894
0.584334
0.458382
0.364104
0.502033
0.604924
0.459544
0.614695
0.606726
0.529998
0.508235
0.716990
0.569646
0.567211
0.616596
0.591506
0.653817
0.629288
0.407954
0.557193
0.555588
0.372968
0.442400
0.422701
0.374288
0.424469
0.537457
0.543920
0.664510
0.458366
0.514225
0.479824
0.555569
0.591130
0.557516
0.581111
0.762145
0.679180
0.540499
0.577977
0.605964
0.499226
0.433517
0.486118
0.380657
0.556857
0.652002
0.658811
0.545186
0.433542
0.464761
0.484414
0.716850
0.629802
0.600667
0.730480
0.608439
0.494662
0.493948
0.610334
0.681810
0.478535
0.453347
0.405256
0.355655
0.645373
0.551285
0.561080
0.525131
0.541456
0.586024
0.486561
0.500774
0.616138
0.539330
0.542474
0.697874
0.488320
0.635633
0.435441
0.456971
0.563073
0.523500
0.370315
0.611321
0.609560
0.526081
0.567582
0.595190
0.390167
0.553346
0.798669
0.427962
0.522631
0.479128
0.580719
0.442194
0.478815
0.493640
0.571901
0.516562
0.558297
0.606544
0.535773
0.560127
0.414490
0.688279
0.483780
0.531194
0.439618
0.542411
0.601291
0.665495
0.514949
0.469355
0.504739
0.564811
0.647125
0.514518
0.615580
0.455510
0.694070
0.592526
0.486295
0.516617
0.403070
0.372058
0.439929
0.583910
0.525283
0.584836
0.607145
0.631768
0.490415
0.673106
0.479904
0.525679
0.637576
0.590164
0.606481
0.607054
0.492619
0.527849
0.530243
0.711734
0.650975
0.497093
0.569631
0.386606
0.571117
0.469311
0.464509
0.510529
0.456637
0.425847
0.576321
0.780459
0.504154
0.680076
0.444550
0.420109
0.375370
0.382976
0.465358
0.431777
0.595234
0.671084
0.465165
0.540675
0.334154
0.271799
0.332743
0.450453
0.488642
0.557521
0.387820
0.502960
0.551322
0.565524
0.578605
0.590921
0.625870
0.593288
0.454007
0.586609
0.577475
0.490547
0.411904
0.726895
0.475415
0.587699
0.528173
0.550221
0.738149
0.666940
0.556465
0.607002
0.345999
0.492653
0.400222
0.614027
0.479098
0.633029
0.561091
0.823851
0.410228
0.469665
0.751248
0.671465
0.503849
0.425284
0.455188
0.473739
0.636682
0.651473
0.470696
0.622479
0.387365
0.518790
0.517011
0.531243
0.722239
0.539825
0.568666
0.660463
0.565011
0.635654
0.706969
0.563210
0.525242
0.607673
0.710672
0.585328
0.649379
0.622210
0.485254
0.586160
0.513324
0.440828
0.556902
0.512810
0.614672
0.344792
0.373536
0.420864
0.528574
0.597180
0.554233
0.552434
0.350589
0.525157
0.548091
0.399389
0.461669
0.501433
0.477622
0.505403
0.506148
0.556563
0.541144
0.616081
0.641869
0.534155
0.536949
0.461139
0.517624
0.452478
0.710473
0.829591
0.610212
0.530503
0.843983
0.548025
0.445714
0.492340
0.511340
0.511796
0.478204
0.495202
0.412882
0.820117
0.527977
0.455170
0.600503
0.459758
0.504635
0.488024
0.482738
0.628646
0.529787
0.535960
0.493765
0.532930
0.589158
0.564278
0.530308
0.349878
0.432096
0.486977
0.517277
0.421747
0.884305
0.874268
0.422884
0.492126
0.346569
0.544642
0.488629
0.327327
0.536845
0.325776
0.324729
0.343132
0.374560
0.442330
0.608684
0.436963
0.423501
0.469445
0.588401
0.780030
0.738592
0.735352
0.646808
0.740235
0.685495
0.586824
0.594100
0.617202
0.530721
0.575049
0.583372
0.536724
0.496483
0.611285
0.622066
0.552294
0.503409
0.695780
0.734869
0.670281
0.707763
0.607290
0.512015
0.496629
0.486777
0.499151
0.443804
0.533695
0.405191
0.440650
0.520288
0.445748
0.562974
0.561969
0.501699
0.634992
0.570910
0.460351
0.499968
0.486293
0.447504
0.653040
0.707042
0.448271
0.687976
0.611350
0.661546
0.638605
0.629769
0.578176
0.507711
0.589027
0.423527
0.619282
0.459569
0.427211
0.453650
0.443515
0.263390
0.335500
0.530653
0.583369
0.542204
0.681360
0.417629
0.348176
0.539421
0.596545
0.616115
0.496794
0.520201
0.489513
0.414793
0.519198
0.564775
0.494431
0.587741
0.508212
0.474416
0.534336
0.625823
0.507349
0.457442
0.528763
0.564402
0.618911
0.554204
0.576472
0.571204
0.588768
0.667989
0.650131
0.792787
0.661773
0.481217
0.516974
0.677781
0.525450
0.557143
0.508029
0.625283
0.590235
0.709306
0.481447
0.452819
0.528661
0.654291
0.636571
0.536153
0.590277
0.573129
0.582669
0.577592
0.514226
0.485871
0.431685
0.407989
0.488744
0.489631
0.535579
0.588043
0.576835
0.443992
0.471001
0.414039
0.423097
0.521330
0.446063
0.548707
0.624279
0.530328
0.452745
0.541631
0.755812
0.662203
0.672752
0.473060
0.388015
0.331601
0.339978
0.395394
0.362188
0.433946
0.355683
0.568735
0.580819
0.733004
0.416773
0.562448
0.556300
0.627952
0.656203
0.467814
0.466582
0.515555
0.449251
0.449510
0.477033
0.529892
0.319651
0.408440
0.515897
0.541376
0.503505
0.583830
0.464307
0.520192
0.423632
0.462853
0.477256
0.484967
0.530361
0.608869
0.349406
0.532283
0.512335
0.456110
0.502234
0.513109
0.537796
0.508462
0.410638
0.482242
0.664605
0.440844
0.421604
0.399939
0.556553
0.534417
0.585363
0.499923
0.572086
0.545458
0.493203
0.493936
0.567455
0.523355
0.661178
0.379134
0.388824
0.664183
0.492663
0.463305
0.434100
0.570503
0.524960
0.522277
0.473523
0.283255
0.325822
0.347157
0.399101
0.393775
0.396539
0.618296
0.708759
0.502342
0.369521
0.493883
0.696692
0.488017
0.542863
0.515186
0.591115
0.682492
0.682526
0.666110
0.470440
0.600768
0.658089
0.522352
0.522882
0.596365
0.535584
0.527319
0.379682
0.525167
0.555791
0.590385
0.503296
0.456568
0.452839
0.541485
0.559527
0.526414
0.475658
0.511468
0.439809
0.643256
0.483171
0.531577
0.570059
0.585342
0.546229
0.390523
