0.195916
0.456751
0.457362
0.622466
0.415157
0.446712
0.435937
0.500602
0.497929
0.444908
0.548660
0.541318
0.498530
0.328277
0.463664
0.460300
0.523273
0.432962
0.490104
0.513604
0.505088
0.512447
0.532330
0.501106
0.485193
0.378764
0.395420
0.370996
0.507611
0.427921
0.444451
0.275703
0.398434
0.405611
0.437924
0.442435
0.395820
0.373273
0.286813
0.349204
0.444274
0.419698
0.324183
0.418868
0.525037
0.509114
0.371137
0.417107
0.460459
0.553497
0.480234
0.357228
0.489400
0.514298
0.563392
0.407819
0.380900
0.443266
0.471403
0.536888
0.401192
0.422232
0.501591
0.431446
0.428183
0.461816
0.270176
0.399956
0.483540
0.569467
0.514019
0.469973
0.517315
0.534987
0.527219
0.374611
0.469337
0.522433
0.440288
0.392850
0.389230
0.451638
0.604208
0.623479
0.764423
0.758531
0.451088
0.402708
0.249684
0.309085
0.434372
0.526666
0.486310
0.517097
0.391911
0.437176
0.529000
0.672670
0.481385
0.467507
0.630232
0.490734
0.429693
0.529080
0.405638
0.458144
0.485145
0.465702
0.515610
0.524713
0.687768
0.568647
0.551213
0.694206
0.573950
0.583250
0.433798
0.399380
0.254014
0.473924
0.466334
0.409546
0.554463
0.622684
0.600734
0.698909
0.565436
0.522004
0.400167
0.533850
0.466604
0.470934
0.508413
0.469298
0.618407
0.504318
0.456974
0.522823
0.493134
0.523155
0.384570
0.461499
0.509376
0.475154
0.530209
0.520193
0.466267
0.458893
0.497201
0.543275
0.587201
0.451238
0.523585
0.583133
0.671029
0.464392
0.442878
0.503429
0.545925
0.448547
0.493374
0.450361
0.450062
0.525638
0.435569
0.518841
0.383789
0.371094
0.452794
0.490912
0.364069
0.435948
0.442480
0.548579
0.534633
0.516719
0.559124
0.557518
0.424332
0.558185
0.405239
0.497176
0.518471
0.454818
0.543022
0.456866
0.449651
0.487311
0.551001
0.496771
0.704029
0.533592
0.591044
0.484169
0.500700
0.467873
0.463467
0.474807
0.508369
0.469290
0.317097
0.603048
0.496843
0.458074
0.459752
0.442258
0.497110
0.546051
0.593012
0.633940
0.523560
0.486326
0.513506
0.507613
0.506101
0.551349
0.466827
0.498471
0.410086
0.316108
0.289328
0.318501
0.398914
0.393619
0.466849
0.537698
0.496068
0.539385
0.461273
0.580246
0.549215
0.483999
0.520236
0.451066
0.482670
0.388095
0.366299
0.525880
0.534204
0.403840
0.376624
0.388169
0.415656
0.498823
0.528771
0.378804
0.380226
0.399842
0.375714
0.478741
0.478920
0.511221
0.388427
0.330907
0.444861
0.492841
0.509376
0.481595
0.481896
0.436412
0.418128
0.490905
0.534918
0.485980
0.396846
0.440482
0.439535
0.488780
0.468926
0.476814
0.609033
0.698715
0.600303
0.442621
0.364534
0.480626
0.684773
0.466358
0.447333
0.534732
0.444809
0.457645
0.613577
0.670403
0.447237
0.370331
0.410866
0.454250
0.594545
0.588585
0.496332
0.591244
0.711141
0.445479
0.420685
0.440803
0.545673
0.509231
0.389917
0.505213
0.546286
0.502761
0.542505
0.402712
0.449805
0.296125
0.471799
0.524565
0.847489
0.421207
0.464347
0.587916
0.527589
0.468504
0.497657
0.336277
0.319657
0.452893
0.445433
0.514921
0.480273
0.569165
0.562238
0.548049
0.493000
0.533567
0.343416
0.375694
0.445343
0.635164
0.416630
0.586592
0.474360
0.509652
0.522940
0.535487
0.502630
0.495891
0.577699
0.660378
0.459121
0.518825
0.543263
0.574339
0.585904
0.571724
0.439035
0.484302
0.548753
0.557162
0.393914
0.519605
0.499445
0.561270
0.505243
0.432181
0.462376
0.461111
0.514436
0.586696
0.574737
0.557297
0.394296
0.433378
0.475801
0.514181
0.370891
0.438889
0.468374
0.557636
0.407571
0.426017
0.408279
0.365113
0.459428
0.664064
0.652681
0.552119
0.393466
0.307194
0.430085
0.528294
0.616603
0.682610
0.537751
0.488162
0.561545
0.529050
0.388287
0.489928
0.532069
0.476323
0.444865
0.517833
0.660062
0.559748
0.630823
0.540047
0.605082
0.602391
0.504814
0.485798
0.287175
0.482583
0.495740
0.492917
0.518234
0.518736
0.420448
0.628134
0.629170
0.476874
0.287936
0.641530
0.413297
0.478938
0.508228
0.437404
0.607955
0.444839
0.430583
0.401396
0.455529
0.490675
0.472493
0.471635
0.358933
0.438383
0.495440
0.556450
0.538133
0.601341
0.579068
0.453500
0.534251
0.422281
0.424566
0.476297
0.714513
0.873536
0.402954
0.401908
0.428926
0.450443
0.438393
0.508741
0.371317
0.443925
0.513374
0.577991
0.620948
0.562013
0.501546
0.609915
0.489628
0.556306
0.747870
0.615673
0.456454
0.516366
0.547649
0.447135
0.610591
0.437130
0.471015
0.322284
0.464585
0.525612
0.492487
0.478701
0.534027
0.383681
0.404674
0.390463
0.500541
0.489023
0.506925
0.495951
0.423789
0.486034
0.454231
0.306080
0.391274
0.534833
0.450648
0.443202
0.324160
0.344562
0.447890
0.467556
0.463264
0.473474
0.478825
0.461585
0.462341
0.481603
0.577706
0.583321
0.472091
0.493101
0.480532
0.300179
0.470794
0.517185
0.646400
0.774117
0.670523
0.519030
0.517568
0.364492
0.394812
0.406519
0.462729
0.511888
0.543401
0.527288
0.384609
0.373468
0.444012
0.407704
0.629344
0.538661
0.471621
0.438395
0.477070
0.494392
0.460299
0.602222
0.481663
0.296013
0.327552
0.300452
0.340043
0.535732
0.534260
0.540017
0.383131
0.451936
0.505182
0.498107
0.560894
0.441896
0.507243
0.442682
0.560481
0.515491
0.478143
0.401794
0.450950
0.551187
0.598296
0.514376
0.397493
0.500076
0.424132
0.561812
0.414557
0.477511
0.401974
0.292407
0.283217
0.293472
0.146622
0.156462
0.161255
0.135023
0.212666
0.489077
0.472754
0.485399
0.508195
0.401889
0.436224
0.554330
0.415984
0.348974
0.347907
0.383632
0.520794
0.585855
0.512953
0.516901
0.333777
0.438080
0.515257
0.508098
0.572817
0.491474
0.585466
0.502372
0.461968
0.582254
0.246734
0.391104
0.464457
0.532809
0.456505
0.500832
0.500398
0.550920
0.602223
0.484428
0.540256
0.427567
0.498180
0.412133
0.580627
0.412573
0.485132
0.479946
0.465503
0.457601
0.513445
0.521397
0.598098
0.536704
0.486950
0.466437
0.281340
0.477481
0.468921
0.617415
0.488162
0.379963
0.330727
0.444039
0.470415
0.447003
0.425586
0.487043
0.409808
0.344295
0.398797
0.654540
0.407718
0.466050
0.434093
0.432521
0.410387
0.488234
0.497988
0.520351
0.429773
0.308521
0.500773
0.773695
0.631415
0.498769
0.572309
0.449205
0.524880
0.532637
0.444965
0.349808
0.398758
0.455246
0.549151
0.499820
0.649053
0.509417
0.537817
0.568169
0.497169
0.597008
0.613653
0.531693
0.538434
0.490241
0.495647
0.426673
0.661168
0.552521
0.524104
0.378791
0.600694
0.495779
0.424868
0.569006
0.513506
0.512033
0.430446
0.419898
0.318428
0.345908
0.429803
0.417809
0.451061
0.414055
0.556324
0.537888
0.524485
0.557898
0.416164
0.417815
0.513553
0.470191
0.465402
0.387563
0.291693
0.226427
0.385793
0.404766
0.488054
0.441452
0.529549
0.564502
0.583817
0.508069
0.578723
0.367245
0.490479
0.564041
0.615952
0.596660
0.562086
0.579877
0.444161
0.299329
0.290682
0.289664
0.337653
0.373380
0.374789
0.427606
0.406299
0.477307
0.474284
0.450944
0.509932
0.591657
0.506328
0.497073
0.195781
0.426216
0.355283
0.476512
0.540045
0.462138
0.449956
0.439161
0.469758
0.435889
0.521361
0.412323
0.410796
0.534753
0.445115
0.280327
0.265346
0.339759
0.316607
0.300159
0.383971
0.290763
0.351750
0.430266
0.411231
0.529617
0.534750
0.561794
0.401415
0.453553
0.375647
0.428790
0.445785
0.460934
0.476063
0.508724
0.451821
0.508960
0.480690
0.519012
0.467987
0.419753
0.561745
0.636976
0.559201
0.529564
0.501538
0.534608
0.411674
0.500420
0.476291
0.350234
0.362136
0.432905
0.594654
0.495487
0.498008
0.561681
0.515608
0.486529
0.557404
0.427695
0.438881
0.512120
0.722615
0.530086
0.668144
0.510864
0.569584
0.452621
0.385433
0.453628
0.410845
0.382088
0.415367
0.412138
0.470160
0.428138
0.427348
0.464914
0.332428
0.406702
0.598531
0.525572
0.479878
0.445920
0.500328
0.510416
0.655501
0.538445
0.610472
0.489474
0.561816
0.524956
0.522759
0.458565
0.508607
0.492158
0.400616
0.420594
0.411891
0.352052
0.483585
0.416118
0.524064
0.562168
0.400495
0.320353
0.374295
0.480940
0.481969
0.460227
0.507786
0.496246
0.499964
0.475306
0.448360
0.493747
0.531041
0.468554
0.466603
0.510640
0.457607
0.388072
0.417039
0.357784
0.405343
0.404641
0.370504
0.453526
0.450265
0.304564
0.442487
0.452408
0.532679
0.455832
0.532788
0.516865
0.470352
0.409959
0.383533
0.462795
0.433193
0.372814
0.448078
0.347310
0.318104
0.303396
0.311866
0.331336
0.263234
0.435148
0.383053
0.397452
0.604115
0.360058
0.462116
0.499313
0.527756
0.517009
0.381036
0.313853
0.271955
0.390523
0.580516
0.509409
0.536838
0.443219
0.552493
0.443848
0.423038
0.423695
0.416518
0.471940
0.576412
0.617862
0.500902
0.528319
0.456978
0.486928
0.432412
0.423818
0.386940
0.246744
0.386254
0.385582
0.412241
0.591906
0.450737
0.527753
0.462673
0.548097
0.535178
0.552777
0.295546
0.446148
0.519600
0.515816
0.500663
0.487068
0.465434
0.453709
0.541629
0.469704
0.530081
0.510545
0.400200
0.444779
0.478959
0.564993
0.489601
0.524543
0.490725
0.551271
0.500590
0.323487
0.501993
0.492584
0.584822
0.543695
0.532541
0.397938
0.432554
0.505871
0.520774
0.604651
0.517363
0.480725
0.495455
0.497504
0.456449
0.332747
0.520085
0.464751
0.578146
0.429963
0.826070
0.535675
0.321041
0.390401
0.543555
0.402118
0.471754
0.471407
0.447149
0.465775
0.561791
0.469241
0.512217
0.528349
0.568419
0.431659
0.483491
0.508428
0.457311
0.520106
0.522345
0.536797
0.475207
0.440656
0.499666
0.436792
0.641321
0.657835
0.589191
0.486721
0.611299
0.519761
