339,314,54,40
333.868248674,315.833686799,54.1335483143,39.5677462224
328.190274569,316.620828241,54.1231215549,39.1580982802
322.746727126,316.812747485,54.3147465834,39.002419027
317.813964446,317.014823705,54.3099821417,38.9079443669
312.454077297,317.513982458,54.3683461083,38.7934290948
306.821317319,317.912007383,54.4141223347,38.7347107541
301.080261696,317.59295254,54.6166887508,38.5938202788
295.538063728,318.575270533,54.5826173551,38.6059395529
290.642179317,318.578873564,54.771419869,38.5791123491
285.103986144,318.565003726,54.9835388658,38.5811210376
286.30112808,317.426449812,54.5252875288,38.5159882939
317.970642605,319.225530895,56.0393315972,36.5827137947
360.667726666,319.635686679,56.7564763426,35.252304604
397.869775346,320.729619874,57.2938004903,34.1866265429
427.846005046,321.012526335,56.9528675809,33.7748938189
427.211452539,320.916112216,56.7128154137,33.74031247
418.832925806,320.403364961,57.1393329916,33.6148842051
413.578157367,320.853615234,57.0313285548,33.7602515784
407.90314259,321.551244702,56.9315108887,33.9472439536
403.518822957,321.440207485,56.6947618947,33.9809777229
398.837874746,321.577951521,56.6649995338,33.964789497
393.119555564,322.166881641,56.6389761534,34.101694113
388.400361935,321.93385523,56.7808050326,34.0698413837
383.117478001,322.847186369,56.7094907991,34.2281003222
378.619173169,322.535900177,56.7034950256,34.2678277339
372.559410034,322.664281455,56.8398765365,34.2350718597
366.879780536,323.433070524,56.8123958018,34.2691031002
362.380972896,323.296481587,56.8003007698,34.3472810403
355.989101911,324.599705609,57.1022893905,34.3236336233
350.825805767,324.631921802,56.8608427373,34.3591379543
346.021443013,324.580818473,56.8727769788,34.3048469106
340.665536868,325.022248164,56.9664070866,34.228490048
335.062146961,325.971558256,56.9297491334,34.2481889699
329.691572984,326.449777929,56.9287544089,34.2123816292
325.052785492,325.899191209,56.8015451903,34.331066318
319.61103817,326.923388401,56.8234017656,34.3036825712
314.221828761,327.517318175,56.7432867252,34.3801599671
309.217255676,327.31829424,56.6997977005,34.4090493005
303.725499776,327.83838188,56.9373711998,34.3585483508
302.394892595,328.68512094,56.4980225124,34.4514248909
327.902237467,329.368520049,56.7458869374,33.4074878984
374.135249917,330.17318527,57.4005285408,32.8316737445
410.888705,330.312826176,57.0997722445,32.4095427693
451.525102997,330.300268818,56.9083818919,32.2849390366
486.822138403,331.255967619,56.6674528635,32.1840225066
497.490614631,330.996981329,55.8361938439,32.3611388915
489.618344668,331.526652112,55.8409838614,32.4735524017
483.858523899,331.602412758,55.6876460437,32.7835611091
479.253435088,332.207273761,55.5834105946,33.0017792328
474.148829942,332.162826042,55.5965273283,33.2317315075
469.705288761,333.212909003,55.4009051454,33.3609407085
464.565861561,333.810667835,55.6069846583,33.3935991626
459.830770596,333.437164779,55.8968143783,33.564413373
454.25378953,334.096947929,56.1217069903,33.6105889215
449.145746122,334.909064694,55.9984860219,33.6810052068
443.809944111,335.029649854,55.7782061928,33.7914664388
439.251692723,335.474623783,55.8256457828,33.8136793939
434.371193359,335.77528567,55.8054584067,33.8928587501
429.261762588,336.354792925,55.8682463783,33.8747750125
424.138809181,336.339641466,56.0236475939,33.9224122824
418.692587214,337.069092215,56.0393396276,34.0011310888
413.872044719,337.854776886,56.0368737435,33.9870099823
409.258892131,337.483069791,56.1405535692,33.917487867
404.61794798,338.947009621,56.0722269138,33.8540209917
400.158768815,339.368183395,56.1599682929,33.9722118896
395.380125808,339.603249495,56.1029974474,34.1158556582
390.898604057,339.176947263,56.1024217182,34.12067298
385.159060108,340.408136575,56.4793739566,34.0604471339
380.33403071,340.526305872,56.3692236698,34.0827257322
375.484993064,341.227695822,56.6359930766,34.0984084652
372.099746231,336.229976615,56.4430439394,34.6223045217
367.891643434,314.554226232,56.6315302264,35.0517166645
362.083009622,304.457526579,56.9819702681,35.0042140225
355.240582777,305.803385747,57.3674465159,34.8736984528
350.361798829,307.292482482,57.7250720141,34.7486875365
345.714558163,308.1598951,57.5454570487,34.8728551151
340.796316118,309.01949415,57.5468924628,34.8839810458
335.761914345,309.757581018,57.6326771323,34.9448968957
331.3455779,308.999598318,57.4227589282,35.2456609178
325.146699854,310.143895702,57.6635087561,35.1912187048
320.427675354,310.600721881,57.4676065696,35.2238643494
315.802716137,310.306975762,57.5208363504,35.3730552331
310.32144593,311.369424383,57.6240370507,35.4997565873
305.536122668,312.532662735,57.6000523809,35.4641982335
300.994030186,312.461985077,57.6833151402,35.3791875224
295.682037306,313.195697518,57.7624295714,35.4391470396
290.402660637,313.827755713,57.9230782413,35.5407425775
286.161881262,313.998274635,58.0238043186,35.6524156311
280.405695558,314.587944067,58.3539905545,35.5641729295
274.758627464,315.631745901,58.667558809,35.3969696414
270.381361709,315.852416698,58.6898849284,35.4587674844
264.604988141,314.695676205,58.6405154808,35.5153524521
258.955480666,316.863023554,58.7492018318,35.4501327376
254.489455748,316.081148125,58.5263511179,35.6221100137
249.158830579,313.915970892,58.6661161272,35.7702993342
246.26465327,295.878149202,58.7465125227,36.0951072944
240.824989628,273.754117385,59.0379415524,36.1656120308
234.894047873,255.096609109,59.1190728816,36.2568050349
229.368082931,252.795572145,59.4717773399,36.0804918935
236.151670796,254.715212658,59.2815432909,35.8586639646
274.381316779,254.602924048,59.2744455372,35.2262528738
313.013482234,255.351730115,59.4172725265,34.4634794046
336.602372114,255.113523966,58.4399360329,34.5352088276
331.798954963,255.95170807,58.3914501679,34.7404737825
325.416113522,255.924528599,58.5453147366,34.6604355315
320.663101027,256.814405984,58.4053140689,34.9894539931
316.560424768,256.05728155,58.2437852168,35.3020378162
311.042211046,256.953673763,58.4793789589,35.2566772773
305.354860908,257.816035178,58.7031717174,35.2176078962
299.851516836,258.336055419,58.840533271,35.2360209728
295.239218769,257.842757311,58.5360194504,35.4030698339
289.654258022,258.246037216,58.5986821465,35.2838685819
284.987620324,258.850710161,58.5926411744,35.3356803241
280.086683313,258.408691911,58.4296991024,35.5603767403
274.572426356,260.141701795,58.6987239568,35.4551999158
268.855845794,260.01412908,58.7502646736,35.4147654064
264.512180591,259.833458136,58.5499741545,35.5366143111
258.995261076,260.435003725,58.6453356693,35.3882636817
253.874053319,261.305079978,58.8788362357,35.3191800828
249.211454173,260.858306721,58.8329703418,35.4631302996
243.468265032,261.574295206,58.9731352814,35.3478740533
242.084629625,261.600520611,58.6056275968,35.34174807
268.732757116,262.796763632,59.1194388385,34.4274559075
312.555332275,262.828262133,59.1334453194,33.927273736
350.456443854,263.314324502,59.075996026,33.4572799235
381.400714295,262.472577069,57.9761895793,33.721012178
380.75436918,262.177008918,57.6247166772,34.1593387409
372.681825304,262.374450019,57.8883490093,34.102064221
367.968744491,262.873109695,57.922844223,34.4871699389
364.167120044,261.700249359,57.9659486926,34.9414636893
358.602670004,262.895705083,57.8985816447,35.0487650574
353.124631043,263.055828567,57.8490996437,35.1534864495
348.855245974,261.584612489,57.760601945,35.471342037
343.601574137,262.552454432,57.9844869085,35.4192653008
338.713147108,262.297697485,57.9505900062,35.4358180855
333.24568834,261.637153733,58.1247262547,35.3975830433
327.03194355,262.68782642,58.6661980338,35.2669158792
322.425978328,263.069644645,58.6942800979,35.3169681248
316.87270635,261.883202924,58.7177275483,35.3403172933
311.884860241,261.985932094,58.7720702422,35.268506052
306.735408511,261.949180542,58.7784493635,35.3499667647
302.083231287,261.38955655,58.6475888148,35.5391544813
297.41835868,262.331907734,58.5322790226,35.5626914776
292.007896711,262.220376154,58.6232711286,35.4095146832
287.528455192,261.552140087,58.4798420781,35.5669878689
295.443106524,262.255277991,58.4509658981,35.3300623284
333.331166929,262.274553782,58.9590705509,34.3982201063
376.177428188,262.706119474,59.0466612535,34.1975219891
413.359164714,261.715685846,58.7364566346,34.1337322535
451.242051596,262.156260926,58.8532436007,33.7216361374
488.167765054,261.068225116,58.4870003997,33.6597071256
494.946916415,260.32381659,57.9583626712,33.9959186429
485.215097615,260.810498311,58.1959699225,33.8371374311
479.949810492,259.512750256,58.2258918543,34.1658290845
475.715752888,259.129404236,57.9915896878,34.5197504361
471.207696698,259.258341765,58.0469963108,34.535671936
465.671527504,258.635096724,58.0053334264,34.838094598
460.320820533,258.439317511,58.0524934075,34.8707390671
456.336371558,257.57864067,58.0341448444,35.0290740686
451.26608335,257.938497384,58.0439305494,35.1613083061
446.628807185,256.386473988,57.8406043091,35.3346254698
440.66946062,257.311966896,58.1850348205,35.3389710754
436.508160039,257.066096937,58.2141512951,35.4090034537
431.65754122,256.221749362,58.3292502079,35.496363912
426.096954774,255.925275095,58.491350987,35.4023463238
421.875030069,255.055890232,58.3691288855,35.474374679
416.940713018,256.272092927,58.5790372488,35.5139138601
411.5296712,274.773131579,59.3042237609,35.0722995086
406.577077905,294.056906148,60.1867710757,34.6106768829
400.758397214,299.218614325,60.1907992517,34.5500006646
396.767590488,298.708362219,59.6411159725,34.6793672164
391.280252551,298.557800558,59.2584682004,34.6820922537
387.404454071,297.823297417,58.9285450804,34.7422821977
383.002339571,296.942542294,58.617830575,34.9216057436
377.602873239,297.167594492,58.7262086207,34.8915816232
373.138869733,297.290088744,58.672671138,34.7986782587
367.971289155,296.636500192,58.5354030186,34.8325782004
362.767782848,296.007156423,58.5879301213,34.9147382372
357.314650337,296.400475801,58.5189744628,34.8511874481
353.152384741,296.059635499,58.3621490334,34.853067721
348.87540719,295.872123335,58.2284410585,34.8963534571
343.90819429,296.338774274,58.2765543722,34.7452119804
339.94199601,294.76126307,57.9375848144,34.951082158
334.703678575,295.17285961,57.9319303693,34.8874235562
329.726991195,294.594933524,57.7551219088,35.0343158376
325.089230332,294.970457685,57.6139795121,34.9377650796
321.033539625,294.107457847,57.468801555,35.046556514
334.80855145,295.432136816,58.0942139231,34.4962591101
377.567179803,295.446460065,58.6366877471,33.8821195851
415.541027615,294.861748136,58.469006162,33.3117701688
426.576153837,294.168714889,57.6510692392,33.3481458687
418.211782821,294.432929655,57.8188428713,33.3572582018
413.677182049,293.701644315,57.577284872,33.6816953567
409.862947262,292.991147471,57.5344278089,33.8364992309
404.375426503,293.700417512,57.593683537,33.9495380468
399.872635984,293.033609461,57.3970341206,34.1635531383
395.689628841,292.518029509,57.4728577098,34.2572539899
390.89705629,293.117606037,57.5873302056,34.2786813942
386.764005696,292.154756955,57.597639729,34.4093418104
381.297659179,293.086052577,57.7561761918,34.4263080575
377.092410368,292.783249657,57.7520505535,34.4898752173
372.565881491,292.140730005,57.8367559895,34.6272268481
368.040999506,291.986825197,57.6582389394,34.604696019
363.085476349,292.566338701,57.6415403888,34.7063729325
358.958877376,291.867776077,57.5382987426,34.7684409227
353.712826364,292.105064822,57.6952166696,34.8060615219
349.504261336,291.760780337,57.6708651361,34.8107632766
344.91873191,291.055870778,57.5330021736,34.930053739
340.784446147,291.616039787,57.4537162253,34.792733703
335.112394474,291.434178917,57.3407053501,34.8904800573
330.662471442,291.076215992,57.5024837877,34.9348056835
325.832993281,291.082399396,57.5954344033,34.8550537615
321.551483137,291.269176001,57.6621177534,34.8476419006
316.422232163,291.015043296,58.0180012947,34.822016945
311.89210443,290.659858436,58.1131545645,34.8306735791
306.800752088,290.664384857,58.2640990331,34.8564374223
302.14783747,290.381629978,58.215568641,34.96633312
297.960656734,289.461414237,58.3190570446,35.1932210923
292.888360216,289.59863359,58.3057073073,35.0612297528
288.013719663,289.71448601,58.4766469308,34.9900937026
283.438196795,289.252708602,58.292312111,35.2371138662
278.587931126,289.747390706,58.3790844096,35.2693853087
274.285085485,288.983117799,58.3854066426,35.518007089
269.776828749,288.607341804,58.3170593113,35.5155951911
286.075192436,289.56996956,58.4791133721,35.1113287384
324.571313104,289.700722313,58.9509909929,34.327636059
368.0932579,289.588395696,58.8860976779,33.9324917663
392.841047686,289.30798653,58.4770888451,33.5395023865
397.145975733,288.510784859,57.7655438898,33.6509460992
389.672973874,288.945295313,57.8828246532,33.708374014
385.52903178,288.473320844,57.8228656717,33.8800180585
381.248839867,288.085569095,57.7176716095,34.0527604677
376.497224167,287.51245648,57.5911737386,34.336911024
372.273480618,287.575507162,57.4448536156,34.3578758074
367.617028366,288.121756603,57.600279787,34.459735393
363.777145913,287.879895095,57.3915444798,34.4986693866
359.557567616,287.589591284,57.354966363,34.5736210637
355.268105849,287.450321377,57.1008105583,34.6964467085
350.973014437,288.026430521,57.1001559049,34.744826304
345.997739353,287.78447904,57.1442882247,34.7011327326
341.534438174,287.981319139,57.1682483333,34.6002856237
337.27180709,287.32186439,57.150347202,34.780384726
332.883473925,286.828433098,57.083448544,34.900398244
328.581029263,287.701156831,57.2941814126,34.8451091462
324.298601358,287.697384641,57.3463047176,34.8339165358
319.199409691,287.273938193,57.6877582726,34.8102117711
314.643604807,287.643482499,57.7568017406,34.6866442324
310.321154292,288.212079144,57.8108424045,34.7015391086
306.131485,287.641829925,57.7824051094,34.7035757173
301.780198654,288.197065555,57.9671879599,34.4673013448
298.500315889,287.929635188,58.0133436032,34.3062039409
294.153583084,288.124930733,57.9556247502,34.1136616811
290.874968625,288.194611623,57.9353342523,34.0534895141
287.154853946,288.753415076,57.6776184918,33.791261951
284.536349178,288.292980367,57.7447638493,33.7962580216
289.294121728,287.72469306,57.5048697274,33.7266381155
325.644890139,288.189542949,57.6741748852,33.2526336689
368.437118773,289.246488102,57.3815877345,32.6816279502
410.374015062,288.861230301,57.0448969022,32.5659384752
421.251585374,288.596634675,56.5313296128,32.5329890835
417.834568443,289.573708605,56.725832339,32.4942764188
415.980565621,288.587585256,56.8160363173,32.5861631097
415.708963134,288.922349272,56.7544807044,32.6462809261
414.338129422,289.441507355,56.5014038267,32.6257046523
414.028557353,289.585940867,56.4182372831,32.6994928202
412.649063302,289.793306967,56.382804428,32.7197717686
413.006870948,288.735404375,56.3726954018,32.9883533139
412.324895252,289.605493168,56.2700684282,32.9732494221
411.862213507,289.415073907,56.1065139472,33.1182137239
411.169338175,289.655984238,56.1065676049,33.2003843101
411.228813912,289.992118597,56.221059495,33.2087917538
411.444038562,288.746657814,56.3645727635,33.4456931064
411.357720257,289.89071274,56.336916356,33.5209481888
411.13733897,289.860735664,56.3582778491,33.6030457185
410.619241494,289.965700595,56.3879127146,33.5914541262
411.875412037,290.548517602,56.1823796232,33.5511490098
411.921172546,289.644307658,56.0809400335,33.8045962498
411.773292044,290.190035671,56.0791850789,33.813450193
411.742339818,289.789111928,56.0286377306,34.0777289898
411.049230554,290.164130063,55.8915819575,34.1928543762
411.218459741,290.456133953,55.7986026309,34.3845005546
410.97997648,289.700076512,55.6275247439,34.6247003586
410.267867523,290.232020046,55.6799191088,34.8416789598
409.992966553,290.132562795,55.5717424559,34.9584526894
409.858705336,290.555547118,55.7419713541,35.0858778997
408.133904678,290.77699817,55.8452415507,35.1727384215
407.522488433,290.672815869,55.8900887304,35.2159504154
406.463980596,290.73760396,56.0995451286,35.1903989115
404.265885368,290.36002483,56.1420883519,35.264881069
402.360691497,291.333262225,56.3958440527,35.2922572449
400.662856466,291.132721842,56.302562192,35.3839733345
398.604402369,291.152631186,56.4199763097,35.4675275959
395.408245401,290.571438045,56.6291199278,35.4925016869
392.528546128,290.964715134,56.750262878,35.5851423637
390.174761309,291.041946767,56.9571868789,35.5477025732
386.872964688,291.013399429,57.1433292151,35.6113468931
384.039007605,290.288511658,57.0617211718,35.7517570447
378.995717843,290.698529931,57.2883735179,35.7847058201
375.958602815,290.116916196,57.2781647748,35.8124551508
371.508816622,290.415457059,57.502521438,35.8349033279
367.327016995,290.374684974,57.5503972746,35.82317283
362.761012044,290.331988553,57.6320093022,35.9957776691
358.335122224,290.395975459,57.766304468,36.102372631
353.18283189,291.41103979,57.8666977435,36.1094034124
348.32252819,291.270060284,57.9709111009,36.1873703703
342.945805174,290.666289129,58.1065878916,36.1636406977
349.628688659,291.194792229,57.971497572,36.1310659665
382.178613452,291.83158675,58.6752750005,35.222251926
418.703180772,292.012486457,58.3179662271,35.1634409222
420.91229064,291.391577951,57.8264191882,35.4510229752
411.883784089,291.09503556,58.3606966948,35.2511979566
404.901183142,291.953166533,58.5749458669,35.3141699429
399.530753484,291.692669042,58.3338677758,35.4340698924
392.043238124,292.574027762,58.4607720828,35.4408996777
385.422021301,292.771959852,58.5557562358,35.4196776313
377.980472008,293.428091083,58.6440998397,35.4726825645
370.66842302,293.222281732,58.7814615195,35.4902247097
362.275150183,293.74506021,59.0977446657,35.3750057195
355.568668531,293.654501488,58.9715033721,35.5068260216
346.898903139,294.112595832,59.4318627844,35.2619994949
338.998492314,294.941119166,59.4633200776,35.2054951342
331.048281359,295.346032339,59.7134829692,35.1947603054
322.046633357,295.802558955,59.9645283027,35.1482506644
313.433994713,296.149380857,59.9463058347,35.1806151575
305.627200597,296.025046017,60.2213291941,35.3021182817
296.539445725,297.049058277,60.7639787546,35.2706483567
287.362243571,297.033055603,60.9561039334,35.3743109964
281.095849679,297.904936032,60.7513257234,35.5830258055
306.450570235,298.407198574,60.8442031844,35.1250070075
344.578915428,299.046163758,60.7953909097,34.8523343656
380.953636043,298.988207223,60.1588265728,34.7113216439
412.966630128,299.371061598,59.7764274212,34.3394059708
425.141359931,298.685912509,59.1123659174,34.4499665374
415.501122406,299.843071668,59.1871715656,34.2641403359
404.568311172,300.268063942,59.666866833,33.9615890444
395.810181146,299.943398217,59.8473114546,34.0277233783
386.315016506,300.948655432,60.0629253115,34.0565956985
376.839576891,300.744229035,60.1209937189,34.0978739788
366.812299477,300.813790327,60.1505775394,34.1264426547
356.722491263,301.281753434,60.1094946577,34.1439098403
346.949470042,301.701924626,60.3312592211,34.1435691597
337.012394839,301.960885195,60.588193518,34.0640375905
327.211095586,302.446818672,60.3149241803,34.1443639216
318.097802095,302.204187094,60.0978923865,34.2198839164
308.091140803,302.531814534,60.1835340012,34.2719059183
298.23018082,302.499253551,60.3809464453,34.3229002655
288.033866586,302.869808416,60.4831562875,34.3178174795
278.503356355,302.628591667,60.4628817377,34.3522433325
267.80382595,303.598539855,60.6970923114,34.2798395132
263.17037781,302.933254172,60.9597762124,33.8684300882
294.595460049,304.147574969,60.6234438275,33.9917263125
331.682074164,304.043317229,60.1885731412,33.9175874493
363.790323774,304.421485813,59.6381467657,33.62538861
395.9955651,304.772438524,59.3845473548,33.1147480263
428.421589588,305.271338675,59.0781297874,32.7304871801
465.266147524,305.376750682,58.584089904,32.653584789
476.569742566,304.523072168,57.8666817709,32.855127981
465.642598462,305.434840859,58.0845201658,32.5483572653
454.688951314,305.740281711,58.2023285308,32.2831618784
445.028300818,306.253636728,58.2913640492,32.2557927359
435.570529741,306.971392936,58.5796212001,32.2087518051
426.679585233,306.810335776,58.8183049546,32.1297642969
416.327668446,307.734288235,59.2269496245,31.940944295
407.505038438,308.091313018,59.7767220455,31.873980814
398.41098107,308.328569075,60.0839697784,31.8343629926
389.257050376,308.124639081,60.2143275809,31.8422157337
380.97657427,307.896851288,60.5215490183,31.7979872698
373.560911893,308.173970521,60.7646512689,31.8169979636
365.821341456,308.62969765,60.9168010619,31.8381927827
359.797276595,308.123017883,60.8601248372,32.0303077192
353.577239755,308.51814025,61.0214881508,32.1565137234
347.927196362,308.789157714,61.3561656592,32.3134642523
342.708616398,308.715935565,61.4856054015,32.4873542094
346.048551214,308.88152432,62.0034386554,32.1390527661
378.376037914,308.319299465,60.7883646993,32.2648333888
422.352108268,307.980101142,59.7031139453,32.1668240445
465.200749654,307.468318645,58.7271446497,32.3176540157
507.243730176,307.551100691,58.2075288216,32.3569151007
549.436257284,306.972100139,57.6813765824,32.3595851883
567.023475937,306.29472655,56.6796382511,32.4856477023
565.840155827,306.197484015,56.3887014325,32.4087798572
562.424353159,306.44275196,56.2732724101,32.5048628069
562.849715122,306.723225609,56.2255507815,32.5931808576
562.439498552,305.52666659,55.9128751863,32.7200537695
560.922022639,306.259375948,55.6310681424,32.7461767961
560.544319447,305.304542937,55.2998329754,32.9367959864
560.77602492,305.527492209,55.148133282,32.9477933306
559.874045323,304.399041135,54.9694075047,32.9694771932
559.400229351,305.683535251,54.9972189628,32.9867101783
560.085245315,304.267707402,55.1615714041,33.1410484965
558.717113653,304.419081409,54.9997982485,33.1289706079
559.227763887,304.394593119,55.0678321478,33.0456385418
558.77978401,304.36897848,55.0006597587,33.0428925426
558.539933808,304.252330759,55.0134012827,33.1515582793
558.919515497,303.217683092,55.0786191376,33.2806531651
559.258033107,303.450124181,55.0671148973,33.2124187679
558.821352124,303.123847899,54.970923213,33.2078773887
559.239987224,302.213882234,55.1520491534,33.2741250328
558.685176771,302.795621449,55.201178735,33.2128512844
548.228986429,302.874227079,55.9160744487,32.8579492231
509.07657407,302.286641227,56.3137107523,32.2647504191
464.278368031,302.657957303,56.300045925,32.0060659307
425.546906195,302.237232871,56.2379375549,31.5324911341
381.14349821,302.377398401,56.3619456023,31.1891437504
342.80836233,302.727919079,56.164839126,30.9615437859
328.91820559,302.51940732,56.5858767896,31.5161045899
330.433336887,301.849858469,57.4521853545,31.4593873965
330.911616632,302.177755819,57.2690666419,32.0971313853
329.222012894,301.543739863,58.0308811013,31.8698931645
329.818870475,301.174838986,58.7748331896,31.6815875107
329.776354497,300.988741778,59.4061705038,31.6180922108
329.389198194,300.791004037,59.9021775215,31.6527895696
330.225390117,299.444249701,60.1360706162,31.771068834
329.11741477,299.679770912,60.3780932156,31.7076342665
329.751232756,299.365926144,60.6567956836,31.639422588
329.101134455,298.404129694,60.8480112712,31.8183237581
329.281314472,298.865966596,60.8867926086,31.7705213139
330.568863855,297.805094541,61.0135585627,31.8680518706
329.884505187,297.888352438,61.2253735853,31.7876535539
330.847927363,297.456335284,61.1954934261,31.7432160385
331.587836302,296.670160576,61.1266454018,31.7661789541
331.182068223,296.154267912,61.16413478,31.8458514275
332.482593007,295.148554678,61.0840610406,31.8839438215
331.563219131,295.011099263,61.1060006884,31.9017819342
332.471078883,295.289516339,61.1534911464,31.8919927763
332.253979034,294.08404852,61.2521264692,32.0089616442
333.323786707,293.939780721,61.1916544093,31.9403638221
333.97390552,293.75118216,61.2371364792,31.8852589757
334.383176612,293.095715294,61.2941774668,31.8982426801
333.459253968,291.972964961,61.2559721721,31.8273673748
334.195867548,292.344358484,61.2866957277,31.8102187178
335.695949943,291.180818313,61.19548532,31.8787226662
334.804474389,290.621348791,61.3723269275,31.8141477119
335.542183681,290.745662923,61.3553819067,31.7152342754
335.526609179,290.283903684,61.5009756062,31.7257603355
335.890716213,289.169000914,61.5062598738,31.867968506
335.959017586,289.241819495,61.4874231806,31.8827873595
336.393822735,288.96872406,61.4463428348,31.8476419702
337.342904257,287.945241321,61.4260783662,31.8768567084
336.997382734,287.539057631,61.497500194,31.8205346102
336.495291424,287.796343001,61.6925705627,31.9529786079
337.690541068,288.06739131,61.854818048,32.0319383072
336.947028625,288.971936069,61.8164529043,31.9143885539
336.869718469,290.599085919,61.676782645,31.8289573963
337.315893969,291.909540397,61.5093833896,31.7772201074
337.054505041,293.934048304,61.439122149,31.6614065591
337.836024336,296.653674675,61.733389683,31.5023032778
336.96324394,299.290405666,61.9113698932,31.3434195428
337.57661329,302.354430961,62.2585749281,31.2252919344
336.143190126,305.262567133,62.5363270945,31.26160443
337.227035498,308.268086703,62.8293490218,31.0647928695
336.36124121,311.637456581,62.9586783193,31.0813588813
337.675591883,314.379766362,62.9337756001,30.9836192408
337.015821705,317.217091253,63.1519915174,31.0004763218
338.132767452,319.454970075,63.0314103613,31.0265769111
338.458166341,321.361297987,62.5635135917,30.9302761736
338.507883671,321.999473433,62.0724492669,31.133791904
339.208375994,323.027782963,61.6802790738,31.3178785733
341.880019645,310.236381119,59.8102009147,32.7037714034
344.096002094,286.911766637,58.6982905484,33.6972424631
344.990834636,265.809385179,56.2392389585,35.515233224
344.807551013,250.174031646,56.252823236,35.5013982056
343.625321665,250.237888551,56.287120599,35.4782410893
343.6312933,250.981395907,56.4170364581,35.196757022
344.597240862,251.579852028,56.5767613034,34.9755918873
344.440830525,250.314621749,56.6095645712,35.0438239085
343.897627011,251.320393161,56.7626165048,34.9451104838
344.001015807,251.509452881,56.7825247814,34.9628307955
343.730445274,251.450214614,56.8154829639,35.0449883265
343.846069807,251.339966025,56.8926953844,34.9274702768
343.541097632,251.738363207,56.7851237888,34.8198701137
344.179505263,251.745443575,56.7021977879,34.6242715128
342.864550448,252.081249803,56.7094010047,34.5429124702
344.016018937,252.729189197,56.5898870684,34.334669795
343.736239784,251.814405461,56.4444466425,34.4281754568
344.022422225,251.387916386,56.5009994557,34.5085114703
342.770867996,251.858385017,56.6374604316,34.4435108946
343.078668753,252.254681732,56.7249086955,34.2781734407
343.216908533,252.694568929,56.7066592566,34.2221282046
341.855732746,252.153275469,56.7833118053,34.2476964864
342.769741993,253.227331954,56.7836420681,34.1436129925
342.439176517,253.393647204,56.6922838097,34.1450678378
342.845213279,253.276126342,56.6545748771,34.0975343705
341.788576857,253.289077117,56.6915366089,34.1256051769
341.915730721,253.756114995,56.6097530354,34.1264167119
341.563686647,254.930476824,56.7431486437,34.1441369255
342.983255785,254.397766082,56.8167420155,34.2152471356
342.227405206,254.992192804,56.7341356329,34.2668559947
340.775838099,256.366087744,56.980553022,34.3583348004
342.002214002,257.264810356,56.7487956884,34.3865787729
342.175936202,259.352773367,56.6765365466,34.2896808793
341.116711422,260.829102042,56.731392004,34.2998042446
342.179991422,261.839642024,56.7080019214,34.2275854027
340.930761364,263.427066905,56.868579519,34.154989554
342.019456021,265.126395837,56.8696128936,34.0077927195
341.001186813,267.502253788,57.0534345065,33.9698119208
340.922703927,269.823323341,56.9007075972,33.8680289729
341.929044456,271.688494831,56.5749029556,33.8259362974
341.742322778,273.083182981,56.5294742834,33.9239196157
341.086076589,275.079912521,56.6423873032,33.8722439644
341.5726707,277.018012821,56.6107200105,33.6086048287
341.128323654,279.521693467,56.8344309487,33.5140142851
341.169925274,282.031398059,56.9241841902,33.4046206843
341.715759357,282.937680673,56.7733959656,33.430821434
344.46496578,266.142654172,56.2005559919,34.1379207921
343.659049753,248.348406644,56.0133079119,34.5117590192
343.382492785,230.201682936,56.0225458571,34.8614312575
342.880383684,229.298566053,56.1958322758,34.9077520563
342.275017275,232.005210273,56.4764752626,34.655426674
341.838121085,233.671857866,56.8118398726,34.5820466014
342.216943028,235.589459414,56.8162935234,34.4121302849
341.914964132,236.46172772,56.8740105088,34.3657958063
342.574232674,237.236288295,56.8691625378,34.323250242
341.429645947,238.631741005,56.8910060605,34.3459076908
341.63764125,239.479050249,56.9602927501,34.3115458282
341.677452389,239.834795878,56.8133178627,34.3038224662
341.62485235,240.892570921,56.9121229465,34.2219788065
341.640675474,241.831528927,56.9508241552,34.1980240233
341.57914999,242.377614809,56.9965119828,34.120754613
341.513281564,243.614788413,57.1122977629,34.0566158678
341.044781807,244.014946411,56.9224813611,34.1045110418
340.798878304,245.002431015,56.9491098777,34.070201356
341.704952453,245.374716972,56.7830975058,34.0557906928
340.739381458,246.140987299,56.8086233314,34.1452285603
341.093507458,246.771427696,56.7317923017,34.196999639
341.16092169,247.103373199,56.7006744517,34.0869282888
340.659943562,247.801153942,56.6062650164,34.1366885999
341.269367912,248.570892903,56.5266894838,34.1235052679
342.014716181,231.458909952,56.3625037337,34.5446986475
342.902428493,210.909241292,54.2312374427,36.1064383112
343.11387747,190.644211012,52.4799533014,37.1387533572
344.332593436,178.591363875,52.0549866071,37.6584891509
342.938941313,179.619544364,52.134710049,37.6939617653
342.712884269,181.030178003,52.1690867418,37.7811927726
342.236317898,180.891805283,52.4046719491,38.027717789
341.767689944,182.311210346,52.4635570939,38.0946989451
342.02544442,183.116124672,52.5595047147,38.0920887967
342.250939091,182.959226858,52.6311605482,38.0656896631
341.452072116,183.468718617,52.7546422743,37.9969353733
341.74108635,184.337035476,52.6792503585,38.1217946461
342.22227812,184.589262371,52.7989600578,38.1347262207
341.359376446,183.935019959,52.8468434216,38.2245731003
342.104618661,184.299839593,52.8298581711,38.3205184832
341.343064534,184.946917022,52.9634544811,38.4144154916
341.680552321,184.183637266,53.0669047798,38.5031430064
340.953470132,185.888680868,53.1579353692,38.3989332506
340.394705169,185.232412735,53.1713518363,38.4238616067
341.131088252,185.772887248,53.309985083,38.5119587459
340.626041472,185.213000909,53.1980500531,38.6091400705
341.205893917,184.683994253,53.1358136576,38.7104987152
340.310451197,185.227933819,53.061208305,38.72429104
340.793072059,184.910983121,53.0158860111,38.8248838106
341.139345333,185.622090684,52.9732149862,38.8852793876
340.507220105,185.39872531,52.8964108821,38.8990670887
340.99367444,185.152186813,52.7792569455,38.9243045443
341.301302124,184.817490584,52.7921909634,38.989769508
340.179118983,185.553098097,52.8852310658,38.9812928775
340.224966079,184.942544222,52.9209478223,39.0021695518
341.003685979,185.069765859,52.956383026,38.9286037412
340.889039078,184.400291776,52.9074233013,38.9097346137
340.733477505,184.878263728,53.1686675196,38.9062000366
339.812294399,184.841116121,53.1064889001,38.9935934324
340.319604383,184.910888631,53.2002279119,38.9663248475
340.611845969,184.743545238,53.1861986222,38.9389899795
339.841062987,184.670845126,53.0724903145,38.8643535164
340.599357315,184.344450676,52.9401997443,38.798696221
340.54846256,184.531727597,53.0048212726,38.7664428239
340.256347973,184.762379947,53.0009467353,38.8424002061
339.702875888,184.808301109,53.0293226846,38.9309733196
340.010589464,184.135724226,52.9990045882,38.9301990127
340.285548987,184.534493025,52.9549498043,39.0020477307
340.301317051,183.705596938,52.9614761445,39.0140569572
340.0858628,183.439617241,53.0437548153,39.062409445
339.96432987,184.422414562,53.1930947993,39.0332348868
339.874995326,184.149506863,53.1893615452,39.1598836313
339.883112597,183.760404827,53.1729577004,39.1798869375
340.487733183,184.146510343,53.1763531198,39.0701672282
339.609910996,184.028506485,53.2189453398,39.0367832282
339.975618039,183.678120043,53.3050298173,39.0831928377
339.780979093,183.657215253,53.2488094825,39.0734636142
340.117559223,183.448380084,53.2365843848,39.0911317111
339.705767061,184.169716422,53.2402189644,39.0836737937
339.739503032,183.779151606,53.2891675367,39.0248289029
339.705109139,183.360263626,53.3298179665,39.0011401835
339.525307942,184.166501215,53.3574871002,38.9906952832
339.467308097,183.839594992,53.3122494166,39.0555049398
339.596600419,184.264287586,53.3120940308,38.9155034189
339.233024542,184.030799343,53.1938947455,38.8859403717
339.954989586,183.876500723,53.0982773932,38.7598439768
338.716631017,184.11530459,53.2516271725,38.6607694869
339.144253096,183.791806652,53.1944811628,38.6474664789
338.76944195,184.064194246,53.1476469989,38.7034687984
339.493637291,184.255967404,53.0880699316,38.7042732298
339.278470704,183.474171664,53.0948518426,38.8074455312
339.188803641,184.346720173,53.017291739,38.7658840703
338.886786586,183.866871318,52.9664438341,38.776170806
339.481222399,184.369734315,52.778615172,38.8483763336
338.720617751,183.840562943,52.8274156945,38.7870563162
338.558851095,184.570752921,52.7944261798,38.781307332
338.624629938,184.55902275,52.87444339,38.5652766879
338.689957089,184.236998806,52.7920405898,38.5140718603
337.894169979,184.792344316,53.021864088,38.555754391
338.792070686,184.861802506,53.0894622986,38.5724741728
338.575098159,185.269290641,53.060590967,38.5297465884
338.365424279,184.495614008,52.9885306765,38.5272981465
337.999459802,185.161040767,53.0522124659,38.5171045045
337.377854468,185.973574556,53.0960249742,38.5370922215
337.795927111,185.518302015,53.1385239772,38.4747198666
338.042556165,185.193537577,53.1936030297,38.5801118591
336.889213153,186.270110259,53.3265012214,38.5575187883
336.987639131,185.187597334,53.2440349452,38.6188439998
336.975184899,186.459052711,53.2016123771,38.6496606153
336.908339809,185.640263476,53.2014952868,38.7047731991
337.629231601,186.647473529,53.097044667,38.7091767162
337.871449013,186.031465516,53.0244331454,38.7136160086
338.015475471,186.846072926,53.1386754603,38.7172105903
336.836936375,186.395649541,53.133163577,38.7871705181
337.292853209,187.077548188,53.1046609098,38.7009866267
336.99812096,187.130033509,53.1227545086,38.7252538593
336.638849179,187.349414523,53.2574422046,38.7525725281
336.868718763,186.977741561,53.2712129724,38.8637599324
337.179990524,187.233011288,53.3346457182,38.7787512113
337.230298654,187.429427572,53.2949673885,38.8238158493
337.045573939,188.014891844,53.2389595187,38.8175754153
337.086669638,187.440283274,53.128378275,38.6883415886
336.451614405,187.781709565,53.2265069297,38.6345867076
336.865310904,188.363748338,53.3041584862,38.6132290267
336.409911611,188.555706882,53.3871700301,38.5668052093
336.215175949,188.777314457,53.3631815178,38.5976931809
337.095039639,188.320941113,53.2431941278,38.5319287739
336.259077571,188.849334925,53.221106575,38.6334137746
336.565807176,189.493068397,53.092193579,38.6699315723
337.023290933,189.102336306,52.9965239165,38.6944363169
336.228503501,190.313462174,53.0954611204,38.5951990787
336.519381536,189.574043739,53.0991447325,38.5679972818
336.732977561,190.337627118,53.0441751652,38.5465339733
337.120693455,190.472969667,52.9592863136,38.4363239201
336.654165169,191.334497588,53.2067619766,38.4213719731
337.214749503,190.71195191,52.9725473171,38.4650929706
336.045625561,191.62746259,52.9935313609,38.4475387567
335.851495666,191.998286743,52.9842191998,38.3321513861
336.207014065,191.977027606,52.8183305345,38.3879605246
336.292065361,192.599686624,52.8703205706,38.3906073487
336.087376802,193.544735288,52.8340099494,38.4562143509
336.498699398,193.65205837,52.8699349753,38.5199239645
336.644493958,194.156166883,52.8397655375,38.5511689091
335.813382182,193.950621762,52.9345469113,38.660571493
336.246276814,194.88830829,52.9472703289,38.7011923666
335.59181938,195.340630462,53.0278649542,38.6828985943
336.175754836,194.623994219,52.9225548396,38.7921714365
335.431020761,195.927216541,52.9340147192,38.6160134387
335.584040367,196.423504978,52.9101266702,38.6798772766
335.754943454,196.312203504,53.0265126053,38.7679672044
335.839179413,196.812384215,53.1093757432,38.8868858818
335.144372959,197.380471852,53.0803166848,38.9396384968
335.536826542,198.372193263,53.02163722,38.9500324356
334.773890711,198.734734651,53.032435582,38.9743440166
335.090750317,198.507198761,53.001646379,39.064761315
335.57342023,198.859093289,53.0457758239,39.1584097474
334.653465718,199.810379559,53.0629377372,39.2219806954
335.029146502,200.080791168,53.2830757315,39.2221003852
334.718962064,200.596056674,53.3011651239,39.1801355939
335.445774846,201.721892873,53.2072968633,39.0551399943
334.441918277,201.697024823,53.1283255353,39.0964818449
334.183845336,202.525448223,53.3016891587,39.0892133777
333.745515235,203.576121864,53.3575324868,39.0112053673
334.670673531,203.804620877,53.4154496573,38.9312200717
333.666983275,204.061743304,53.3874428912,39.0277363236
334.181574545,204.482408303,53.5545979323,38.9274282551
333.812360775,205.401509076,53.4877003208,38.963109003
333.407233672,206.130722949,53.5364492221,38.8345089237
333.248265084,206.647547767,53.4861553689,38.9071788346
333.626335022,207.447881705,53.6310526504,38.7632811393
333.746264188,207.63162168,53.4484954357,38.8622343569
333.350301776,208.113631703,53.4692232999,38.9269959634
333.360263646,208.573711534,53.478993135,38.9383670159
333.40274487,209.423791078,53.5909688732,39.0093538677
333.121011272,210.018591437,53.6070586024,39.0988510657
333.05262789,210.250994792,53.6471071289,39.0466949693
332.651107437,210.817748042,53.4380057351,39.0881474131
333.187967666,212.171138371,53.4913490274,38.9270458493
332.331637392,211.776777007,53.454573674,38.9905851495
332.406856721,213.165259157,53.5789979618,38.8920278019
332.198863165,212.875008796,53.5157547289,38.9907190875
331.755288175,214.365949162,53.495232125,38.8769251709
331.643745932,214.49054217,53.5403742905,39.0455571937
332.016650184,215.00065412,53.5563521881,38.9667193389
331.325561493,215.885850987,53.4529141972,38.9621946248
331.537752185,216.141761864,53.4361129494,38.9593706704
331.60565314,215.751817769,53.393970904,38.8986589055
330.971956493,216.6392421,53.2097527976,38.9105348107
331.533811757,216.803978011,53.1848387559,38.8651885555
330.491880421,217.795550311,53.0586661042,38.8424169999
330.489311475,218.120691891,53.15685078,38.7079960052
330.852795164,219.61317314,52.953603905,38.5813732945
331.738879561,219.143171656,52.7275040187,38.6461404076
330.500155399,220.325374505,52.8915134493,38.5932071256
330.866005806,219.919386262,52.8519105976,38.7469040728
331.632988613,221.335900524,52.7505888746,38.6713778661
330.901904942,221.370316775,52.780994951,38.8044971811
331.435881183,221.740866953,52.8733880236,38.7972763907
330.69382765,222.745276792,52.7684467047,38.6998187654
331.231061302,223.180653541,52.9211939741,38.7044903681
330.244914595,222.900251445,53.0210879406,38.5806517673
330.640728505,224.510404914,52.933728576,38.376445713
329.863364592,225.023360829,52.9919284905,38.442638796
330.400606758,224.997898446,53.033331325,38.4249121914
330.562358818,225.983565096,52.8141510153,38.4952377691
331.060930374,225.685300543,52.7123208101,38.6075085507
330.154519057,227.173156216,52.6772111048,38.5188509332
330.492146832,226.917315958,52.7103636114,38.4292163687
330.602705512,227.216893175,52.6679387868,38.454606078
330.772888314,228.167016844,52.7480849948,38.486963053
329.625589658,228.394512834,52.8168460304,38.5966300121
329.898812652,229.197496693,52.8963057334,38.5587191165
330.261564498,230.182550027,52.7908494334,38.4816537004
330.416359832,230.032563648,52.9668769394,38.4287233611
330.120034662,230.454017691,52.9781895879,38.4952086462
329.249629596,231.019796967,52.9096792698,38.4619900091
330.030912103,231.711788406,52.8011918578,38.4415021238
329.592058507,233.12417731,52.8607192648,38.4412928247
329.08529638,232.895316071,52.7839510648,38.4953498805
329.520129675,232.995291124,52.8280422749,38.4658421604
329.683544907,233.505576703,52.8566223564,38.5069244975
328.406660723,234.645833097,52.9485303064,38.3486808632
329.079785284,235.166695892,52.9365725241,38.2023469167
328.957737432,234.944351573,52.8701141997,38.1131307043
328.711563344,235.297825641,52.7878905288,38.0901921787
329.257921545,236.429995421,52.6482989482,37.9658746601
328.425533241,237.15514322,52.708930625,37.9684435884
329.057093082,237.133275347,52.6802013214,37.9628877084
329.819009553,237.362921456,52.6974302576,37.8686294757
328.737175374,238.086614945,52.6079500588,37.6326003291
328.20571078,238.923785968,52.6534779103,37.5519164928
328.958729529,238.726406539,52.4814375412,37.5797019205
328.12635511,239.47278311,52.7716617868,37.5040036692
328.473875751,239.255020449,52.6101706477,37.6368222146
328.626503729,239.659343234,52.7161938333,37.5256887342
328.682915382,240.56201003,52.7269748332,37.5161340121
327.432101099,240.530815967,52.6869378456,37.5825106958
328.440481144,241.176595599,52.5909178832,37.4505011443
327.831033804,241.522170273,52.6338356907,37.5266690913
327.775243079,241.848014735,52.6477545575,37.567229406
327.270795313,242.797519962,52.6908735868,37.6854506542
328.146806509,242.25024041,52.5078030383,37.7729990607
327.757751901,242.364486536,52.5991529019,37.7456475103
327.14152411,242.993657373,52.6760800572,37.7272237113
327.798592348,243.618352994,52.6018490594,37.7261939373
327.450231665,243.273330279,52.5507808026,37.8867320281
327.786393148,243.326813012,52.5992311166,37.912122341
327.423940706,244.489922359,52.4954687779,37.8201117554
327.736938933,243.04930416,52.3999894838,37.7784572519
327.323040239,246.066005259,52.6528238396,37.452991817
326.979843513,245.836801307,52.7839407186,37.5381447656
326.780688588,245.50853362,52.8607096774,37.66028224
326.714788068,245.346389628,52.9392391958,37.8061529445
327.176099295,245.739818895,52.8276515392,37.7866628461
326.347075396,245.130050268,52.9353785927,37.8888368851
326.670617059,245.652856577,52.9040942178,37.8565926354
327.161094191,245.181648447,52.8425884495,37.9654757871
326.076214524,245.878658009,52.6625493421,37.8525810159
327.058876303,245.968710141,52.7309727425,37.9347023505
327.306774265,245.48894923,52.7496596132,37.9882039478
326.326048891,246.063490118,52.6113107286,37.8869509651
327.29002384,244.756663334,52.5419800443,38.0168367869
326.393558794,245.391719648,52.4259520591,37.8763616377
327.569940646,245.627592737,52.5510001687,37.8468911624
327.230618883,245.59659187,52.6233922165,37.8336790622
326.971817408,245.460971239,52.686164936,37.8585758165
327.116911414,245.759222095,52.556783983,37.897124343
326.990602016,245.13315337,52.5174887633,38.0451471417
327.486949097,244.974240072,52.5260296083,38.0376672613
326.813898359,244.630941222,52.5269433015,38.1301418371
327.453508318,244.038892867,52.4249653045,38.1119872306
326.877167462,244.466082689,52.362938451,38.1195885615
326.706745468,244.059370024,52.2613245834,38.0945586914
327.881900297,243.595738445,52.3680878997,37.9190529518
327.011641166,244.145552087,52.5719869747,37.8188322444
327.370731198,242.927117647,52.4890401348,37.8459787953
327.604783201,244.024316754,52.4706872363,37.7750623315
328.24645908,243.880059801,52.5309998862,37.7429834186
327.842936035,243.646683048,52.4515823947,37.7913035554
327.732582897,243.263862329,52.3717514411,37.819026556
328.709570978,242.549320727,52.269142872,37.8006755737
328.458563683,243.420763817,52.3076247759,37.6740765056
327.691269506,243.501382117,52.3228292227,37.6307853396
328.31102562,243.607125526,52.1951354272,37.6179303433
328.977948654,243.795029326,52.2130709666,37.5666345693
328.221690827,243.04887287,52.0604406265,37.5617463977
328.860385168,243.329453393,52.0651716961,37.5150243369
327.918685787,243.68222107,52.1466967747,37.4867298316
328.187884742,244.044526263,52.1278161662,37.5123347974
328.35780229,243.21174146,51.9944326356,37.5481695297
328.114931649,244.331242573,52.0907617519,37.4769772663
327.623089745,243.175467725,52.0813860443,37.5213472361
327.93296302,243.797860827,52.0264393991,37.3715651128
328.778250642,244.297312025,52.0335894511,37.2835606873
328.382070726,244.735396694,52.1518084733,37.3243917618
328.124543777,243.839031804,52.1818305273,37.5078063847
328.828834172,244.051515714,52.1641576205,37.4985586414
328.147728185,244.445991379,52.3357695569,37.4492979727
328.928354315,245.00997497,52.2816787952,37.4190324588
328.547525234,244.489245465,52.3529516762,37.4526850486
327.779757211,245.681797037,52.4251787907,37.3758652341
328.372211826,246.185850076,52.3272791101,37.4718124147
327.946617867,246.149501787,52.5346675436,37.6272646396
327.679493613,247.15440212,52.4818468997,37.5930223745
328.714720706,247.795805581,52.6125295403,37.5324380198
327.338882767,247.80467757,52.767996608,37.5829296983
328.235835328,248.604457392,52.8244758398,37.6069710151
328.054148521,249.065904198,52.9578584946,37.7082882142
327.040713964,249.613754082,52.7933676123,37.7142081661
327.6029742,250.619659967,52.8503442375,37.5095515281
327.050797925,251.217912131,52.9438611388,37.4001505673
327.513070465,252.733351737,52.8429046096,37.3102014827
328.031874549,253.196042214,52.7553486438,37.393276641
327.431682192,254.420833287,52.6279055464,37.2585913156
326.763686782,255.119135431,52.7565711466,37.2566010096
327.335958555,255.603552649,52.8549793508,37.2988222816
327.467148928,256.534922959,53.0277088156,37.1619956638
329.036978634,246.331890059,53.5939469745,37.0803314374
328.485605957,227.14412723,52.4922491107,38.0582893454
328.694145559,207.132522168,51.3613752586,38.9286598088
328.865259663,194.06623742,50.9493781601,39.4563651842
328.398067389,192.732722799,51.1137734569,39.2428840969
327.74353499,194.267935044,51.7448198025,38.9017567682
326.365656215,195.681823275,51.8665613169,38.6980881429
327.272977965,197.146650313,52.0748780024,38.5030222131
327.15583225,198.604299461,52.25966807,38.4282061528
327.023069183,198.3605499,52.3850739644,38.6702177779
326.290824474,199.781442323,52.5265538923,38.6357871437
327.264174305,199.698093648,52.3670311959,38.735507767
326.677343755,200.54408691,52.5456109905,38.7632416067
327.374088753,202.253222592,52.4824930907,38.6363613768
326.754182328,202.568624643,52.5871308316,38.7410988578
325.958397173,204.129086872,52.7387796437,38.6573724661
326.724973435,203.871123072,52.6590507378,38.7334262216
325.768958649,204.765825726,52.9111177752,38.7264891136
326.43724648,205.944291421,52.9942502465,38.5613013358
326.036607629,206.735759588,53.0320373315,38.5498984442
325.721357802,207.345948433,53.011315174,38.4992061183
326.633049503,207.527423276,53.0709782795,38.4880794343
326.260876969,208.835770197,53.0899487084,38.4224510359
325.947044406,209.90981511,53.151071327,38.5716074291
325.835951491,210.906258505,53.2957760659,38.7174130167
326.482750759,211.422694822,53.3208529289,38.7303534666
325.761764067,213.603743186,53.3889130248,38.6107413088
325.891125985,214.548216522,53.3076186727,38.7266657669
326.390351766,215.974730696,53.2290823092,38.8503684799
325.847755772,216.560344946,53.0731786351,38.8875740852
326.331019561,217.543941901,53.1493559976,38.7582934509
326.640090479,219.706811999,53.2817371324,38.517280065
326.237123796,220.882009179,53.2585636892,38.5990317774
325.735552534,222.678050205,53.2444751069,38.5324614663
326.146993302,223.109818062,53.2952909715,38.6036365538
325.358190925,225.174411972,53.5253605912,38.3927884618
325.489182168,226.74806784,53.3030429996,38.4754431282
325.635047146,227.610066691,53.2733314577,38.4014146463
325.931796499,229.090353373,53.168336504,38.3550823579
325.353488169,231.127624353,53.3580103188,38.143426826
325.517176002,232.375520018,53.36358149,38.0833111185
325.401864618,233.441589343,53.4328600575,38.1104601593
325.651396579,235.411907752,53.3474781789,37.8789715098
325.480726012,236.508446647,53.2415187004,37.8718864369
325.338355048,238.219385415,53.1937092385,37.6838467443
325.84621134,239.912043152,53.1729794913,37.6341492896
326.266677521,240.888452215,53.0533738399,37.5740430415
325.727432809,242.364553984,52.9476253059,37.5064425266
325.668423686,243.703321698,52.9499058309,37.4554696942
325.734022017,245.592837509,53.0247309841,37.3237991118
325.744829443,246.192588727,52.9341963018,37.3834958178
325.861131952,247.839517236,53.0339740221,37.289308162
326.30991996,248.85638938,52.9289924398,37.2653247297
327.01651539,250.075468446,52.8331672264,37.2401049553
327.133261427,251.116798211,52.9222132891,37.1668245728
328.054910709,244.913740121,53.4098511575,36.7591809504
328.646089511,224.669111295,51.8085774475,37.6017596777
329.090735557,204.821120419,50.6117770657,38.4421773116
329.412504436,198.039994218,50.3272207668,38.8556469828
328.214142456,198.405509121,51.1470350653,38.7741164748
327.419736891,200.298892344,51.6145736314,38.6084065857
327.431284954,202.254382909,51.9112615816,38.3866926148
327.522756374,203.820409641,52.0807057229,38.2628355048
327.722170766,205.705941829,52.360703985,38.0936283131
327.969052505,206.677255644,52.5357214912,38.1470256498
327.850077385,207.864465742,52.6093528263,38.1352882736
327.719479133,209.131206484,52.5841910026,38.1801446974
327.415314913,210.494672998,52.6509847817,38.2326408665
327.293622531,210.94759883,52.7538579885,38.3259526511
327.807225554,212.137574638,52.7123574962,38.3433065241
327.271649308,213.351631093,52.9648515777,38.5027561749
327.125500804,214.379584971,53.0770014575,38.5446307909
327.238668767,215.524340461,53.1097972024,38.4848868967
327.215820818,216.428283231,53.1629537761,38.5132267455
327.413723912,217.433693395,53.1298854532,38.5918005116
327.376643759,218.279743776,53.1125290097,38.6209587464
327.436587963,219.376455008,53.1549402812,38.6363551957
327.58406881,220.369843901,53.1516280773,38.6645233938
327.680369363,221.041555456,53.3137740579,38.6980872631
327.538037566,221.938460763,53.4064482598,38.5330289998
327.397613024,222.728618252,53.3966644113,38.5212643716
327.639594833,223.901077975,53.2219031365,38.5728362142
327.986747571,224.775123885,53.0462801401,38.570489457
327.139797194,225.835117866,53.1678269343,38.5956728984
327.462091819,226.745110585,53.1312371873,38.6054208317
328.128883463,227.050199528,53.1017033922,38.7545772118
327.477413785,228.452748621,53.1375843757,38.6333197778
328.123126709,228.527984036,53.2321169596,38.6352133515
327.919831975,229.89648372,53.2534412276,38.4508990062
327.851803121,231.252839177,53.341323913,38.2041628989
327.969440675,232.70775327,53.2389182865,38.1440313488
328.424655893,233.773476611,53.0495551003,38.0321056657
329.046135323,234.735040523,52.9287937493,38.0105090608
327.772540413,235.078895354,53.0096547107,38.0242984444
328.405226084,236.426947062,52.8772926833,37.8390695378
328.13900668,238.156195063,52.807835325,37.6580705886
328.620337956,239.805546941,52.6875825022,37.4779648171
329.137084308,240.489057893,52.6126806046,37.4966271647
328.248560342,241.502849673,52.6739027388,37.5465427553
328.670608065,242.570234526,52.6376959805,37.5418761614
329.167360822,244.044296571,52.4587189312,37.4950625155
328.700195893,244.807449227,52.5015657811,37.456397107
328.60713483,245.492828699,52.5412800037,37.5326641768
328.812854001,246.838560062,52.3933525164,37.4479078323
328.321103956,247.420895184,52.5186846587,37.5159036035
327.866195434,248.88863316,52.6782380122,37.387172228
328.779200721,249.063922988,52.6678676498,37.5056208958
327.935353065,250.547226914,52.6964877006,37.4240552337
328.457300809,251.296297053,52.4283819516,37.4129658461
328.208114441,252.874167231,52.5152910087,37.304134585
329.264811361,254.297431027,52.4845788256,37.3082182029
327.827550186,256.407134081,52.6969462612,37.237179023
328.663955167,258.754685208,52.6264585208,37.0297247781
328.695260287,260.949123441,52.5810122579,36.909173642
329.096722328,262.702042537,52.6622887478,36.8424745784
328.356341934,265.139986521,52.7353405346,36.6597919664
328.941393532,267.562788604,52.6741728137,36.5121267185
328.148061341,270.420990191,52.7438033796,36.424872982
327.939908914,272.185050249,52.6007501136,36.4926469642
328.572349773,275.597028175,52.5584798241,36.3413786438
328.645690785,277.073752567,52.4452242888,36.5200044525
328.502412102,280.11292218,52.5046211409,36.4602079949
328.608520589,282.639040052,52.5069505659,36.5803770164
328.939172011,284.439803107,52.5467732831,36.7475128814
328.792430671,287.190034229,52.4630167055,36.8785642338
328.341710096,289.377446725,52.3730817544,36.9680298614
329.181424504,291.961594554,52.2589703314,36.9502859979
328.912212367,293.991397217,52.258711488,37.1537479176
329.921129914,290.00370792,53.2515487254,36.9344586949
330.497637214,271.658790513,52.4434335712,37.8223831086
331.266338245,252.134377087,51.6442418888,38.142042023
331.05830962,240.076551788,51.256330828,38.4663985227
329.374069739,242.334974415,51.4112001798,37.9980871851
329.337238634,245.016725283,51.6665274372,37.6099558573
329.255110512,248.336449441,51.7816266852,37.1068505423
329.947533379,250.745922448,51.7312284536,36.8465726654
330.178270226,252.506621101,51.8245602178,36.7966476235
329.400706594,255.227952478,52.1677456436,36.5953941716
330.489223236,255.957026501,52.0413722546,36.6620652613
329.401824937,258.367691729,51.9734992685,36.7673910507
330.529602727,259.468551386,51.9475796432,36.7181280194
329.578426216,261.171365718,52.0701692049,36.7175186402
329.83745032,262.266064956,52.069004371,36.8715857308
329.833074581,263.825536967,52.028544365,36.9409036948
330.034571665,265.748741517,52.0309689813,36.8505520949
330.017051267,267.211906081,52.0977696757,36.8301916324
329.952306365,267.979300121,52.0820820117,36.8956722751
330.018659691,270.191681672,52.0922974775,36.7777762954
330.02238478,271.000949228,52.124614256,36.8903869226
329.721452547,273.205997888,52.1442173382,36.9398576259
329.788427026,273.679650449,52.0339244834,37.1419876677
332.118644526,265.316702574,51.1948882184,37.9034735878
332.497342248,245.531567469,50.3034294858,38.4415668272
332.306666417,225.887757933,49.4470408692,38.7548206652
331.886754911,220.279540014,49.4747477954,38.9307453724
331.277754952,222.446799435,50.2455509619,38.463342265
331.25487841,223.865858859,50.781448418,38.2427160932
330.545402728,225.974927927,51.2015007392,37.9794002589
330.321347707,228.052233205,51.6325670124,37.7373668561
329.866402305,229.81894366,51.9743057483,37.6761153455
330.463980635,229.994227818,52.1619490707,37.7288353344
329.865568917,231.759416712,52.2973230987,37.6472662146
330.263496162,233.16081688,52.290342996,37.6478635346
330.28040776,235.02051446,52.1803658649,37.6609813251
330.571021997,236.181282221,52.120843377,37.5716752753
329.792429699,238.095822264,52.2520689822,37.3314626154
330.697240019,240.117507506,52.1262554754,37.1730699493
330.218310358,241.370920715,52.0419125647,37.2004337088
329.743637604,243.028676984,52.1122781497,37.1209395906
330.466762641,244.450569542,52.1210407561,37.0641210361
330.352240933,246.097937309,52.2670787581,37.0446664554
330.273900913,247.662767715,52.2273705387,37.024290281
330.175810051,248.769166162,52.1722157477,37.1140732682
330.455738025,250.744462359,52.2602923298,36.980474825
330.855958921,252.692435959,52.3440764429,36.9458583739
329.974760026,254.63363887,52.5277399541,36.8588338592
331.782474873,240.378798271,51.1878179478,37.6786785537
333.119116464,220.810783677,50.4577318964,38.5357618193
333.681474663,201.901165373,49.7692756932,39.025870162
