334,239,63,21
329.237930032,236.706578355,61.6870618417,21.7810404671
325.117455364,233.365474198,60.982462167,22.4873738814
320.446481225,231.551485586,60.1157903735,22.8273581499
316.018532782,236.064432151,59.8104457283,23.1298789849
311.684651157,244.277481081,59.2135481413,23.2955226859
306.964164604,252.047257853,58.7697327353,23.4594651206
303.170646701,256.443549557,58.6236953073,23.6701060861
298.294182522,265.259374262,58.5184760429,23.6125667064
293.715787443,273.363309669,58.3201560335,23.5718368538
289.581416101,280.860301471,58.1674147224,23.6243038657
284.956223976,285.314116192,58.2125959163,23.6776128769
280.399773539,294.237881691,58.5735503425,23.5464343414
275.60538923,302.100121468,58.5774648333,23.2673922192
271.212731706,301.219005621,58.6449501779,23.0740957723
266.866139046,298.091688629,58.8143270187,23.0418993312
267.343470652,294.463794401,59.0507765636,23.2858331393
280.660121846,291.294681326,59.6993707663,23.5809756218
296.457955146,288.906080696,59.5865265847,23.8492228339
312.21981383,286.571411216,59.2065851565,24.1567234522
328.422809232,283.603527543,58.766567253,24.5218969642
344.015380022,280.770143097,58.5839853347,24.763936508
359.60416713,276.206078869,58.4588536689,24.9066714405
375.297171813,274.448203349,58.6330535776,24.8531916864
377.274673029,271.869087424,59.4073912223,24.5676235624
369.825654377,269.405650355,59.4462337706,24.4609169213
364.672957195,266.129823564,59.1151764134,24.5706106463
360.485321179,264.357608195,58.8933968237,24.5260239912
356.558227421,261.30905436,58.5564651476,24.6671170289
352.708318251,258.660003124,58.3118145119,24.7460374865
359.970946296,255.055586524,59.060259135,24.9108915184
368.827517958,252.374245145,59.6115544417,24.7675589763
363.635497348,250.663730442,59.3436391029,24.7957603945
357.020514866,247.381011361,59.1715759824,24.9229284633
352.647778703,245.282873248,58.9743975141,24.9041258585
348.210786324,242.202978963,58.5158207781,25.0849381789
343.814809435,239.439259062,58.3055544032,25.1333421282
339.118188402,236.455285964,58.2060758642,25.1237077767
333.970386062,234.138767512,57.9970056345,25.1007249931
330.407882953,231.969742548,57.9511811241,25.0457466606
325.569381527,229.142667816,57.6942764676,25.2035901823
331.261363117,225.982791839,58.7722187684,25.4254379313
346.307346103,223.795116041,59.1463286923,25.62377613
361.957198395,220.569346359,59.2560670114,26.0524616437
370.291123275,217.658590583,59.8576531334,25.9201257865
364.291561473,215.20089642,59.4178366884,25.8835559321
356.76912747,212.699578986,59.0381155386,25.9708298726
352.548013085,210.724763045,58.6309561842,26.0636571463
346.947180677,208.091121706,58.8714212408,25.7585845531
343.396807295,205.622985731,58.6296234498,25.8748343982
338.036933175,202.673547579,58.2413842852,26.057096456
334.129521773,200.454400542,58.2084669156,26.1629563521
329.688785457,201.00523237,58.0120872987,26.2316743612
324.981805676,207.124243852,57.9068703782,26.3903627472
320.196224087,216.789175739,57.8274150018,26.4382951466
315.926476075,222.714992221,57.4920206987,26.474443324
310.975075756,223.908016573,57.7343532348,26.170578936
306.692665635,221.37561418,57.9694472587,26.1245195591
302.138882698,218.008648511,58.0131465161,26.1892385556
296.551909353,215.121830368,58.2590097866,26.1577357771
292.302492436,213.42533442,58.3304287277,26.267732687
288.654031692,210.601425159,58.3759998115,26.3997602703
284.707709281,215.210888463,58.0998328359,26.5310667407
280.23706639,221.589778149,57.9700889555,26.6449857481
276.379114661,228.4362746,57.8943497463,26.7698830125
270.365406503,233.535707593,58.4038999287,26.6763913632
266.234343644,231.241152019,59.2807293016,26.3704548468
261.435712432,228.407513748,59.6276207473,26.2320277494
264.054943339,225.384045582,60.7903573205,25.9862618814
278.873236344,223.688324817,61.0436448141,26.1632566301
295.424517406,221.744979582,60.9799048641,26.4534400273
311.655195938,219.042664868,61.2037208342,26.7996363983
327.245888757,216.726809981,61.3671056282,26.9864985895
343.567741768,214.594622315,61.265819041,27.1036614149
359.373781453,212.327263552,61.4031941688,27.1378019696
374.596192547,209.709715091,61.8484953478,27.2396686819
388.577442996,207.199708811,62.0742898136,27.027342336
386.327532062,205.499798086,61.3917229001,26.7887477348
379.802293482,203.184632271,60.678982133,26.5725436826
375.015260209,201.62954224,60.1753308982,26.3933586907
370.990963188,198.582949985,59.9261420427,26.4508586151
370.413850448,195.958381045,60.16697027,26.2867932564
382.165219653,194.169768079,59.7676330436,26.4703123898
399.066750812,192.103990024,59.5412842886,26.4951313612
415.505007514,189.233432268,59.1880901279,26.6146538749
426.494756652,187.12964032,59.5821727854,26.3286822251
422.330835217,184.744734488,59.4540992505,26.1429422656
416.690781027,182.814839084,59.0722680099,26.0335393757
411.603880529,181.166722255,58.8555746578,25.875942078
407.064772199,178.655738023,58.6180831576,25.8325685911
403.100921166,176.074055926,58.5323937286,25.7072722604
397.36789619,174.980806975,58.4117298915,25.5113503372
393.300886942,176.827664509,58.0375782597,25.4932605924
389.823258642,182.782014398,57.9109252032,25.7625803381
384.798434533,192.30463207,57.95234798,25.8277213518
380.671402839,200.927213826,57.9861822177,25.8465615953
376.632596349,209.229419308,57.9493991035,25.8219464683
371.642247481,216.921905367,57.8894331202,25.7765958944
367.331356668,222.58013136,57.8325543534,25.9276684352
363.548931759,232.051197576,58.3450398229,26.0144781115
358.863651623,240.630459214,58.7818346829,25.8560196857
355.028134238,246.416394995,59.0052481065,26.1535319355
350.252571848,255.445655534,59.3860685881,26.2362633754
345.647685468,253.982291143,59.9766263362,26.1385172992
341.505598609,251.057337394,60.398375204,26.1370248976
336.613221931,249.469406741,60.8655740866,26.1670634397
331.961872885,247.040440841,61.1394960093,26.3157939043
333.684772025,244.938593929,61.5608699701,26.3742083213
348.344990229,242.513915715,61.268557419,26.8491283713
364.595400222,240.962309024,60.3752279725,27.0062517693
380.295749907,239.209328002,59.7969182054,27.1158162229
395.564797271,237.022437682,59.6935692649,26.9943776332
411.545712327,235.141527303,59.4758645198,26.8723904924
415.747667765,232.597515653,59.7861202848,26.5477236306
409.015074527,231.201872886,60.0975515728,26.2117689832
404.101872845,229.604638964,60.0746450152,25.9999703771
399.070298211,227.958111184,59.910192278,25.8095790997
394.715117396,225.733445802,59.8305062637,25.7557627389
390.081216317,223.712515673,59.6218355672,25.7676423371
385.572395151,222.047716471,59.6893378986,25.7134168703
384.08280617,219.977561914,59.7379590872,25.6416703001
392.567284941,217.972938093,59.8221498139,25.8196460548
408.56216544,216.134441119,59.159645973,25.9737930656
417.807978054,213.89604985,59.4401059347,25.7214677479
414.729417832,212.514205559,59.6284029458,25.5109856439
409.736584371,210.585115076,59.5076684241,25.5420598972
405.257979829,208.728709004,59.1255840291,25.544247584
400.279575622,206.526097902,59.0705039374,25.5647828408
395.726594618,205.169229632,59.2016601138,25.5125250719
391.693342212,202.877066371,59.3232510625,25.6006100235
386.617709975,201.105914749,59.4242807413,25.6373466711
382.132587646,199.239763547,59.3126724864,25.7586356617
377.676689308,196.38998658,59.1606426011,25.8380452279
372.764283271,194.577814057,59.1449109281,25.865259499
368.133426014,192.743981597,59.133039169,25.9370858723
363.913773785,191.079578842,59.1788843079,26.0092766976
359.283412812,188.312898821,59.179371421,26.2370203613
354.38289592,186.991481924,59.3624910047,26.2249404902
350.168857747,184.811870079,59.4483136655,26.4807162661
346.158371014,182.299080642,59.5001060719,26.760893758
341.308036734,181.02139688,59.5455479244,26.8566517735
336.928081697,180.567924741,59.6733712438,26.9431693485
332.594593381,179.372975477,59.6844555028,26.9857127502
337.782740032,178.563325605,60.1650681383,27.0945238638
352.789582283,177.698615559,60.0881435852,27.3688214848
368.399800475,177.499123915,59.7546281311,27.4939568657
384.694007985,177.204528405,59.024863318,27.5726634886
400.084559187,177.215545625,58.5889814802,27.526275672
416.080202658,176.788553691,58.0039025762,27.3957296286
431.615451041,177.055898431,57.6214837379,27.1193474259
447.692302185,177.056339453,57.0995487214,26.9309994607
461.112973288,176.99981608,57.6780711702,26.1987166243
458.571735061,177.192633721,57.8046040404,25.6710200191
452.963878335,177.645190074,57.9914659825,25.2822386887
447.918500861,177.698157028,58.1239851912,25.0609754027
442.674172465,177.641241645,58.1562516013,24.8914140667
437.530188521,177.783971148,58.131606003,24.7672614132
432.076096258,178.431621802,58.1829418117,24.6504133127
427.686825354,178.406565393,58.1902986974,24.5805310211
422.853753625,178.431242737,58.1801363846,24.5642483752
417.812058482,178.707709208,58.125532858,24.6261210121
413.377400331,179.05393534,58.0456838161,24.6325044792
408.871048388,179.742629005,58.0789880223,24.6885970535
404.05923083,179.836444005,58.1352222052,24.8185762164
399.193410855,180.215903559,58.2469728967,24.8623328318
394.358984977,180.637133942,58.1983706944,24.9696423976
389.672147268,180.390632504,58.3371723418,25.1207948441
384.775005374,180.74364549,58.5244014189,25.2523226101
380.371048586,181.269526459,58.6291737822,25.2795028517
375.282782475,181.142781773,58.7608728208,25.4740218844
370.747660853,181.370640473,58.9326413715,25.5551966607
366.101085953,181.543573577,59.2258569757,25.6614738541
361.167726857,181.270166037,59.1969796162,25.8741128703
356.502739325,181.15077372,59.4231558157,26.0908404923
351.346352074,181.456759765,59.5587919878,26.2405119908
346.015761045,181.488092386,59.6673359924,26.4814368369
341.287355565,181.722378693,60.0272240783,26.6578698664
338.373691394,181.049369779,59.9053908911,26.8228663618
347.61916575,180.941777227,59.8964062898,27.0880831576
363.205056395,180.919853706,59.8155673816,27.2123954869
378.640743602,180.749183109,59.662452779,27.2608224703
394.210364273,180.472086017,59.5053548407,27.268490401
409.672578348,180.211389442,59.3183877797,27.1932821232
417.943177907,179.93573101,59.7663873461,26.7039184598
412.024279589,180.575972644,60.0688408127,26.4356282755
405.990721103,180.22680776,60.2707262713,26.3326669945
400.315889085,180.578143408,60.2479995597,26.1642823182
395.302798091,180.100667891,60.1919166471,26.1153714475
390.031889675,180.176817704,60.2369788339,26.0350047633
383.793782423,179.719575339,60.4156355065,26.0296304413
378.930396302,179.572734305,60.4065078234,26.0676924461
373.900378235,179.215536746,60.3775632828,26.1723253134
368.596074526,179.668673431,60.1999329826,26.1448747473
363.787663952,179.449751284,60.0251462755,26.2093464861
359.141133562,179.905184966,59.9624684155,26.1950394929
353.675646897,185.3294054,59.4757877074,26.5753717415
349.259083702,195.900896092,59.2245616042,26.8564797902
344.841446946,205.659128688,59.039311092,27.0631629448
340.597206368,215.672525313,58.8206923329,27.2713531378
308.616198925,262.324917818,58.5842666665,27.1821137831
304.348350978,263.330498367,58.3967007274,26.9301692311
299.084520603,263.152092296,58.4656479456,26.7529232201
294.476562669,262.997578042,58.3833756037,26.5397253352
297.946896367,263.173459012,58.5515253087,26.3543425326
311.491842043,263.358001442,58.6435797574,26.2899784023
326.770984741,263.468478441,58.4503570757,26.1201459043
341.795844237,263.480325635,58.2996115477,26.0599587621
356.818323461,263.571710027,58.0946074764,25.9783612792
372.033695747,264.132907132,57.904425344,25.7855065702
373.130852835,264.502143194,57.9000833297,25.8004397777
366.721852258,265.145833746,58.6473332948,25.6741378429
360.452854685,265.499273329,59.0073356189,25.6204263425
354.88927848,265.666464737,59.0485753244,25.6699817191
349.982226674,265.250710546,59.1072372712,25.8105262966
344.152894023,265.611137849,59.2061214981,25.7938431097
338.989471056,266.20258572,58.9358795729,25.8052443245
334.11105697,266.567682192,58.682784764,25.8946588165
328.941470731,266.499964566,58.4636934624,25.9590008374
323.693972777,267.435382237,58.2927214284,25.8471190667
318.708894558,267.234734296,58.23479788,25.8581644446
313.099775346,267.567427763,58.1819190932,25.7792826244
307.830994895,268.150299885,58.057611901,25.7343234983
303.084351044,268.805563059,58.1205388081,25.6739230359
298.112838453,269.0574965,58.2273766276,25.6597441616
292.754849929,269.972259063,58.198827766,25.5400115321
287.710992426,270.081625711,58.3550308933,25.5462518994
283.248493494,271.150598238,58.251799998,25.4790659023
277.686710488,271.229764545,58.4037788286,25.5391292972
272.919008823,272.308833278,58.4163626406,25.4367629426
266.852582783,272.550577357,58.550248503,25.3926851135
261.245488167,273.246264009,58.7099066366,25.3771907397
257.291304241,275.218534619,58.5379484084,25.3557228129
251.251671086,275.786928098,58.5813165102,25.415318376
246.944271728,277.607338379,58.747130126,25.4243286337
242.403271379,279.246299744,58.7717806668,25.4575655143
247.501546511,281.335207331,58.8443067491,25.5305147101
262.577170599,282.656595283,58.64410647,25.6189361627
278.207217382,284.253831517,57.9751403008,25.5937356405
293.410772489,286.092860825,57.4528243212,25.5696291468
307.76567203,288.405886567,57.1197246868,25.5477556146
322.856508977,290.015586663,56.3965907552,25.4567831662
337.286025154,291.878791204,55.9677780521,25.2726142273
351.939881499,293.703805199,55.530401895,25.0551698081
369.124856293,295.833734991,55.726999701,25.0081588878
382.920149896,297.775387651,55.4632824587,24.8964635888
397.46966861,299.276884086,55.1552778214,24.7282266154
399.948851703,301.76497404,55.5277622383,24.5471984176
394.656492846,303.316946604,56.0892198356,24.3385064717
388.568770575,305.404421193,56.4168402806,24.2696521303
382.627862836,302.771703072,56.7106411549,24.514386965
377.53343516,294.659588371,56.7335142612,24.8268121667
372.185850144,286.968666196,56.6954022029,25.0955822147
366.490416382,278.685434572,56.9284871729,25.340010627
361.949237134,270.571974129,57.0056815235,25.5513847143
356.792886154,262.779726027,57.1300251761,25.6818966569
350.936533473,254.400794766,57.2680311363,25.9512223459
345.636675969,246.139851964,57.2034547615,26.2351948171
340.728761103,238.311258229,57.2572157456,26.5082108009
334.900326326,229.969185851,57.2643307753,26.7920965398
329.457577276,221.53122875,57.3521890278,27.0443477928
324.014493667,213.273140177,57.725487366,27.2022161474
318.992967983,205.119954709,57.9757359231,27.3925573425
313.160494854,198.215941341,58.2868232333,27.3093153502
307.413280362,200.260724618,58.3093846555,27.0851081014
301.73741185,202.711704555,58.2770884761,26.8514946322
296.90519272,205.277445983,58.0929177657,26.7073736844
291.756940174,207.186589757,57.9977087626,26.6028517574
285.865785126,208.954548768,58.0084190885,26.4992791268
282.301314962,210.477593844,57.5346968534,26.43368848
290.105635762,211.694891049,57.5068085795,26.4616802337
305.439996069,212.893373641,57.1670140522,26.3886476974
320.542115965,213.950687222,56.7905940844,26.4061683261
331.627062408,215.574563306,56.6687568472,26.2094930454
328.61576554,217.185972099,56.8588787359,26.2589003626
320.035813462,217.844730072,57.469672479,26.0664298358
314.206271645,219.246354866,57.5925393769,26.0581018855
309.071012798,220.777403615,57.6761416726,26.0968723727
303.364911563,221.844149511,57.7005963789,26.1033217966
296.482854481,222.834924246,57.8720648969,26.0911413816
291.38766692,223.851994272,57.746708971,26.1724998714
285.634681652,224.955489299,57.7405630744,26.1885613664
280.196389361,225.542160681,57.4944402895,26.1738011706
283.861102086,226.502906954,57.5461436274,26.2148360177
297.510316162,228.282472233,57.5592827828,26.1793804254
312.655598246,229.088235344,57.2171133891,26.1816110972
327.50641014,230.483464802,56.9212913744,25.9894760046
342.37169177,231.695372749,56.525416301,25.8845027594
357.041962987,232.569881093,56.1021235476,25.8525857389
372.026233916,234.027355957,55.7702622925,25.6306661287
386.807952356,235.417503642,55.4521028178,25.4347680751
401.646016653,236.201972208,55.029487558,25.3075963711
415.535577205,238.078369196,54.8231775808,25.1012525324
432.970552284,239.746919086,55.0970987303,24.8798146118
446.821281412,240.402711377,54.8612319065,24.7612767193
460.584896015,242.447371083,54.7686493058,24.3462751433
460.06373983,244.729611884,55.0068615201,24.0840095944
452.866870188,245.6141937,55.4499143493,23.8367925132
446.505771308,246.997529699,55.8932138696,23.6431729204
440.339703539,248.645655771,56.2049703429,23.5249326702
434.175574253,250.01078015,56.5868778627,23.5047850413
428.210076426,250.960153298,56.7318580053,23.5510235392
422.150597316,252.60188415,57.0188355217,23.5079349691
416.13305253,253.467790717,57.1743493629,23.6120639848
410.128833016,255.205799282,57.3884835434,23.6176807554
404.466863154,256.373716077,57.5998238957,23.6951543558
399.094222659,257.775378129,57.5479151724,23.8493659959
393.936828605,259.460834888,57.5203046359,24.0701568461
387.900748393,260.541392454,57.8464094571,24.1966884844
382.139142769,261.944824996,58.0397809993,24.3160872102
376.386047507,263.206581778,58.0276047106,24.4975039519
370.735004598,264.85740531,58.2009759655,24.6381076154
365.178730342,266.838324984,58.2060940199,24.777053523
362.998281481,268.925889279,57.7004985162,24.8810410862
371.092631469,270.387110605,57.4412933985,24.9215009807
385.741173044,271.960780509,56.8874506054,24.9275072347
400.031277451,273.299707117,56.4301265418,24.9097504249
414.017737054,274.770071733,56.1751676935,24.8917432936
426.604233784,276.315023743,56.1468485353,24.7107850736
423.468662297,278.222336745,56.4604028356,24.4342664636
416.159684147,280.061475778,56.7156958668,24.2951090723
409.562316758,281.866758602,57.0768553965,24.118954236
403.257811674,283.687212884,57.2919742294,24.0443694277
397.978316707,285.69895057,57.380112266,23.9672389097
390.991311916,285.974207369,57.5633541786,23.9433855151
385.831594567,279.956848709,57.5256302144,23.7252599317
379.529139525,272.351494119,57.7372421505,23.7122752629
373.263215356,270.096860517,58.1291225686,23.6509362364
368.394129615,271.384950711,58.2298161765,23.328735054
362.272063546,273.327648366,58.7274397168,23.112795749
356.371766571,275.842708685,59.0511135389,23.0574556715
350.634677709,278.02531197,59.1245706653,23.0413749629
345.746102571,279.254989442,59.1465739625,23.0022315735
340.170443568,280.97290335,59.1524738007,22.8776487218
333.739719745,283.143816572,59.3581273039,22.8841494374
328.543376405,283.16719317,58.9401669728,23.0532644907
323.086076893,276.694249706,58.5759278384,23.318796347
317.668386993,269.156539769,58.5616286461,23.6988684344
312.386605324,260.654969757,58.7948363383,24.100184652
306.163859531,258.780061778,58.9438773111,24.1371507551
300.326103011,260.084634048,59.0792339862,23.8606270743
294.672902619,262.554641673,59.2379153865,23.6126355773
289.364957239,265.063710569,59.4344078395,23.3585735425
283.394385487,267.207557012,59.5214635122,23.1442487286
278.047603035,269.407687311,59.4975153322,23.0718508699
273.355919994,271.578713893,59.3822833155,22.9933637229
267.213185761,272.927339896,59.3365998197,22.9149075885
262.041740717,275.097152424,59.2630174719,22.7810539792
255.977254697,276.865425412,59.3342101997,22.6541309104
250.36972396,278.433328541,59.1505223238,22.54955844
245.864887041,280.1781238,59.0499542713,22.5655459624
239.686943755,281.557399056,59.1775207205,22.5182061782
233.6988153,283.482331533,59.303844006,22.5067196536
228.680064478,285.185866139,59.1939018793,22.5312860608
228.265144171,286.604673593,59.2577151028,22.7838742
241.50408313,287.912236876,59.4876351881,22.850747555
256.689188534,289.611697382,59.2244438056,22.8520118905
271.872580492,290.966587592,58.811019493,22.8121609742
286.208244971,292.461351847,58.5096570418,22.7371856295
301.18398496,294.032694854,58.0372400987,22.5909478939
315.282547423,295.754090558,57.7218595569,22.5430630064
332.680485317,297.488887365,58.0131152696,22.5693302086
345.991552363,299.221455342,57.9399103908,22.5197878774
360.483948707,303.199412137,58.0252223035,22.5533328481
375.056377792,303.210527051,57.6241557137,22.6160621992
389.880606633,303.841943608,57.4819560409,22.5345247193
404.428873138,305.718101119,57.153209057,22.3530319359
408.062306778,307.864421445,56.7731978572,22.4175361175
403.647526938,309.702416496,57.1407748097,22.2998913322
397.301459972,311.33214991,57.5590134774,22.0995721006
389.835083424,311.704651123,57.7030922192,22.1050854333
384.623935773,305.015018234,57.8178056208,22.5460653843
378.601996804,297.029529982,57.909194659,22.9525468026
374.036795288,288.65556045,58.2619869118,23.3376051587
368.372057597,282.927441723,58.3803073555,23.3979762199
363.822694534,285.268142495,58.4122820023,23.321237093
357.851531036,287.594798264,58.6650462015,23.2168829036
352.996059938,289.97568009,58.6872753237,23.1155868756
347.484350571,292.239351302,58.8419558824,23.0052762172
342.892005884,294.537751225,58.8812623751,22.9736695476
337.156229832,295.763329789,58.9138887353,22.8345713457
332.431276399,297.783268391,58.7331755994,22.7430769959
327.339476206,299.701652729,58.7267306296,22.6072427293
321.155734259,301.80678206,58.8865099791,22.4872026117
315.768094326,303.85619345,58.9925021637,22.4431069085
310.994183587,305.834002029,59.0097650545,22.4175279643
306.19863598,307.848207406,58.9517456603,22.3607752014
308.233417437,309.913376275,58.9748174242,22.5112997947
322.287890368,311.301818649,58.8239842786,22.4764230175
337.192232753,312.523670108,58.3362833956,22.4063418022
352.300921522,316.394478776,58.0933721808,22.3562937939
370.196740831,316.360217712,58.0577989319,22.5566411919
383.9978654,318.006405546,57.7909379784,22.4985308501
400.716030863,319.693441587,58.042351193,22.4014880437
414.834322877,321.225651935,57.7556840046,22.1879477325
420.871330227,323.095481944,57.3005142898,22.0808372399
415.421001005,324.839467108,57.1482142442,22.3862147476
409.839412603,325.945763635,57.0209028056,22.5177579309
403.355121229,324.617106128,56.8810537377,22.5196080576
397.721794421,316.900452635,57.1063407769,22.72934422
392.274025469,308.768522541,57.4024810209,22.9714968734
387.679796744,300.343386151,57.6544846526,23.2380256028
382.125887728,291.22439228,57.1110117913,24.0275842386
377.864038561,282.074820038,56.7635610609,24.6267680124
372.42664289,273.457589664,56.4555234998,25.048080262
366.911112268,266.584441138,56.7484036293,25.0659170023
362.093532294,267.666559115,56.6712222693,24.9838982663
356.960485489,269.931541244,56.6328324659,24.9447911327
351.364268892,271.905667843,56.7431647922,24.835807334
346.002520071,273.715822878,56.8147087359,24.7970068541
340.838520543,274.787275918,56.7091025974,24.836649534
335.621650229,276.436431574,56.8246669567,24.844881811
330.175252479,277.551909507,56.7768115165,24.9193265561
324.043291589,278.908720452,56.9256486481,24.8861343617
318.722747831,280.822000695,56.9664697088,24.8955216278
317.237129881,282.409512571,56.6771586846,24.9362521462
326.433187749,283.163020564,56.4156143151,24.9819491982
343.627713434,285.121321714,56.5313160581,24.9501764185
358.096811187,285.877695043,56.2508964308,24.9773082477
372.177452497,287.331463677,55.8853253279,24.9158818006
386.926917986,289.075466434,55.3990820335,24.693971925
401.128595604,290.372625007,55.0342151859,24.5907877534
415.508437318,291.763197445,54.4989160659,24.5401228344
428.943786685,293.516120826,54.3297382505,24.267926041
425.74893115,295.481812326,54.8455341257,23.8950998353
418.122472372,298.004637459,54.9426470467,23.8159398382
411.98143875,298.916630083,55.378458035,23.5916341791
406.030346628,300.296269341,55.7583911497,23.4552115655
400.348469549,302.26499836,56.0183550246,23.499167368
394.961065095,303.712286457,56.0899511947,23.3902330842
388.836693806,301.739507667,56.1526042579,23.7029855537
383.703382002,293.456748188,56.1032545839,24.1508344536
378.753949805,285.104319559,56.1185359077,24.4876516272
373.286578815,277.258715053,56.287813106,24.7632455576
368.163343328,268.880415976,56.0863680486,25.0145107634
362.387631461,260.201201646,55.9386760302,25.3292458823
357.406777462,252.030344544,55.8632813286,25.5137373369
352.625332454,249.611553474,55.7970829431,25.5223027931
346.970344428,251.010473115,55.9371895719,25.2796712404
341.987998734,253.520919312,55.9608504565,25.2796185374
336.706523221,255.001178958,56.0098396905,25.2317522137
330.814843568,257.225293988,56.0128492659,25.2533054594
325.459759925,259.628599339,56.0047758135,25.2586120641
319.841610465,260.801830573,56.0675851628,25.2917451133
315.405814133,262.96618958,56.0247300425,25.3321720165
309.707913864,264.398593662,56.2411129707,25.2872638883
304.060672534,265.782083805,56.3178584318,25.3249472599
303.950927645,268.352065351,56.2736676334,25.3026904674
314.273751331,269.067713868,55.713030791,25.3298007161
331.442512554,270.617674965,55.6491365794,25.4021903044
345.46886995,271.583914004,55.4269252501,25.2924393107
360.363527411,272.964122125,54.804001701,25.1095737175
374.568649925,274.312692637,54.1819932907,24.9991162057
391.805216827,276.100109466,54.3258600668,24.7784886332
406.004819323,276.922810877,53.8533137057,24.6978087066
419.803234667,278.362978884,53.3210448613,24.6061568232
433.31761855,279.615033474,53.0618731948,24.3565141753
431.555187136,282.10908638,53.5044232007,24.1528760606
424.522401852,283.195696615,54.3168752541,23.9075673504
417.773109919,284.161254458,54.9053743948,23.7552148386
411.745658138,285.78955285,55.1352848231,23.6790231953
405.289839446,284.380590922,55.4515910163,23.8618099689
399.19272638,276.694100075,55.641829835,24.2202862774
394.245681647,268.55934153,55.8032380267,24.5382853081
389.140336903,260.328336535,55.8009291249,24.9540363719
383.233723508,252.215752636,56.3439742598,25.0809299395
377.917078344,252.619184547,56.421641532,25.0676908748
372.6952673,255.033383232,56.5089661285,25.1368617307
367.213742507,257.042303953,56.9277938359,25.0644503299
362.123038313,259.438198769,56.8819368655,25.0262026439
355.985824739,261.189022606,57.0849776758,24.9325487644
351.011398104,263.473964883,57.1275656875,24.9366292827
346.042134691,265.497920877,57.0266523578,24.9201046232
344.291861733,267.012269328,56.6812462414,24.932122462
354.28691207,268.839015758,56.8088347,24.8468895563
368.766237782,270.066288961,56.0782754681,24.6695252528
382.600503827,271.733750365,55.5196963048,24.4788564131
386.756597343,273.559621231,55.4512407727,24.280275206
382.0010427,275.114099981,55.8243934399,24.2748745775
375.655936553,276.444476588,56.1898138248,24.2955762606
369.21521153,278.398522034,56.5850196684,24.3238211703
362.573135787,279.513366807,56.6164550913,24.3421522743
356.890317388,281.394244574,56.6158237303,24.3258572507
351.504509285,282.928472153,56.7390529804,24.284141689
345.408929554,284.623378831,56.8442224918,24.1928839455
339.866014689,286.021947741,56.8678659794,24.2449623489
333.894978532,287.242513171,56.9002541132,24.3002075267
328.333637114,288.711325444,56.8173419328,24.3177066442
323.128271377,290.761992346,56.7396195419,24.3568037663
317.398541775,291.556261928,56.5401622725,24.4420222744
310.932642683,285.33393038,56.8463367525,24.254375457
305.507983802,277.507461726,57.2479282645,24.2028917208
299.798882505,269.273642214,57.6008222879,24.2059692826
294.152166685,260.796636541,57.7846824724,24.2459734424
289.417909257,250.921492189,57.3503757864,24.9031224982
283.883524915,241.484923502,57.0298384023,25.4592604357
278.789680124,232.519494528,56.8453403698,25.8978374248
273.120996984,223.731717272,56.7717702938,26.2723116151
267.097500956,221.462043196,56.6431947239,26.2694830425
261.829292391,221.997016458,56.6176726132,26.0447279374
268.394944318,222.621241555,56.8278566449,26.1142157142
282.795829409,223.518929809,56.4501110443,26.1392095217
297.484671382,224.220322054,56.0111039331,26.1289828915
311.76864918,225.496588235,55.8092276661,25.9978596595
326.29769046,227.051333874,55.3991496384,25.7982163568
341.190114259,228.776306217,54.825369241,25.6248260166
356.336017933,229.304631145,54.4403974486,25.5487046939
371.294601747,230.305400308,53.6678869561,25.4759308308
380.983939711,231.600822803,53.4553983128,25.06519558
379.141595323,233.649663479,53.8095316498,24.8328890323
371.820985628,234.581802585,54.5135266532,24.6080041487
365.312598416,236.138119893,54.8224181949,24.4461861639
359.432802542,236.974968122,55.0265976501,24.4842484393
353.121337718,238.558485459,55.3290097581,24.4928369446
346.641493776,239.352692235,55.5455631443,24.5812429548
341.389387833,240.923736965,55.5577820794,24.7187894004
335.157834569,241.981486643,55.6850464757,24.8842110277
329.944565887,244.025539919,55.5829612127,25.0131392915
323.419197895,244.644556521,55.8042818753,25.1869644091
324.210336272,245.887690656,55.687496893,25.4503537684
335.488704366,247.163182218,55.9113355022,25.6100594739
350.400189656,248.150588744,55.2278245334,25.6468385719
364.958037436,249.598954248,54.6824967851,25.6466853992
379.590318819,250.884227305,54.2159820394,25.5808656952
394.122713405,252.014123034,53.7442848325,25.4941835306
408.952163884,253.04358529,53.0945048162,25.3427399731
423.389535341,253.926154065,52.4846029804,25.1916075116
436.904680008,255.420669308,52.4117740509,24.8305434305
436.210595626,258.029957528,52.7979944571,24.561794185
429.732403509,258.900300469,53.5662330536,24.2175223447
423.277226282,260.431143524,54.0368368375,24.0268257947
417.377948555,262.435644578,54.5577109413,23.9694247164
410.786551134,263.585910914,55.0601039807,23.8607884813
404.717951638,264.658673685,55.3869210835,23.8857737095
398.25804915,266.496834803,55.5785709219,23.8689620865
392.619502163,268.171786563,55.432682681,23.8848613301
386.625135569,269.406971644,55.3643708867,23.9437987719
381.298676825,271.045260535,55.252615142,23.9960879489
376.23059984,272.2622007,55.2631902298,24.1296698253
370.78820912,273.84180959,55.478725951,24.2536532631
364.638292861,275.365440031,55.5623748072,24.3089114158
359.822194793,276.538286739,55.539233609,24.3929245738
353.930290241,278.149552549,55.6305378304,24.366839372
348.129581704,279.978592509,55.5620006042,24.4486335757
342.723187333,281.550374188,55.5115939265,24.5785794832
337.057105554,283.250686396,55.4964064113,24.6848999614
332.299541015,284.617681214,55.2358511314,24.6969900082
326.213122337,285.899278353,55.3869714153,24.6305396473
321.089391797,287.136520344,55.3187186146,24.6214642307
314.982272667,289.345245256,55.4262111529,24.633226975
310.393534668,291.221612357,55.2276581375,24.5652283097
304.53658136,292.158154668,55.4344923045,24.5240755176
299.340724603,294.661002026,55.4468303616,24.4963714301
299.802974165,296.050592967,55.4014120678,24.5083723044
311.299386928,297.877103314,55.5789471078,24.4402727318
325.938889752,299.193352676,54.7467111733,24.3478779201
340.138913092,300.347450695,53.9942913712,24.1609482473
342.648924788,302.447982419,54.0015354345,24.1048208832
337.040956592,304.228716761,54.4160401718,23.9942389257
330.448333414,305.538628474,54.8363968095,23.9233068052
324.629800633,307.213984928,54.9665482336,23.9574396318
319.216658727,309.395701653,54.9864002748,23.9832669502
313.22597675,311.41245582,55.094722122,23.9567809974
307.411774763,313.226413687,55.2646700562,23.8672654366
301.269985082,314.083357829,55.5149003809,23.702538468
296.071564523,316.412253467,55.4796831655,23.7021001164
296.541404921,317.664354007,55.4245225421,23.5505327502
308.867926548,319.558321064,55.0464235935,23.5245288634
322.916907795,320.574648755,54.2277446228,23.3929211878
338.979548077,322.036214583,54.2434514557,23.3238563804
351.475936473,323.754410596,53.6970800741,23.1844502191
367.951456358,325.520083864,53.2506560892,23.1152726162
384.550387277,326.75662906,53.1834285585,22.9382029706
399.493474847,328.705791406,53.1092823032,22.8286522919
415.107834861,330.423452823,53.1552643471,22.7932012833
428.476069365,331.363611129,52.5408389494,22.7636535959
444.42260185,333.267600446,52.0742895586,22.6911786354
460.521296323,334.81372315,51.7279786454,22.6376054354
474.215721269,335.751801096,50.8865626056,22.5696723145
490.229297599,337.276449189,50.6231295047,22.5153366753
499.58256997,338.807394885,50.361222062,22.2407372874
494.862045078,341.009065535,50.7996034648,22.1794517835
488.613451012,342.464922848,51.0039535014,22.0006916599
482.140286144,344.08175778,51.3512899355,21.9483951532
475.867854536,345.592995177,51.5839392531,21.8741143875
469.230902543,347.062080955,51.744614442,21.8023774059
462.540903154,348.738833356,51.8993563006,21.8086870083
457.231545307,350.63105172,52.0715674005,21.8760144828
451.539535578,352.037517041,52.1136612374,21.9107648863
445.431453005,353.784785989,52.3324041654,21.8991965119
439.85959148,355.680660414,52.5033364979,21.8886566536
442.740815938,357.523810179,52.240808426,21.7782603019
457.484163256,361.128622641,52.2505851945,21.7783164124
472.941272714,362.055012192,51.6765857777,21.6812892766
487.638975334,363.613677747,51.4781867619,21.5465595719
502.917975163,367.108137758,51.2291127342,21.6132535434
517.640897978,368.37660051,51.2083960392,21.4122803227
532.351000328,369.475210145,51.1101517893,21.2819291196
547.121351425,372.640876125,51.2492858689,21.312576644
562.066194215,373.564993755,51.1175691914,21.2359083711
568.807124515,375.988462002,51.1130626405,21.1925435767
563.95876151,377.613439161,51.4216985166,21.0895800352
555.455509348,379.946293922,51.6676990723,21.1475285981
549.184866586,382.569907462,51.6443645779,21.1371708535
543.766847399,384.449334555,51.6807937687,20.9705112239
537.923200925,387.337774428,51.4566725692,21.0164697853
532.907833011,389.434568609,51.4602935303,21.0624162775
527.826809638,391.540110205,51.3838701974,21.0413250373
521.589086816,394.142514922,51.3413104698,21.041614233
516.949135062,396.307154691,51.4574938479,21.0110593452
510.780703984,398.839878863,51.2145344169,20.9154791847
505.435085676,400.841249928,51.387808578,20.8985690303
500.171295876,403.195470324,51.4211188073,20.963107022
494.413882113,405.006525975,51.3467920895,20.8167659552
488.453885386,408.112989008,51.2649106188,20.7745857384
483.481765249,410.028607322,51.2631460251,20.7443444592
477.739713759,411.817413381,51.1211723065,20.772131235
472.853774066,414.002647905,51.1837468841,20.8492015163
467.490125855,416.170141487,51.1614018875,20.9095376292
460.564576826,418.896204611,51.226327079,20.9572859733
456.227807888,421.055985957,51.2888048113,21.1211422231
450.823134504,422.463355971,51.3480600281,21.0945193652
445.80453965,424.893493226,51.3774257912,21.2248683285
440.473216057,427.018039348,51.1858573551,21.2520936804
435.09810527,428.828874857,51.097232722,21.2508540871
428.119296236,431.871074152,51.1419975495,21.2386267072
424.209347295,434.099104064,51.1391682279,21.2901671904
430.413086971,435.794524395,51.4568876213,21.1868888993
444.677038888,437.743771741,51.3061829606,21.120920652
460.87011651,440.005749934,51.442145332,21.1304787675
474.378422555,441.520129589,51.4057979056,21.0699928571
485.579302197,445.167987375,51.3811748517,20.6614790721
481.04323755,446.322210146,51.5911186675,20.6353380546
473.687570447,447.884818453,51.556400132,20.614787913
467.528904645,449.890327669,51.4596034327,20.6785880909
462.130205969,451.48761742,51.3587463902,20.7212677395
455.946645138,454.150654131,51.3365486309,20.75870731
451.136891508,455.764907497,51.3653099653,20.6755600934
445.800595101,457.234060101,51.5313462689,20.613198786
439.490481464,459.591562578,51.3190597341,20.7132954543
434.669308199,461.636260076,51.2724519094,20.7628932447
429.592328894,462.888552814,51.2345837009,20.6291158936
424.256419474,464.481971373,51.1534175393,20.5563184361
419.124344917,465.971864092,51.0754207339,20.6047076372
413.850954147,467.956056563,50.9125941956,20.7723133148
408.954584225,469.806072967,50.7883275478,20.8192609356
403.911446104,471.630695147,50.7370925353,20.9477055549
398.112896875,472.95868662,50.8771769097,20.8365381487
392.764656289,474.820436666,50.9865628221,20.9000198777
387.277208147,476.672429785,51.1897000726,20.8712064458
382.303985697,478.575535674,51.5988925464,20.9360443102
377.057283681,480.54983591,51.7366838236,21.1682471365
372.022186434,481.944767504,52.0331528079,21.4529283801
366.336230104,483.289479682,52.2620963367,21.6841940824
360.643281617,484.110188386,52.4530260399,22.0851746506
355.068105922,484.787973876,52.9748421599,22.4846095065
349.174469308,485.117011088,53.4136094132,22.9359212883
343.741721811,485.506727798,53.8828384248,23.3804759246
338.084782468,485.675329585,54.5906732941,23.8013973585
332.462480098,485.978165662,55.1685328487,24.1791213761
326.71179035,485.28946806,55.6825523441,24.630854898
321.435047854,485.234816268,55.9368353711,25.040589972
318.129230026,484.934424758,56.1526628069,25.4769212589
327.862858884,484.079749799,56.6164448999,25.828143463
343.695962529,484.045980053,56.960892061,26.1125111381
358.758734518,483.143139368,57.2114943979,26.54133022
373.458489428,482.877830386,57.6130938926,26.7778867321
388.864493134,482.774277298,57.8999138422,26.9879303575
402.103137004,482.030458018,57.7419715767,27.5363235142
402.157269551,481.784393976,58.3784676521,27.7540119652
395.784848733,481.452004749,58.7791043848,28.1928340681
389.686524729,481.224471409,59.2071061526,28.508666772
383.874040986,481.16048641,59.5545391533,28.8326458243
378.866267179,480.526735736,59.8369687116,29.2363859868
373.063517268,479.594497316,60.1805666779,29.6238169333
368.824598813,475.958723124,60.0095121376,29.287174304
365.025993389,464.043744829,59.2843639016,28.7772699767
360.445111084,451.920700856,58.4264942642,28.2441487855
356.599957599,438.137939934,57.8132028303,28.0184928804
352.269399316,424.553596524,57.3519200657,27.7585755758
348.729605984,412.104235405,56.7946249024,27.3608977427
344.201731094,397.859373398,56.6801771961,27.1844020454
340.107325026,385.945288062,56.6712945521,26.5915007107
336.223320174,383.348628056,56.6928481113,26.1883942369
332.111923668,380.404481284,56.7783959442,25.8046250015
327.51324173,376.881884294,56.758681611,25.7587278254
324.782808161,371.660516142,56.4586000917,25.4453930392
320.339346998,368.158677591,56.4034333363,25.4603330347
317.141031208,364.123821522,56.3742378909,25.4887463069
322.100464117,360.085244057,56.6825811644,25.4549841458
339.153235349,354.604407346,56.2298859901,25.2444049111
356.843934208,349.598913874,55.6133083698,24.97967412
373.358218846,345.312241864,55.3161042989,24.5535521981
390.467002244,340.502446226,55.0948792083,24.2924643442
406.59743883,336.933599996,54.9412524345,23.9279681219
424.889678741,332.878128739,55.0879280073,23.5123460381
438.186194577,329.918001177,54.8972057542,23.4669882724
435.640207423,326.513673434,54.9939555851,23.4220361041
430.765100369,321.081233527,54.7064547354,23.2541495769
427.598884751,318.330150116,54.6051019633,23.0501191355
424.656583163,315.405303017,54.5096474224,22.9708501491
421.829533195,316.383956094,54.2235827931,22.6474643083
418.321698311,319.776338702,54.1930632539,22.7413936266
415.87720429,327.719445151,54.0379386127,22.7362298849
413.64752991,334.116297186,53.6932111776,22.6755055879
410.821989401,340.820696739,53.3091078122,22.7216873338
408.642733174,347.600964135,52.9543133629,22.6581637254
405.322991962,354.088058398,52.660105716,22.5836782252
403.422037224,360.57032437,52.2358227182,22.6117381402
400.566065609,364.590872071,52.2104059472,22.6113703518
397.900453909,372.26927071,52.2503915156,22.460392205
395.689333839,378.919179404,51.763630782,22.3541754705
393.659732326,375.842509324,51.7896993473,22.098442756
392.037707309,372.058240608,51.936887542,21.9368986284
389.720108798,366.224101677,52.0542279667,21.6692090447
387.556408761,362.834779934,52.4111125511,21.6092199487
386.002935943,359.764610437,52.6707712464,21.654359358
384.57445613,355.83519448,52.6774763384,21.8841429236
383.354731578,352.679485871,52.7091004484,22.0158354476
381.310026569,349.252616361,52.8198625194,22.1320304086
379.128083017,345.794668223,52.9261331025,22.2725451197
377.0961844,347.393415497,53.1133896768,22.0638687402
374.859050634,354.422764488,53.347310299,21.8917617156
373.37449594,357.925581552,53.0615633398,22.2150527202
372.10988488,354.732425214,52.8675579593,22.4524715632
370.649522309,350.949207781,52.8255982319,22.6174834513
368.910327439,347.178446715,52.9033715641,22.7637791053
368.133422227,343.854012927,52.9764782762,22.9010166235
367.328080444,340.938757596,53.1079161798,23.0132131151
375.540656078,336.893751466,53.0503357886,23.1327735426
394.812892805,334.881787087,52.4770995169,23.3148102955
413.935318036,330.154031714,51.7861316538,23.4211770607
433.057173213,328.754796856,51.123121221,23.4881873967
451.524997367,324.573274417,50.4992481211,23.3759486523
469.619848558,323.095789362,50.0395338364,23.3134608015
474.51041914,320.682468842,50.3628486202,22.9199861795
473.668447484,317.849389317,50.5545777288,22.6380479998
471.864978878,315.411986855,50.7360894113,22.413492935
470.719775548,312.382773066,50.9866048295,22.318507216
469.657856291,309.319458851,50.9937302963,22.3198476376
468.421346731,307.113877096,50.8439524031,22.3556020209
467.257692723,304.403095576,50.7957056184,22.3494120891
466.318581448,301.207467343,51.0405915054,22.4516627992
465.656220109,304.536395896,50.8803002232,22.5342794399
464.884920243,312.199208661,50.7934756216,22.5865759686
464.547979583,319.224871242,50.5529637551,22.6584846018
463.909309575,326.092993185,50.3464124031,22.7561545195
463.361885898,333.487260838,50.1397206923,22.5928767054
463.110304376,330.818873449,50.0429171507,22.5815517736
462.508758355,327.208734148,50.3148662675,22.4931598552
462.455940396,324.184281534,50.2894143153,22.4458851206
462.029239917,321.273155271,50.3682414704,22.4493190774
461.904812285,319.271279828,50.540572679,22.3637454907
461.336127078,316.966686727,50.7288235245,22.2771151749
460.178485557,314.135997225,51.0586315029,22.3040051198
460.231257581,311.500089411,50.9414695462,22.271795574
459.586301182,309.189435432,50.9751965747,22.2868890097
459.07061069,307.620588683,50.7721572601,22.3042269008
459.000312352,307.89453796,50.5678758582,22.2872288255
458.410139454,310.786416901,50.3083372288,22.3635616756
457.589618487,309.050418696,50.4001497801,22.2613770068
456.970363623,311.785411659,50.1314912151,22.3598701406
455.864730575,319.981689849,49.9781261355,22.3818187662
455.642416966,327.452762827,49.688095112,22.4095462387
455.19566517,328.604308416,49.866585497,22.1657118518
454.253437728,326.14532613,50.0830488635,22.0548373122
453.351667923,323.447258863,50.3530100778,21.9746029436
452.252175537,321.444396665,50.7648151411,22.0340270706
451.392577084,318.720419478,51.0270465992,22.0636789096
450.458458003,316.437293425,51.1468312638,21.9892101707
449.883870923,315.314466933,51.0678464735,21.9535924118
449.701274372,313.616296321,51.0369530613,21.9427769294
448.923170754,311.417815363,51.2039383901,22.0052781099
450.170430882,310.663653551,51.695485191,22.0617999576
462.999432552,309.272790713,51.5814786616,22.2864456036
484.472517443,307.803504496,51.715787548,22.3537523882
504.725109965,306.847498237,51.7315490074,22.3918814205
510.084234052,305.973557377,51.4354590744,22.3243426316
508.913593441,305.047262692,51.4460148658,22.2356587886
506.689115594,304.445488979,51.4419738283,22.1813336332
505.002931259,304.385898095,51.5499608513,22.2217678308
503.629017589,304.158060356,51.695597458,22.2327039369
502.243955725,303.991416523,51.8127365671,22.2370601219
500.569541545,303.585119194,51.8328052572,22.2583287344
499.397217145,302.78100881,51.9497457174,22.2282939058
497.783872194,302.591132647,52.2479144619,22.1631115369
496.675190479,302.80766049,52.2460722743,22.1299555711
494.762362473,302.121916128,52.1295784098,22.0472353255
493.823801085,302.008941237,51.8971652534,21.9979516605
492.604612738,301.281011481,51.8521227671,21.9245078598
490.885445089,301.128995773,51.5723205616,21.8811744918
489.480371619,300.831626471,51.4497609081,21.8368315003
488.299975045,300.945523028,51.4474740317,21.8514113157
486.3011379,300.729274207,51.4812291586,21.8348203248
484.577016546,300.612819154,51.5261675267,21.8094441638
483.295659469,300.422660754,51.3456978299,21.8200183901
481.238011369,301.336306001,51.17126062,21.6692073552
479.858709792,300.747632113,50.8024783966,21.5979913654
477.98857435,300.609440621,50.7127813052,21.5214830823
476.293366164,301.318096836,50.5732656551,21.4320171791
473.908208273,300.719294615,50.5867269037,21.4629664393
472.688429865,301.97249932,50.3581084982,21.4576504161
470.679439407,301.820944882,50.4126246777,21.4003793887
468.745416125,301.985548491,50.4283031256,21.3900373201
466.774281285,302.146204515,50.4171431052,21.3711114954
464.514096901,302.599138797,50.3887423995,21.3727651339
462.08907704,302.317518991,50.5339648279,21.4954906872
460.216046015,302.645929471,50.7636971121,21.5865934598
457.132272171,303.224358474,50.9018372974,21.6944991664
454.998902936,302.479325428,51.1624484117,21.7847084537
452.633971192,302.747630235,51.4520462435,21.8789243579
450.280434344,302.792602342,51.8233645906,21.9067413998
447.247619307,303.306644511,51.7629489613,21.9357714242
444.326586878,303.113079153,51.9011139583,21.9576381715
441.547916256,303.12139067,52.0011984097,22.0509094562
438.745609337,303.865378931,52.0427805735,22.0966267265
436.22292687,304.080470312,52.0620677595,22.2273509694
434.046977949,304.689069753,52.0700396486,22.379442439
430.802636219,305.170357139,52.1707569528,22.528099352
428.435712126,305.184184537,52.3674180405,22.6723702049
424.864426956,305.077647094,52.3011832961,22.7392871567
422.624313763,306.535677939,51.941903056,22.6886562973
419.708898499,307.229579869,51.8541892913,22.6518228261
417.16232615,307.632740886,51.6703297478,22.6023754128
413.972327419,308.301043389,51.8567322767,22.5029365736
411.271344041,309.203675786,51.9207926709,22.4246319611
408.410634556,310.294723829,52.0394789839,22.3921156376
405.125072963,310.941674592,51.984727173,22.3927120787
401.668303035,311.196897666,52.1142384989,22.3874738268
398.289446439,311.947912555,52.3846708465,22.305274729
394.903250812,312.430957746,52.5561056601,22.2637684971
393.549255625,313.704417036,52.6354928128,22.2449659055
404.209447408,314.54606124,53.0361061042,22.3444215473
420.591190278,314.949353744,53.2893554407,22.5156038884
437.889868377,315.198780226,53.2314165092,22.732433847
451.263542122,315.242754559,52.6517192426,22.7825041621
450.057560506,316.716238392,52.8136278762,22.6457092921
444.969902117,316.520695889,53.0063091576,22.6246796777
441.463573772,317.736069234,52.9343530004,22.5696902052
438.230127756,317.479777761,52.9523991687,22.6022817751
433.71255499,318.207347752,52.9760195462,22.522250035
429.408975733,318.595112844,52.8879094293,22.4110087298
426.362655686,318.528862087,52.5249282812,22.3845288601
421.87940395,318.481961837,52.4198127199,22.2705540073
418.257634664,319.101749881,52.4054992136,22.2545905842
414.971263441,318.74642109,52.3216659805,22.3572497367
411.034700599,319.486642325,52.6115058558,22.4993428524
407.8012263,318.97323662,52.7733993118,22.6487764536
403.534560407,319.010215285,52.9650200539,22.7585156317
399.732103696,319.37813941,53.0748749398,22.8222705472
396.708052156,319.089785879,53.0181782729,22.8806187823
393.427839073,318.913138084,53.0984861627,22.9182271319
388.88876551,319.85261636,53.525980404,22.8850956565
385.479985874,319.478006146,53.6409830652,23.0587341165
381.347861295,319.234913484,53.8404624785,23.1296986136
377.650265722,319.505525429,53.9112989756,23.1081831196
373.135612358,319.643185172,54.0294252091,22.9640426838
369.654292956,319.801646583,54.094712747,22.9363599538
365.774794352,319.898215824,54.2546303465,22.8431056001
362.050784502,319.953424557,54.2876901395,22.8387054862
358.081402285,320.082955738,54.5263140974,22.7979903606
354.191418898,320.279693873,54.5487811756,22.849728959
350.449969037,320.025359732,54.2014320647,22.997656012
353.571082088,319.377999193,54.2913058779,23.1961093899
367.80343274,319.341048448,53.6695954485,23.3576903636
385.682482748,319.374855625,53.6220552778,23.3216966938
402.816668703,319.482858892,53.7775725277,23.2982842405
416.701107837,319.630068405,53.4010568555,23.3619300455
425.445106784,319.960002298,52.9705216535,23.2974432208
422.291454744,320.150006521,53.0836256937,23.1435703433
416.963487646,320.272504454,53.2445638197,22.9165300358
411.544982522,320.835899808,53.4159761514,22.7519542154
407.672772704,321.395316929,53.4160210351,22.6998482088
403.417735888,321.504650824,53.2736021448,22.6337503224
398.160238625,321.967876273,53.2706981109,22.6049662361
394.137021395,322.59347676,53.1889167815,22.6312589783
390.443258349,323.17988423,52.9545580494,22.6825948159
386.477972989,323.25791645,52.9173624846,22.6686210392
382.515568591,323.943065794,52.9078017179,22.6381051836
378.569164828,324.365429292,52.9081403145,22.6506248851
373.200970495,325.025207251,53.1624532877,22.55430088
369.499427944,325.445088527,53.2700409731,22.6409228948
365.238827966,326.152771299,53.5001699908,22.6813769572
363.978017299,327.203695719,53.6647842979,22.7745974302
375.206603373,327.60571179,53.8240424319,22.978088825
392.328783965,328.246946975,53.8526190227,23.0919947073
406.534421562,328.367357527,53.3481183512,23.1903419736
423.49582313,329.935299736,53.3469880361,23.073888432
437.637957899,330.211732946,52.8506690137,23.0760550394
449.62307163,330.568159227,52.2314604564,23.0225452439
445.68995266,331.482556984,52.2551896034,22.7431942848
440.096040653,332.220063307,52.0824074242,22.4602665489
435.389949019,333.260550333,51.9573725993,22.2831934765
431.21026342,334.464105231,51.997401184,22.0787001336
426.523131147,334.310767434,51.8795993459,21.993760426
421.713806437,335.360115459,52.0540644627,21.8814201584
417.098178446,335.896271588,52.1548463531,21.7951131467
412.064662944,336.864394531,52.1982758252,21.7928621494
407.800753807,337.011205333,51.9681461774,21.8556509609
404.066231015,338.168172016,51.8779561889,21.8886666954
398.70848092,338.020855443,52.1246062446,21.9066389519
394.273327154,338.828883464,52.0430914947,21.9136561305
390.21195544,338.987852941,51.8303704444,21.9487009192
384.702191047,339.845151365,51.8394355173,21.8680159195
380.563029286,340.264501292,51.8670866974,21.8082402907
375.981978957,339.698606047,51.8545066458,21.8857457329
371.605870179,340.427447487,51.9436811808,21.9504503568
366.806282917,340.350622476,52.0406746511,22.0405722809
361.80534814,340.848577456,52.1471889807,22.0831484441
357.516082766,340.763612084,51.978613177,22.2206557882
360.540820145,340.541887187,52.0315105872,22.4558478781
374.519907078,340.612240355,51.4481059327,22.6943181884
392.186750296,340.373579996,51.2115912798,22.7917565991
406.023707799,339.880845104,50.7324089403,22.7451438254
423.09047952,340.083061022,50.780670156,22.7159660244
436.803956112,340.168601854,50.2592116606,22.7333543375
449.601259296,339.845630185,49.7783195106,22.5557710547
448.214429296,340.637467897,49.8451690375,22.4039299707
442.660961967,340.771511198,50.2048216671,22.1791900264
437.407277589,341.318848054,50.3387887812,22.073295561
432.085941649,340.921885571,50.2863627369,21.9502830574
427.019880378,340.890649778,50.2844930846,21.8488070309
422.342622995,340.945513324,50.2304518657,21.8431002286
417.734274148,340.846663783,50.1538060157,21.8690095022
412.438717424,340.606121628,50.4099184728,21.8309579189
407.082478431,340.332013134,50.6884794117,21.7929362247
402.412072764,340.402151775,50.8955884689,21.7909884484
397.995383304,340.423961994,51.1022584045,21.8400027619
392.92607059,340.688899437,51.1870060019,21.8644532795
387.713908362,340.305803572,51.3543257204,21.860250266
383.086699102,340.833377413,51.5602518088,21.8489515758
377.802607576,340.448566984,51.8080422517,21.8874333707
373.410309245,340.330013654,51.9678487213,21.9571565821
367.829989948,340.313702979,52.2010657465,21.9998735484
362.676667853,340.743772208,52.2431597265,22.0706427564
358.24889959,340.236925581,52.1163964487,22.2418068938
353.757927289,340.963773105,52.0237074514,22.3446519755
349.224041858,340.221682296,51.9536294599,22.4290800242
343.777135256,340.563361769,51.8177099602,22.3673546671
339.064262319,340.782240491,51.7266091775,22.3736002982
334.18818083,341.043305654,51.5065107267,22.344791629
329.660430136,341.102573267,51.3906349328,22.3789617298
324.195298274,341.456453676,51.509253148,22.3498999293
319.366260366,341.500591596,51.4596825934,22.2971777833
317.692755283,342.170952906,51.4012009318,22.3847038061
329.049157908,341.739387996,51.5373870762,22.6593706785
343.190753528,341.762765155,51.0966621893,22.767529473
359.976966551,342.138910442,51.0491537469,22.8248325753
373.479487649,341.654465643,50.7068637026,22.8953030329
390.759772487,341.493733322,50.7357906375,22.8935770142
404.078521983,342.075360318,50.4836847891,22.8366479341
420.71509568,342.114056095,50.4885067562,22.8402788654
429.629499807,342.154727773,50.0356884142,22.7266913424
424.945738094,342.024975402,50.231810817,22.4654939002
418.295421095,342.171134626,50.4691322848,22.2779337522
412.652809109,342.529419268,50.5900686895,22.0668922628
407.585326701,342.931839434,50.751069768,21.9188175112
402.338683679,343.322112493,50.9176956568,21.8883688466
397.029525051,342.769005918,51.1745713007,21.8583959929
390.778079152,342.360532561,51.1882663203,21.89471933
386.104531394,342.852672669,51.0342927669,21.9091998152
380.795626369,342.507083675,50.7699426306,21.9644808221
375.772062841,342.241040011,50.706464446,21.9758812842
370.635713074,342.068883063,50.7480953688,21.9983163607
365.263912095,341.329384386,50.7535629435,22.0726358471
360.690212084,341.072186805,50.8226596293,22.1304394613
355.291533083,340.729123865,50.9631305759,22.1458813022
350.050382594,340.013627786,51.1234663364,22.1902758267
344.452095125,339.41062511,51.2832132332,22.2754194112
339.269017458,338.691875916,51.4850419003,22.3850462365
334.2314602,337.751962849,51.3971219758,22.4454217538
329.268308469,337.068527839,51.4154426131,22.5756608589
323.823548921,336.465745736,51.5933270718,22.6415749574
320.80865495,335.224919198,51.5459255694,22.7575234969
328.232281664,334.238171483,51.6780393979,22.9255897061
342.146615329,333.489818462,51.3712112088,23.0420357577
359.402017671,332.141520612,51.2975632029,23.1180181222
372.54328718,331.32834237,51.1785449979,23.1501718478
386.337822061,330.698557367,50.7719474648,23.1246294737
388.265636912,330.008000911,50.8954897539,23.0036074672
383.25829926,329.215066679,51.3914882992,22.8272600784
377.375235514,328.439749395,51.7277098994,22.6593086774
371.401986831,328.330188866,51.9408250415,22.456069792
365.501988741,327.565554892,52.1237042932,22.4419424604
359.902181967,327.119260188,52.2970555572,22.5044788356
354.124938836,326.350311784,52.3476212641,22.5827347842
349.243840942,325.445890454,52.3681311847,22.6545160625
343.712210545,324.839377961,52.3193485993,22.7371773462
337.21291024,324.421614537,52.5111826987,22.7295343843
332.595232045,323.814213394,52.6111726478,22.8447041695
326.89280288,323.330128924,52.7365138042,22.9880128338
320.716558759,323.201393364,52.900854503,22.9950347151
315.541937614,322.424273336,52.7328743885,23.15896651
310.023193638,322.048454769,52.6649584387,23.2229315056
305.061237779,321.37947835,52.6747037064,23.4067444666
299.393369775,320.959619869,52.7434042313,23.4401405829
293.752323941,320.876600326,52.9223998897,23.3310553281
287.724435702,320.3366993,52.8746636036,23.2871207604
283.273435476,319.797339852,52.9007342241,23.3224317382
288.635066537,319.533119234,53.1957683439,23.1352829149
302.50705376,318.87516397,52.5764105212,23.4044732949
