307,243,77,32
307.797427135,245.575234713,76.9973185902,31.31292617
308.213577351,246.396186808,77.1825381099,30.5891618552
308.065554755,247.518800852,77.3657831797,29.9883498611
308.055611972,247.612614392,77.0275396635,29.6566927755
308.406417094,248.92495963,77.0790895974,29.5093286936
309.41451123,249.570339583,76.9638442476,29.2421092826
309.631322557,250.21810016,76.8726788567,29.0134072006
309.752806633,251.200430272,76.8145718747,28.7658925398
309.503744167,250.822326897,76.6518440167,28.6043337909
309.684380097,252.313897955,76.3471061771,28.6140088378
310.117084819,252.524636591,75.9434467935,28.5559982175
310.031882955,253.050601099,75.6241443926,28.5327241345
309.692352648,254.157552723,75.766189092,28.4317578601
309.975856755,254.511515148,75.3158217967,28.4002696136
310.304493212,254.611252573,75.0192550027,28.4108273595
310.206440838,254.967061672,74.7265989529,28.3521435341
310.772823746,254.889192387,74.4814392207,28.2776885646
310.58545144,255.354454437,74.3952434127,28.1164561628
310.846068861,256.679671409,74.2591240435,28.1181378013
310.830807632,256.252668034,73.7492870058,28.0608834106
310.767335876,256.362071138,73.6269826832,27.9383276251
310.145336549,257.078132149,73.7683094762,27.7262613034
309.752026134,256.93481129,73.6621390937,27.6405471429
309.669574642,256.614498006,73.3774111625,27.535577898
310.079458538,257.053878995,73.3853389177,27.5739452563
310.31167131,257.804215087,73.5149111506,27.4596867656
309.457718356,257.912145375,73.5705801213,27.4434127014
308.820489001,258.359208498,73.6826655249,27.3739884797
309.437654804,257.854798488,73.3198544984,27.5175292417
308.46533272,258.458881047,73.1917161509,27.4924527848
307.883216413,259.068535547,73.1114842476,27.4968377522
308.073700623,259.162584699,72.9369606284,27.4348293928
306.970559999,259.358652686,72.8440027171,27.3600351629
306.498957009,259.195998674,72.7413840495,27.2574891269
306.670609927,260.456398472,72.9476834641,27.2243835559
305.537653254,260.389033434,72.9761686225,27.311628642
304.65001381,260.579633571,73.1329540721,27.274795366
305.002921646,261.564010798,73.2349045987,27.3638686213
303.490127031,262.11430633,73.1143849627,27.5017361917
303.195669585,262.190903912,72.8508440003,27.6336415468
301.73498542,262.654723782,72.7811887904,27.7141066091
301.309479876,262.367725439,72.798305567,27.6369070525
299.527366366,263.213615585,73.0442022976,27.5187764057
299.016262857,263.230807401,73.1040196096,27.4439536188
297.165277383,263.241377031,73.4510458515,27.3526666362
297.171059864,263.523699704,73.3153838405,27.4366361128
296.057235695,263.869894977,73.1654465289,27.5386412533
294.55270425,264.113734289,73.3884595759,27.5163306611
294.466175838,264.989313691,73.3521341926,27.4237645579
293.032651657,264.47864049,73.6416636149,27.2674341632
292.5843686,264.557535381,73.3475497012,27.3484127063
291.970519145,265.135031503,73.2017009392,27.4005828417
290.09426758,264.808714141,72.7397770737,27.5981298451
290.820325311,264.637160212,72.4489073166,27.6414474386
288.575793678,264.928616663,72.4332289136,27.7180659512
288.261629283,265.391764084,72.3093221714,27.6931934903
286.597537183,264.979221324,72.1072865775,27.7133961281
286.193806366,265.915392979,72.3428442082,27.4702827212
284.721342169,265.516529967,72.0973972753,27.5607617255
283.127581089,265.69603551,72.5428196728,27.3021078304
282.516910382,265.306564592,72.7725591422,27.1292453261
282.106882572,265.842357725,73.1132606497,26.9356274896
280.827724842,265.622859029,73.2734568979,26.9566433459
279.657075401,265.306908344,73.3010617791,27.0427336596
277.786391265,265.583225919,73.6015652503,27.0588835813
275.742870036,265.380784409,73.9765157864,26.9703918367
274.696752574,264.887490626,73.9793702063,26.9794793818
274.11927141,264.548519465,74.0055758923,26.9438163587
272.797894068,264.286238596,74.0758527592,26.9452426132
272.662809256,264.315807136,74.3214732978,26.9798894784
270.336976034,264.047273124,74.4407472394,27.1120617193
268.859755523,263.532159716,74.5078353186,26.9554075887
267.617722491,263.095271776,74.6093919122,26.9734035835
266.678383334,263.153509329,74.5637804047,27.0212833825
265.398252398,263.328895304,74.5781645815,27.1401176232
263.436868189,263.692868185,74.4809816543,27.2884536598
262.286585843,264.121825844,74.2563183232,27.4712750165
261.641471855,263.632938905,74.38285609,27.3188705619
259.20444364,264.039899189,74.8110807439,27.3212019275
257.726013415,263.784379197,74.9932777465,27.358090121
255.790981745,263.427209253,75.0972533166,27.404345091
255.286197002,263.585602813,75.0658305421,27.427403867
252.599878475,263.699229522,75.1558509805,27.4361140913
252.06685646,263.667050679,75.2388539621,27.2400903766
249.688282024,263.502963891,75.2171899502,27.2753662805
248.368369645,263.677097963,75.5657611408,27.1950985309
246.942066441,263.67007465,75.5028888422,27.2816529043
244.79868287,263.62826809,75.4924343244,27.3456139089
242.938834768,264.02751777,75.8147039214,27.3454652393
243.913894533,263.971268967,75.5110773512,27.3825174394
261.638859982,264.937407772,74.9667784719,27.2750248249
289.300753195,265.013870729,73.6444988512,27.3953418607
303.496246594,264.547994566,72.6578241875,27.3293540957
300.492303059,264.337124213,72.7096785032,27.4718037098
298.41600782,264.491564578,72.7757573699,27.4897597741
298.341974227,264.865364714,72.8155939946,27.3518305574
296.77184672,265.526668525,73.6591425713,27.1050326533
294.223472004,265.680384765,73.8409402017,27.0858802132
293.194743945,265.53249115,73.5942273788,27.0538294687
292.301314895,265.888004379,73.8015705001,26.9394291136
290.831284023,266.17067823,74.0314710345,26.9470399422
289.428832436,266.081560845,73.6888496125,27.0072994018
288.699043656,266.070938701,73.7546492072,26.8204432508
287.051633119,266.23214524,73.7153097143,26.8525132112
286.363151835,266.118472203,73.4131071572,26.7286455023
283.72081484,266.115940062,73.1563316002,26.8868795661
283.029552941,266.234357343,73.1746835361,26.8074803161
281.227916097,266.446984131,73.3044717535,26.7955641512
279.7461518,266.684065326,73.5791089377,26.7516042732
278.953771717,265.968260811,73.2771026705,26.6875762443
276.343089127,266.123581453,73.1202511062,26.8877086799
274.404935157,266.223203695,73.1533395282,26.8151295794
272.486312232,266.416212084,73.7229035408,26.7428123138
270.435401457,266.094051946,73.7120870933,26.7914270812
269.545930735,266.624709978,73.6776208786,26.7081317448
268.023963225,266.803250867,73.5722925171,26.6739446588
266.506790348,266.298782328,73.7346258938,26.340312982
264.337187992,266.84078871,74.124607564,26.2770959219
273.246829926,268.021072065,73.6977892881,26.1974664058
299.751334498,268.769881369,73.2811148897,25.4662421749
332.12943784,268.842264947,72.327379368,25.1105093101
346.705853028,267.973046319,71.2242297008,24.4344489521
347.262859227,266.661300095,70.4758466187,24.7504698876
343.707326057,267.191165131,70.7997468403,24.9312041448
342.33043497,267.364764533,70.957525005,25.0504544815
340.776066445,266.921974601,71.0153389455,25.1132037287
339.74731934,267.521031346,71.1971271976,25.2168926367
337.622959656,267.004537464,71.0009856313,25.4748063344
336.461797958,267.624240592,70.8050442572,25.6181623926
335.280233703,267.275900195,70.554278065,25.6662727077
333.297749248,267.464628332,70.4630750811,25.6184596233
330.966692357,268.410011114,70.5871668217,25.5843752879
329.171486464,268.02654971,70.5336863203,25.5861538065
327.897516786,268.396424989,70.270551658,25.7452300859
326.32919873,269.287857305,70.2276335465,26.0230200939
323.935532014,268.921588604,70.6071839466,26.1758606031
322.667455211,269.369401914,70.4362664852,26.3167567298
320.213879995,269.28826276,70.2339107875,26.6636463575
318.666243677,269.538945534,70.0380311851,26.7063294757
316.461800025,269.913105959,70.2454161665,26.6906249912
315.195026,270.148204954,70.3573526689,26.721867229
312.829012167,270.500495346,70.538916181,26.8475052961
311.58811698,270.787652733,70.671636483,26.8359304908
309.168159109,271.399023254,70.4792188509,27.0731953275
308.69717841,271.111350657,70.3270561711,27.1452976115
317.655524903,271.524368449,69.7452020506,26.9260575774
343.231532304,271.794563226,68.4156016466,26.5909825098
381.963222305,271.518699927,67.7773330345,26.1655861453
394.22635685,270.539789158,66.7373996991,25.9338684892
390.925267622,270.680341784,67.2491145163,25.7065412894
388.079795845,271.186447003,67.5213282895,25.6979123764
386.813830908,270.982477066,67.9079513378,25.5961123155
384.31391524,271.830867105,68.2165480846,25.7808030361
382.805889063,271.503642078,68.2477102166,25.7961705995
380.601446384,272.047681138,68.7568605996,25.7460967579
379.395856135,272.139390185,68.7566295749,25.7571242001
376.849047154,271.576158973,69.4247843366,25.5649702332
373.950226438,272.601393027,70.139635393,25.4687161013
371.370431728,272.096697061,70.6737675269,25.3234696246
369.650024111,272.084891432,70.6380755739,25.3589289522
368.776204158,271.751479591,70.3245193913,25.4442510302
366.87928211,272.932657113,70.5014706729,25.4910637535
365.225605556,272.366653781,70.2216920428,25.5903648726
364.062217546,272.733998582,70.2930631131,25.6852163569
362.161646202,272.605702261,70.6026324675,25.6195667987
359.96836143,272.855363555,70.8729290853,25.5774777602
359.108180945,273.434846082,70.4914819831,25.7024759096
356.763174122,273.865743501,70.8750314335,25.6521463944
354.848106495,274.462543529,71.0362061171,25.5752211182
353.017925267,274.115586748,71.2173100366,25.4063136385
351.355814846,274.970492833,71.3298762144,25.3592676858
348.903804551,275.503423114,71.4061084509,25.4413056799
347.72251914,275.904203261,71.1635798337,25.3746992646
346.564648456,275.894203442,70.9706821042,25.4160077167
344.457928774,276.181539041,70.8897150546,25.4588731826
343.861279174,277.177270158,70.7727503836,25.5391289254
341.917162963,277.57632396,70.771465498,25.6163056363
340.436696994,276.923704296,70.5909663419,25.7598231395
339.689014582,277.977781029,70.2507857464,25.921877793
337.837591061,278.235818321,70.3069130926,26.0331736849
336.216714537,278.050656523,70.2468410941,26.146675351
334.538532729,278.368422027,70.1331448394,26.2381852294
334.164829625,279.027198733,69.7588215542,26.3624880835
332.369649481,279.119725556,69.7149314394,26.3097405068
331.524529197,279.736343078,69.5562094618,26.3122321766
330.182229697,280.803743065,69.8877525076,26.1390760174
327.735881784,281.263078944,70.2672480505,25.9195286561
326.845477671,280.916172233,70.2789457161,25.836802632
326.203374325,281.995510037,70.2614025836,25.958753559
327.993858667,282.354484097,69.9266640248,25.9246486357
351.071409228,283.620510841,69.0144408633,25.5567222578
387.842962327,284.382641322,68.8677045987,24.5587242945
418.837678078,285.114539123,68.2768326668,23.7638443232
449.62214399,285.206775598,67.7427748064,22.9708783424
458.592428585,285.434149517,67.1670280032,23.1744594546
457.228153868,285.579040169,67.2699399067,23.5216501618
455.609238219,285.143506501,67.1747476559,23.8765383524
453.688884588,285.820323783,67.4135152402,24.1494015347
452.245452331,286.017907383,67.510986806,24.4340401504
450.704468181,286.119020388,67.449309581,24.702576422
450.161689306,286.466989691,67.2042519293,24.8833304098
449.267659995,286.232436408,67.2126846589,25.0439979889
448.929776384,286.511534495,67.1407854629,25.2189906231
447.895201797,286.155115485,67.1358668056,25.3601321224
446.906615909,287.273685365,67.1815663986,25.5441404246
446.321693535,287.343648762,67.4827983216,25.4944523055
445.423794057,287.543262426,67.6847483328,25.3889263883
444.754516604,288.28087378,67.4994105978,25.4619337313
443.414782371,287.852593028,67.6035647813,25.5737900355
442.052449315,288.192886526,67.9103947043,25.4657634105
441.153741812,288.74688465,67.8493335468,25.5473449793
440.317898152,288.373029481,67.7058627397,25.4390246745
439.727554802,288.100581288,67.9905512582,25.2567635868
439.246169245,289.243230717,67.7892310242,25.3883238799
437.562439128,289.785382352,68.1327650001,25.3365088359
436.825588575,289.627628852,68.5098735618,25.12922296
435.600513691,289.834957492,68.7435859887,25.1439802208
435.152205871,290.773807024,68.7831802971,25.0461226992
433.823540257,290.876208352,69.2597730768,24.9548109528
433.546631768,291.091356133,69.1167432104,24.8644801085
432.762270533,290.509459468,68.9016274094,24.8462538465
432.069217644,291.424254319,68.863979448,24.9665271018
430.404145112,290.841752,68.8828442628,24.8915958649
430.355220307,291.780569838,69.0564599971,24.767935341
429.94649348,291.651059044,69.0017219826,24.680868372
429.142687802,291.891890234,69.2269309195,24.7316561314
428.302908188,291.652341012,69.3491533388,24.7397285708
428.453118044,291.625716483,69.5599184382,24.6423948845
427.469289641,291.571259528,69.6634322314,24.6452400422
426.889666633,291.504434457,69.5621329922,24.8798056967
426.209007524,292.509569241,69.4599138764,25.1305751477
425.620401603,291.497025448,69.2025353779,25.10902663
424.831011541,291.356116105,68.9369606349,25.1134635068
424.55193426,292.041571064,68.9152319188,25.0957130168
423.126539168,291.426359418,69.0753430304,25.0314073156
422.044695538,291.708537751,69.4380807169,24.9726799499
421.422776739,291.736817886,69.7312778744,24.7766619168
419.750541219,291.338476648,70.0144903602,24.6559901671
419.460399227,292.003476707,70.0056327967,24.7594580338
417.312128868,291.541765402,70.2862042367,24.828635815
417.011983489,291.611819523,70.0110073092,24.8286512542
415.635360352,291.681665233,69.7573306243,24.8475909795
414.59025723,291.448453925,69.7660446825,24.750703986
414.115470198,292.292696624,69.5247436926,24.8044459032
413.12576525,292.011602587,69.3963113811,24.7438966886
411.692830407,292.554639733,69.5008948099,24.745391514
410.238332778,292.16599591,69.8002113214,24.6082358477
408.616481265,292.257390808,69.6894879649,24.8215681199
407.802268585,292.529656514,69.569868833,24.8163164054
407.405197562,292.870466319,69.2913195577,24.8380828639
405.822819983,292.794083371,69.1401834492,24.9251316514
405.588551971,292.919693749,68.8976343325,25.0117122335
404.167243176,293.622050726,69.2768720642,25.0059712666
402.999945401,292.683055893,69.2131235736,24.9780713037
401.056883261,293.386318947,69.4357265643,25.0483871221
400.451404914,293.35021259,68.9952689823,25.0697465944
399.191838606,292.953112724,68.7826995095,24.9915907455
398.48801908,293.576683642,68.3528334591,25.0149500464
398.531851606,292.960758336,68.1754344117,24.9473986599
396.968199498,293.912736055,68.4492678255,25.0237105097
395.541510171,293.421648951,68.6467502918,24.9523516404
395.339354617,294.022714858,68.4739023524,25.0885381742
394.474225584,293.793938854,68.3333382272,25.1589537221
392.881578291,293.704413878,68.3363484583,25.1256529477
391.683257889,293.712594845,68.3488537779,25.1137468637
392.028947577,293.806421026,68.247657421,25.0847614555
389.822508318,293.930982808,68.6191850978,25.0649248465
388.862190135,293.920410507,68.9964030561,24.9467527259
388.399603988,294.468174028,68.9633747169,24.9499158356
386.816357719,294.175222797,68.9822487228,25.0439589797
386.065198052,294.363152915,68.7600162594,25.1420845955
385.17189838,295.027362723,68.3850789109,25.3017262881
384.772567359,295.046775708,68.3861968311,25.2261186906
383.851099053,296.020824747,68.338764982,25.3117597021
381.710505172,296.434709312,68.560426299,25.3577897772
381.616838884,296.973641047,68.4448173156,25.4080865461
380.492327893,297.022564756,68.4057221264,25.4067006241
379.242438374,297.962713101,68.5582931408,25.2803044635
378.226905331,298.590823883,68.7134663491,25.1810798643
377.490559595,299.706646755,68.7051184175,25.1686724019
376.51132479,300.43230533,68.649360399,25.1506080636
375.218757706,300.430660863,68.4036566023,25.1826717902
374.647419857,300.353357904,68.0768503547,25.2514043582
374.002448685,301.979387746,67.7758066856,25.3894291804
373.884245568,301.837328391,67.3047951324,25.571129854
371.802336823,301.573454399,67.2883982178,25.6407926288
371.664314872,302.760726154,66.8662958954,25.6409990186
370.315871768,302.635797209,66.9981293569,25.5817802113
369.812694483,303.495114997,66.7941931356,25.5284037582
368.58022403,303.045019652,66.5366074929,25.5990523481
368.222458849,303.907394892,66.2311250711,25.5181127357
368.265980674,303.341023345,66.0061665255,25.416817834
366.294309097,303.486777591,66.4537399392,25.3268088789
364.753261045,304.491463257,66.7386356035,25.2164696622
364.853692472,304.395042982,66.4760151539,25.1691097524
363.788638668,303.955254434,66.3676350411,25.2309195269
363.364047604,304.568710426,66.1217686229,25.2612933774
361.798193006,304.659794317,66.2611875596,25.1897317511
361.969567952,304.452177909,66.1434233282,25.1854475565
359.863590053,304.613319292,66.3648495889,25.1841487074
358.67919412,304.759525128,66.6014049738,25.1006983139
358.295140246,305.449971527,66.6014155591,25.0478873606
356.816332923,305.523342659,66.7544766965,25.0080071723
356.424948116,305.54484302,66.4011693841,25.0455803071
355.668114777,305.146937156,66.529871357,24.9308404286
354.749883121,305.985546703,66.5415921141,24.8715281438
352.989246376,306.155684901,66.800545561,24.7563170523
352.742149935,306.371329796,66.4481978737,24.7557330786
352.173182557,306.309594983,66.5758503507,24.6624696214
351.913399133,306.633848704,66.3500043721,24.6275762621
351.280959803,307.338600984,66.1747640052,24.5395481607
350.666363891,307.731142059,66.129527818,24.4681972403
350.309428587,308.666174387,65.9779271237,24.4695389003
349.933735411,308.986115511,65.8747528617,24.40148776
349.995915141,309.018794202,65.6407414781,24.3286556114
349.131484581,309.465436815,65.5952533863,24.2377846851
349.17950684,309.432487303,65.29780814,24.196077401
348.786126723,309.961668637,65.0541249446,24.209053268
348.647492098,310.607817939,64.732580005,24.2675727014
348.425351507,310.90224842,64.3276894889,24.2661447802
348.352892745,311.370883526,64.0985561882,24.1400975988
348.550453841,312.730643418,63.7554872577,24.0858510045
348.780055769,312.509579608,63.5012193096,23.9986453904
348.490346601,313.461008722,63.1063063253,23.9819396674
347.865334441,314.454884725,63.1216950545,23.9011994086
347.66281674,315.183961605,62.8933098101,23.8122039169
346.941988415,314.872094207,62.9117293757,23.7929313759
346.763611869,316.057410901,62.6695764274,23.7992871126
345.930599784,316.846967267,62.5243397767,23.7829085084
345.634916617,316.506681752,62.405993427,23.7391285491
345.259772459,317.363309143,62.2955047828,23.7667273149
345.269490028,318.050751014,62.1556034936,23.573813336
344.819568882,318.557067132,62.0792690466,23.5271474431
345.427158704,318.203165546,61.7608694767,23.438961996
344.792899726,318.950296361,61.6973650036,23.3701310222
344.443808374,319.062043952,61.6343044239,23.3168807574
344.027909171,319.214946256,61.3924297017,23.2600258543
343.347331267,320.063763335,61.0480602314,23.233845054
343.372524419,319.797340298,61.0927432081,23.1714834962
343.310184728,320.715019706,61.1348432233,23.0205427634
343.241968803,320.600047398,61.0121625074,22.9695756053
342.945320973,320.676810524,60.7627222206,22.9757197958
343.536599696,320.394994161,60.5437718482,23.0242101403
343.323947264,321.55676426,60.3728510928,23.0379206525
342.725883618,321.870146946,60.4596340217,23.0435705148
343.527389746,321.943337787,60.1761459333,23.0290264698
342.87833761,322.50329589,60.220463643,23.115512208
342.46435097,322.240568237,60.1654842914,23.0564898496
341.806079331,322.625201013,60.0585076014,22.9874199675
341.147123402,323.16136873,60.1137903062,22.8186513112
340.672008595,323.571806961,60.0902959138,22.7311113581
341.595134925,324.784734293,59.7389462216,22.7049153747
341.455406094,325.215072579,59.7611258894,22.5387703619
341.091134003,325.741999981,59.6758202644,22.5810129083
340.355626384,325.924524031,59.7846731506,22.5031269633
340.546397629,326.468303223,59.5003714211,22.384445954
339.38674955,326.868280414,59.3994898811,22.3744885537
339.697994591,326.898282645,59.1714040603,22.3099021779
340.659889083,327.920016137,58.7423510331,22.3572893621
340.527343391,328.736631436,58.8449418123,22.2824059875
340.299876778,329.095989198,58.9517096452,22.3416627447
339.94594016,330.214528123,58.9621523299,22.4495775338
340.413448362,331.002649157,58.768751579,22.3456653196
340.059171495,331.202848531,58.9332140892,22.2710991776
339.523523097,332.044332347,59.0666908084,22.2624100432
339.592986059,332.594577157,58.685484804,22.1688975034
340.05289482,332.926469757,58.3508929816,21.9885370274
340.247995521,333.479272692,58.0070733772,21.8838359551
339.468419954,334.170380613,58.2586100666,21.7549682268
339.910292199,334.040599745,57.7390520131,21.6631146256
339.538246047,335.116766775,57.5219045609,21.7201559468
340.355583433,335.585193194,56.7767512094,21.7799285929
339.791135669,336.367841561,56.6624397584,21.6959224381
340.515151779,336.553497291,56.1220726141,21.6372570383
340.330388653,336.742335775,56.3079642852,21.5261727527
339.709036685,337.175241679,56.519897444,21.481661391
340.315527354,337.807108059,55.8390285252,21.6425295888
339.623525863,337.97067765,55.7046149827,21.5750631397
339.831771908,338.388904315,54.9105921104,21.6114311394
339.438858167,339.379141606,54.6487793871,21.6021652495
339.744142489,331.266057432,54.114128888,21.842727404
339.546565973,314.638869491,53.0869622706,22.1001054526
338.957917588,298.843064504,52.3411892059,22.1708089789
338.040471538,298.420904753,52.0326231773,22.0422479379
338.27649337,300.385127651,51.3815013361,21.9097055864
337.847685459,301.349189238,51.0569027788,21.6427890148
338.083643462,301.456284994,50.6485024139,21.3708980997
338.025859527,301.984630305,50.2521829726,21.2180135084
339.358208865,302.21192345,49.6147281481,21.0829253984
338.25815826,302.964771104,49.5468564131,20.9812926006
339.070772162,303.873696606,48.8618824022,20.9948692896
338.624098708,303.76217324,48.5653745704,20.913055371
338.589634152,304.191335072,48.1460471388,20.8037382759
338.92917498,304.554980277,47.5330156248,20.734891794
339.12346973,304.900296325,47.0473192285,20.6484395563
339.831145324,304.725639042,46.7283780766,20.514117714
339.910231216,305.541330382,46.5308601411,20.4465967621
339.705441952,306.165026244,46.2977770975,20.4751658402
340.127190594,305.886511203,45.8033724765,20.3581889831
339.838974708,306.017713627,45.4241990396,20.3255475694
339.679626871,306.382970043,45.3823033299,20.2167070087
340.095222429,307.285246452,45.2405000736,20.1457931937
338.848567488,307.204320991,45.4335596628,19.9762304281
338.199177212,307.846442508,45.5990300159,19.8894821394
338.390656955,307.303115801,45.4794677166,19.8245481876
337.580587737,307.664436897,45.8968842007,19.5573949746
336.847968322,307.953113196,45.9670336412,19.4951385645
336.519792413,307.027157286,45.67882368,19.4906122255
335.332557658,307.345466027,45.9956345182,19.3652284897
335.808742544,307.107983947,45.7205776561,19.2619408697
334.991838252,307.316285961,45.8153604568,19.176249344
333.75635658,306.896332654,45.8515460646,19.1308718321
332.563053901,306.622341429,45.8842011605,19.0960653373
331.957018796,306.334163202,45.8443349345,19.1391688374
331.327098329,306.877711247,45.8247868458,19.1191019847
330.327271792,306.523622842,45.6952354066,19.0266467945
329.733731432,306.830049648,45.6976211213,18.9987262256
328.345506132,306.457855,45.3763260651,19.2249461772
327.960649901,305.761494722,44.9748461185,19.3748134505
327.536418325,306.168890493,44.5835380245,19.3152717645
326.885404673,305.307212635,44.4949464084,19.2973623043
325.637034117,304.542910092,44.3882477121,19.3862889591
324.50586654,304.620899763,44.3118024626,19.4309850749
324.307770924,304.374644986,43.9390978904,19.4670105497
324.253505418,303.534585682,43.7541020743,19.4135666882
323.026399026,302.770455516,43.4110328782,19.5532829371
323.346938241,302.375190139,42.9760497115,19.5533441638
322.546016975,301.651356835,42.8579952107,19.6657376263
321.191588536,301.373200486,42.7460551226,19.8472145045
320.109114218,300.803970798,42.5361308345,20.0013701682
320.096253702,299.628277081,42.3020708635,20.1512402586
318.264768525,298.724352935,42.1732380973,20.2770755155
317.979715947,298.661411991,42.0656544165,20.2217414623
317.379849513,298.001850811,41.7992836114,20.321739742
316.785493553,297.699721327,41.7192584522,20.3034960852
316.241960558,297.365733702,41.6345373004,20.4631074323
315.265579901,295.863871133,41.3715038117,20.5695323274
314.368601832,295.173048251,41.2521254614,20.6244075467
313.686735901,294.84942698,41.3910944082,20.5822143693
312.774182036,293.768200225,41.5015270688,20.6823393026
311.443863783,293.367861442,42.0558276958,20.6443981127
310.665829896,292.944262901,42.3161309045,20.7521914702
309.85395224,292.08637203,42.7034204054,20.7911342191
308.831917169,290.951451201,43.0562583419,20.9382012748
308.52707666,290.076442211,43.5238935495,20.9609021603
307.540080517,288.491495546,44.0501722213,20.9084837553
304.528163371,287.907588602,43.9559874095,20.7783371234
304.291870056,286.602597795,44.52169361,20.6730286685
303.23517852,285.833550999,45.2362169413,20.7258231497
302.915619308,284.457065463,45.6480944895,20.8897122182
300.572180835,284.252474873,45.4595961652,20.8574740954
301.395087887,282.523094627,45.9727345362,20.9495725617
298.710125438,281.871213655,46.2051577181,20.841493829
298.68516591,280.246601132,46.8366618824,20.8812145083
295.936372241,279.38881455,46.9828354937,20.8922136834
294.158439828,278.494491976,46.9694571269,20.620018463
293.77543157,277.353956607,47.7048920806,20.6525817025
293.553346598,276.14737706,48.651950586,20.7729093757
293.266440968,275.020485933,49.7455824763,20.8433992402
291.895473857,275.015819783,50.6585846508,20.9345746917
290.786511351,274.124952944,51.8673957563,21.066711679
290.032370756,272.936077623,52.9215896582,21.162891172
286.787349341,271.401118057,53.021898698,21.2301722031
286.399120017,270.400940243,53.8050936651,21.3560554502
284.322384175,269.452898149,53.560364838,21.4599755512
284.603175416,268.442819594,54.7036881041,21.4210542056
281.617078074,267.639128233,54.986031505,21.4466871304
278.925569876,267.03133495,54.8789537152,21.4695542383
279.2828297,265.361323664,55.495357386,21.6937158714
276.041570382,264.826680547,55.5431297561,21.7767785851
275.899558309,263.88309874,56.7950304571,21.7607148712
273.247334354,262.642704194,56.745597962,21.8310391985
271.385252948,261.180978698,56.4644626348,21.8224385328
270.96467945,260.966898816,57.4704498526,21.8225966541
271.085448809,259.758035294,58.4206021762,21.8923539282
269.803484321,258.573182268,59.1403076529,22.1020291369
268.39501838,257.365284142,59.8406073113,22.2578065639
267.286048341,256.801805754,60.5653599625,22.3227435158
265.151769924,255.448634634,61.3112751374,22.5254818203
263.81606359,254.24767159,61.9255796403,22.6155008561
262.426731954,252.300925168,62.4024247805,22.7196214934
260.686901788,250.993162506,62.8847172546,22.8302122677
259.042347176,250.14432871,63.1055407738,23.0094715611
257.886955995,248.535529723,63.1492499811,23.2136165283
257.645287691,247.383273249,62.5397795344,23.5544872365
256.379483155,246.04629107,62.9359885497,23.6482320877
256.23447505,245.106510011,62.7764625653,23.7485178349
254.721166073,244.141573928,63.4439346397,23.6572415587
256.326673095,242.900146554,63.3417672607,23.5452316987
280.489782067,242.373336519,62.1636053478,23.6031394286
313.841604377,241.14770505,60.6640165134,23.6991496246
342.238208879,240.117459596,59.4913366832,23.4068308654
345.989145689,238.486086099,58.8225595686,23.2807939269
345.71840053,238.153259483,59.6504218314,23.194610263
344.567330984,237.182399719,60.1692222581,23.0353774038
344.086849718,235.712984988,60.8341975122,22.9289702791
342.542960186,234.858887686,62.0949652301,22.8476406857
341.145317251,233.889903571,62.906602679,22.9350142758
339.837567552,232.934661739,63.601108512,23.0550322261
338.900415918,232.115810758,64.1234408675,23.1440078684
337.319887262,230.891602632,64.5479659686,23.2620203149
337.245878637,230.145815954,64.6808890784,23.3763888965
336.491644194,229.18314539,65.0010523472,23.5421893474
336.376122394,228.823218647,65.2396918672,23.6069206132
336.131848301,227.785115835,65.4866704308,23.654972817
335.353689478,226.68422231,65.6507578031,23.7698751295
335.232279257,226.22895619,65.5690697272,23.899240698
335.136581934,225.201217629,65.8334639779,23.909756366
334.556977344,224.361260694,65.8888663048,24.1074523285
333.470943772,224.266424816,66.1131038436,24.2872056718
333.40416443,223.407327534,65.9802560228,24.3131765679
333.394867065,222.583254961,66.0648173807,24.2804980314
333.148303521,222.714988515,65.9095981639,24.3155384638
333.139876354,221.71746042,65.9030170877,24.3773057226
333.260619142,221.031524312,66.0141497295,24.3528311316
332.472536785,220.515665354,66.5638896782,24.3196536546
332.531064333,219.755733972,66.7604002518,24.3316573094
332.26331888,219.361983743,66.9575992749,24.4056810497
332.078501826,219.102204342,67.0636852485,24.4048875462
331.876334564,218.158036942,67.1817614015,24.505473534
331.94080347,217.584945968,67.0687689606,24.6015459753
331.742669337,217.266702842,67.0554723444,24.6490257434
331.700034709,216.502160559,67.1902700721,24.7938510864
331.377112465,215.599470055,67.0091821309,24.9630254677
331.364143875,214.927330662,66.8932157009,24.9812462231
330.884832083,214.917734124,66.8057149472,24.9399279517
330.074474108,213.826745731,66.8075190348,24.9093478999
330.084598826,213.198732089,66.9163930766,24.7251291971
329.926347306,212.185015614,66.618952957,24.8055274312
329.726640241,211.631543747,66.6731618103,24.6662986174
330.107613811,211.063790427,66.554834922,24.6224894525
331.612736,210.560689564,66.2955497027,24.6198814919
331.565702731,209.565199227,66.3138503935,24.6930284807
330.527005855,209.003305854,66.8188095999,24.7232109
330.483239204,208.166200617,66.7079204696,24.8526243123
330.276120408,208.078943623,66.7789804757,24.9092319459
329.78884287,207.430756493,66.9370334575,25.044257027
329.628541819,207.05341061,66.8342494018,25.0918749267
329.147342634,206.590284297,66.8720623116,25.1017106095
328.247514484,206.670375618,66.740675582,25.1625423769
328.340450698,206.47819941,66.8324782754,25.0850253741
328.230193022,206.247059968,66.7522966895,24.9780890795
328.689501658,205.824206795,66.5989571601,24.9826698195
329.456436776,205.459191685,66.157116376,24.9674064807
328.984064941,205.429851564,65.8147737971,25.0684812227
329.227726396,205.203518868,65.7323877094,24.9860319688
329.127845465,204.98486931,65.5855023081,25.0340784833
329.139529363,205.617416558,65.456452518,25.0298837686
328.820097477,205.367836066,65.4829630851,25.0645567827
328.283994622,206.175625041,65.6294388045,25.0498714947
327.910218167,205.758935178,65.9527250497,24.9475578973
327.095200832,206.115690925,66.1442031679,24.846145813
326.827712852,205.884499244,66.0223849367,24.9837970214
326.166220214,206.953946263,66.1364319705,25.1242651848
326.532397231,206.662692835,65.9789437549,25.2496199424
325.965800594,206.415523349,66.4645714851,25.1671187509
324.694194857,207.340697851,66.8975289098,25.0942397409
323.896110045,207.152777573,67.0969281755,25.0688983006
323.449673296,207.427794537,66.6741179516,25.2249304437
323.383511086,208.557687323,66.7370326811,25.2397060399
322.745279014,208.937078523,66.6174818956,25.2229122375
321.602298707,208.75296138,66.877827771,25.1536757007
321.529239232,209.488120135,66.6599625254,25.2708426692
321.418367903,209.591646337,66.4710836587,25.2725267602
320.617873452,209.976003167,66.8389058659,25.1768247614
320.073607503,209.903321718,67.1581049983,25.0626247194
319.741489755,210.351732264,67.2253043702,24.9819914864
318.538610975,211.265059095,67.5481962162,24.8408830303
317.530760765,211.384813424,68.0107972419,24.8061126908
316.206843618,211.760169214,68.2882203784,24.790187622
316.268086563,213.069190896,68.2848437898,24.862365329
315.468760251,212.77623788,68.8848618964,24.8263194221
314.803413861,212.920152987,69.2882490985,24.8411527734
314.891068959,214.22562589,68.8932669677,24.8912434585
314.226683595,214.10340177,68.4817615979,25.011906933
312.765422305,214.945721755,68.4245468945,25.1400926434
312.774970121,215.534521669,68.3391604367,25.1224172024
312.483776565,215.334601521,68.5896710339,25.0178859152
312.200941268,216.674154343,68.4798631688,24.9967237584
311.963561938,216.538790731,68.4501076109,25.0281794015
311.017137851,216.58020403,68.6063621816,24.999698933
310.700009215,217.326794484,68.7423699533,24.9771990969
309.377163173,218.477560742,68.9561505679,25.0059616669
309.788173551,218.585321661,68.6976018437,24.9450313743
308.939647793,218.589189719,68.8647849965,24.8887171589
308.329194469,219.051026839,69.1136544481,24.8825710118
308.384073646,220.778720564,69.1799338527,24.9451669985
307.259311985,221.002078631,69.7343240842,24.7714986982
306.705699306,221.106225459,70.0787125101,24.6560160398
306.697815103,221.506918675,69.8162222049,24.7097315508
306.437187876,222.5615699,69.7921729565,24.7790461013
306.102138139,222.75284839,69.6214207053,24.8463338973
305.58890524,222.403595957,69.754795303,24.7825770753
305.212779459,223.485428599,70.0201248984,24.6906741151
305.010043332,223.397544277,70.0233351787,24.5989881644
305.072797775,223.297217161,69.6713863113,24.6731522051
305.632592891,223.726255421,69.2329963446,24.7287577894
304.874440018,224.107221843,69.2104317558,24.6751728022
304.923819169,225.016513065,68.7334164477,24.7308085829
305.401864642,224.456428878,68.0701458666,24.6676893362
305.198264866,225.465843513,67.9720750567,24.7048271589
304.338665008,226.135708397,68.0944951877,24.6268051744
304.849729949,226.161602165,67.8766722291,24.6084416584
304.490874561,226.604650676,67.8393853339,24.5281412001
304.449971523,227.931314112,67.9560092185,24.3920276716
305.183455852,228.356502803,68.0499365994,24.2842915601
304.564701412,229.355156261,68.1793212223,24.3292071446
304.910283962,229.41861367,67.7015762022,24.3542409275
304.982912187,229.698145545,67.3024435721,24.3878848117
305.054901775,231.48980738,67.1665609699,24.4615118538
305.818174214,232.009614385,66.8737807403,24.5107752837
305.192259611,232.598896441,66.9145179518,24.4089138858
305.447085699,233.855339615,66.7183227877,24.486655922
304.857866165,234.773143386,66.7564626533,24.4422660651
305.466528857,235.89134591,66.3488354936,24.4374562952
305.612869074,236.222935949,66.1819134998,24.4954806774
305.597355585,237.57304759,66.2610023471,24.4923272782
305.007500554,238.963806985,66.3016081633,24.4617943497
303.847359706,239.480431033,66.3392193597,24.4168698215
304.568763959,241.282873909,65.6477814632,24.6109128083
304.43591063,242.712158241,65.9527646687,24.5057795169
304.47021995,244.208919364,66.2354112811,24.3958567904
304.276185197,245.051850926,66.343858619,24.341658419
304.615311718,246.3578569,66.2194972359,24.4536872188
304.794052186,247.584213798,65.9165761911,24.6059550836
304.675813673,249.213844622,65.5558444773,24.8538116605
304.194216411,250.551161664,65.6918634445,24.8540106357
303.203376391,251.927441213,65.9588520834,24.8541320784
303.412740821,253.220692821,65.4483473739,24.9603902831
302.309052701,254.861236663,66.0491522986,24.7778846281
302.752874113,255.768059608,65.8990677193,24.8316931476
302.677764305,257.450208945,65.9411559856,24.7688850191
301.543544081,258.459343961,66.4868497034,24.6368626225
301.251894602,259.880442974,66.8142117409,24.565804457
301.00093207,261.092556008,66.8669562026,24.7008165831
299.841246724,262.462323185,66.9559754464,24.708472228
299.557489023,263.882584165,66.5771487968,24.821600982
299.54935374,264.936198535,66.134357115,24.815306031
299.335414835,266.8361674,65.9656534659,24.8311706364
299.059810352,268.23168503,66.1286072243,24.744678968
298.406450285,269.219536103,66.1819495618,24.8042725457
298.654256114,270.639382217,66.318672018,24.860298893
297.717274246,271.781906219,66.1129150185,25.0898506894
297.679244646,273.044038254,65.7147050068,25.2681830449
296.346373097,273.989311078,65.8755176078,25.3489643447
296.364015275,275.453177258,65.8615572889,25.4090743052
295.767243456,275.819656311,65.9231808276,25.4352987135
295.381540322,277.741097035,66.2309454228,25.3449557076
295.985657729,278.228631275,66.2603453864,25.3477256249
315.867182222,279.681790559,65.4676333135,24.4675911392
349.304089098,280.693549083,64.3076409727,24.0698644471
378.334565186,281.334817054,64.056026414,23.1060424084
385.449793483,282.288111778,63.3286091788,23.1864564078
382.633448612,283.502073627,64.1248240254,23.1961481032
381.944815642,284.272478718,64.091548312,23.2165996944
382.392453273,285.002721825,63.6422347339,23.2929127919
382.146574562,285.820627739,63.4720074156,23.3179883246
382.312939799,286.666734033,63.1647062329,23.2987019241
382.275071761,287.788493538,62.9704032262,23.2843251033
382.558883253,289.433901738,62.4810785426,23.4260069202
382.062337708,289.981861214,62.6509435381,23.4651427952
381.770436312,290.557870395,62.8362949735,23.334527388
381.559800454,292.35931614,62.8378895217,23.2412527493
381.170041686,293.078668172,62.9537772275,23.1113877676
380.154284058,293.524658342,63.1170559408,23.1077304975
380.01402196,294.761216444,62.5882377533,23.275464122
379.68591082,295.237821695,62.3086027369,23.2770223974
380.216749226,296.848223946,62.0107671359,23.2292957155
379.619220823,298.2913147,62.2872887101,23.1458075762
378.285580191,298.557792191,62.708197989,22.9513644477
378.288948509,298.851137768,62.414538362,22.8509740303
378.281432763,300.412440278,62.1703419831,22.8493073111
377.944486553,300.637946138,61.9231112564,22.9056217772
378.132166543,301.280116478,61.8410956534,22.8572443222
376.567635036,302.576831052,62.0419343419,22.9013786421
376.2869141,302.787784401,61.8708403163,22.9857527228
375.448173549,303.893854952,61.9997798723,23.0123000897
375.585793343,304.765259748,61.7293672008,23.035738366
374.780197189,304.712115883,61.5739271904,23.0898897233
374.591901,302.01676698,60.7229805053,23.3868728153
374.15641378,287.401630322,60.319529678,23.5268408033
373.561631686,271.243849625,60.2411750393,23.6544177313
372.092341483,256.635359016,60.3483383633,23.8872509239
370.9952492,254.934172064,60.2923093056,23.6433803024
370.854018595,256.882210918,60.027741079,23.6468537464
371.243705015,258.629651258,59.8401338215,23.6440814121
369.695310371,259.371239814,60.1202689042,23.5494878406
368.07420798,259.85132477,60.1710891331,23.388922464
366.522341263,260.820843132,60.4449695096,23.283129945
365.76405887,261.309706582,60.4657105548,23.2015862964
365.664769836,262.262977041,60.4860522722,23.1502794056
363.916428667,262.772371531,60.6841122395,23.0608360934
362.686808535,262.747651767,61.0305354558,23.0289327604
362.543597263,263.771344798,60.6654444816,23.0946717841
361.942987002,263.643257572,60.6168574089,23.1886603424
361.172093668,264.016662528,60.5987400961,23.1329035833
361.031494504,265.235607178,60.4244973666,23.188839719
359.96720614,265.747488429,60.4864978526,23.2389326175
358.840501356,266.005851552,60.8401052121,23.205521779
358.41308367,265.821424933,60.8748122043,23.1808500429
356.812846515,267.170276454,61.0811644847,23.2088187698
355.726765689,266.909742153,60.9198958459,23.2431700567
355.496903388,267.45631218,60.7114846267,23.1590731013
354.836354266,267.733089107,60.8430230543,23.0205431096
353.665642802,268.430315051,60.8221513075,22.9763266836
353.49319504,269.529106096,60.7109987013,23.0358513756
353.83553076,268.7769728,60.6286872105,22.9379905346
353.057274204,269.636452025,60.6256955767,23.0206791521
352.516413758,269.888618496,60.619939141,23.0449628169
352.302476872,270.658203944,60.5898220874,23.0405677736
351.118758975,271.008065834,60.5517028724,23.1026372504
350.695202738,271.820575516,60.7269345046,23.1208549997
349.429922851,271.710630376,60.6905255998,23.0173978604
349.729195923,271.943132947,60.8575226192,22.9473245112
349.450176512,272.254528754,60.4085494308,23.0157480542
348.657988301,272.576927901,60.1665124609,22.9739383618
348.332216667,273.081286148,60.1777181421,22.9573309285
348.215651968,272.681449514,60.2567250677,22.8571950741
347.707947081,273.319617848,60.2171334628,22.8874159426
347.463241004,273.432047126,60.5481546626,22.8552306518
346.658840628,273.546680393,60.6466050696,22.8271817256
347.051143598,273.674959303,60.7602237204,22.8299117097
346.405434041,273.364425704,60.777397573,22.8042776904
346.889968176,274.169818985,60.5053031029,22.9357896128
345.975638264,273.526515368,60.5486397852,22.9620655741
345.31517528,273.302735832,60.6776817119,22.9258621135
345.885387925,273.872637677,60.0388785023,23.1760185922
345.182411922,274.030316789,59.9074785428,23.1703418731
345.021673468,272.823274408,59.6657956268,23.1493415769
344.809293055,272.908661044,59.6438332002,23.1341360709
345.474146444,272.705129,59.7025772837,23.194107559
345.321699619,272.927772661,59.7586141949,23.2432221699
344.892024726,272.144639207,59.7879428396,23.2503351622
344.488145235,272.160460934,59.8435868689,23.353531364
343.5189557,272.045212142,59.9896467605,23.2880165147
342.730661732,271.272871604,60.1293641221,23.2601487263
342.427038508,272.293227614,59.8820205699,23.281041683
342.461643394,271.565033209,60.1638781625,23.1183200268
341.406725716,271.460625126,60.1905366687,23.1178086447
341.330781722,271.403768077,60.153042461,23.0396170802
341.440321746,270.814518534,60.091658644,22.9921772502
341.603139749,270.881277437,59.9652534588,23.0113552628
340.295651769,270.684034549,59.8191744254,23.0021816355
340.061226488,269.670613375,59.7367039583,22.8672426735
340.759219286,269.190033995,59.8146315557,22.6988093711
340.136483108,269.524104563,60.0581242014,22.590995886
339.1143821,269.463094042,60.1173014092,22.5078469365
338.624190067,268.977698278,60.3993734294,22.3034047435
338.993934641,268.011566775,60.8386126251,22.160097404
338.362572906,267.44276958,60.5861780372,22.1932515819
338.663308986,267.081232367,60.4478254723,22.275285027
338.47923086,265.856059321,60.1144552031,22.5247532144
338.669725314,265.166323528,59.7970961757,22.7433130008
338.817174492,264.595200191,59.4869895924,22.8953017566
338.497763843,263.858370823,59.2766036668,23.0133740833
338.705656694,263.569267795,59.4742944202,22.8875450361
338.502987677,262.377256739,59.4631875572,22.8462646422
338.350097419,261.64104863,59.5434474626,22.7750251062
337.88218336,261.057012424,59.6718158076,22.8294826012
337.278679549,260.07668975,59.8127824375,22.7505189949
336.671799812,259.203065805,60.0466711145,22.6956788633
336.704067555,258.311738641,59.9115999104,22.6907259981
336.70398745,257.42427987,60.0962704395,22.6949907688
336.610734217,256.405608389,59.8611840145,22.8171371925
336.504401073,255.339864072,59.7409109768,22.9111309291
336.164808198,254.335863997,59.7873382868,22.8806357767
335.583485713,252.99992743,59.9648785185,22.8066407038
335.485567239,251.68733883,60.1649289858,22.6846157459
334.974640505,250.107668673,60.0509922234,22.7545927241
334.575556411,248.794074423,59.8390525364,22.8557308941
334.693658376,247.324710964,59.6475421999,22.9749189811
334.340316667,246.697335016,59.9500560284,22.8343107643
334.273409261,244.830138297,59.7463708049,22.9129317559
334.167880994,243.385047201,59.7131780844,22.9415361985
334.113876681,242.746251506,59.8871163992,22.9077148962
334.412044781,241.005082701,59.6050574609,23.0951597187
333.939816495,246.67432942,60.0969089042,23.5229569438
334.175685473,260.573461616,59.7220494552,23.9428798843
332.791346841,275.042360712,59.3548040477,24.2858891874
333.244970895,275.314674603,59.3760565933,23.951832755
333.14800846,272.413026604,58.8647899106,23.9277519101
332.169320693,270.928151064,58.7275187511,23.6969579184
332.217972957,269.081241358,58.5000460396,23.5487520504
333.02643854,267.704550622,58.6488291611,23.2704896538
332.890308252,267.511625316,59.1235756861,22.9205702795
332.469885498,266.459447332,59.0911046071,22.8770528459
331.923798598,265.399547151,59.0561974902,22.8169702041
331.625072997,265.034283826,59.0847914984,22.7227105488
331.653980018,263.958152579,59.2320686199,22.6026146248
331.82548912,263.331735151,59.4905753065,22.4434310639
331.966280216,263.077888654,59.4982634563,22.3920052504
331.262279671,262.259238578,59.4333450816,22.3857291381
331.891412279,262.238368857,59.3898154927,22.4292206249
331.287165979,262.036843053,59.5945690937,22.399051906
330.496157807,261.758725333,59.7928410774,22.3185952993
331.495088416,261.673406683,60.0572329055,22.1877665498
330.713140193,260.929477149,60.0704042498,22.1750921566
331.275251707,261.136248182,60.3377974473,22.1680792494
332.134033354,261.120151474,60.428774856,22.1684079628
331.347418326,260.622136639,60.3561398284,22.2532237571
331.761338348,260.641467217,60.4186036343,22.1916144462
331.192157311,259.787130621,60.411617875,22.1902994033
331.320444146,259.586892998,60.6118684781,22.1428862136
331.193827137,259.991579033,60.6677604871,22.1283711105
331.443621957,258.819892119,60.4420332985,22.2170349781
332.211526989,259.254937534,59.816912708,22.5466331793
332.119443381,258.108138462,59.5772435439,22.6090778355
332.168128093,259.247115873,59.3544545173,22.6673230125
332.867148745,257.889078464,59.4598053145,22.5608925942
332.604763826,258.082214544,59.4559776784,22.6707447326
332.671877543,258.160642064,59.6412833828,22.6122726938
332.193283398,257.692383268,59.7142138793,22.5527019596
332.66977035,256.668406476,59.4325807393,22.6016695376
333.088557927,256.449290856,59.0835548186,22.6989655188
333.792880295,256.714356933,58.9984928501,22.7833006865
332.671666189,255.913266208,59.0772452776,22.7035657814
333.315271028,256.212896753,59.6078284927,22.6231429767
333.511649557,255.971667036,59.9556657011,22.5798431311
333.422518801,256.165293708,60.0042373869,22.6152315414
333.871007212,256.283575382,59.9562290694,22.671554839
334.53692363,256.651814378,60.1783342651,22.6991176149
334.253248023,256.003942292,60.368953308,22.6127713378
335.103501591,256.383560071,60.4175006038,22.6624558649
336.086734149,256.428519879,60.6410968187,22.5850839733
335.987324673,256.611684053,60.6510351338,22.5870602934
336.51678438,257.234997934,60.5188930832,22.7182227445
337.180741721,256.982712912,60.1860439702,22.8265986892
338.506274703,258.395093091,59.9225286003,22.9144462384
338.183750206,258.603073933,60.0123581821,22.8889568187
338.364875888,258.24599067,59.8426713502,22.9246500494
338.851171382,259.575472503,59.8058859208,22.8735693598
339.415741046,259.065570193,59.6309513314,22.8794168387
339.152552063,259.689060522,59.7336441938,22.8184777742
338.872950101,259.848938795,59.7497132492,22.6569591924
339.334458238,260.87033568,59.6671540567,22.5580084283
340.084314244,261.181114537,59.5246395672,22.6012956444
340.175417274,262.054231699,59.1951583126,22.667146473
340.792134731,261.653095893,58.844711018,22.6639371281
341.087693454,263.057224308,58.8204147887,22.6501584756
342.152546178,262.829786016,58.7191796191,22.5047351645
341.687356993,263.487737536,58.8657053518,22.4726973378
343.200610538,263.420815344,58.9233383251,22.4091493767
343.340878578,263.774406999,58.8017017001,22.37411501
342.901710306,264.470991047,58.8545722686,22.3975576325
344.17685865,264.255834516,58.9693730558,22.3531738189
343.555779519,265.40361618,59.0009832735,22.4451105384
344.520017544,265.170937409,58.7998044111,22.5708854299
344.572775013,266.25622837,58.5581131691,22.5936945924
344.963611177,265.74795285,58.55244462,22.5005001296
346.050413155,266.881849929,58.3587677255,22.4100018954
346.020856745,266.597165077,58.5184618206,22.2366255441
346.526028631,267.925916203,58.4921195659,22.2422392709
346.986702494,267.788785988,58.5404507779,22.1750634633
346.957185382,269.116603967,58.6597742314,22.1759619372
346.650228787,268.668787424,59.1270855658,22.0292864543
347.404599762,269.087142233,58.9941460135,22.0132399911
348.157004047,269.365547349,59.3884612313,21.8645559937
347.160651455,270.098764086,59.4500619939,21.9607102593
347.641586354,270.392836552,59.4471699548,22.0199463945
347.987310684,271.173203395,59.0513408124,22.2251017566
348.321241819,271.428116809,59.069899877,22.2711123203
347.757799902,271.408035068,59.3178868779,22.2946312027
348.399500491,272.522442635,58.8900036849,22.4385746944
348.705004899,273.354833618,58.9202877384,22.4139878612
349.830144427,273.871954799,58.7485497236,22.3396549383
349.687550999,275.228382446,58.7044394538,22.4176524295
350.057498707,276.286556374,58.5897167725,22.4111237456
349.867677985,276.188536178,58.7550505348,22.373572538
350.785226433,277.310737633,58.3114704444,22.4509634218
351.525591727,277.533659856,58.3446335789,22.3566672298
351.427161994,278.617483007,58.5012777616,22.3056843837
351.356468629,279.355879618,58.1233508584,22.2734986581
352.144020765,280.308791182,57.6642592787,22.3213162292
353.17929541,280.229470773,57.3473200027,22.2050910631
354.655159257,280.945688154,57.3712910181,22.0217952527
354.778263659,281.77947022,57.3328147277,21.9818022255
355.415324526,281.938868381,57.4486513768,21.8740638354
355.000765548,282.805907182,57.6875224761,21.8042850068
355.545100574,283.170196108,57.7736131238,21.6833183931
356.242109758,283.75953958,58.0227528337,21.5749758983
355.864425679,283.784098672,58.1534098344,21.566200443
356.547014821,285.116191408,57.9939982294,21.5610475535
355.631732012,285.502203294,58.1185799709,21.6141971001
356.359799335,286.167671581,58.0303280527,21.6110097786
356.927296862,286.719513877,58.2983897397,21.6036687039
356.374443835,287.345891215,58.3068118348,21.830488828
356.589502307,287.899594966,58.101251515,22.0206277127
357.550207324,288.569097177,57.850954615,22.0179262861
357.615447777,289.150038733,57.7806384506,22.0004981298
358.128737161,289.497596983,57.9374384989,21.9592523919
357.67265242,290.840532661,57.8921975264,22.0872161801
346.263182861,292.484921807,57.9466846624,22.2102845261
319.945113609,291.986024188,58.6120857104,22.3111347032
318.78994414,292.295548957,58.7226863842,22.4654693795
320.642980991,292.833884097,57.7850190729,22.5540938658
320.292685233,293.77310699,57.404234156,22.6920128931
319.908854914,294.106695537,57.7230802232,22.7168761836
319.621486597,294.482637832,57.9411965454,22.6690168617
319.359879394,294.848663116,58.1942163606,22.6085103688
318.434265453,294.293370522,58.6864073194,22.5632544439
318.006849958,294.685266057,58.995032968,22.6046524885
317.747522112,295.766322775,59.1200602414,22.6740294255
316.812414681,294.777263208,59.1466348953,22.8157282607
317.029787484,295.516456627,59.0048009986,22.8639579968
316.268530001,295.792519363,59.2162252558,22.7947091236
315.879509471,295.407947384,59.1377664049,22.7022809351
315.319857633,295.581657845,59.0502873828,22.6799511665
315.554962707,296.199877972,59.2145891836,22.6367755167
314.133847913,295.595206546,59.6859076488,22.534668484
314.725422584,295.635015235,59.8616476482,22.5331897031
314.369707067,295.841149847,59.8291246801,22.6337109795
314.440545016,296.200811259,59.7136001886,22.7964877236
314.099636969,295.841413031,59.6798948879,22.8972080356
314.777699628,296.169421691,59.5883700856,22.9968042211
314.112703895,296.40550658,59.7385914393,23.0595247373
314.098583408,296.801776067,59.8022047967,23.058980931
313.917752571,296.380395676,60.0248737304,22.9693648517
313.911633491,296.327516572,60.0669492587,22.9400355238
314.28600523,296.353406882,60.3107426812,22.8199135438
314.360163584,296.741854415,60.4664522508,22.7396496725
313.99313699,297.379793912,60.4004095814,22.757717898
314.426659302,296.997731519,60.3251631913,22.6093113681
314.75009853,296.987803305,60.4533565348,22.5207305701
315.322721187,297.030938938,60.4534744337,22.561364625
315.026676517,296.842719064,60.4236133845,22.6026786302
315.855281121,296.812833131,60.1560520181,22.5645855105
316.265166729,296.694268688,59.9522681641,22.6148221542
315.844905556,296.3615548,59.8572218183,22.6008203997
316.251023854,296.196504529,59.9085158001,22.7541486602
316.129369215,296.360921238,59.9776629134,22.8096965058
316.324669146,296.230016124,60.0158745116,22.8253409084
316.546157151,295.473689563,60.1711498433,22.7706634313
317.222570504,295.378831366,60.0784454384,22.7982867068
317.957443136,295.011061387,59.7452752761,22.8439675736
318.596213344,294.097714956,59.6968213789,22.8120601766
317.642386641,293.901174694,59.7623745222,22.6958059575
318.064897773,293.751369868,59.3744550331,22.6932197926
318.625079074,292.862162496,59.3796325691,22.5935082716
319.575261987,291.887215102,59.089621643,22.5779484828
318.589862172,291.49185765,59.2083838434,22.4302311693
319.997233283,291.23955027,59.0697056365,22.3862109829
320.000595055,290.794359106,59.4051294726,22.2781600792
320.901523606,290.480874679,59.863238982,22.2123685844
321.820746495,289.101599007,59.5887941688,22.4493916843
320.99812293,288.674168624,59.3862248314,22.6527294557
321.851794002,288.153105943,59.3286577141,22.7878887282
321.819328642,287.044130489,59.4252668203,22.9050179024
322.368628102,287.5892869,59.7194449858,22.731449075
323.189358338,286.864681917,59.8721470254,22.6316242073
322.880438613,286.272703804,60.0242840314,22.5748235636
324.392459704,286.192652969,59.6276620367,22.7456721246
324.632382483,285.317763236,59.6656411295,22.7239543418
325.475482802,284.961683481,59.6035850441,22.7506892259
325.171491291,284.97444875,59.9129713274,22.6308004655
325.849983787,284.128263683,59.6380458382,22.7448473559
326.19107687,283.391730482,59.4164261328,22.850440155
326.760249663,283.015044749,59.2463287946,22.8675923334
327.661643289,283.071097581,59.1639708438,22.8416371519
328.831211245,282.67419126,58.8460079316,22.8532998829
328.78344042,281.290595154,58.3945951287,22.982419128
328.888696334,280.763883901,58.4275471892,22.9645376711
329.263346875,280.384139323,58.4314167766,22.9071793822
331.091121361,279.912645821,58.2617934787,22.8448202069
330.320179832,279.524952923,58.3736594229,22.8722650466
330.846015782,279.026889023,58.2585297369,22.8457360477
331.633406085,278.878987904,58.4653871568,22.7428370057
332.24937317,278.056596015,58.6390478121,22.6519855024
332.07629276,277.912136041,58.888531895,22.5288235534
332.85648624,277.322017953,58.9704134747,22.4963957213
334.250658869,276.18830685,59.1193634156,22.4419294798
335.981955588,276.362593283,59.1180512763,22.4593033242
336.89295035,276.372475103,59.0634671439,22.4030527323
337.750117837,275.724934764,58.8130661133,22.3193116777
339.405371932,275.843658129,58.5005568772,22.2523153823
340.269597438,276.604545106,58.3557111545,22.1451600403
341.265795473,275.584354566,58.4104199193,21.9939684535
342.784690822,275.10460303,58.2082536774,21.8173856589
344.113712129,275.083486843,58.1469992315,21.7446932073
345.344660854,275.764970178,58.1836340772,21.762665067
346.809637638,275.406843759,58.2867982802,21.6282746267
348.219682293,274.846926068,58.004005265,21.69164498
349.302099788,274.940776622,58.0971792332,21.7749871421
350.88358497,275.009885015,58.0575456594,21.8869263122
353.160231489,275.146704203,57.9732434257,21.9405035176
353.58316753,274.19898445,58.2904291469,21.8915287657
354.777019679,274.433664062,58.3224977131,22.002558029
356.24878678,274.582192602,58.3217261249,22.0982477246
357.327930743,274.101089182,58.4627186036,22.088323193
357.447240802,274.298268723,58.1633079948,22.330396759
358.100961522,274.62785751,57.9881833816,22.3931897435
359.235348098,274.289701405,57.9637465978,22.2076343471
360.855635438,274.667285425,57.7294094241,22.1074730723
361.469942352,274.590858996,57.6414769818,22.1032824738
361.992486668,274.576869793,57.7543997854,22.0495819296
363.398826092,274.764427145,57.8243555772,21.8782199221
363.545308009,275.307512409,58.390043919,21.7538526529
364.300667388,275.067926551,58.5109164804,21.7365617556
363.950916328,275.588003775,58.7430178414,21.8683301108
365.26397992,275.150486217,58.7396466617,21.9022577981
