384,178,80,54
379.90966701,181.368619547,80.0839748486,52.5675974169
377.77572133,182.132352445,79.634217703,51.6788451598
373.799074982,183.616231967,79.818947128,50.7699960091
375.494600152,184.058160003,79.4331908717,50.3060917343
387.094751357,184.758469755,79.1028149142,49.8551837902
406.423294185,185.589250097,78.4341974283,49.4352585491
423.527554218,187.65168238,78.1595991777,48.6277474695
432.28786412,188.977406434,77.0961994512,47.6094408789
429.563706002,191.015451651,76.4907737547,47.1044599783
426.024085458,191.348630645,76.2187484589,46.8572506452
422.872892949,192.789281106,75.6135430871,46.4712609824
419.077368979,194.306131613,75.1100170532,46.001015551
415.887406212,195.447124624,74.7986178753,45.6507072272
412.987902604,196.985216038,74.7085126199,45.3453521703
409.721979408,197.516965328,74.3859793583,45.2948876953
406.980390571,198.620501822,74.1972024005,45.1981195387
403.751212549,200.122510805,74.1135266793,44.9945991061
401.369188297,201.248435665,73.7883546589,45.0113696386
398.109072915,202.547693977,73.8953168568,44.826344739
395.520919589,203.567751052,73.8575097966,44.6638266114
392.897526396,204.624271432,73.7777800314,44.5084603548
389.503289724,206.691909111,73.8387758234,44.2466216844
392.145354324,206.640982789,73.8266116519,44.8075311536
406.9479615,206.370570418,73.5360030116,45.5182461059
424.358707884,206.643276991,72.9896338403,45.651054721
440.920603131,207.998027721,72.8949380413,45.2875944649
457.076337337,208.575784975,72.5297472493,45.1249247167
474.725322957,209.643480563,71.827082406,44.8317247609
491.330963515,210.192948954,71.3353027849,44.3614008544
508.345109564,212.130471213,70.937904393,43.4479287444
507.269783984,213.583860837,70.3194114951,43.1225520362
502.179709181,213.901167594,69.7007625395,42.9046007095
499.167136949,216.12081395,69.2084137569,42.300423191
497.07429252,215.809203867,68.2746382167,42.3919791643
493.755695783,217.091079548,67.832668139,41.9639788112
490.73887385,218.218584903,67.3928298729,41.4869757282
488.840132607,218.53369982,66.8395194747,41.4400298558
486.15634126,219.671623958,66.7848747865,41.1731570862
482.320913528,220.371245036,66.5777662308,41.1236672366
479.940453081,220.688775151,66.2109271914,41.2679749307
477.020217556,220.939842429,66.0352282172,41.4442917327
474.359272019,221.943493548,65.9275242971,41.4135229075
471.813287541,222.411375784,65.7087122498,41.5821790981
478.391839945,221.052436106,65.0052388438,41.9298470904
455.163024168,227.385673993,65.9124896918,41.5960863516
448.453564004,227.098287336,66.4756704252,41.7739126684
444.77557986,227.886148661,66.7765506695,41.8817829346
442.238298977,228.953282545,66.9265657184,41.7950899261
439.931283552,229.752850915,67.0680776469,41.8201832128
437.083597146,229.509628106,67.2070740007,42.0763351834
433.779623267,230.655076179,67.8544952922,41.9464752915
429.845379292,231.187842257,68.08140123,42.0661206987
427.219250106,232.166698288,68.0609869488,42.2106995067
424.201685351,231.913549935,68.2675961617,42.4882776642
421.618026146,232.940884697,68.4981598688,42.4711221104
418.206887536,233.241139203,68.6484428783,42.6396400341
415.376923968,233.605555577,68.6988657923,42.7309889541
412.655319978,234.436962904,68.9216767763,42.7174624776
409.888564858,233.720845331,68.9331194687,42.9535284861
406.519368008,235.081470118,69.1827178891,42.6490512766
403.899480827,235.256527324,68.9770052282,42.7471194187
401.632186407,234.531918585,68.707960855,43.075316698
397.409426305,234.857518607,69.0222182794,43.1137770844
394.734480451,234.719346078,68.97886,43.230309557
390.533018162,234.601120413,69.1513596963,43.3947437311
387.794592567,235.591690312,69.4458421308,43.2795040925
384.578313593,235.32189426,69.3796465323,43.4791222708
382.273989683,235.544688755,69.4736215957,43.4344463402
378.803623678,235.499279165,69.6425497504,43.5116884863
375.282929691,235.08712849,69.6148330526,43.777746681
370.988398094,235.898327799,70.0387990092,43.6523987053
369.277829798,235.057941978,70.0237485724,44.1295266674
365.385633921,234.77373909,70.4743237993,44.3280050676
361.641182049,235.435662578,70.5778062669,44.3443443304
359.375896017,235.543885086,70.7962583702,44.455920185
356.185526628,235.439082734,70.7788681603,44.6490056124
352.634600799,234.867203931,71.2138215688,44.9137164802
349.001717832,234.990009183,71.2747206166,45.0537868005
353.843034736,234.39090338,71.4245271852,45.47806148
370.189404545,234.394757321,71.5551098634,45.8203845566
386.277744801,234.704871419,72.060508666,45.6861860734
402.951233451,234.439181669,72.1605185178,45.7155375269
417.304770526,234.976371468,72.2294091052,45.207196418
417.142294252,235.197280522,72.2051084157,45.017540081
410.572946819,236.511411766,72.9740990356,44.4871412672
407.337496318,235.922657974,72.780311928,44.6528077914
403.288809536,236.842079736,73.0432176031,44.2776895965
400.670658482,236.490024953,72.9368511771,44.6185998688
397.100612266,235.980022271,72.9504277444,44.861270483
393.889475084,236.598522518,73.2360663276,44.6760641597
390.069284312,237.263097278,73.6373607679,44.4593982605
387.594878288,236.679152593,73.4680850472,44.7776562619
383.482382715,236.547763794,73.7781582464,44.7582306328
380.563573528,237.247927645,73.886074625,44.4964356888
376.096482751,238.239262999,74.533779091,44.1519168654
374.78878526,237.995722269,74.4060929792,44.4587074015
372.008204381,237.411883625,74.6467295677,44.8729708936
368.654064158,237.333972854,75.2704057503,45.050330518
365.649484377,237.337229985,75.7204842348,45.1778440206
361.469612287,237.933050228,76.632581798,45.028324945
358.541674383,238.068658188,77.2664536691,45.1611849758
355.720615257,237.157269124,77.6092683881,45.6161369979
351.726261202,238.095384949,78.3248618173,45.3322936205
350.076403837,238.289665925,78.2904703409,45.4889749323
346.486531911,237.395213728,78.7671936196,45.6103195835
342.868279303,238.988703232,79.1869235141,45.2446954406
341.500482219,237.655361331,78.668151045,45.7146896373
338.001322242,238.16717848,79.0990972472,45.4567649179
334.407802743,239.022871126,79.3651491153,45.2586291435
332.343405354,239.073990456,79.2028119197,45.3419978572
329.490333049,239.376834929,79.4961075804,45.3257267855
326.111115627,238.659847391,79.9706292903,45.4702367923
323.097182108,239.792764872,80.2263868193,45.3660460503
321.256006047,239.738092293,80.4306620066,45.5974587496
317.433262257,239.04286514,80.9575563706,45.8944766954
315.106196664,239.583780344,81.2476271548,46.0952891273
311.913965265,238.107427162,81.341579775,46.5416721538
309.4378102,238.436036017,81.4980238924,46.8094793115
308.382016392,237.968700946,81.0355279415,47.119240767
319.14679762,236.95815842,80.4311516439,47.2287352441
336.81448092,237.228941477,80.3841036775,46.9335713191
353.90305819,237.361213169,79.789743326,46.6024039781
357.255564886,238.280818231,79.7241189715,46.1347383346
352.969887067,238.795088716,80.3755508282,45.6331708508
349.8390975,239.125846223,80.5795604581,45.352514915
346.977588895,239.163837414,80.4583641825,45.2311221558
344.157337914,239.404057441,80.1058360741,45.0745024548
341.42973003,239.383735793,79.9711861571,44.858389892
338.818168993,239.268187401,79.4859966725,44.697658497
337.384716922,238.813198577,78.9885850672,44.5740545294
334.88821036,238.322333402,78.6235359226,44.3987576356
333.388170346,238.167233567,78.1998793797,44.3268605388
331.742688258,237.827601952,77.748081944,44.5080239653
329.054590733,236.780016091,77.3514980064,44.7134167155
327.317596536,236.83708605,76.9593713073,44.8093431607
325.663724188,236.653329372,76.6407655994,44.9011346668
334.603087332,236.108313898,76.9437085475,44.7461466574
352.293810898,235.489078535,76.6888407,44.5060851876
368.926150827,234.609718655,76.4633873739,44.3613085631
386.560871225,234.325913314,75.9245068802,44.1567006597
395.544949371,235.405817449,75.4522783984,43.5109348857
395.903713583,235.795231948,74.7082143757,43.4251004242
392.64391299,235.749638322,74.2976607616,43.4862640467
390.713053418,236.077065951,73.9172996949,43.2538201716
389.604135134,235.814945479,73.5878521352,43.1146624908
388.148659372,235.837015778,73.0031347711,42.9816565007
385.750372156,235.51976237,72.3283838062,43.0178968352
385.409133467,235.289489099,71.8524073613,42.7292576358
384.024528055,235.106950707,71.4043578254,42.529404637
381.563558911,235.728399829,71.4730599144,42.1959163931
381.070721231,235.614009491,71.2402220244,42.0984530425
379.664016571,235.22006925,70.5626161489,42.0515490755
377.839337564,235.169513744,69.9034862716,41.806688862
376.288306954,235.022024451,69.6288938192,41.5062044099
375.005363063,235.313671388,69.2239702341,41.3633966096
372.661550073,236.084815312,69.319934761,40.9940056244
371.742904296,235.639891775,68.6293690111,40.8747359291
369.372229349,235.634651162,68.2211341356,40.6652168585
366.649663641,236.261768299,68.0658093134,40.4522250644
365.253702827,236.48748489,67.5825105465,40.1083236245
363.632797247,236.690709832,67.107813318,39.8276747519
362.684536464,236.897314535,66.6391598753,39.6782969903
361.731107691,236.622844322,66.1501867911,39.5271653668
360.298608188,236.560028826,65.9666187393,39.386766882
358.599649255,237.00496352,65.6871913295,39.4651908033
357.196254118,236.657127748,65.5673935457,39.6450460748
355.636098638,236.826379765,65.5440818691,39.8886454126
354.556239485,236.149381771,65.5124492373,40.069424224
353.484085709,235.870970415,65.407307537,40.2661385309
352.141627476,235.724549496,65.5553783194,40.2818081
350.507520542,236.295770616,65.9463953973,40.2842596272
349.788703323,236.625768146,66.3547339152,40.3470121909
348.896519293,236.480785227,66.5223705697,40.5322920887
348.236450105,236.341435664,66.7057699306,40.6336851293
346.348229401,236.341219929,66.988831029,40.6811614933
345.518393658,236.858557508,67.4854405395,40.6644224475
344.937504832,237.127592918,67.6668139925,40.7927832334
344.294766999,237.44770069,67.9826523851,40.7938553129
342.900528115,237.823776188,68.347219534,40.9266132319
342.204740544,238.036517208,68.5674641055,41.0083826338
341.223482735,238.206992848,68.7531465473,41.0996536001
340.314590341,238.213828873,68.8045572228,41.126141379
338.839563782,238.667823909,68.9756508292,41.0873309731
338.738823561,238.98522799,68.8459173189,41.2302455271
338.213720501,239.024793139,68.6071733543,41.2829239132
336.976102659,239.394745494,68.3068336388,41.3266305014
336.60998516,239.341775188,68.2999250856,41.2786703394
336.460765571,240.250598414,68.520720856,41.1278429847
335.73055265,240.68284239,68.6013710527,41.0131351504
334.833956293,240.552155442,68.6769576996,41.0381471403
334.593136482,240.671813312,68.6762404759,41.1152293362
334.723417458,241.136908179,68.892255388,41.182310781
333.75941469,241.345685958,69.0128624861,41.2862448448
333.745737967,241.812243416,69.0488997466,41.3719645179
332.487738173,242.331012278,69.1970280509,41.387605106
332.847357235,242.468228575,68.8773919831,41.4930785092
332.624288656,243.100717428,68.8234042689,41.5075874608
332.168799261,243.717164305,68.7368363869,41.4845371033
331.580896601,243.967821667,68.7625263357,41.5681013605
332.332184696,244.197829172,68.9094203556,41.6982779527
332.564858193,244.280741283,68.7464073116,41.769806042
331.835204185,244.673688312,68.7216598091,41.7391799621
331.282363392,245.287547078,68.6059419696,41.7866480164
331.916134015,245.506478452,68.4871659294,41.9285270437
331.382717436,246.025009438,68.3975112647,41.9758924279
332.205916197,246.214130392,68.3750683973,42.0829088311
331.798754583,246.972011066,68.1470410936,42.0021157164
332.212013271,247.335024859,68.1341968564,42.0202348948
332.07998974,248.100306755,68.3985656595,41.9883195085
333.236172176,248.075812735,68.1847363256,42.0581166315
332.752405041,248.508891479,68.1623121292,41.9612372526
333.11033513,249.126188307,68.1958241951,41.9045564285
333.98782493,249.227383152,68.4082046159,42.002055171
333.057483842,249.596347974,68.5507480968,41.9416629666
334.241926761,249.882469188,68.5873288146,42.111430179
333.425568725,250.822294156,68.6017539864,42.0727725751
334.619289013,251.220965905,68.9276272289,41.9902488657
335.20632999,251.202453703,68.9300309327,42.0726427117
334.253433256,251.878248518,69.1791814857,42.0004505693
335.259373756,252.059813413,69.4332745309,42.0204081473
336.553935329,252.275357663,69.5561190907,42.0612473789
336.832768085,253.035505868,69.6797670936,41.8570307042
337.915470679,253.835213277,69.8325253022,41.8110663525
338.537763081,254.499881674,69.7953007643,41.6515471255
339.038836808,254.747449529,69.4428184874,41.6443633788
340.220728365,254.720620096,69.146465154,41.6811735289
340.556182548,255.251672207,69.0218856323,41.5599205787
341.177303197,255.765931103,68.9486322037,41.4116577717
342.010269397,256.389925361,69.1182842064,41.3950571083
342.907790066,256.585005828,69.1385897047,41.3932914847
343.676346387,256.816837332,69.0703955058,41.4719347203
343.862268755,257.557457391,69.1999992819,41.5021133016
344.445020482,257.424539377,69.152871605,41.6257051118
345.24854853,257.728165763,69.0509466345,41.6194874579
346.831284557,257.650361886,69.2201823181,41.6357827351
347.215003028,258.777806243,69.5679003579,41.4487138548
348.561511458,258.812990049,69.5516546623,41.3950983429
349.718469583,258.856019996,69.6357140957,41.3722285667
350.370427635,259.225076899,69.5673818929,41.3536908201
351.211222186,259.665646651,69.893081484,41.2686803043
352.053861594,260.313220127,70.1318549074,41.2459383821
352.530109144,261.017103893,70.1886468063,41.2018957955
354.30136379,260.973590243,70.0465455439,41.2095874358
356.232883517,260.601032268,69.8877476048,41.3003951865
356.948517033,261.152495969,69.9218176115,41.3437571336
357.477784054,261.275021289,69.9428399155,41.3689451306
358.201165871,261.797890668,69.9546375815,41.3586606469
359.461454955,261.518114912,69.8520150509,41.5348555878
360.469653856,261.56688014,69.7711874884,41.5516720381
361.595863936,261.619582628,69.6570794307,41.4827252413
363.168400547,262.21721566,69.8046089854,41.365260286
364.309026129,262.660727517,69.8242380161,41.2602664386
365.728879402,263.080248853,69.6989448739,41.2100310389
366.436934151,262.720459877,69.6208430643,41.2421526813
367.930210403,262.780736991,69.8173173519,41.2204775374
369.077685872,263.180129925,69.9573663548,41.1324855223
370.310128001,262.616312758,70.0697316239,41.2135581388
371.616335181,262.828178594,70.0057813251,41.2992854259
372.794322045,263.012210642,70.1148985871,41.3560969761
374.006200209,263.158966322,70.2607945771,41.3867293241
374.968950388,263.420457777,70.2726717908,41.3571949692
376.668043062,262.813862424,70.1498632406,41.3701156185
377.944274355,263.096783483,70.0644924534,41.3790695228
380.592133018,263.789489632,70.1392542339,41.2254075928
381.590219236,264.079850705,70.2396336938,41.1933825015
382.997689111,264.394362187,70.1472581629,41.0397865094
384.78251491,264.179521118,69.9345456437,41.0138443358
386.058109537,264.172767607,69.8916469177,40.9850293355
387.884742206,263.978940437,69.7834589038,41.0068292638
389.278877492,264.084795505,69.9483641146,41.0860688608
390.672026934,263.826062788,69.9909376739,41.1498955312
391.138309102,264.957782106,70.3146598389,41.0233179825
392.747074496,264.652835437,70.1807379176,41.125263577
394.512301645,264.968075851,70.1872494668,41.2156664162
395.86424276,265.177937268,70.1100874263,41.1642580565
397.006216827,265.442187876,70.1310094213,41.0759322549
398.914326871,265.573761205,70.1264179138,40.9620613775
400.930237143,265.601611107,69.8299176996,40.945714486
402.775410094,265.839115082,69.770080935,40.8209948972
403.719720815,266.035585356,69.7606566144,40.8097493214
405.801992761,265.885383542,69.8883514328,40.7858262545
407.10144883,265.919285781,69.7638278948,40.805903089
408.974624779,265.944222384,69.7997905358,40.8595452102
410.545454514,266.087555312,69.7361330422,40.8166425774
411.854407692,266.40839833,69.6216618218,40.8117368629
413.350488223,266.775605074,69.4346844083,40.7582761611
414.982484133,266.869361882,69.2842456348,40.8289762737
416.494394651,266.914261149,69.017689928,40.8873963575
418.806218086,267.178185407,69.043244451,40.733954775
420.051649038,267.245552143,68.9439738577,40.7113551271
422.228745847,267.039149825,68.8821825068,40.6434254152
424.089170876,267.233628686,68.850764355,40.5000572017
424.777885649,268.137857561,68.9555913419,40.3524747722
428.239383944,267.909843705,68.7070275066,40.3109105113
428.933407129,268.281765136,68.6619999053,40.3544228354
430.862638216,268.318962878,68.697035437,40.3627311416
432.377499178,268.120416181,68.4452685691,40.3508235131
433.92512196,267.984167069,68.4243547645,40.3139485665
435.067369382,268.001055687,68.3169238622,40.2876349922
437.137206833,267.986316544,68.1678760106,40.1446299236
438.989164136,268.202481547,68.3455119564,39.9295553157
440.747711659,268.586589136,68.2001820466,39.8733844957
442.235604692,268.487359237,67.9569613842,39.7972173242
443.741652483,268.575370138,68.0131081133,39.80591404
446.020976484,268.403851883,67.9754476224,39.8418512688
446.709469069,268.742332916,67.9570500738,39.9042053073
449.011019864,268.714850077,68.0360392427,39.980148416
450.255395566,268.909058939,67.9147607264,39.8556322836
451.171945875,269.767093876,67.6910384467,39.8136526749
453.59289885,269.41484161,67.5870985575,39.6475972766
455.818841136,269.769490608,67.4459954633,39.6135662018
457.406189322,270.311172554,66.8850435893,39.5293226056
458.693855886,270.720011559,66.5434603275,39.4145859525
460.600889155,270.308829805,66.4587383966,39.3367746047
462.274330542,270.467161172,66.5954481334,39.1577158841
463.781113779,270.314863871,66.3354951305,39.2494820141
465.405023984,270.326146002,66.1012497984,39.2847424968
467.309065344,270.364284906,65.9655212985,39.2160729487
468.500992335,270.909682869,65.7559589273,39.0936280878
469.346592142,271.612795954,65.4430348279,38.8211207663
471.259027097,271.471836519,65.4656709641,38.7752816215
472.735257752,271.491682259,65.262124373,38.7141702625
473.029187212,272.02254693,65.2807129699,38.4753155266
475.512559179,271.94044763,65.2609118422,38.1952225945
477.203519853,272.151612337,64.8773921357,38.1518686324
479.276683939,272.074542411,64.4981614372,38.1413796789
479.774059122,272.764557703,64.3031680146,37.8753154415
482.14032217,272.646876235,64.2748955932,37.6049294509
483.779941556,273.10761417,63.948785636,37.4116067494
485.080269129,272.998812101,63.6589756271,37.3196377724
486.958331259,272.943509713,63.6249668833,37.2803514111
487.701490609,273.153917572,63.5417857486,37.2196706216
489.98509562,273.002472923,63.6730620547,37.1321300356
490.611444942,273.237583866,63.7009765936,36.9829971792
492.660761006,273.113584504,63.7215723519,36.9356065492
492.288484197,273.414799507,63.4253072786,36.8626108073
481.675953752,273.600487163,63.6051144158,36.7837633786
463.500441585,273.707539613,63.5061913927,37.0209217277
445.819167354,273.907788498,63.6506345381,37.224842415
434.827967811,274.121215996,63.4790667207,37.5228133971
437.180921892,273.748867747,64.0432591521,37.5142247844
440.356461385,273.415634126,64.4268288707,37.4677652213
441.840405471,273.417676179,64.6572017216,37.6581205267
442.56496711,273.265043218,64.7548455586,37.8905616876
444.581853465,273.397154463,65.0324704005,37.9136299209
445.754151677,273.552464877,65.2115301056,37.9628709135
447.198793938,273.547498622,65.1840264665,38.2091276
449.12374532,273.454624033,65.0613840535,38.420676656
449.628337722,273.804775354,64.9431414069,38.5406869905
451.162884979,273.676443427,64.920256228,38.6372592949
452.151118551,273.91390796,64.8042003693,38.6828594391
452.829584531,274.214825046,64.9704448414,38.6432440526
454.74705505,273.575643439,65.239566837,38.6705159056
455.253424308,274.268622331,65.398910626,38.474302832
457.420357948,274.284071844,65.6049055025,38.3568524167
458.214778112,274.805302995,65.2068293633,38.3343765051
459.015257684,274.973435266,64.9940836147,38.3272658888
460.382969652,274.927518067,64.6414278339,38.3409900012
462.337359197,274.362053674,64.5364478949,38.3852573297
463.474167567,274.806716527,64.4497370163,38.1837626665
460.251302465,275.064260943,64.6866254208,38.2493503908
447.671282944,274.912718798,63.9696750981,38.7076565306
427.921421933,275.120260714,63.7884126219,38.9610501737
408.378218753,275.052959188,64.235994519,39.2597365877
396.812721433,275.112360614,64.206726097,39.3832633476
397.068753532,274.737598515,64.8911705456,39.4244358158
399.294903569,274.838865546,65.708416027,39.0705132279
400.695463617,274.989973853,66.0511371979,39.0433607235
401.896644864,274.976849306,66.4553826657,39.0968331055
402.717670925,274.942042245,66.8345884208,39.2800673812
403.986741699,274.871170801,66.9575417762,39.3947265977
406.139003154,274.749724395,67.1625856493,39.4631411472
405.688620161,275.70282009,67.4369235691,39.3063994862
408.159791261,275.345996136,67.5073677572,39.3702382721
409.478466107,275.534682298,67.415355743,39.514000981
409.851504532,275.912124757,67.5048337903,39.4942388035
411.673574479,276.130804869,67.7672121177,39.4036659723
411.772280975,276.702283512,67.9450681509,39.4377783489
413.476697801,276.732437842,68.149447561,39.5807034233
415.489604348,276.93946257,68.1668020579,39.7143126499
422.295681717,278.503478099,68.5995920823,39.2691469716
423.382202498,279.140761676,68.1764732723,39.530520347
424.519011201,279.87860312,67.8714907108,39.6696588932
426.542513356,279.529767873,67.7168575779,39.6378689688
425.024963928,280.834036794,67.7610141948,39.4878241206
411.927263996,280.704818045,67.729826763,39.8333767197
396.855554819,281.269700601,67.2335642548,39.9553874689
375.776766191,281.568744324,67.1245513918,40.2038215195
359.950253755,281.234188761,67.087325868,40.2169138525
345.344002629,282.429768208,66.7277169899,39.9757602994
342.139455684,282.829981871,67.2998605771,39.8221371272
345.150014564,282.136660913,67.8399157796,39.698882645
346.502428394,281.564926415,68.27158371,39.9232974306
346.333804221,281.788676135,68.6635880794,40.1021715207
348.8122756,282.224651089,69.3356922377,39.9933758214
349.665854839,282.62166965,69.3919688847,40.0949217927
350.583083467,282.889837959,69.5370138309,40.186600872
352.010482641,283.227941612,69.8050504028,40.195761566
352.410950005,283.786111164,69.9016544559,40.0869500523
355.239125739,283.550311082,69.7833317061,40.0104260219
355.743746537,283.91219383,69.7718668558,40.1159981822
356.405371646,283.975909358,69.8890885263,40.2320575992
358.192780925,283.941631143,69.7646755665,40.2037702495
358.710759585,283.829284926,69.7529834164,40.2775817515
359.581147039,283.552328972,69.7495949727,40.4167450801
362.020761502,283.238335592,69.7822255594,40.4049302184
362.308549902,284.319033557,70.1437221699,40.3471061795
363.750179995,284.143097877,69.7299253314,40.3872008429
364.563401283,284.664251791,69.6772035686,40.3217469819
366.559257646,284.281216348,69.4550292447,40.2604341117
367.345052511,284.525723316,69.3167472818,40.2418017618
368.094262187,284.963182363,69.2092279451,40.1871623723
369.236655806,284.660883399,69.0985675712,40.2086667761
369.735003137,284.304154942,69.1013632899,40.2491650187
370.914353868,284.718868602,69.2040554214,40.2779814629
371.812719331,285.113424891,69.1944895409,40.264718286
372.988746814,284.673636134,69.0618256831,40.3251055362
374.031024924,284.879567331,68.8401340777,40.3040014182
375.221731792,284.717043565,68.4927421955,40.349045045
376.028069559,285.025390231,68.5146094848,40.3443166532
377.091859219,284.681079144,68.4220941467,40.376187553
377.812702172,285.044874885,68.5666050198,40.2611630776
378.731285167,284.750516915,68.564867744,40.2128145615
379.720356949,284.978865208,68.6501137212,40.1957523573
380.364416467,284.765396839,68.687187375,40.1636092352
380.892012506,284.804136951,68.6996053227,40.166751251
381.638357956,285.096515052,68.6878925528,40.0616717431
383.29840007,284.319844123,68.6720793087,40.1267116083
383.261204985,284.530914882,68.8739385114,40.1329995452
383.951454927,284.424590451,68.8478523756,40.1650469592
384.993985192,283.983801056,68.6328272542,40.2245582514
385.73703742,283.841517677,68.4709984121,40.1817993967
386.308457969,284.202106124,68.4959570258,40.1812375905
386.821227816,284.170161858,68.3741148211,40.1534911493
387.611616301,284.23446638,68.0998306573,40.1286311868
388.359961193,284.445594047,67.9343674606,40.0381151586
389.061529889,284.199751148,67.9904284231,40.024114913
390.06249749,283.923428924,67.8951962175,40.0534887531
390.115923012,284.543236902,67.8232810099,39.9189112022
390.779566429,284.377963216,67.7472719784,39.8072318359
391.985712621,283.809174609,67.4343414915,39.8950640871
392.693773252,284.050783671,67.2559310639,39.7943913438
393.538935796,283.607186147,67.2670210369,39.8926596111
393.825182135,283.592245589,67.3621929473,39.777470339
393.445441713,284.128836631,67.1100514809,39.7903153999
394.570031588,283.63274125,66.9516682019,39.8855706401
394.768686983,283.602203147,66.9067012388,40.0171058392
395.124798775,283.959248709,66.8093742516,39.9771436651
395.710433777,284.48055736,66.7516718383,39.8143398553
395.764742193,284.472592276,66.4175913768,39.7500571095
396.03035246,284.678250171,66.5956999702,39.5553054394
396.404593489,284.62095547,66.7679364038,39.484760459
396.752034991,284.889576216,66.7046403695,39.4440604087
397.846354095,284.340982381,66.4214831417,39.4989126865
397.210429408,284.207596814,66.2497150528,39.4744793689
396.937898744,284.610429675,66.5394421813,39.2893273832
397.412532993,284.373027621,66.435704313,39.2468277274
398.018014332,284.524857994,66.6387647962,39.2046268076
398.258252602,284.422471237,66.5591726171,39.2074343496
398.737539757,284.263090675,66.4800643631,39.2107424201
399.269786935,284.602446297,66.4808364971,39.1611266719
400.00986422,284.752593002,66.2912307289,39.0559370999
399.866792729,284.951737344,66.2924285794,38.997272554
399.972804235,285.403941479,66.429121083,38.8356402601
401.111533275,285.052156342,66.2434088554,38.8347081294
399.997973316,285.287077051,66.0615033424,38.8041321422
400.074473139,285.465099626,65.9765869393,38.7488927986
400.298802959,285.735425073,65.9649755547,38.6151111088
401.108718937,285.751037991,65.8721272173,38.5223698849
401.19042844,285.651981412,65.6715150185,38.4833500469
401.695751037,284.849960166,65.3635434979,38.5988158888
403.024542231,275.034099992,64.9926012775,39.0444953574
403.475073846,264.969443245,64.6737071627,39.4052408126
403.773311442,256.255629592,64.6114021215,39.5737548064
402.110674287,256.26823573,64.8639749773,39.4271138177
400.763846669,256.765304175,65.0701481408,39.3743279248
400.635519333,257.327629017,65.4820307432,39.4033268561
400.963472284,257.429611813,65.58759051,39.4070916898
400.506995963,257.771573626,65.8614272817,39.3507738015
400.7653774,258.099393037,65.9202438122,39.3041999744
401.420569767,258.217835776,65.7377896,39.289125867
401.093189757,258.181798265,65.5790312743,39.3786912014
401.249776885,257.866166161,65.6868611961,39.3773865126
401.313424175,257.498931235,65.6884735207,39.4608013874
401.199808655,257.581556738,65.8606871149,39.4192229395
401.403253146,257.092263229,66.0255762515,39.4606352202
401.610450607,256.70066028,66.1261640904,39.5122605036
401.04557155,256.720322906,66.0720729892,39.5680949096
400.789988991,256.727607105,66.0658912469,39.6150263039
401.380391958,256.701737444,66.2378244104,39.5573792498
401.129963465,256.404510048,66.0196713398,39.6471875618
400.539084484,255.999191792,65.7508869719,39.781079254
400.714426591,255.983829902,65.833829827,39.770442105
399.76737513,255.961695166,65.7938228233,39.8065042072
399.477355275,255.892797122,65.6955498729,39.7981988945
400.21086122,255.386854733,65.5980357596,39.7938131537
398.986659528,255.527214711,65.5255877698,39.6729443761
398.443693765,255.636407239,65.4976697748,39.6278406316
398.52868771,255.380041555,65.5281128749,39.647952247
398.271112474,254.894026831,65.6457286478,39.7589814555
397.884456732,254.379324677,65.6906264904,39.9052906175
397.109520502,254.078600827,65.5805821921,39.9019603263
396.482275337,253.917829476,65.55843914,39.9135986026
396.481973818,253.602053814,65.5348323152,39.8606035146
395.987786529,253.152795476,65.5341371941,39.8363699562
394.824715166,253.03618409,65.6777545235,39.7052705423
394.893676947,252.615471397,65.6773720615,39.7269893103
393.464484539,252.768092899,65.984805874,39.6363451998
393.420547261,252.206811861,66.0337775812,39.6296646188
393.313255828,251.499158481,65.9132280867,39.7659679953
392.174305593,251.27183212,65.9713605095,39.8974295825
391.558693879,250.898840128,66.0367160126,39.9321266636
391.349219855,251.09897553,66.3643252539,39.7924799105
390.723440347,250.655149235,66.3984053983,39.9925792137
390.271555928,250.190965699,66.5057646297,40.073214993
389.93598392,249.964759928,66.2785966738,40.1619237906
389.380485183,250.104158575,66.4287288289,40.1662155984
389.888221428,249.717288069,66.1804401787,40.2708891684
388.722475464,249.712633743,66.2431776241,40.1829958769
387.887155022,249.504618237,66.1826848097,40.2303453094
387.41351859,249.170207925,66.2553141095,40.1709748554
386.357654841,249.214527875,66.3786883547,40.1554545814
385.887369052,248.922313372,66.2603487277,40.1699501724
385.506766737,248.845325671,66.2669338198,40.2647412245
385.220618385,249.30642471,66.2797095631,40.3117223009
384.307282077,249.124460944,66.1307472468,40.2858722012
384.433160219,248.660885788,66.1678422536,40.2630020207
383.721783821,239.836438599,65.9636043738,40.4928137584
383.662283695,235.626660073,65.7398849807,40.6990643825
381.054881129,236.249060273,65.8537665759,40.4206261014
379.867139324,236.986845732,66.1627681179,40.0821512298
378.990397334,237.347946513,66.2762461518,39.7785083858
378.568526905,237.923895352,66.3139087557,39.5781852127
377.957399771,238.042425217,66.2661736509,39.466744669
376.864188318,238.357755424,66.2136422512,39.4759284353
376.957141472,238.068467059,66.1143996363,39.4592145636
375.546566803,237.942298235,66.1102542411,39.4754054345
374.550063231,238.191680134,66.0141073808,39.506581227
373.792782958,237.898886027,65.8183981174,39.6373797438
373.307993685,237.453964749,65.7764034684,39.6797641748
372.385969806,237.860917249,65.9093644777,39.7269202717
371.478222567,238.05590976,65.7249913962,39.8204989119
370.455681113,238.249661586,65.7013179621,39.7965062251
370.363472925,238.15650189,65.5175375522,39.8405658997
369.168296502,238.305433374,65.3674283824,39.8656894167
367.761221426,238.684834892,65.4008087092,39.8123227294
367.471652151,238.330774139,65.2986622357,39.8686974852
365.437145551,238.727069609,65.3736277929,39.7979054416
365.003156945,238.565531503,65.282761477,39.8257953136
363.212218339,239.328870519,65.3740900779,39.7208221704
362.431835452,239.079627468,65.3992529242,39.823572502
361.683521899,239.167445985,65.3051666493,39.8071105055
361.037632436,239.22148528,65.320019653,39.7736332461
358.850062983,240.037839345,65.2856236278,39.5483841366
358.009174,240.37055376,65.3315677348,39.3638525543
357.963776386,239.891545863,65.2149611495,39.4871756901
356.273178337,240.161833966,65.0769376119,39.5328346505
355.956313833,240.185944418,65.0426693785,39.5700751992
354.446024709,240.300118475,65.0812308243,39.6194948615
353.998597324,239.809200146,65.1627504732,39.7510568987
352.669188188,240.616188445,65.2612486069,39.7104443199
351.419897341,240.574213123,65.2456539325,39.6674423143
349.503801437,241.179881794,65.3697501903,39.558045129
349.033539433,241.234753233,65.2540766732,39.6506409162
348.9337685,240.810767076,64.9276090404,39.8705969368
347.046595051,241.563082,65.0186563961,39.6468080812
346.738780113,240.902199337,64.8133023847,39.7193185857
346.144392088,240.812270897,64.8456963506,39.7360228299
344.300087134,241.269619032,64.9147951325,39.6303847495
343.08524263,241.046169501,64.7004790804,39.830940065
342.538357462,241.035351825,64.7847344872,39.9455966821
341.680902591,240.94864321,64.8326335644,39.9216959694
339.773863155,242.286220159,65.0265869055,39.6824327467
339.324324275,241.779119893,64.941880644,39.8712866298
338.75064041,242.161255582,64.9560899286,39.8649753922
337.751090335,241.83675576,64.5018583707,39.9257646321
336.490886893,241.931894408,64.4878259291,39.9104199351
335.385618887,242.248460267,64.370270796,39.9659511043
333.777604498,242.380050664,64.4595145354,39.9693108971
333.273124026,242.354973603,64.5318110773,40.0560409069
332.266304166,242.141067546,64.6670567883,40.0991040251
330.987847955,241.915205095,64.7856893431,40.1315970058
329.758286292,242.705542646,65.0963341617,39.9323744632
329.411012983,242.478143167,64.7780937948,40.1283406988
328.438669617,242.819960387,64.7723705184,40.0653037407
327.355197594,243.192885873,64.7987007707,40.1298556982
326.444293459,242.805053709,64.9645863892,40.3179392855
325.030774124,243.174323791,65.2119894384,40.1659086489
323.264176873,243.800593347,65.3748230905,40.0903415668
322.945857163,243.582634207,65.3477502469,40.2542740789
322.011805877,244.210701823,65.3583741995,40.2650663261
321.128347665,244.075616528,65.4161533027,40.3162495712
320.055118488,243.806855208,65.4506917772,40.3119217632
318.753662654,244.591900014,65.6766617647,40.1079573787
317.45568475,244.680984614,65.3510267671,40.0783484772
317.259465072,244.312037545,65.2567610285,40.2299932045
316.780782552,244.477420713,65.0026171984,40.2689332318
315.779894008,244.135504294,64.8853561809,40.4131194434
314.329931577,244.706375409,65.0749715393,40.3297121608
312.9944961,244.451608846,65.0781605603,40.460269269
311.547774446,244.435040819,65.0303671331,40.4964906854
310.264929545,244.580854147,64.9693484276,40.4835505818
309.792156874,244.121018543,64.8396525614,40.6306361008
308.927268454,244.057089081,64.9044119163,40.5658866089
307.897845955,244.063009843,64.8858629058,40.5234771359
306.822286595,244.517943872,65.2027872038,40.3971427104
305.243356953,244.36207531,65.3758046643,40.338471956
304.63561562,243.976205479,65.2358368183,40.422981686
303.260959991,243.852168495,64.9107903295,40.3762739101
302.090251967,244.06354531,64.9257679511,40.244090598
300.873650868,244.272028029,65.0630910226,40.0565343933
300.0519744,243.810887019,65.0487170743,40.1746090883
298.562631256,243.84712194,64.929078111,40.1897749046
297.941339732,243.507809941,65.0245695306,40.2449295496
297.168014322,243.387757115,64.9933427096,40.2358319073
295.382773306,243.741870066,64.8482271133,40.17165857
294.464433522,243.580142041,64.7026897262,40.1467844214
293.453755494,243.674984146,64.8123415997,40.1063394391
292.153019033,243.828182845,64.733493783,40.1009512195
291.148530652,243.930054232,64.5806234304,40.1128543695
289.972799526,244.364939692,64.3634144553,40.0103034687
289.438700055,244.362788058,63.9775954002,40.0882685421
288.313744889,244.608745521,64.0262184639,39.9396805121
287.168908111,244.484566162,63.8375666521,39.8891196722
285.468326084,244.169926894,63.7223279839,39.9040778107
284.543842966,244.145120658,63.7050803026,39.7286586983
283.385247205,244.621178733,63.6942643655,39.6669884948
281.621829716,245.57773582,63.6820559163,39.5493581478
280.807619951,245.44420828,63.5361130026,39.5393272094
279.464673121,244.659413571,63.4197641452,39.7047871214
277.738155175,244.662161887,63.4490129196,39.5822518011
276.596559423,244.815237239,63.6342916341,39.4944805928
275.67427849,244.690366989,63.42846135,39.5585788663
273.614265389,245.015315373,63.3584426719,39.6292679221
272.566657329,245.652466424,63.2822127077,39.5655367517
271.607852269,245.384706945,63.3179364635,39.4799577275
270.826890916,245.32323466,63.4637275546,39.4101562531
269.516131528,245.381314323,63.3328237597,39.4340057044
268.205919282,245.559983164,63.3982527149,39.3750702431
268.104327292,245.868585765,63.4120198532,39.2976638369
266.895999388,246.066024101,63.3505963437,39.3064498768
265.462109931,246.211155715,63.0220737974,39.3923712604
264.507946683,245.885071466,62.7151571905,39.3984101519
264.167473279,246.037441198,62.9077003801,39.3487242658
262.356595715,245.983759705,62.6773079308,39.4128356892
261.822176275,246.339975185,62.8549156911,39.3382754598
261.123635076,246.295231806,62.756570719,39.2718523053
259.908396763,246.584541242,62.7723282401,39.2208045755
258.611364755,246.339800907,62.7920888658,39.2296607181
257.689857291,246.565510494,62.7508287156,39.2263526918
256.720426289,246.13333839,62.7129550093,39.2473511982
255.744203163,246.63215014,62.6573956409,39.1785434801
255.536376647,245.996729293,62.633850955,39.2221710766
254.602650566,246.136810573,62.7421464127,39.2660738142
253.937510012,246.448829836,62.9307690945,39.3505081362
253.239284938,246.729312412,62.9741232353,39.3483305083
252.455054769,247.173291621,63.0498878849,39.2381865386
252.027207857,246.666116865,63.0665395217,39.3519807382
255.378458202,245.987946959,64.1851619546,39.3384175808
269.741000594,245.459187631,64.3044585036,39.4242378942
290.869263374,245.362687796,64.447221121,39.5517123592
306.311752875,245.308754968,64.8339935216,38.9996316336
312.266332452,245.986823968,65.3298569902,38.9603487063
308.320744047,248.08621599,65.3085639361,39.034493378
308.184467998,247.606377143,64.9656764986,39.3681837793
307.038881098,248.497281669,64.7626612749,39.4168984568
307.18697257,248.311768826,64.6369021665,39.8077059754
305.857752046,248.77872208,64.3794072224,39.8138711103
305.918039158,248.129439795,64.3986191673,40.0160749958
305.174965694,248.72581933,64.2713934107,40.0383568484
305.06413651,248.747517504,64.2063544218,40.1375633759
303.796378712,249.385570918,64.0074442339,40.0189975838
303.246093283,249.98356986,64.1247499908,39.9947192513
303.000055296,250.120377717,64.0933203368,40.1112771809
302.361122917,250.480510232,63.9974663547,40.0711894221
302.370648464,250.008739953,63.7123039475,40.1825627734
300.871596098,250.722584037,63.7110729123,39.9369154147
300.829466865,251.282480098,63.787760616,39.9319039571
300.69888256,251.284679998,63.8792563793,40.0271366676
300.426263425,251.714603074,63.6604213966,40.002301103
299.934855115,252.437682243,63.3083221405,39.9448092754
299.116188594,252.720771624,63.2443705348,40.0082324695
299.040116701,252.492760156,63.1984067216,40.1869182416
298.163423455,252.578777387,63.2163088514,40.1553244077
298.123414394,252.820940956,63.3241926,40.1840245798
297.424339414,253.232721861,63.2691692791,40.1280898295
297.173504382,253.686403938,63.5549631672,40.107794841
297.136323874,254.165675057,63.6610060709,40.1103628371
297.080295969,254.121558987,63.7186672222,40.0566939625
296.13404154,254.626103817,63.7240619128,39.9003975185
295.720248859,255.081919216,63.7988159351,39.8606936837
296.030118982,254.885262678,63.7540464103,39.8885317314
295.641854706,255.610562088,63.6520140636,39.8351586491
296.018319676,255.27550218,63.5819337082,39.9611865255
295.104534133,255.453237755,63.455442213,39.9095254646
293.936621945,256.392320739,63.69943586,39.6707902576
293.771486751,256.459536642,64.0028172434,39.6757180907
293.970773995,256.470059621,64.068935735,39.7659661119
293.67234601,256.511437463,63.8210261028,39.8265763616
293.901512564,256.586219565,63.9063535743,39.9745576505
294.297703405,256.559565944,63.8987025665,40.1523659343
294.107933126,256.677873049,63.7246674293,40.253897993
293.708163275,257.323706342,63.9919293089,40.1956083877
293.276300762,257.762982157,63.7584948304,40.1544098679
293.123413805,257.673560789,63.9039356621,40.1471198439
293.41287979,257.405254436,64.0076525302,40.2689502644
293.813624172,257.115918963,64.0579924593,40.3829319559
293.124489842,258.314564441,64.0813897266,40.1234693511
293.54527633,258.47391246,64.0197673692,40.1163831178
293.294701214,258.458466284,63.9360385014,40.1519093317
293.560186868,258.305325365,63.9496650586,40.2265136832
292.666582969,259.485269306,64.0410264181,39.9256775524
292.916919684,259.315747383,64.0528713942,39.9761680412
293.151340995,259.574787179,63.9941615367,39.9690727518
292.941229822,259.891992652,63.7405110553,40.030497456
293.266365816,260.271735257,63.7763189261,39.9358645068
293.442086764,260.113171516,63.929275198,39.9123406547
293.920103474,259.920819562,64.0608186444,39.8734271108
293.762496832,260.615946323,64.1233742758,39.8140351586
293.800198182,260.618823085,64.2127493767,39.8646054109
293.480288078,260.595933913,64.0502158443,39.9136876648
293.018399643,261.25671722,64.0943631628,39.9062527872
293.156574951,261.451128753,64.292186629,39.7988248278
293.326835442,261.673497568,64.1770456946,39.99297222
293.48799387,261.569045524,64.2856498875,39.9977495473
292.727980405,261.907904979,64.2507381434,39.8770307378
292.751757036,262.244825271,64.1316219199,39.830101913
293.229396526,262.289290575,64.0521393773,39.8434620029
292.678702813,262.870970321,63.97792246,39.6852386428
292.466421766,263.443633266,64.0788471877,39.6329432064
292.984087418,263.371325428,63.984976731,39.7047965259
293.567370934,263.606475957,63.8885034507,39.6264106105
292.17972175,264.412139301,63.9853736444,39.4678769249
292.76016515,264.163333685,63.8995842874,39.6251298113
292.636535121,264.35279696,63.8464284116,39.5636330999
292.389808573,264.513801941,63.8192541872,39.475872641
292.280760118,264.423012066,63.9273962566,39.5925745015
291.852205717,264.477422449,63.9577215206,39.6736280858
292.276578795,264.495447001,64.0931781659,39.7397085091
291.905786874,265.157646844,64.0959468212,39.5648878709
291.932936537,265.621093177,64.1440031823,39.6595724446
292.045116081,265.595375292,64.1088552692,39.6183302038
291.792412826,265.578327248,64.0965265968,39.5779519125
292.440187115,265.564727058,64.099427296,39.5450463131
292.191395013,265.432609359,63.7931936931,39.5487725175
292.344715906,265.75882718,63.614982601,39.4947269781
292.059728834,265.260758062,63.6170132314,39.4721720058
291.699706424,265.848817347,63.5397530637,39.4644210589
291.347768466,265.949979588,63.6037896274,39.3805575236
291.200773129,265.80439212,63.540962938,39.4001526579
291.426700896,265.298675411,63.5446108671,39.5602534099
291.406999995,265.479656973,63.435250353,39.6043222529
291.267577524,265.318371337,63.3273347621,39.5538538915
291.894816234,265.405540697,63.4999888767,39.5254718972
291.467996019,265.524208088,63.3803613938,39.4555595434
291.170690419,265.497593593,63.2941031922,39.4149859484
291.471264883,265.515570037,63.3308628429,39.4240504164
290.925107013,265.801924227,63.2186947153,39.2978323557
290.106322446,266.481479188,63.1438508966,39.1572319871
289.484944468,266.151208217,63.3891272342,39.1777644668
290.369694917,265.968841966,63.3200638825,39.2062563503
290.253302893,265.730944172,63.3970875678,39.2689327709
289.901971594,265.983011775,63.4703825172,39.3146892143
289.752409474,266.334718766,63.5267736657,39.4067955975
290.216274792,265.917563857,63.4896801891,39.5543444549
289.776022796,266.54909358,63.6338512879,39.5599546139
289.455758389,266.924110167,63.5502169858,39.5433245271
290.052925929,267.079260633,63.5922629609,39.5619402328
289.87755781,266.854626785,63.3101073645,39.6367377839
289.874185632,267.068624413,63.2894351309,39.5904189646
290.065087651,267.305241274,63.3052802614,39.5006070811
290.185555894,266.780282872,63.4210189225,39.4654479101
290.305570326,266.957285916,63.4220940948,39.4512569033
289.615633728,267.029532712,63.3536565585,39.4178638136
289.735523394,267.223772639,63.199599546,39.4744366426
289.432390206,267.363480969,63.2274495163,39.4945184795
289.194471322,266.886498181,63.2621889507,39.4484618837
289.193378615,266.967777551,63.3793707766,39.528635444
289.097652263,267.230604591,63.4823705514,39.5857174394
289.703586271,266.808246548,63.6064549376,39.6067382826
289.390234217,266.909972047,63.3272225055,39.5554808917
288.628852397,267.485780469,63.1909077865,39.4808538165
288.962810602,267.160227094,63.2546113907,39.4546648222
288.996269569,267.628520303,63.2494029984,39.4364884087
289.424206777,267.395331437,63.2230986973,39.4210043994
289.127486411,267.320688793,63.0698387835,39.3523753006
288.894778504,267.547604849,63.0396396822,39.3756344712
289.343904711,267.617461975,63.1126955003,39.4183325896
288.96639728,267.893330771,63.0437279443,39.4404273301
289.587841341,267.199157424,63.193347494,39.4681567455
288.641265027,268.021646302,63.0289022469,39.3222520166
289.268587172,267.377330142,62.9321004731,39.448195128
288.922662203,267.657445287,62.7872649925,39.4497514897
288.846948354,267.700777228,62.8726938079,39.5557116711
288.760023739,268.03599121,62.9197399673,39.6165184358
289.298663196,267.744102339,62.8549992478,39.7257936148
289.031149044,267.659251367,62.6768920721,39.7112793417
289.510342358,267.24518398,62.6882903006,39.748816736
289.009313338,267.802076984,62.5721054806,39.7016316478
289.874179131,267.365514548,62.6097889408,39.7132800392
289.870251228,268.186936392,62.6911657728,39.6554260178
290.314709984,268.159133247,62.7698822817,39.6978040723
289.591618809,268.604917962,62.9946140651,39.5772571406
290.096233408,268.781985577,63.0430862168,39.6816351412
290.690622262,268.519721267,62.9762698644,39.8632843458
290.442337229,268.563254482,62.925466456,39.7413927479
291.276692912,268.586752351,63.0556933636,39.8470067765
291.067829746,269.090796502,63.1366572379,39.810634342
291.036762778,269.889162122,63.1578369528,39.7464425873
291.29378409,269.721719937,63.4509203746,39.7866086624
291.625417011,269.65293041,63.4821335212,39.8820769912
292.46239865,269.34346226,63.3424436298,39.9644355296
292.066925064,270.115224387,63.1986307676,39.9055640339
292.062750683,270.240394167,63.4512209902,39.8143910031
292.285510258,270.481679721,63.58110869,39.8291761317
292.552972713,270.735256432,63.5630519527,39.8840543348
293.408221153,270.581030659,63.5236187346,39.8756175495
293.319856715,270.695851519,63.6341479142,39.8233511899
293.121956135,270.87278347,63.5996772981,39.8897411915
293.18313122,271.161784122,63.5771029577,39.9041141528
293.248375545,272.053498473,63.7118263068,39.7671184454
294.174969212,272.36893861,63.8067171291,39.5981561084
294.660087505,272.807442145,63.7623682453,39.5416754591
294.728922318,272.943792685,63.7245911699,39.4867217401
295.00068524,273.311229169,63.8020973843,39.3451709294
295.388091582,273.968288094,63.9662841744,39.1451895379
296.015156497,274.301532385,63.8906117246,39.1584428159
297.014334386,275.208786961,63.9535218916,39.0831973169
297.705362161,275.186311878,64.009287968,39.1325536092
297.4873905,275.280014462,64.1065706325,39.2086658216
297.618789342,275.337698174,64.1842680589,39.288240916
297.805904077,275.697768779,64.1463708193,39.3829366252
298.31478979,276.164477906,64.0661950002,39.4134542848
299.442378282,276.357403436,64.1863286762,39.2265508919
298.977120213,276.804204198,64.1392656959,39.1925634419
299.789501962,277.869972232,64.1904444993,38.9414370923
301.041661693,277.520515518,64.1982007014,38.9877632256
301.164638418,277.396445718,64.0525747277,39.1161864942
300.953639768,278.058488758,64.0045613292,39.0550212695
301.618411788,278.781267763,64.2355418734,38.9187636831
302.364512528,278.273306887,64.1858741244,39.1042388347
302.450102827,278.578911438,64.0525259735,39.2183875023
302.456584196,279.3138691,64.070363574,39.1643252027
302.762861611,279.487678031,64.0165208679,38.9806233317
302.461163617,280.194070433,64.0399598477,38.9078415427
302.254490468,280.383036225,64.2092360629,38.7885371931
302.857313182,280.638999208,64.1866124185,38.7729603544
303.80712542,279.861972989,64.0021417564,38.8792092946
302.963818406,280.114948685,64.03640977,38.9478143726
304.177332022,280.889180402,64.1851088079,38.735563693
303.637635825,281.041428498,64.1443192845,38.7719937615
303.917657794,281.163369574,64.0841682665,38.8079457011
304.560256446,281.495160063,64.1660832409,38.712741322
304.339978799,281.980489794,64.1092505595,38.7353437342
304.37212503,281.988233818,64.0965070143,38.6594263079
304.422861732,282.066629405,64.1040032619,38.5002395233
305.473254481,282.55597514,63.9954237404,38.3285462459
305.814904195,282.683877575,63.8863600494,38.3545349998
305.32525918,282.934664459,63.7098965868,38.5105019711
305.61706284,282.81834963,63.5348033489,38.6998396499
306.16371356,283.206513571,63.6024259858,38.6589873072
305.821438459,282.945564967,63.5657304228,38.6893941523
304.975296722,283.383904895,63.4909502781,38.6090633455
305.814717776,283.703922,63.660153759,38.3954601059
305.635112228,283.86959747,63.6503563136,38.4975692825
306.442048166,283.556161882,63.5822696251,38.6676444965
305.897341016,283.8175319,63.4416095203,38.7075106765
306.163266177,283.86045373,63.6648153413,38.646666651
305.446152629,284.240309794,63.7074610219,38.6190927397
306.342336912,283.9117842,63.6635854104,38.4992377953
305.61679944,283.95280559,63.6540547345,38.5750886125
305.985834292,284.356979658,63.9973440591,38.2962422742
306.201022657,284.478896911,63.8963688512,38.2541632915
305.626781754,284.940416137,63.824096153,38.2690569733
307.078318855,284.635042149,63.5501201291,38.291152219
306.948479431,285.180223297,63.7114896017,38.226752276
307.415431014,285.151153259,63.7956231575,38.1726603002
306.5446941,285.285599648,63.6520713655,38.2242354999
307.564696748,285.64628937,63.8601699272,38.1232168484
307.15482708,286.087397229,63.8517721621,38.2004074472
307.539921183,285.724509926,63.7665789535,38.3629031387
307.207274777,286.315502093,63.8449121046,38.3386847896
307.176591422,286.233776612,63.9827472441,38.4238510105
307.892509844,286.637974489,64.2161376953,38.2422935244
308.082147166,286.129111392,64.2089684112,38.2163978196
308.019773897,286.355437239,64.2274203837,38.2285849585
308.033432404,286.699558563,64.3115831146,38.2067890565
308.996524073,286.062408812,63.9418502624,38.3170339267
308.713815021,285.97182913,63.805142817,38.3439376323
308.532634938,286.038496594,63.7962839136,38.3094108946
308.788687636,286.014291302,63.831560098,38.3206587654
309.631435464,285.715285718,63.8874700492,38.2939854199
308.531280263,286.036927172,63.9805063951,38.3544884091
308.911664458,286.248890514,64.0968363866,38.2792508335
309.475357116,286.394334938,64.0103921895,38.2179812504
309.903402074,286.099750137,63.9670915348,38.3266307227
309.957898192,285.998924924,63.8752929518,38.3944634626
310.342710701,285.705085185,63.7218633147,38.4008182433
309.853822843,285.464807156,63.7283793166,38.4790599659
310.744774755,285.400429217,63.6111707561,38.3737936134
310.838412664,285.051651622,63.3976821033,38.45331319
310.875954446,284.738915304,63.2363996942,38.5243063465
311.051652807,284.30480016,63.1867517254,38.5410773096
310.47336125,284.097134095,63.3186791391,38.4733912796
310.500269259,284.156465186,63.2842303556,38.440224219
310.702890975,284.623112669,63.3389658928,38.2403445603
311.470438431,284.318555512,63.0986751956,38.1699375509
311.085340667,284.011005025,63.01765387,38.2773523877
311.096021224,284.245945364,62.9715965381,38.3050766145
311.148181745,284.235333641,62.9401542729,38.4096940757
311.207335122,284.304467511,63.0460679291,38.3807981908
311.389004766,284.462431184,63.1276194986,38.2920585231
312.296417646,283.728226135,62.8722754784,38.2945018008
312.347461793,283.711587721,63.0387001183,38.238403341
312.82857351,283.428882112,63.0167211803,38.3089206502
313.000883316,283.045571065,63.0271896234,38.3791692826
311.837465763,283.356743335,63.130434594,38.3965596651
312.822056425,283.106272641,63.0683572842,38.3276282563
312.52077399,283.641608619,63.2508195881,38.247901343
312.864710651,283.426154621,63.3845499229,38.2869675991
312.390873238,283.097894634,63.3174799904,38.3895038834
312.78387686,283.155375006,63.3724951178,38.4003384156
312.852095828,282.953508543,63.2209656496,38.5609031803
312.566471426,282.420208038,63.0356459626,38.7232776505
312.131929115,282.688730058,62.8946458351,38.8090135742
312.284390629,282.758802698,63.2070314845,38.635976273
313.435427107,282.304290928,63.0346122202,38.5130771144
313.00366461,281.907103815,63.0540103941,38.4884721373
311.498979752,282.000944191,63.1288071744,38.4545214638
312.421317047,282.055710894,62.9334466302,38.4099810977
312.811450216,281.869284385,62.8210506345,38.4580194679
313.032102467,281.752309013,62.8003078941,38.4658428851
313.749887557,281.424044852,62.640843118,38.5500443078
312.928968326,281.319329589,62.6538575832,38.5280394765
312.705887253,281.174932825,62.702247955,38.618095205
313.024010409,281.339854791,62.7950053101,38.4838235431
313.949471107,280.564128985,62.8023069954,38.4124560899
312.797385121,280.709026011,62.8370886221,38.3803826574
312.056436962,280.640894176,62.9259724173,38.3752217608
312.386222905,280.036627743,62.9794098884,38.3612700379
311.983576784,280.047396006,63.1007958721,38.4011455494
311.544138112,279.900464241,63.1979318947,38.3800603997
312.40292746,279.543580695,63.0852545133,38.3640234535
311.708207665,279.299216705,63.181330294,38.3089203826
312.199799931,279.494441659,63.0078791517,38.2906782964
311.07557997,278.682909139,63.0689974125,38.3107206416
311.238186995,278.515531716,63.1236559216,38.3518435461
311.47923161,278.428602362,62.9897626332,38.4433289263
311.148982134,278.339707715,63.0687252915,38.4493524593
310.927607966,277.928137695,62.9256726816,38.5498106795
311.051961721,278.484503664,63.0548167471,38.4772979287
309.965935599,277.970936679,63.1510161205,38.4704305485
309.774270509,278.107809537,63.3430198006,38.356358673
310.291099081,278.120832079,63.2226438587,38.3136161333
310.075137436,278.030368192,63.0272223033,38.372774345
309.480432897,277.67596079,62.9209025775,38.3395883317
310.033678986,277.599638583,62.6264394634,38.3735911606
309.583796154,277.008042654,62.2101675922,38.499336538
309.419689106,276.80784515,62.1262221552,38.5654135929
309.381537231,276.689909926,62.0091110986,38.5277644952
309.495498507,276.34106879,61.7999802238,38.5166852548
309.34470533,275.96092761,61.7359345215,38.5070196683
308.52667635,275.776647718,61.4473682759,38.5157715731
308.279874258,275.592122282,61.3770860565,38.4252065006
308.589546082,276.42389982,61.4992035069,38.1804526118
308.643985252,275.443519469,61.40565268,38.3184154197
308.060813176,275.379507633,61.1611231802,38.3030216585
307.060083251,275.049992974,61.0101324701,38.3313946156
306.936441538,275.294991306,60.9053036033,38.1823819379
307.163869054,274.975699539,60.9647567242,38.0495032102
307.195985716,274.361509228,60.9386108028,38.1354594868
306.423166995,274.964781669,61.0790212987,37.9418684839
306.712581772,275.23945478,61.1095005242,37.8137565701
306.296488293,274.33470359,61.1735937163,37.9122943911
306.345211622,274.14425781,61.1202757236,37.8821999729
306.407623706,273.722731411,60.9493968071,37.8895349737
305.820256498,273.58485009,61.0762706014,37.844991972
305.8943816,273.978099715,61.17797553,37.7280972613
305.841049869,273.967394505,61.1538723913,37.676327036
305.977438063,273.287227643,61.2126831401,37.7845062897
305.833678641,272.700684206,61.1334676584,37.8717060885
305.184249997,273.085872346,61.2041551477,37.8206309147
305.739026645,273.24314656,61.1769416146,37.7855709006
305.962472349,272.448843597,61.1296906174,37.8911854893
305.81292537,272.161381883,61.2309422317,37.8286364659
305.848222876,271.632725913,61.4215302424,37.8381823159
305.761469682,271.78605173,61.5333461922,37.8527070922
305.150428126,271.613956919,61.5730281241,37.8425755034
304.835574971,271.355526321,61.6378368968,37.8992876491
304.154681213,271.856854469,61.662977141,37.9376287385
304.53162043,271.409212767,61.3479676455,38.0462092119
304.570463425,271.88907123,61.1291846912,38.02757524
303.915620752,271.4207233,61.2402110947,37.9925389012
304.263249727,271.073882423,61.2059427262,37.9409737687
305.391608845,270.252903065,61.0971906383,38.1088956706
304.81817392,270.037822291,61.1346744001,38.1159341868
304.510393072,269.412706738,61.2865927543,38.176611555
304.501021292,269.020708991,61.4027287174,38.2367708067
304.437449017,269.559853011,61.5067645488,38.1195799467
