328,286,18,17
328.877492275,286.919704953,17.9078417197,16.8134773198
329.375753881,286.554919945,17.79984924,16.6104217438
329.244914157,286.812359955,17.8496994872,16.5466582258
329.004493928,287.0842406,17.9533420832,16.3709352032
328.795072745,287.319287488,17.9822200481,16.2135603834
328.817460918,287.301229318,18.0018483682,16.044426073
329.153295125,286.985333771,17.9084793559,15.8633964343
328.564931562,286.937758429,17.7810994124,15.9480217664
329.039214307,286.61298897,17.7666524923,15.9200566208
329.377094972,285.989267348,17.8261953975,15.9077528362
328.926170332,286.304078049,17.7785208124,15.8888788307
329.609649504,284.884795485,17.8334714427,15.8239619999
329.415859401,285.545953219,17.7378115802,15.7401454579
329.605839957,285.226037963,17.7186467713,15.7585701296
329.831420165,284.705524276,17.6660657744,15.8270862115
329.07989466,283.838931364,17.5385472061,15.8979057656
329.650431203,283.790548682,17.5531154372,15.7200450829
330.307681248,283.395180591,17.4777884036,15.5422394644
329.30813388,283.337758282,17.4377629416,15.4995597201
329.098437819,283.040243066,17.4444412078,15.5489231583
330.183499387,283.73718632,17.3852179975,15.3802526813
330.179590508,282.907348791,17.3308870609,15.3207760045
330.148380833,283.264002114,17.3570846756,15.136925795
329.768967347,282.598603766,17.3624319884,15.0036067515
330.495980068,282.729983478,17.2985893996,14.7486851348
329.879290461,282.260384977,17.36528029,14.6873785963
329.94258468,282.753164575,17.3715117739,14.6187963297
330.147455746,281.76258473,17.4384920013,14.4885520773
330.291605778,281.811980596,17.4822893767,14.4565477155
329.427076841,281.681564444,17.4667178694,14.539668235
329.724424545,282.883237027,17.3984404902,14.5790687535
329.881789213,281.384245134,17.3982976752,14.6844393681
330.327107271,282.358539025,17.3994661949,14.6841490861
329.84744561,281.760099245,17.3244406708,14.8383583961
329.910148887,281.880263459,17.298653022,14.7457415874
330.380148176,281.040276986,17.2842634357,14.6691402603
329.858751378,281.316483286,17.3282592568,14.6861895432
330.517173175,281.592779041,17.3137806095,14.6762056382
330.11015182,281.824296986,17.2645929108,14.7249146649
330.679410896,280.751669288,17.2635106731,14.7500514434
330.241532509,280.960685779,17.2526562835,14.7679357797
330.758984907,281.20246324,17.3297409851,14.7939183146
330.209799659,281.554255997,17.3849738116,14.8391357616
330.317001251,281.886929359,17.5743796689,14.7523360379
330.390976476,282.972303194,17.620645187,14.6693497694
330.39395679,283.377199699,17.6861461089,14.641128505
330.434083378,283.811672972,17.6419635825,14.9733216478
329.89594321,284.469801188,17.7082286682,15.1484535365
330.724461931,285.069398368,17.6897818008,15.1467963611
330.437757184,286.680115725,17.4180743829,15.2731795442
330.221114252,287.219342114,17.553968473,15.2040182971
331.093470694,288.943388605,17.4554517164,15.0127653057
330.631260115,290.113545545,17.4309557242,14.7576798674
331.073185778,291.357678017,17.2911163964,14.5740823972
330.946030207,292.606332335,17.1945460507,14.564922927
330.921052282,294.097214153,17.1032156319,14.708119236
330.860660309,294.737309153,17.1112113418,14.6969711323
330.871767535,295.704412161,16.996521318,14.7974371396
330.860542751,296.873907771,17.0060958792,14.8641096477
330.751060527,298.35991857,17.0084253524,14.7862678699
330.791195592,300.094026266,17.1466411749,14.8091039142
330.519245245,300.941610705,17.2730293615,14.9108398381
330.911907002,302.697464116,17.2193349218,14.9024560948
330.625604167,303.215065891,17.2640432927,14.8943337952
330.885755068,304.356817951,17.0953581127,14.8458929903
330.543413991,306.295762314,17.1840413235,14.6411860355
330.157737399,307.262894737,17.1844120025,14.5301670722
330.97259679,308.540344789,17.2558015578,14.473447121
330.552980597,309.964954533,17.27526939,14.5781122332
330.277050252,310.917649033,17.3585337988,14.6160312286
330.949969939,311.978487974,17.4477618409,14.6982515384
330.13264234,313.825914524,17.4502353944,14.7674410553
329.949418434,314.713215182,17.6365335766,14.8202559204
329.871560302,315.957154949,17.726406839,14.8144072556
330.004272302,317.513103766,17.8288972192,15.0011782433
330.593099,317.032225268,17.8356828854,15.116289109
330.152977618,319.077203594,17.8488782203,15.3025937868
330.20228548,318.840615517,17.9720900925,15.3241181601
330.142142129,319.101079218,18.034227539,15.4011936692
330.19574758,319.831004377,18.1288389782,15.2654544552
330.306169778,320.734879779,18.1784220182,15.0975430611
330.420052134,320.880371833,18.1912285657,15.0665626993
329.563533677,321.22016613,18.1303245587,15.0178091007
329.591457712,320.374331283,18.0966579262,14.9699842337
329.956753663,321.584914312,18.1225942218,14.9510541609
329.223486427,320.095625263,18.1907462685,14.9897580863
330.116654496,320.495436838,18.2152122327,14.87557327
329.930678607,320.959142932,18.1618406728,14.7246111211
329.235813276,320.61518523,18.2219451326,14.7186681995
329.712343333,321.108422387,18.3434965632,14.748368916
329.81879497,320.462294407,18.1870140256,14.8441902591
330.201655996,319.93186163,18.1817477014,14.857252411
329.874205072,318.660313838,18.2478061445,14.9133706574
329.843250087,318.290988142,18.2935512632,14.8863110389
330.1484599,316.972326387,18.1322672381,14.9387570579
329.709778588,316.614497763,18.1308821607,14.9813256972
329.782672816,315.858532186,18.3761024992,14.8127402508
330.072053954,314.877817533,18.5341147271,14.6321152366
330.113724166,313.906824541,18.7054654567,14.4548368565
330.074597306,312.845224188,18.8823044175,14.2442196025
328.895879465,311.788760983,19.1825496821,14.1258470903
330.228696258,310.721352942,19.1489413369,14.2004493673
329.461994945,309.81276024,19.3482732809,14.0279290898
329.76162,308.677852637,19.4389590349,13.9034722063
329.90888864,307.59284246,19.3967093511,13.8669724806
328.841491702,306.775696922,19.4087484146,13.7539163212
328.893021212,306.050778812,19.3515209116,13.7277785764
329.712559454,305.745734217,19.1481325651,13.8120750491
329.46283726,304.987854404,19.1214884178,13.8203874322
328.958433693,304.34575705,19.1198102601,13.835335681
329.605518748,302.944955992,19.056347675,14.0313245656
328.866667637,302.919663643,19.1265714451,13.9928525118
329.525281284,302.068740633,19.1388741521,14.1970731798
329.439660858,301.297206886,19.0977518507,14.2871081794
329.336746642,300.853785698,19.0144727524,14.4369908609
328.871762022,299.844744503,19.1576241426,14.5606536996
329.062594409,298.66848633,19.1617617563,14.671750968
329.213594924,297.739684922,19.2139877329,14.767304586
329.547797501,297.239774674,19.2825311892,14.673677159
328.832467469,297.132257094,19.3808809348,14.5830732018
329.334658299,296.577334413,19.405722954,14.4837525139
328.55632435,296.460673425,19.4516154047,14.4572831455
328.662563246,295.928572969,19.5752104465,14.4380423228
328.653190135,294.832861205,19.7064216026,14.5012002311
328.307797108,294.516336224,19.5893527057,14.5018631506
329.209537986,293.80256328,19.4556339196,14.4055369018
329.297939393,293.11329506,19.3787223735,14.2705781346
329.219009555,292.997310214,19.3126792426,14.2674614455
328.798772993,292.874680234,19.2792000378,14.1700463755
329.098818319,292.237250879,19.1391845543,14.13406424
328.164001432,292.021990275,19.1487237816,13.9099593171
329.344734288,291.660785853,18.9420744592,13.7786221634
329.088795887,291.017497279,18.8183171953,13.6302511062
329.316649768,290.551127663,18.6479330548,13.508542449
328.896603608,290.092793304,18.6528008048,13.3601460217
328.695628182,290.236960199,18.7542840757,13.2935404662
328.411765567,290.061589517,18.7775478179,13.1944225688
328.886470967,289.529981181,18.783960975,13.1143494376
328.355812983,288.770123111,18.9267954154,13.077075073
329.028667208,288.40343152,18.8606762601,13.0411529064
328.601684008,288.576383307,18.8640639352,13.0485304419
328.149788337,287.662370683,18.9017029897,13.1603641613
328.868343579,286.910443951,18.7995653658,13.1403614619
328.580914465,286.490415043,18.7784437838,13.1890288593
329.167616435,285.54035218,18.8329371287,13.2612206761
329.21247568,285.033976168,18.6976654801,13.3047278643
329.17678217,284.944541074,18.4614503933,13.3363755771
329.264027272,284.305649781,18.1996030097,13.3077517847
329.632497581,283.465636522,18.1322109635,13.1669727519
329.46718417,283.46379518,18.1415323908,13.1257258719
329.106408488,282.933883689,18.2179022787,13.1362977745
329.697268838,281.997438536,18.2082128615,13.0970865739
329.420353221,281.5405663,18.254255379,13.077988314
329.343395564,281.610750665,18.2559823468,13.0714541402
330.136624758,281.195327298,18.2649545712,13.0474196468
329.918861805,280.307963956,18.3110245021,13.04337815
329.688379053,279.666282792,18.4758206659,13.0989020811
329.558854423,279.141066525,18.4725924422,13.1548117452
329.381945206,278.045416765,18.5747683208,13.2703673517
330.168007342,277.667753744,18.3806375134,13.2934778703
330.480831801,277.159704185,18.3491601791,13.3731219762
329.658639067,275.814813166,18.4358251045,13.3695231822
330.734390231,275.319716036,18.3159466177,13.40594603
330.377295525,274.713688834,18.5233439011,13.3187159758
330.530335792,274.113248211,18.5490549775,13.3242303614
330.761426365,273.829113949,18.5808630313,13.2820959447
329.979153107,273.041266232,18.7603779661,13.2320999632
330.789594927,272.691191848,18.671973851,13.2621368976
330.450947031,271.533969218,18.8414355053,13.3426537151
331.273387109,270.408546941,18.9771690105,13.3936601065
330.830892898,270.027507079,19.075182228,13.5570962894
331.260884162,269.115920219,19.2229601044,13.6268836326
331.512152383,268.9379706,19.1877321841,13.727118878
330.754870969,267.941781066,19.2004711105,13.7042911323
331.377644979,266.777031348,19.0902162174,13.6788785269
332.312465119,266.150825451,19.0006156052,13.6156609566
331.906654433,265.574978318,19.029130351,13.5540790759
332.5243677,265.326501528,19.1212318169,13.5882039602
331.874776895,264.056968411,19.3388361263,13.7718465041
332.417649101,264.001779328,19.3210472073,13.8021862868
331.701953578,263.269725167,19.5964589786,13.8792047606
331.749011998,262.193122223,19.6050671304,13.9554724963
331.818690049,261.313943587,19.7330351776,13.9835126518
332.544950013,260.138635899,19.5680003728,14.0787729087
332.678085898,259.35915572,19.5439425821,14.056111739
333.428047544,259.306684594,19.5019803729,14.1065381593
333.32040367,258.510547188,19.5268646891,14.0309566354
333.158326918,256.892265867,19.6406601102,14.1117029617
333.993797175,257.317321042,19.5392138428,14.0195266449
332.859032241,256.412897773,19.6561765626,14.1211254488
333.733221586,255.194226958,19.7297603494,14.2097036142
333.740488054,254.238269833,19.8838261384,14.2578464249
333.33116019,253.929745632,19.9162073739,14.3014020018
334.25818731,252.806045918,19.9694031805,14.3742063119
334.166137094,252.067562848,19.9335178454,14.4530896008
334.219636768,251.527093589,19.8750363532,14.445018833
334.593235647,249.959086059,19.8219819495,14.4133827169
334.10217581,249.747256525,19.8678996355,14.3507096369
335.03206437,248.80814162,19.7370577557,14.4727486691
335.009194728,248.279224202,19.6297863286,14.5607862511
334.707357306,246.98598269,19.5918966253,14.7475660121
334.52191303,247.095961653,19.6843538204,14.9121113015
334.888042524,246.214932968,19.7767811823,15.0041372437
335.74672277,245.494652343,19.8637134871,15.1237364219
335.590977529,244.073949427,19.9342491379,15.3724508317
335.396999108,243.437755493,20.062666346,15.432417879
335.6992589,242.87044808,20.0448646062,15.6502061591
336.202182429,242.498977603,19.9825898314,15.7590959088
335.945923943,241.4840701,20.0027435587,15.7740695973
336.909116075,240.602981062,19.900850795,15.6768810178
336.683798725,240.103068858,19.9460822694,15.5638815812
337.072823604,240.104764562,19.9889012418,15.5442742626
336.272349754,239.822400661,19.8654742901,15.6373801633
336.675421718,238.892656837,19.904526251,15.7106711032
337.231228508,238.627671433,19.938351819,15.699880142
336.554433562,237.840722412,19.9641462053,15.6237733212
337.134646853,237.418252103,19.9802851515,15.7529639601
336.832156573,236.482633925,19.9852555553,15.8072851602
337.864358459,236.313774548,20.025702075,15.9144378012
337.043530423,236.451233668,19.8878817429,15.9781356643
337.915367008,236.142526238,19.9652809136,16.0600414147
337.155595006,236.405485338,20.1011678185,16.025120707
337.944886444,236.877549291,20.1632345,16.0245748602
337.69416422,236.442523758,20.3972302246,16.0014165265
338.326767094,236.532279534,20.2422458626,16.0131061698
338.326748105,236.353356552,20.2156318841,15.9481002436
338.789046844,237.71403738,20.1044219202,15.8399928968
337.656278977,237.694741904,19.9181236901,15.7769371937
338.950907225,238.710469599,19.9610791178,15.7158686668
339.093323598,239.566244224,20.0697053651,15.7021505712
338.112744817,240.285211079,20.1369554984,15.6666833972
338.568814387,240.551249713,20.0769738918,15.659291572
339.167192093,241.623108711,20.1729067296,15.7010513087
338.76694186,242.758971101,20.2187470675,15.8295586054
339.071563024,243.416009329,20.1534576809,15.9011349308
339.209012512,245.071244301,20.339637318,15.9727889342
339.537583477,246.095619902,20.2885161964,16.0893116366
338.520237789,247.270645599,20.4612262996,16.0473823999
339.235665009,248.217471311,20.422875122,16.0583644991
339.000095866,249.351148042,20.4038775001,16.0566148171
338.903544438,250.505035383,20.3224681841,16.0866883209
338.756312676,251.792720729,20.2900175756,16.1059452491
339.693868414,253.225349185,20.2613983913,16.0575983639
339.158431873,254.531596773,20.2212530532,15.9865393834
339.363225369,255.251209224,20.3611084134,15.9235227874
338.928552515,257.04091356,20.3506616097,15.7793472318
339.500165759,258.164988305,20.342471471,15.7850555925
338.585511386,259.465692795,20.4135206819,15.8298260496
339.032121705,260.952139347,20.3776638632,15.7902095992
339.54574565,261.811225207,20.350817828,15.7628278167
338.964878161,263.010495418,20.4004663902,15.6761093325
339.385945689,264.479054291,20.2577435615,15.5840602808
339.267218037,265.631789286,20.3152713374,15.6011217523
339.146446996,267.027694895,20.5057634867,15.6352685483
339.656634135,268.24913771,20.610763883,15.5891321763
339.179038374,269.737645836,20.6040015264,15.583931272
339.605917116,270.510011343,20.6764084315,15.5360403759
339.236275341,272.559378615,20.6409303052,15.4366792694
338.64307083,274.110356633,20.5269393084,15.4107973549
339.662575449,275.312069074,20.5477953068,15.591759061
338.87650979,276.353797166,20.5052455006,15.5413588971
339.101092,277.624237941,20.4797372759,15.4512918326
338.507308404,278.821877236,20.5190327872,15.420895951
339.241540787,280.263753385,20.6252013821,15.4000214987
338.190587492,281.581534426,20.4485134766,15.285623357
338.836662537,282.665177859,20.3925748063,15.343110851
338.296682604,283.952034775,20.3136575377,15.242562294
338.822425081,285.707420533,20.3754321383,15.1726515254
338.143617873,286.964935555,20.4004544252,15.0321308165
339.017839704,288.856247047,20.5584402926,14.8762904873
338.941925605,290.206478817,20.508214287,14.7964786708
338.553894416,290.975894963,20.5045142183,14.7676250309
338.14019528,292.952200684,20.6970874988,14.7438032028
338.972222806,294.266465447,20.8536703883,14.8998152843
338.011990392,295.800141134,20.9285458165,15.0306107297
337.998472885,296.865335429,20.9870385568,15.1166685397
338.766620152,298.551140379,20.8968526027,15.1576603504
338.070004596,299.697811479,20.9087541785,15.2457242175
337.579473528,301.199212984,20.8921472126,15.3243981342
338.002711826,302.271668738,20.8693398129,15.3960434151
338.583954783,303.791624945,20.7826030565,15.4690219601
337.849651373,304.63939415,20.6887307386,15.3863395808
338.400319723,306.629365639,20.7094053433,15.2461616739
337.851920297,308.177935092,20.5496244375,15.1476730801
337.486165737,309.498690741,20.6133813516,15.1428380944
338.195462146,310.322037634,20.6698989464,15.1758079659
337.855573652,312.413776911,20.8882778087,15.1319697436
337.661524376,313.686751558,20.9801993911,15.0572225833
337.45633724,315.396655465,21.1943147001,15.0899730489
336.791109924,316.76579035,21.4119472769,15.063470237
336.693938883,317.862786618,21.4671465625,15.1300541874
336.436155177,319.438143741,21.6486517549,15.1552480301
335.988592209,320.177570256,21.6774095165,15.1394595512
336.967389804,321.859413504,21.6376841331,15.1583275864
336.729016305,322.729340412,21.4711913951,15.2419215951
336.438346563,323.633659081,21.3802121823,15.3339904289
336.015812569,324.259133325,21.3021169344,15.3774822096
336.886022588,325.233173854,21.2539420224,15.4472348625
336.492950337,325.618505747,21.2747550784,15.4474658413
335.967939435,325.6514642,21.3007442882,15.3536367855
336.614985938,326.038367376,21.1910133372,15.3474963549
336.149311772,326.48178708,21.1922280275,15.3134149982
336.914230155,326.041530253,21.0334446001,15.366619699
337.074308908,326.152464737,20.9636027897,15.4460941112
336.24711292,326.203385822,20.9322165053,15.4059434464
336.295560959,325.815065155,21.0085001593,15.4040378501
336.360562402,324.794490194,21.0301272563,15.5460596938
337.390660834,324.015912038,20.8313668786,15.5805181987
336.044178178,323.062740323,21.0983187215,15.5876179158
336.732069455,321.986476458,21.0943145358,15.610444985
336.233567544,320.528628768,21.3299470436,15.4599336713
336.995831833,318.441361306,21.6195823896,15.4510031146
335.956313522,316.874320287,21.8511623174,15.3508121966
336.099468539,314.711012906,21.8226253552,15.3668381213
336.270138204,312.401364196,21.837042307,15.249015866
336.381776748,310.031704237,21.9442840622,15.1457650042
336.887214493,307.66332578,21.8094360358,15.1800754558
336.675699891,305.847386985,21.596431049,15.1816539556
336.681200809,303.655927847,21.3949567142,15.4217089569
337.135677261,300.812358593,21.0030424537,15.5072930719
337.039591384,299.024204353,20.8939103745,15.7138136197
336.916570169,297.079558595,20.8277088064,15.8168106755
336.737950052,294.926946705,20.9428783957,15.8192643177
336.648969915,292.797987598,21.0856908085,15.7591531286
336.421147037,290.35975,21.0600186579,15.7383156833
337.506373501,288.058223381,20.9349341618,15.7261183335
337.658858765,287.132437592,20.7830949551,15.6193694136
337.052557473,285.244271887,20.860135477,15.6236060962
336.81951996,283.185231393,20.9144197153,15.5434000754
336.81023829,282.359318947,20.5567492987,15.415855731
337.322126933,280.634973043,20.5855585679,15.2702610971
337.046132222,278.89319901,20.6708194228,15.2117630945
336.820149902,277.692793608,20.8351601209,15.2631934054
337.19166015,276.759360095,20.8967880835,15.3844395841
336.076365171,275.66171687,20.9961197911,15.4794378817
336.597343723,273.700593309,20.8622636508,15.5637829342
336.090334131,272.42703396,20.8733943929,15.424410142
335.856825177,271.615735605,20.7330694619,15.4361622408
336.733222311,270.648182184,20.6420541213,15.4209359633
336.441054342,269.56442819,20.5875183301,15.297713476
336.551811297,267.796480652,20.7309563886,15.2315684998
336.082548334,267.620561291,20.7970527045,15.2522142212
336.579210168,266.28952195,20.7287726794,15.3720112751
335.778390133,265.00467038,20.7485894008,15.3026400902
335.992513746,263.592346364,20.7126378925,15.341753501
336.418397854,263.397254979,20.8492616117,15.4223876848
335.270449758,262.324508383,20.8370861909,15.4821364969
335.447378908,261.356218661,20.7196207602,15.5041457271
335.678001469,260.353205078,20.7232304165,15.346782734
335.520717421,259.623498851,20.6642929494,15.350792694
335.412909147,258.945863262,20.5491232103,15.2803753684
335.621386073,257.536052901,20.5720198375,15.119638681
335.89607701,256.64631789,20.5691243404,15.0011351647
335.106232043,255.749354535,20.5269611612,14.8932511097
335.806073446,255.749875296,20.7497521913,14.9726349021
334.641594443,254.594611441,20.752603172,14.9729919623
334.666096843,253.661745582,20.7933571412,15.090867898
334.703457355,253.120011226,20.9618628544,15.1724851701
335.266834152,252.136827098,20.9469343683,15.2779139247
334.464640918,251.741689166,21.1261464799,15.3228605267
334.592256718,250.91195336,20.9490894713,15.42462626
334.701116066,249.929948465,20.9136560994,15.5004826168
335.311741219,248.998320024,20.8804605928,15.4351308422
334.524602904,248.691578888,20.979025044,15.371038598
334.779708999,248.621580933,20.9663390221,15.3307241994
335.485541436,248.185105098,20.8406331529,15.2941790852
334.727440208,247.642301204,20.7374113856,15.2255515113
334.967174047,248.026127527,20.7585620454,15.2272966604
335.285854956,247.210984206,20.6219200132,15.3021960433
334.939120231,247.942253971,20.6555162166,15.2517224962
334.490711472,247.723126189,20.6927156681,15.2390619192
335.622194082,247.449930363,20.695489411,15.2917108361
334.936686712,247.925955632,20.6218903374,15.2534170261
335.071517356,248.254772097,20.6953234572,15.2212034758
334.791987575,249.021658973,20.7457684196,15.142633734
334.790179684,249.374875181,20.7913872035,15.1468393639
334.529671843,250.288991224,20.8611802865,15.1310359908
335.170195349,250.497034889,20.8071187303,15.2301414665
334.733911044,251.652898946,20.8610084844,15.3278331272
335.503625815,252.916627885,20.9343711944,15.4053857591
334.97056648,253.488874768,21.158715939,15.4835657677
335.312024797,254.714441191,20.9653061738,15.381464132
335.363621115,256.465949318,20.9254354634,15.190826523
335.191000843,257.374039208,20.6845121888,15.0738081524
335.656792602,258.907439654,20.5655146209,15.0712474779
335.978272089,259.562736327,20.4697800507,15.1685684133
335.09799943,260.376003813,20.5829973482,15.1742159192
335.609252784,261.790319526,20.6250832415,15.2012792641
335.95038976,262.242631686,20.6345576695,15.2753484897
335.408284349,263.061992702,20.5753711594,15.2384215353
335.826719901,263.439896255,20.5959241965,15.2077244832
335.233054035,263.222558626,20.5883116655,15.1198778264
335.939344126,264.302620058,20.4752740291,15.0645439828
335.526330902,264.487538195,20.3914607881,15.0484742974
335.462593684,264.54185252,20.4640978067,15.0291708452
336.002170291,264.070386101,20.5082130787,15.043487995
335.540898526,264.680491679,20.5714512854,15.0575607619
336.414172551,264.218884049,20.479155407,15.1382643079
336.150256109,264.825129315,20.5473368513,15.1802891865
335.770282594,264.499308111,20.5112940693,15.2115231181
335.266632345,264.300577223,20.5039069095,15.2149054785
335.974914588,265.084166452,20.4419918481,15.1553937271
335.243689687,264.996600289,20.2631021103,15.0659496783
335.659676371,264.158961857,20.148814382,15.0924039962
335.04672575,264.136059699,20.1027602526,15.0921635775
334.659960232,264.01985326,20.0431694523,15.1046477445
333.973426584,263.654236199,20.0654802227,15.1133227124
333.854678506,264.046265387,20.1921542227,15.1060839819
333.233511414,263.64499826,20.1861019049,15.2506237875
333.506663118,263.886447817,20.2229632492,15.2407511874
332.096690991,263.015886529,20.1895268225,15.3229700461
332.054660269,263.230780576,20.2244258705,15.3117980671
331.397381492,263.270786849,20.3076265651,15.28384329
331.098654932,263.306490099,20.3190525996,15.2867284441
329.921338359,263.190134262,20.2863544987,15.3047982645
328.711878331,263.047571717,20.3409728731,15.4220652758
328.759918977,262.767935895,20.343909842,15.4238227283
327.749687306,262.289851396,20.2306797273,15.5160479717
326.682557637,261.754474865,20.1512072995,15.5449228087
325.96103029,261.947617791,20.110054482,15.5111280977
324.265785836,261.780932893,20.1256337509,15.4547669937
323.281962444,261.400949466,20.2537058402,15.5299918133
322.237316436,260.934309051,20.2611778447,15.6205088621
321.700892075,260.949403057,20.2073264043,15.7065695615
320.856541761,260.867581277,20.2244825993,15.8590961342
319.071541951,260.577726121,20.0912084466,15.7949499802
317.12191366,260.529101576,20.0970636437,15.7672540629
316.090982827,260.224135682,20.204782025,15.8783358331
315.663008651,260.308895999,20.2963038477,15.9419641178
313.598648163,260.263230927,20.5025554462,15.9472718252
312.315185608,259.612562198,20.4821146896,15.9842377685
310.831678852,259.746286321,20.584973148,16.0695062057
308.777829944,259.985140262,20.6098109717,16.0976254541
307.213053029,259.237831386,20.6403307302,16.1202521438
306.570478323,259.21278169,20.7120170744,16.1286876952
305.655805861,259.127402299,20.7769317136,16.1435362374
304.377921573,259.590894277,20.546468771,16.1218076597
302.650953163,259.691548829,20.3920329034,16.1708787442
301.526884028,259.624049711,20.3406280315,16.1530473177
299.954538002,259.70942316,20.4441800043,16.1535780913
298.321306048,259.795279281,20.4244538779,16.0010280895
297.083758819,259.83032335,20.460633322,15.9142780153
296.021506271,259.317240203,20.549039223,15.9064241228
294.472094546,259.482177025,20.7221939567,15.8685373626
293.451105472,259.523678344,21.2421964672,15.9452837099
292.509581772,259.955685639,21.7935111172,15.9904469598
285.072125849,260.281603916,21.5304901865,16.0113239241
284.174304496,259.589267202,21.1932505367,16.0125212141
282.385370285,259.545913144,21.0467832877,15.9253937854
280.849854162,259.291594648,20.887388506,15.7981966191
279.605872397,259.587854953,20.7730552068,15.8581883814
278.700291765,260.009767477,20.6832560258,15.8504697515
276.684942162,260.659199718,20.5206311434,15.7882705185
275.579138096,259.899604318,20.4122977549,15.788133321
274.162120859,260.232521165,20.4751029609,15.7213188561
273.121135118,260.465465216,20.46508898,15.6893720881
271.620029329,260.668712765,20.4859484659,15.6752216148
269.139710942,260.156765577,20.4863234184,15.5561163406
268.624977643,260.395350216,20.4619442525,15.5667605655
266.681643789,260.759675064,20.3338858002,15.4420896237
265.531561653,260.693939952,20.3029777418,15.4278488568
263.738206737,260.575738041,20.3019643186,15.4450441256
262.184188685,260.416444319,20.2808357255,15.4449916662
260.224987764,260.322953099,20.3636736702,15.3736974939
258.667363088,260.415727475,20.450123727,15.360398298
257.328301972,260.516247042,20.458452115,15.40623898
255.687587963,260.871868898,20.4760768889,15.3103170221
254.092480597,261.339818203,20.3521396176,15.2678475143
251.874960322,262.051699679,20.2939402886,15.1584317105
250.269777129,261.408901736,20.3608068243,15.1310446787
248.843638502,262.232345379,20.2055309764,15.1839136566
246.687422767,261.96127574,20.4272761266,15.1799228747
245.176452777,262.241307017,20.3587767865,15.158719866
243.154096675,262.56541143,20.3705357286,15.0837084654
241.734706189,262.393211935,20.3310496502,15.093022957
239.229795227,262.28876615,20.4332501899,14.9949897065
238.41887748,262.3173103,20.4308746118,15.0419882311
235.693461245,262.57917467,20.5262068598,14.998834605
234.819706396,262.229011224,20.5480456247,15.0146666436
232.128830548,263.065490259,20.4337665125,14.8341514197
231.125392593,263.443227232,20.4812727633,14.7801679968
229.539436488,263.147236181,20.4298308727,14.7410710793
227.010911057,262.930542152,20.5044741643,14.567390421
225.596755517,263.642296626,20.5978146752,14.5066660964
223.377736502,263.723877949,20.7426774846,14.4999490878
221.773036081,263.737106676,20.6759300069,14.5367871473
220.545849345,263.970251186,20.7119308475,14.5427679312
218.267224634,264.38041505,20.7582821575,14.541504402
216.431991677,263.904819449,20.7774943696,14.4876377928
215.076508393,264.463386706,20.8175305533,14.5058405117
213.972372538,263.77451397,20.8607100331,14.5104082175
212.405903368,264.412251343,20.7424219489,14.4875591751
210.586545462,264.260576155,20.8044663981,14.3984375231
209.154694043,264.916067188,20.7360012289,14.3909570622
207.641577472,265.013203414,20.7977067642,14.2653890594
206.446403869,264.648475256,20.9057978439,14.2579718684
205.592374337,264.824813448,20.8951063114,14.2512753834
204.22736686,264.935541475,20.8503285947,14.1587206606
203.21761782,264.545459044,20.9371819504,14.1151425384
201.936118372,265.094351896,21.1103414356,14.1224240874
201.606846243,265.271997642,21.033150932,14.11687012
201.059828392,265.706544874,21.0885460154,14.0373903333
199.662389209,265.35204641,20.8893497988,13.9421305825
198.621219165,265.25195086,20.7059914543,13.8981108141
197.549488849,265.436102616,20.588037081,13.8383311062
196.693479881,265.604968658,20.4013168703,13.7475875873
196.02100367,265.519759508,20.4054398011,13.6955276008
195.033588631,265.134080304,20.2640699099,13.6589766993
194.528179793,265.324244837,20.2071823112,13.7084777083
194.044397534,264.713442798,20.1484242266,13.7854102271
193.196558536,264.70057943,20.1104259077,13.8279030481
192.8630736,264.41126596,20.1184565372,13.9105049024
193.21524371,263.872290855,20.2222874715,14.0469755487
192.997826203,263.646183717,20.3982737285,14.1073716587
192.683380729,263.212218625,20.4918108364,14.1723480619
192.906646841,262.987602629,20.4703899968,14.2937265239
192.449621834,262.85043593,20.4424915357,14.2325907365
192.631987439,262.901057251,20.4116186377,14.3506365765
192.690278113,262.232446826,20.625060131,14.513849772
192.826880214,262.325020298,20.5892125632,14.6894805635
193.052638805,261.815087728,20.6221550793,14.8224713871
193.833806671,261.496722308,20.591506726,14.9049561581
193.985990777,261.786177984,20.5801895181,14.8692090595
195.053564485,261.147786113,20.4678702043,14.9116360404
195.704731445,260.70603136,20.4398909799,14.8598571771
196.131094849,260.704049335,20.3994165749,14.9721701319
197.297630674,260.49615823,20.3365151355,14.9953456084
198.385885088,260.384850063,20.2968094588,15.0000505931
198.681794938,260.51619237,20.4337624585,14.968880241
199.784851091,260.384776411,20.4484376778,14.9466521686
200.999120216,260.196217485,20.5900574334,14.9585642271
202.023548678,260.261002116,20.630934109,15.0307431283
202.942279645,260.193119628,20.6611690558,15.0216903041
203.989922625,260.042713268,20.7190656029,15.0630480876
205.306915575,259.79533673,20.8965802521,15.1747007732
206.599681736,259.92811245,20.8730372377,15.2050239007
208.493424686,259.427642866,21.063473301,15.2222325729
210.406624485,259.360649987,21.0917683067,15.2921993726
212.340564662,259.247459387,21.0289240219,15.381329465
214.045510419,259.216073045,20.8653847029,15.404191332
216.500280248,259.1574885,20.8864266153,15.3069993672
217.934344937,259.181873289,20.9138081476,15.2689326415
219.995678317,259.306612843,20.9181941718,15.1698538444
222.01709014,259.547189641,20.9801960223,15.0124238344
223.575313669,259.687466571,20.9329320772,14.9199539193
225.768926292,259.404723131,21.0505834447,14.6922656399
228.410535736,259.864980266,20.7405610634,14.7100702772
231.32565729,260.189948622,20.5755344005,14.6532071123
234.053098521,259.614198807,20.5864293352,14.6720502869
237.082048975,259.922880315,20.3654014828,14.6364487506
239.096787632,260.092602819,20.2719893646,14.7973611322
242.382361212,260.958303668,20.0975802576,14.6469348467
244.747754164,260.790108637,20.0863397169,14.7706658637
247.82514708,260.798651124,19.9865565757,14.7438082107
250.801233781,260.90155555,19.8414729781,14.7718709679
253.413034135,261.254907543,19.8278470375,14.7592443536
255.873977914,261.904694793,19.8130811376,14.7585636643
259.193501823,262.00617056,19.9072763077,14.5288703597
262.020998429,262.531880582,19.8816275588,14.5645881341
264.858470187,262.601373271,19.8696507709,14.6334486386
267.305911716,262.903454161,20.0384459766,14.5775961837
270.547239395,263.128331286,19.8923432388,14.5079241836
274.091463541,263.643873701,19.6721987241,14.5002182032
276.834057286,263.731291469,19.7270393294,14.5349508097
280.105167476,263.871451133,19.77740499,14.4959125593
283.557268161,264.359895595,19.8962014756,14.4924675004
286.048808162,264.254661431,19.8162119496,14.4031052139
289.727534936,265.203305419,19.4981508738,14.3157348065
292.819662718,265.106033769,19.6888938789,14.2114385073
296.757686719,265.342236094,19.7112943439,14.0688279961
299.798537133,265.970730068,19.7130009175,14.1645396852
303.351974274,265.959951966,19.7609852251,14.055068504
306.173228061,267.095869176,19.6413405622,14.2008969441
310.219952518,266.697064587,19.7410259557,14.0089301381
312.725269645,267.38476804,19.8499428838,14.0454384161
316.518539716,267.414696303,19.7857172912,14.0322146821
319.858810144,267.842113395,19.7416777467,14.0869408209
323.537581415,268.530262516,19.8121146737,13.9848543443
326.410071631,268.59869766,19.7339457088,13.9962322821
330.10633877,269.075123501,19.7549832647,14.1004239137
333.845511411,268.983118434,19.9192981246,13.9753094577
337.150763657,270.014888346,19.9565096781,14.0267126629
340.107142413,269.472431911,20.0806202604,14.0587783846
343.529383294,269.649011734,20.0953384988,14.1197729996
346.448580323,270.427123159,20.1653135064,14.1553981666
349.706712221,270.426195899,20.1031398286,14.1897008927
353.436523371,270.79662705,19.9572358482,14.1322249169
356.942423059,271.860983353,19.9583902293,14.000882672
360.645298395,272.464372772,19.8914585856,13.9311295476
363.930776228,272.332548121,19.6764933284,13.9637974402
367.077875317,272.56574701,19.6908321563,13.8469864781
369.815430064,273.449093392,19.8073884078,13.8487451652
373.516052762,273.265716509,19.5381730227,13.8447957713
376.717528983,273.908488445,19.3825216809,13.9283662975
379.454956531,274.110015987,19.2984246234,13.9137497661
382.595753687,274.548674012,19.2136448473,13.8316467594
383.654669912,274.331334521,19.1293097309,13.9347648923
386.655461266,274.728691136,19.1714477466,13.8674805146
389.373699486,275.207091634,19.1468517994,13.9201604731
392.745606978,275.114115385,18.7801744762,13.8202963303
395.813091511,275.82128577,18.7111224251,13.832176098
398.270492067,276.063191102,18.6752113501,13.880153843
400.529601994,276.455445921,18.482787147,13.960727421
402.951023808,277.050711565,18.5727414286,14.0463141735
405.48824106,277.577719056,18.3517276588,13.9951671293
407.861469629,277.207787542,18.2103344357,14.0250558679
410.232354189,277.861326844,18.1242903185,13.9617789776
412.088775836,278.497072499,18.1279117819,13.8479756878
414.049567989,278.675557468,17.958788432,13.7471368342
416.613180466,278.714970141,17.9001860666,13.8001960466
419.059345565,278.964967396,17.9832458269,13.7728802577
420.287416187,279.313506643,18.023743596,13.6920681937
421.761876919,279.370210149,17.8753008288,13.57467977
423.31250329,279.748572667,17.8173971145,13.418478861
424.889261272,279.896766888,17.7000497256,13.390038033
426.662763281,280.164743335,17.48550468,13.1809452695
428.337686783,280.318842418,17.3484014355,12.9770537799
429.305589531,280.439575707,17.3013683083,12.9196577585
430.663722811,281.023423552,17.2880112182,12.8670173922
431.305738123,280.922896101,17.3220742523,12.8253910428
432.603766786,280.919479367,17.3299009072,12.8169976389
432.987931882,280.900235582,17.5307384842,12.8061633672
433.77353026,281.281916305,17.6205678486,12.7399963198
434.099800375,281.204004622,17.5386964937,12.7363050637
435.277740778,281.564144462,17.5134552886,12.6342002356
435.301994284,281.617393605,17.6229209101,12.7388968371
435.751433926,281.636659312,17.7532012928,12.6945246394
435.69880537,281.738734934,17.7885043745,12.7078382157
435.831738719,281.905541657,17.7547971111,12.7087772965
436.305272441,282.106032417,17.8299780558,12.7796838719
436.73276818,282.386244849,17.8901006227,12.8394790131
436.415524322,282.13284139,18.0689659623,12.9288314192
436.571843827,282.231609562,18.1578949497,12.9735877784
436.664438211,282.256549856,18.2265181071,13.0122951534
436.676124701,282.326551463,18.3725193841,13.0101623103
436.089969895,282.046829133,18.5109580594,13.0105383496
436.295199493,281.659224861,18.6715176797,13.0485062222
435.29656164,281.892554678,18.852627222,13.0341637359
435.391094335,282.019558445,18.9914504109,13.1859740972
435.350475488,282.1129461,19.1503491497,13.2165214054
434.10208457,281.665128303,19.4180195538,13.2511729722
434.028280189,282.116488055,19.3661509562,13.2970523292
433.114808087,281.936102527,19.4999626395,13.3893773871
433.818434011,282.437807128,19.4827738384,13.3892048376
432.834421903,282.02669101,19.5555741991,13.4085375332
432.548548389,282.54450887,19.5940793595,13.3284773383
432.207888122,282.183209759,19.606322974,13.4458849275
431.100806084,283.012601789,19.5750415603,13.314266994
431.890057338,282.717637015,19.5114888493,13.3680842337
431.037262971,282.59667984,19.6883977372,13.3321384194
430.867010322,282.263454811,19.846176592,13.3622336742
430.261971236,282.829969287,19.8529494008,13.360222169
430.365183956,282.284077852,19.8832955888,13.3225590089
430.088374346,282.741492079,19.807261593,13.283446586
430.172903416,282.659828123,19.7718218222,13.3439146046
429.300593672,283.068734054,19.841834869,13.3736891367
429.993140674,282.900964823,19.7924596159,13.4227451461
429.484035018,283.075013717,19.8747330446,13.3949135744
429.602332426,283.040771588,19.7769629307,13.4829686799
429.113133669,282.962250997,19.6856402966,13.5580979409
428.536315997,282.989050195,19.7084345034,13.5932107086
428.950437102,282.963673632,19.6442105309,13.7011493809
428.160752328,283.071671843,19.661456661,13.7790713297
428.576609421,283.355454878,19.5274852367,13.8655668764
428.955785297,283.771101919,19.4566344971,13.8783394736
428.133399892,283.326604175,19.5971696826,13.8286074634
428.551712822,283.863734706,19.5140032745,13.8407817196
428.808880421,283.497393091,19.5372926158,13.8300533492
428.051578396,284.264020071,19.6346505615,13.761778441
427.969563015,283.81086438,19.7004517223,13.7818380154
427.792924469,283.401468156,19.7860552624,13.8633931902
428.025090501,283.80850297,19.7506196849,13.965860548
428.28957692,284.235279258,19.7535072575,14.0539608659
427.40866403,283.715906694,19.754775028,14.1669301085
427.519393177,284.194207281,19.7609357116,14.2973970145
427.595789249,283.711030979,19.7880978296,14.3864571056
428.493879497,283.734374022,19.7592773044,14.4335601419
428.272661178,283.881816522,19.9360314545,14.4216841354
428.056308216,284.126042528,20.0159078031,14.4563295787
427.821097566,284.452567872,20.0351381845,14.490027336
427.370719088,283.802803855,20.0558973493,14.5131720892
427.622610253,283.560198688,20.0050741705,14.5264984399
427.263773051,283.948915303,20.0588398549,14.4362534782
427.95934594,284.303817031,20.0701138812,14.4408265919
427.379938068,283.69468404,20.0558895923,14.3850001382
428.157884593,284.105486735,19.9775613542,14.4246357903
427.691657269,284.661201011,19.8752796079,14.4146834309
427.226576879,284.18495949,19.7573306177,14.3440968528
428.107563065,284.728920698,19.558428425,14.3426272779
428.192974171,284.754937555,19.4515938836,14.3096026051
428.388781586,284.804002156,19.3414919995,14.2499148334
427.823519876,284.496842615,19.2994121703,14.1878871956
428.329636368,284.272898606,19.2091025271,14.1573169291
427.808711993,285.148451003,19.3817821006,14.09650807
428.463593979,285.07577945,19.3729454108,14.066328819
427.880683886,285.066022162,19.510083364,13.9847355505
427.581299967,285.05118944,19.7014826324,13.9415452017
427.738762718,284.607141671,19.753741918,13.9561319887
428.279789481,285.099244465,19.8227996369,14.0992357223
427.469781631,284.732976354,19.9734922967,14.1491542204
428.465886919,284.7072802,19.9399699799,14.2582027882
428.359733508,284.770822871,20.0369647706,14.3176693144
428.263837984,284.820798229,20.1505070797,14.3990880371
428.25456399,285.02659381,20.2903536633,14.5040455093
427.652985666,284.824278906,20.3381094399,14.6215810515
428.191838094,284.61838624,20.4110099039,14.7034548533
428.132144855,284.938847826,20.5124849015,14.7561301905
428.54235986,285.219533295,20.4248612161,14.8127207182
427.679350699,284.656804109,20.3220568054,14.7362033873
428.085539733,284.952831343,20.2384771867,14.7171746223
427.792083031,284.843361143,20.2029227154,14.6921067054
428.6862212,284.760520112,20.1330155051,14.6934402542
428.321478652,284.692012875,20.0969411048,14.6529746862
428.069308231,284.604574097,20.0840147214,14.5993236388
427.90627341,285.583513976,20.050095733,14.5555117455
429.034034976,285.59872053,19.9229428864,14.4913010524
428.315002125,285.147804842,19.9602806002,14.4535137213
428.799320882,285.678501487,19.9304744162,14.4651648516
428.065289859,285.286233737,19.9554497175,14.3982686825
428.563855184,285.966463221,19.9857560405,14.3661504831
427.955783697,285.675728267,19.9625589481,14.3357966534
428.536039858,285.638182589,20.0292058865,14.3482745595
427.966372456,285.678946984,20.0709851733,14.4309740752
428.422137764,285.820438223,20.0895878399,14.4384604396
428.952721541,286.043355017,20.1646233367,14.4521189382
427.871894758,285.841534117,20.2810848984,14.4749323274
427.865534395,285.596509752,20.2674736706,14.5005220261
429.082884002,286.335296802,20.3406549075,14.5121023839
428.415992334,286.179848038,20.3243700317,14.556270081
428.715261661,286.105003664,20.3265996457,14.5400433694
428.993116537,286.088374257,20.3672951619,14.5140152284
428.473611873,285.994468656,20.3709670413,14.5796125364
428.918401797,285.947609014,20.3934762435,14.5768149734
428.313105861,285.856339922,20.4424327162,14.649888989
428.459673532,286.364403281,20.4943933367,14.7029922305
428.445661269,285.895663137,20.6106887793,14.7655823709
428.651976924,286.387245841,20.61796945,14.8173605437
428.890130676,285.991966669,20.5828609509,14.8625592277
429.166311073,286.458446264,20.526834889,14.8706579586
429.527097859,286.121430423,20.4651233579,14.9750878664
428.928188832,285.870070006,20.4521618642,15.0476955032
429.012760114,286.175067006,20.3966594518,15.0484947367
429.315186323,286.051562154,20.4630660211,15.0458934659
429.443626202,286.485423207,20.4483045909,14.9800661442
429.053391915,286.409943805,20.446636249,14.9009980475
429.717994457,286.297374961,20.4024289842,14.7718675718
429.478281145,286.33036839,20.2990204714,14.6970643033
429.437358942,286.853311804,20.2416662914,14.6802598931
429.362780068,286.657296109,20.1190215233,14.6123714124
429.357930539,287.30637281,20.072705991,14.5164837497
429.036813141,287.216192326,19.9009395249,14.4613078461
429.12883019,287.531749935,19.9321898953,14.3939440861
429.242030759,287.179149969,19.8203800352,14.3199792866
429.512882276,287.565971744,19.7622578872,14.1926631729
429.308404065,287.439191748,19.9099085614,14.0311395775
429.060243657,287.228458834,19.9917855849,13.8996690898
428.8179079,287.042032937,20.0629613808,13.8688803446
429.372099602,287.761067322,19.9487250989,13.8554591446
429.197233558,287.713018754,19.9366603907,13.8882785009
429.204033346,287.753875734,19.9342523694,14.0095350157
429.233768721,287.902199017,19.9051280645,14.1303133662
429.363938009,287.890348684,19.9911086571,14.1400664112
430.138089668,287.443480174,19.9476759917,14.1871267238
430.069580288,287.302358881,20.0984322415,14.1925408412
430.299659796,288.011946684,20.0923139322,14.2364210848
430.336258768,287.985741101,20.0846108225,14.2935186735
430.392466595,287.987158604,19.9932394035,14.315516876
430.513417121,287.989301993,19.918454755,14.2553069047
430.538432302,288.019458246,19.9009794915,14.2115880803
430.7034345,288.04663191,19.9161522985,14.141907575
430.335642114,287.758267051,19.9612766276,14.1180216134
430.243931005,288.10358886,20.1657085121,14.0620307277
430.56388038,288.006573215,20.2196353644,14.0083678246
429.976464608,287.989301585,20.3829690548,13.9782249569
430.514302274,287.931594478,20.3079688042,14.0289859611
430.437611979,287.799898825,20.1749771802,14.0991877808
430.21423317,287.661296837,20.0914857375,14.145095262
430.745984586,287.470488382,19.9353707596,14.1668765172
430.451153629,287.272670409,19.8780695539,14.2430480473
431.458950973,287.797982613,19.7238990727,14.2599766834
430.87623753,287.819460301,19.7089031768,14.2408667474
431.358697175,287.626740259,19.5525229792,14.2837002865
430.806864018,287.546176794,19.5032968223,14.2388027776
431.528027637,287.405118431,19.3457063361,14.1220049283
431.821109926,287.404560729,19.2738923527,14.0591285184
432.084085384,287.452935004,19.2505946781,14.0341783887
431.459904078,287.529314674,19.3085370194,13.9644550759
431.390054526,286.769892884,19.27838403,13.9576525665
431.521418182,286.62006239,19.1834940245,13.9457592705
431.186422667,286.95108782,19.3031994186,13.9475282015
431.101321511,286.857355755,19.3816085647,13.9342105833
431.092171384,286.591713906,19.4361446653,13.9275891842
431.22172181,286.289935463,19.4853233579,13.9459660274
431.470013238,286.882098583,19.6427346444,13.9587797648
431.635022628,286.234446894,19.7045945589,13.997373567
431.593500179,286.077637719,19.8977260391,13.9562428934
431.808478842,285.721683812,20.0391402685,14.0414751604
432.150601322,286.395067032,20.220399931,14.1914342795
431.736533276,286.480823489,20.4404944396,14.2969365763
432.206353098,285.754206447,20.3076014575,14.4249102585
431.475795352,285.962941106,20.4137951313,14.4706072959
431.77933635,284.75526045,20.4672704647,14.5748800461
431.895999982,284.9550476,20.5309133591,14.5628968407
432.222249241,285.042378506,20.5786157568,14.5606132408
431.625312555,285.082226513,20.5844313477,14.4958827022
431.712405982,284.646803584,20.5651190433,14.4850910466
431.981348221,284.066425942,20.4792871573,14.5369356507
431.988692113,284.054873211,20.4609910057,14.5961186169
432.617363821,284.187916477,20.3529207465,14.5662298982
432.498146699,283.651832683,20.2517160722,14.6193369946
432.302417305,283.914285641,20.1974729343,14.6805778492
431.914045616,282.948507682,20.2562969026,14.7406325596
431.935318192,282.867488897,20.2513771861,14.7378431707
431.861977875,282.581941189,20.3317333703,14.7373535288
432.34270877,282.592718961,20.3184338382,14.7200257137
431.949070784,282.485887552,20.3127616829,14.68460023
432.188514912,282.829241213,20.345946407,14.5832926549
432.516750243,281.959275525,20.6155386859,14.5106167426
432.35008273,282.292682555,20.4419555812,14.4830151704
432.658837871,281.800372681,20.3871753121,14.5402547156
432.740975488,281.191694165,20.3390030276,14.5740289638
432.86818081,281.336659339,20.1324522352,14.4159197127
432.2872858,280.837286263,20.1478952083,14.338620589
432.551376179,281.000966531,20.0492103807,14.2336775427
431.759707636,281.217002087,19.8514070202,14.1211483311
432.326836555,280.673019921,19.8291613299,14.0884493782
432.041386299,280.859467493,19.6288185692,14.0493973164
432.748619861,280.865504176,19.3624643382,13.9701051633
432.820843211,280.252146155,19.2668560558,14.0634431757
432.648380689,280.246338221,19.1893641153,13.9969422616
432.305003037,280.250968762,19.1439571804,13.9172163234
432.307209606,279.566730252,19.3247073623,13.963966901
431.98223196,279.241295141,19.2701921991,13.9287737147
431.538562783,279.635754035,19.2699410983,13.8848221955
431.945695331,278.828184449,19.3555176095,14.0649974261
431.528871885,278.946222501,19.4760571528,14.0857819642
431.863718274,278.943652723,19.5562580396,14.1206256794
431.894256732,278.434870723,19.6435394695,14.1569594799
431.681776317,278.556818074,19.7001964052,14.1051828726
431.365137925,278.770782463,19.6915347996,14.0957065665
431.276832809,278.818039279,19.5984594059,14.1166272378
431.114281977,278.959924964,19.5701467732,14.1345853972
431.703158138,278.311577157,19.614850907,14.2294711284
431.401885604,278.491642924,19.5133514533,14.1467817218
431.127601626,278.624691162,19.4831169439,14.0710633015
431.079099231,278.246262079,19.5697716267,14.0616875465
431.587068009,278.214295056,19.4827722796,13.8963248035
431.580249041,278.514538159,19.4248860793,13.7590146696
431.599764368,278.797481321,19.3464401998,13.670259503
431.393286288,278.697001314,19.4074451197,13.6537516876
431.109909887,278.636903679,19.4015109507,13.640114116
431.801250737,278.516943007,19.3375290876,13.6819009917
431.447709866,278.475995151,19.2808336334,13.7220416728
431.09660666,278.530903567,19.2939007395,13.7187021755
431.960692898,278.409949651,19.260803179,13.7145795579
431.742427187,278.493450535,19.2742320726,13.7728126855
431.281361028,278.788306189,19.3313489447,13.7941895338
431.768517863,278.939015688,19.2269582095,13.7890440959
431.073427642,279.486338836,19.1221772701,13.6823806091
431.387965531,278.927507438,19.0710165644,13.5779817721
430.962936961,279.057471976,19.0806469025,13.4729255295
430.584340506,279.364078669,19.0308510969,13.4492751565
431.25699379,279.764695632,19.0469482325,13.35830776
430.904879294,280.239424973,19.0103159276,13.3067113337
431.48645266,279.802629839,19.1439938887,13.317898209
430.829940736,280.387028166,19.2726009655,13.3370888839
431.473816133,280.174730321,19.4922784602,13.4593220115
430.551834845,280.63017293,19.5491173574,13.5364371278
430.844287529,280.156089314,19.6179867271,13.6191160094
430.470235989,280.250017958,19.6537886112,13.6779134544
431.636268205,280.374545301,19.6377198733,13.7517349533
431.770214088,280.696710236,19.6288701919,13.8346192409
430.778440147,280.15490479,19.6034523419,13.901935177
431.272401458,280.56538015,19.3840876874,13.9338292925
431.812657513,280.160723142,19.2183029668,13.908782947
431.960289036,280.457748199,19.124621204,13.6877414124
432.262036092,280.884937687,18.9848604385,13.5064155209
431.896379798,280.941142436,19.0231106605,13.4425437362
432.698012791,281.043233443,18.990952897,13.4269141466
432.605031175,280.975887535,18.973869212,13.4439463182
432.452235353,280.949205364,18.9798955099,13.476622891
432.253952984,281.11325729,18.970257664,13.5540623657
432.074457949,281.29545581,18.9402653485,13.5942077429
432.02638274,281.482926035,18.915854039,13.6598282899
433.15120592,281.89060734,18.9231625881,13.6434367958
432.265208961,281.319193252,18.9581014432,13.687581734
432.46458359,281.813381096,18.8715681993,13.6945798306
432.625880234,281.593421725,18.7691453048,13.6760157111
432.947982977,282.379544971,18.7143600173,13.6189800874
433.161066862,282.481993903,18.7360892357,13.6427981338
432.572644106,282.782002545,18.7930935284,13.6729249105
432.657923505,282.375412937,18.9631729207,13.6615998695
432.95486968,283.160346191,19.0491312092,13.6725815784
433.126846891,283.560404577,19.0064572561,13.6839405611
433.23561456,283.043155055,19.005927872,13.6711309213
432.963712225,283.209214508,18.9450644008,13.7504203495
433.134450624,283.088738484,19.0222738433,13.7088228078
433.478750668,284.031022468,19.0654645968,13.7268072054
432.99986771,284.089725606,19.0463242126,13.8230590092
433.338919704,283.238669781,19.1229637997,13.8226097589
433.766215301,283.539922324,19.1885988227,13.8026100761
433.491626111,283.857551212,19.2401490807,13.8701471517
433.27395156,284.350897259,19.2744529486,13.9480046214
433.492426637,284.455564236,19.2739031203,13.967059499
433.760810494,284.726344855,19.3139161421,13.9400333303
433.906486982,283.82147807,19.2419363022,13.9098962089
433.385647812,284.220364499,19.2521659216,13.8406665133
433.203868498,284.072204229,19.2259944834,13.8102767692
434.116525701,285.018443949,19.2212101337,13.8137456208
434.120481498,285.052902099,19.2591761713,13.9936335624
433.391255086,284.70410281,19.34488372,14.0827084727
433.80741628,284.551805948,19.4496931534,14.1370383272
433.370809475,284.385268433,19.6183123301,14.2323239201
433.490764763,284.75265178,19.6611118889,14.4128630196
433.606731937,285.143010603,19.7583725343,14.6024571932
434.131169734,285.102026668,19.9283361091,14.7328993658
433.576349984,284.842717808,20.2339434614,14.8719048479
433.814874269,285.203771791,20.3973605696,15.0932841674
433.541148759,285.291067656,20.5738262599,15.2353713208
434.256154407,285.327491226,20.7061243474,15.3069799258
433.695841915,285.297517212,20.7811260299,15.3010482278
434.267433616,285.443366289,20.7801789792,15.3527857495
434.275879027,285.742459674,20.718514788,15.4427976649
434.533855252,286.200980147,20.648930882,15.6087968366
434.676167986,285.929890281,20.7581348496,15.6726478046
434.86659862,286.283256817,20.7762719624,15.71061737
434.932083141,286.127506168,20.6950522004,15.6311738903
435.470460415,286.484087316,20.8804794126,15.813525247
435.831041103,286.610625048,20.9988861139,15.91696537
435.90397683,286.654866232,20.9419307385,15.9554482268
436.473757334,286.967489836,20.8407267493,15.8124853261
437.053516458,287.840024967,20.9761872393,15.7764363939
436.791989986,288.267268696,20.9001100302,15.8976838245
436.373644499,288.142423433,20.986159182,15.8055947916
437.100995644,288.283607033,20.9388812217,15.7847282771
437.280880645,288.789755055,20.9621267642,15.8296947736
437.648857449,289.458087403,20.8725423152,16.0238010955
437.734667223,290.186484003,20.8095750832,16.0611580563
438.158350214,290.940682243,20.6194201055,16.0170897455
438.127571429,291.704230106,20.345567082,16.1095095577
437.888466987,291.961332667,20.2248153271,16.049133845
438.530620014,292.352674868,20.1740636359,16.0149359607
438.308786602,293.120955107,20.269684724,16.0599256039
439.333879169,293.562112474,20.3223588481,16.0883434969
439.306109039,294.356172277,20.2432028496,16.0500955733
440.280427898,295.04012962,20.0429875151,16.0069150997
440.348325079,295.475269614,20.0107699318,16.0136377081
440.554098312,296.138656705,19.8284972321,16.0744007667
441.472239639,296.777885945,19.6526466778,15.9549412535
440.721546415,297.49145276,19.6400784864,15.8439220496
440.937437183,297.653933642,19.6529748113,15.7398061323
440.826113677,298.12314746,19.6209279867,15.6884231062
440.978559634,299.067592771,19.6115294965,15.63989408
441.113114584,299.884214665,19.5375163123,15.5585283866
441.436067411,300.442601653,19.4576996931,15.5498479107
442.13664787,301.2737551,19.4942366636,15.5106938687
442.087017816,302.007335246,19.4231707902,15.4225753668
442.496690449,302.806838398,19.5861660999,15.3741694719
441.899624063,303.438912687,19.7012834979,15.249769826
442.013394561,303.864183931,19.6219407027,15.1673216394
442.363276489,304.709524285,19.443364927,15.0905979785
441.866497963,305.27591548,19.2775353457,14.9373522415
441.93157267,305.886127543,19.0639662943,14.8116546778
442.093587987,306.699540199,18.9184291156,14.6504912492
441.86282995,307.488415548,18.8876397031,14.5984810554
442.173486689,308.391341772,18.7715857384,14.5496483656
441.125956772,309.09709689,18.6853225219,14.4478956008
442.137535247,310.546263542,18.5859725966,14.3364535175
441.355251884,311.029547622,18.6986904581,14.2053623526
441.241426847,311.434338794,18.6218636144,14.0854691075
440.721447023,312.51227394,18.656509032,14.0420196144
439.908653143,313.267477492,18.606021333,13.9996552405
439.961313256,314.182147928,18.4671409877,14.0142119498
439.765211237,314.83134695,18.4207029418,13.8831231902
439.016062535,315.189627724,18.4992715891,13.8168964178
438.789770242,316.269648798,18.514376291,13.8411942693
438.074638897,316.948380291,18.5797743941,13.8324804444
437.378330617,317.665216617,18.5611452494,13.6798200894
436.160639975,318.005311118,18.4288783626,13.6549085773
435.615634298,319.373242804,18.3224826363,13.6340498878
434.965640385,319.56995992,18.183102095,13.6213239626
433.407808788,320.375476409,18.2675777536,13.5665756519
433.086549749,320.986842723,18.0299964761,13.5348718563
432.126507511,321.658029723,17.9855986448,13.4386620589
431.580716638,322.639647646,17.8723397304,13.4306101964
429.925527358,323.21634139,18.0524499563,13.2920134821
429.079387522,323.452275445,18.0250116488,13.175024573
427.876454065,323.621539259,18.169400138,13.1046490327
427.048795105,324.464285364,18.2011979215,13.1266914935
425.508923923,325.096481192,18.1099998864,13.1511600379
424.193105101,325.888590663,18.052892747,13.0577649616
422.65151058,326.278035144,18.0600682251,13.0918835343
421.497615483,327.069328995,18.1804170694,13.157542477
419.621463614,327.267356796,18.2465447452,12.9506408451
418.805160563,328.106922028,18.2304410747,12.9956721243
417.168767656,328.753579394,18.130595099,13.0422074615
415.079846623,328.885300312,17.9806378458,13.0732761086
413.443906844,329.44070875,18.1098086241,13.0492964059
412.077526364,330.464262429,18.1484084087,13.0084418135
410.23761998,330.989077109,18.1769712906,12.9592385075
408.765756171,331.266486546,18.0261001389,12.9335455608
407.150561912,331.768609154,18.0595489502,12.9416946547
405.247176532,331.923752736,18.1242471284,12.8915635858
403.306568181,332.339130522,18.199486246,12.7873488185
401.531475417,333.081724774,18.0678387461,12.8094912075
399.784996878,333.34533883,18.022591631,12.7742775331
397.648405456,333.588837642,18.0752897414,12.718408502
395.551527247,334.211021177,18.1586492969,12.7569166108
393.505270425,334.984417485,18.0678104706,12.7979041132
391.225690113,335.399254132,18.0680697841,12.7597925416
388.948642343,335.885172337,18.1301695128,12.7024275209
386.508472108,336.110518628,18.206676498,12.7035161517
384.387174095,336.422644714,18.1189655175,12.7191937501
382.173127864,336.996700646,18.2284878431,12.7226201403
379.624157675,337.270698027,18.3215930916,12.7397111463
377.374747698,337.826918998,18.2866482062,12.7544705237
374.720720492,337.905590889,18.2282689981,12.9356822258
372.277370106,338.145231298,18.2667513302,12.8511891665
369.433267444,338.493166454,18.4067999142,12.7759718884
366.754820968,339.013467145,18.3617816085,12.7062682404
364.59514439,339.073845914,18.36802346,12.6818085696
362.186689063,339.060006436,18.3054084519,12.6782911336
359.102284434,339.314656617,18.26247674,12.6755890662
356.12958967,339.694392322,18.1813941751,12.6649413583
353.250015133,339.492236994,18.1916809826,12.6548674699
350.755500998,339.891917561,18.0819372047,12.6936036704
348.048052692,340.037174813,18.097342982,12.6387853637
345.628383594,340.538475366,17.9871539156,12.6361813966
342.185589321,340.484822285,18.0924280153,12.4638451552
339.767811888,340.703268144,17.9559751292,12.3340374909
337.085953658,341.333715271,17.9038218779,12.1849999364
333.905589446,341.179022308,18.0171462034,12.063735896
331.551437514,341.034420555,18.0087909982,11.9009693321
328.435596042,340.940834484,17.8934423485,11.7542178359
326.452673032,340.892964495,17.6408077808,11.7455975459
323.56685934,341.150358346,17.539746396,11.6499997736
320.902922899,341.60148425,17.4401409642,11.5070258452
318.336441865,341.763052759,17.4114433142,11.3506661255
314.57533799,341.688863138,17.2843285546,11.3352545458
312.059127461,341.645929244,17.1188097403,11.265229187
309.858795764,341.223037083,17.0642786603,11.3135723236
306.152665497,341.491150743,16.9458971615,11.2587419764
304.354306208,341.184704807,16.7859109322,11.3313964227
301.90440652,341.286681259,16.5838564605,11.2278216145
298.704558988,341.170200331,16.4238777384,11.2409599321
296.432597325,340.870461749,16.3161744782,11.1473230528
293.419179688,341.043761364,16.2666843361,11.0787360085
292.006702495,341.177295009,16.3348299636,11.0314584926
288.953165633,341.260582748,16.2164665232,11.050866002
286.758911717,341.284666241,16.1039815799,10.9810380971
285.024153326,341.209488017,16.1453365034,10.8516735242
281.704805728,340.915163743,16.1469500756,10.9152714315
279.044183809,341.147986805,16.1720232026,10.9492317088
276.252252329,340.918841078,16.1007128606,10.990047194
273.582790775,340.512358313,16.0547749755,11.057459767
271.738827766,340.16548922,16.1397742618,11.0261065549
269.691591623,340.472799981,16.1965578158,10.9998258524
266.373785556,340.837874462,16.2973794346,11.1396599675
263.334009179,339.668156947,16.4222417317,11.2040016809
260.420836961,340.054901858,16.5076990041,11.1840724614
258.736005757,339.075423678,16.5780473884,11.1736988682
257.00403801,339.229880815,16.6710231246,11.1044223999
254.254264929,339.346487772,16.7492307286,11.1135324821
251.498928687,339.16853369,16.7795098031,11.2178751593
249.403032094,339.093874615,16.637681487,11.2815056199
246.585620659,338.948102868,16.6944718626,11.3895877154
245.174941443,339.043882423,16.7274460965,11.3560925837
242.14233223,338.853492378,16.4974145824,11.5199777643
239.889055893,337.726569849,16.4460549069,11.4640427006
238.23557128,338.047344394,16.3736682267,11.4211154557
235.818718255,337.539333983,16.4449965369,11.4877679203
232.944449066,337.631796975,16.2894707371,11.51289462
231.08221481,337.735548335,16.2534330944,11.4094024072
228.49725762,337.3921273,16.3188877134,11.2934571142
225.670602368,336.984256201,16.2684342553,11.2583790699
224.40518842,336.822088784,16.4218052473,11.2824364316
221.409921236,336.727682631,16.5881485219,11.1771177563
218.625696035,336.45123186,16.5842803709,11.1592322866
217.199476887,335.976399046,16.6267244457,11.1462342631
214.531291813,335.380307492,16.8307436708,11.1511995407
212.335687104,334.831830903,17.009288009,11.1862814267
211.309498677,334.45490964,17.2272224845,11.2489205383
208.549424285,334.050029939,17.2447176702,11.3202122474
207.174926815,333.670672918,17.3406838849,11.3255340702
203.869048948,333.776717759,17.5765507928,11.2518412616
200.818266205,333.750849865,17.547310311,11.2394769181
199.17747985,333.357717183,17.4424112717,11.2648603807
196.615203685,332.68208868,17.5035266175,11.2734929613
195.37609828,332.588670039,17.5313416042,11.2746681974
193.433064248,332.186806077,17.6902673351,11.2197726173
190.844709213,331.417279977,17.9017850871,11.3573722748
189.074397578,330.977928613,18.0584709968,11.4610941611
187.151799479,330.646683059,18.2244026506,11.459997101
185.01083524,330.739160343,18.233300847,11.4143631017
183.030549235,330.460479614,18.1970044856,11.4644198311
180.136362386,329.329829317,18.0834106572,11.3786149218
178.723288928,329.025388631,18.1831335949,11.470826603
175.54662035,327.985430648,18.0711110632,11.4238373666
173.882523056,327.986740146,18.1108964182,11.5071203241
172.405468141,327.712024954,18.0655002517,11.5925631794
170.451890989,326.366645959,18.0744724012,11.5138438014
168.673247164,326.543703602,17.8785554677,11.5846666866
166.227471433,326.553349291,17.7183443482,11.5523368742
163.966971026,324.905141829,17.7230354239,11.5069530159
162.617201678,324.847430084,17.5574150853,11.6153185306
160.503325122,324.534463662,17.4182968416,11.7378897308
158.29835132,323.965397718,17.4326617694,11.8469279957
156.211320903,323.81866739,17.4152195549,11.9118219618
154.443106036,323.186924477,17.564883808,12.0979987752
152.474473912,322.448644242,17.5383566871,12.0726030204
150.651787952,322.247411509,17.4831940243,12.1495311929
148.912650098,321.763036793,17.4259994845,12.2387750497
146.392649403,320.271999542,17.3869245843,12.1230721845
144.749349156,320.321178689,17.0904712517,12.152286054
142.387768675,319.005537423,17.2089345094,12.0826835293
140.889642905,318.349299365,17.2500373523,12.1470488735
138.67154209,317.868420076,17.3439700396,12.1582828233
137.146017947,317.140862193,17.3707210877,12.2368957188
134.532699988,316.707177768,17.3420970156,12.1934013475
132.827604111,315.840617214,17.5161015492,12.2843050579
130.422502945,315.21649471,17.6648019972,12.286556571
128.138263096,314.465044913,17.7153325897,12.3183815847
126.904987646,314.028536036,17.8592712038,12.2840614346
125.221544768,313.100826913,18.2013139839,12.4014558037
122.901991992,312.736411994,18.3069245861,12.377078911
120.569125437,311.849151868,18.3707270781,12.4783177327
118.926728842,310.49278867,18.5049193571,12.4730601666
116.800239652,310.039865628,18.5945133,12.3178174493
115.031149525,308.935500943,18.7896452193,12.206901654
113.100136053,307.957748578,18.8900895515,12.1861123424
111.49964933,307.142593227,18.8535682901,12.2957889909
109.622072085,306.464612099,18.8849795784,12.4022069825
107.734916479,306.126519137,19.0806317338,12.3919234718
106.484698819,305.48132544,19.2614841151,12.3812932237
104.558849614,303.260759605,19.1788224974,12.3745708506
102.718448198,302.800676604,19.0542521366,12.3131984976
101.784710663,301.918856276,19.0396454608,12.2782811573
99.9358487351,300.108810138,18.9696579151,12.1343110291
98.3872970443,299.366079154,18.9537272868,12.1246300596
97.3670747061,298.492012987,18.7967764001,12.19166286
96.1891484564,297.782334318,18.4907572277,12.2950152054
95.1467123095,296.856274075,18.4667242062,12.3550905763
93.7818636935,295.399907223,18.4876649913,12.401749242
91.9217094167,294.809805209,18.715905731,12.4244445375
91.1616254363,292.545391052,18.6077787471,12.5189657541
89.853084187,292.138957817,18.6454971843,12.6338499729
88.4353943556,291.21926833,18.8690821369,12.6290726805
87.636906745,290.239791949,18.9432014802,12.6396176736
86.8709197097,289.033015243,19.1035475049,12.683219838
85.6909839077,287.994441041,19.2532106929,12.6556462179
84.2391321837,286.662285067,19.3160070441,12.6329152158
84.3047304671,285.48253731,19.1190376234,12.6482811662
83.1356175365,284.044963912,19.2841580062,12.6727004049
82.9383219616,282.860439897,19.4658095808,12.6756602831
81.4095387136,281.946178195,19.6601737433,12.6664023771
80.8976530623,281.198717371,19.5202213387,12.7872555253
80.0367675767,280.138292225,19.5414534363,12.7654935997
79.1234963209,277.753774556,19.4390940371,12.8399488593
78.5654094249,276.902123163,19.3104421083,12.8606698618
77.9702557249,275.575481455,19.2965544857,12.7976642353
77.2282524014,274.417196203,19.2121998504,12.7867086456
77.1907171655,273.230987324,18.914167538,12.7902828498
76.1252359884,270.875264206,18.7393103807,12.7667165532
76.5514535253,270.041907973,18.7437599057,12.7329406913
76.3068363432,269.097420537,18.6488064644,12.6441736069
76.1454949524,267.733368905,18.7093569589,12.5175298139
76.0894653358,266.673026364,18.7324844452,12.5882082664
76.335689374,264.169685383,18.7655170566,12.6583682228
76.0898205749,263.446764282,18.8336327617,12.61570828
76.1297692462,260.949678101,18.7800134269,12.5875899354
76.4523313127,260.172764132,18.6807827842,12.5879931568
77.151944526,258.733299142,18.7042429344,12.597609181
77.5283258131,257.474624603,18.6863782123,12.7565710282
77.6206499732,256.168207962,18.6379036321,12.9542715485
78.8116867914,253.323373741,18.6805419383,13.0862455558
79.1192010829,252.545572426,18.6727400252,13.1621258041
79.9074543088,250.090263339,18.7675213483,13.376299944
80.6353969728,248.308915685,18.9729024665,13.6003359662
81.4072685556,246.458526358,19.3799454146,13.8254402286
82.3738460449,244.72589149,19.718028763,13.8512184538
83.7118928461,242.485304306,20.068037942,13.9060403212
84.3736753506,241.548197763,20.3019200087,13.9716263988
84.807085652,239.842547711,20.6089206169,13.8682363425
86.7606976519,237.748823093,20.7063572234,13.8937969784
88.0462559563,236.525570773,20.9407604338,14.0497478093
89.0208810942,235.689286238,21.1052050643,14.243011374
89.6803219955,234.176678887,21.4278862004,14.349111964
91.2947231988,232.645517414,21.6687457449,14.6362405034
92.8084887277,231.458119922,21.7795832936,14.9806032632
94.6508723849,230.247012776,21.9339630702,15.219187326
95.4231397981,227.275708775,21.9401932813,15.4534275033
98.000912725,225.301860036,21.8720030411,15.5912571235
99.932698455,223.280911647,21.8793796575,15.6878011075
101.402352276,221.515491636,21.9103214301,15.6932779236
102.688562192,220.649038745,22.0851826732,15.8035858926
104.610293123,218.437239559,22.2934838691,15.8922791167
106.29962597,217.829057181,22.6864939983,15.8613449155
108.485802969,215.58578198,22.8467652004,15.8943902783
110.698964411,214.536757163,22.7506329745,15.8539511446
112.655171565,213.500616708,22.7515315774,15.937718941
114.143432544,211.189790582,22.664101828,16.128871639
115.944328716,209.094999701,22.5149750506,16.2571683839
118.042793652,207.306840765,22.3481731816,16.250933821
120.7682508,206.771403534,22.1485163041,16.2723932911
123.522161916,204.955095236,21.9418548843,16.2286972032
125.50583675,202.880070155,21.9123905013,16.1151279422
128.603113584,201.890836981,21.759810424,15.9462926155
130.43829741,200.7180583,21.7188721121,15.8051046202
132.448708288,198.63198763,21.2201460357,15.73247305
136.306659412,198.043809983,21.1516689641,15.5686276796
139.145049298,196.944189476,21.0581821524,15.4537295673
140.850643856,194.45779921,20.9595624166,15.475531343
144.297075799,193.698530036,20.9629959842,15.2759352886
146.174625566,192.636338445,20.845828274,15.1416672139
148.941290513,191.484576106,20.8353589087,15.1570079645
152.48661954,189.262383759,20.8847302836,15.2493881302
154.455295877,187.328977654,20.8915228123,15.2851852301
157.359013665,186.468550306,20.8094614581,15.3200158554
160.876360778,185.68827296,20.7473433739,15.2891653937
164.01819584,184.374676135,20.8472520266,15.3014691837
167.580643865,183.035552525,20.9347340032,15.3057921963
170.338980484,180.770177076,20.9774889789,15.3301797036
173.033358861,179.98172429,21.0399250808,15.2858695746
175.894153557,177.58294239,21.2371875413,15.2266290029
179.90220703,176.930364408,21.2597492277,15.2036832127
183.291911566,176.159335715,21.1077200511,15.1750312504
186.746604668,174.873100918,21.0766721839,15.2273129902
190.069339656,173.969046772,21.1177533021,15.2005610762
193.323622954,171.533245132,21.0267582503,15.2627132534
196.591190514,170.930186311,21.201456275,15.2440335273
200.358859447,169.131910468,21.2911861194,15.3152839949
203.761012146,168.676006731,21.2180914316,15.44973997
207.468708389,166.679156608,21.1112226001,15.6509492579
210.586387444,165.84092942,21.1196555938,15.821415869
214.675695377,163.66472507,21.064294502,15.8889525143
219.159114052,163.115573924,21.0282709421,15.9044446427
221.757984327,162.31903164,21.3176739094,15.8864012381
226.288998066,161.679767281,21.6934229958,15.850379914
229.883904147,160.742361786,21.7300731993,15.8425885701
234.249602579,159.922346268,21.8317070354,15.8694649562
237.686014093,159.459481174,21.7288720663,15.8653823552
241.881825073,158.181890279,21.7316993413,15.9389199927
245.864683482,156.071975977,21.8253630553,16.1357536009
249.85803588,155.871358946,21.7786058643,16.2560340763
253.897296475,155.104521775,21.7020826214,16.2484111024
257.84402335,153.417829613,21.6911404862,16.3866670241
261.768693051,151.983077697,21.7060722493,16.254516708
265.700894774,152.410764213,21.5236703939,16.3302942909
270.399352137,150.308118161,21.458445502,16.3773494151
274.715276189,150.694910613,21.5068284921,16.5103763712
279.066813968,150.298521627,21.5892858856,16.4191031987
282.575188009,149.451204095,21.5197314265,16.3821808932
286.877677988,148.615144948,21.5620893824,16.3864295005
290.514979048,148.137521512,21.7117869791,16.3423750579
295.163402994,147.217664811,20.9021865542,17.1205587042
298.30003987,146.172923008,20.1210340219,17.6440765378
303.596713502,145.644611526,19.6371208864,17.9641207999
307.923205661,145.141641526,19.4181308605,18.2044250113
312.344912096,144.415621259,19.0269379538,18.292373194
316.95475285,144.155481,18.8971469268,18.3142067706
320.951576732,143.845934814,18.7189340948,18.3560200526
325.310326496,143.078742379,18.5988390461,18.3388290244
329.18752881,142.918432917,18.5392915398,18.3299948971
333.559183088,142.670597208,18.4720551032,18.4080269101
337.284462343,142.125754476,18.5977881554,18.5090719454
341.061390204,142.274510332,18.5432367278,18.4840490662
345.465711961,141.734419459,18.6163986329,18.4988958964
349.615072072,141.50894729,18.7942685689,18.6613671061
353.486621702,141.443522986,19.0020646174,18.8600571839
357.538324226,141.013148806,19.163266046,19.0529787727
361.636301815,140.695302709,19.2875918955,19.2954799258
364.589032078,140.360023933,19.2269962144,19.3953426745
369.429046376,139.722774369,19.2936202226,19.4659142848
374.224097288,140.342634362,19.4758601271,19.5331089873
377.014292342,140.095964164,19.5959042276,19.6670131984
382.228348096,140.545655996,19.6189960647,19.830684812
385.034785901,140.191380226,19.585586322,20.0172610722
389.567696596,140.652050192,19.7098484346,20.1474933441
392.963527921,140.154686057,19.7253652349,20.0338062478
396.245743143,140.716909408,19.6761520966,20.2349643428
400.946873161,140.704931078,19.8153940589,20.2703123065
404.14446192,141.42296561,19.8971323777,20.1063228289
407.53213701,141.80801951,19.8840474035,20.1118178462
412.975106627,141.683901699,19.6875450806,20.3584717506
416.49917524,141.95267703,19.8253671938,20.5111799486
419.518001112,142.077164314,19.8102536362,20.6500031538
422.900862675,142.33564648,19.6932851056,20.7267884056
427.51305558,142.834994928,19.9441218827,20.6648640937
430.664927695,143.128735403,19.9247290028,20.5917900036
433.918025466,143.544589697,19.9463120864,20.5800160211
438.498337106,143.858820543,20.1445507291,20.6149005612
441.190972783,144.209843689,20.0934058485,20.9113981272
444.698617146,144.850701793,19.9739010221,20.6995059008
447.585970625,145.495384232,19.6871858747,20.8924153151
451.298252457,145.76506134,19.5351336925,20.633569051
453.988218587,146.30018291,19.1772589655,20.3303101358
457.080492482,147.105107879,19.0933180937,20.1911133748
460.162134082,147.845338877,18.8706042953,19.8866271775
462.653401066,148.688148307,18.7678148571,19.7375378582
465.46303981,149.51159787,18.6247098162,19.5634765379
468.171181126,150.342766204,18.7336327957,19.5215326706
470.531618002,151.076586741,18.631760434,19.4824948871
473.345377757,151.908633388,18.5292591376,19.5568869289
475.568982965,152.89392432,18.5716117114,19.750571413
477.947277708,154.132780128,18.4516251028,19.8659005027
479.577285762,155.087710335,18.4945014416,19.6117847595
481.656653994,156.409147409,18.5193930604,19.3901199467
483.538199216,157.342301271,18.4160719124,19.3556484466
485.057907473,158.453859455,18.4225509743,19.3285753313
487.184684203,159.330885881,18.2848455802,19.2005301567
488.309631331,160.31723675,18.3590110486,19.1815921418
489.778628533,161.163365709,18.4817993155,19.329621671
490.862297546,161.955249306,18.5320091829,19.2516194372
492.277649921,162.408636403,18.4471952884,19.2287800398
493.248194023,163.277165239,18.4201947367,19.3602427465
494.767199811,164.718904419,18.5735214633,19.3062557639
495.218037695,166.055319625,18.6356748537,19.2271310055
494.964263361,166.550486665,18.620191632,18.9376249413
495.935840881,167.812607679,18.679370471,18.7338043706
496.784016398,168.868721465,18.6587196258,18.3579516544
497.409636416,170.778722931,18.5729923884,18.2799152074
498.116648401,171.455054648,18.5674577659,18.3130741889
499.112517543,172.178451153,18.6452869237,18.1476538453
499.478892956,173.593681783,18.6751444463,17.9381025144
499.860361657,174.628996947,18.6113534344,17.7372220904
499.387388346,175.243308734,18.6410905386,17.4906359412
499.69653134,176.486570511,18.573926738,17.0738648428
500.18684798,177.050039288,18.869085699,16.7286836289
500.01705099,178.359496146,18.8562229317,16.4257603613
500.453512208,178.998646939,18.9285683516,16.3341582849
500.23103127,180.23773363,18.8760119259,16.4406368514
500.120460617,181.646188277,18.8553315996,16.4409136745
499.9353732,181.589509888,18.8933682531,16.6241905826
500.639131543,183.187033193,18.8330572067,16.5927282045
500.464201271,183.131500827,18.8081350693,16.5293616564
500.995076358,184.57477526,18.953487075,16.5584886699
500.888132151,185.168293673,18.9785032552,16.4631484639
501.104726337,185.376619754,19.0962651124,16.5013766279
501.165525584,186.214107611,18.9728624052,16.7315912623
501.35458425,186.712523939,19.0691950061,16.8486652286
500.947944282,187.182862846,19.1565750671,17.0207708474
500.850434417,187.160164539,19.2005358396,17.1094240708
501.755308659,187.839061678,19.3432515776,17.060219849
501.088578251,188.533154068,19.2343416215,17.0123545821
501.221153821,189.438765194,19.1899424385,17.0440150823
501.576896038,189.702004847,19.1441942628,17.088836819
502.17918166,190.640240975,18.899266262,16.8465033853
502.018745047,190.525784204,18.861127987,16.8856887585
501.747892703,192.010151876,18.8275181535,16.7475360329
501.630775806,191.597692615,18.7946602856,16.4336194816
501.995842742,192.411051625,19.0156355251,16.2419577912
501.550297819,192.060122112,18.8733152985,16.1433594581
502.151939887,193.284073625,18.7919366091,15.974725651
502.220109878,193.400208395,18.7556610699,15.9424890896
502.271002845,193.930462801,18.7630168796,16.0315629024
502.2905569,195.078458155,18.6714291742,16.1469727505
502.395461945,194.287498242,18.6222606803,16.2872049935
502.275625105,195.196486987,18.6897274369,16.470667074
501.758339274,195.733715082,18.7317246457,16.6649709688
502.111209672,195.408169053,18.7548817779,16.7387857241
501.98968561,196.423229571,18.7005360143,16.6655639748
502.147026329,195.773874898,18.9119072296,16.907267796
501.766826205,195.928937293,19.0856885784,16.9781064801
501.920945841,197.08197858,19.1510933305,16.9220789805
502.552045546,196.335966387,19.0344249783,16.8393996741
501.89499527,197.05421917,19.1609561498,16.8530474574
501.950289492,198.109314833,19.2345535243,16.8329731097
501.194232331,197.078860174,19.2731921514,17.05224267
501.232970052,197.457382875,19.310486496,17.0326701602
502.059742562,198.777370714,19.1181697283,16.869179258
501.489384985,198.504679384,18.9578414902,16.9448848867
501.467672535,198.370769014,18.9371907202,17.0055711124
501.416602137,198.549830414,18.9707482215,17.0050920657
501.257097477,198.741372954,18.9452955039,16.9367684742
501.04452159,199.14088818,18.9052846719,16.9438261119
501.40134787,199.398774426,18.9660492752,16.8187405501
501.620258526,199.917380701,19.0272650501,16.6466726692
500.972401072,199.337795964,18.9508220253,16.5745296297
500.959747512,200.14977733,18.8731464308,16.6285985821
500.819568174,199.872707857,18.8308004338,16.5981507294
500.500283891,199.656152908,18.7764741257,16.5807751281
500.420675147,200.165857809,18.8257551301,16.5604918798
500.248866343,200.830451312,18.7998790151,16.5809084072
500.048446275,200.770510599,18.8699378389,16.5962296594
500.194012291,200.251490181,18.9646473867,16.466536349
500.300802809,201.179457111,18.9323512688,16.4469158577
499.660433323,201.656598379,18.8884024037,16.5177892228
499.206707887,201.870908818,18.8855882455,16.5250994307
499.911450468,200.889402773,18.7370232518,16.5259882454
499.612247345,201.906083336,18.741248913,16.6421365513
499.257998672,201.983602756,18.8082780327,16.7548452917
499.103206065,201.883198257,18.8231639953,16.8663472343
498.824546342,201.865119882,18.9078627151,16.9910636338
499.200562353,202.496406878,18.8481013901,16.9540833285
498.936777074,202.593825772,18.885872418,16.8915032406
498.447783176,201.617599762,18.7872846971,16.909003597
498.903393674,201.967654441,18.7812067229,16.7101278766
498.203396248,202.53292761,18.8543466317,16.83644263
498.449414034,203.320273109,18.9346572685,16.914523224
498.379825418,202.962634105,19.0723454719,17.1143012829
497.830750315,202.16425669,19.0921321411,17.4103143212
497.696732587,203.095159034,19.0874942273,17.37685505
497.376247644,202.934552995,19.0692806718,17.3462841508
498.205720596,202.939047334,18.8733828679,17.2846405573
497.280747442,202.247941819,18.8307126666,17.3008806181
497.536859627,202.88479576,18.7139091449,17.3104777857
497.471661915,202.559290323,18.461536803,17.4032036614
497.240725282,203.466086274,18.3670905334,17.3484195388
497.179635821,202.761905755,18.4798928742,17.3308265929
497.173251518,203.173482428,18.6080976692,17.2679983803
497.924840174,203.258050448,18.6965329345,17.1588265381
497.055929308,203.837021413,18.6924809263,16.9435217535
497.031869301,203.417967815,18.6102578746,16.956275148
497.03697182,204.122852697,18.4687428513,16.857791
497.168563106,203.261734215,18.4332762781,16.9549532186
497.067548352,203.520854506,18.5119846916,17.1494081179
496.267023749,203.283658377,18.4515266489,17.2418756256
496.499745936,204.280673527,18.5379424282,17.0951060393
496.592321162,204.15277728,18.671412808,17.1254233267
496.788399002,204.122720935,18.7667261455,17.1585504353
496.3272451,203.633800826,18.7790732626,17.2958240771
495.835169144,204.185713158,18.971287405,17.3239240431
496.232602331,203.494272159,19.111165509,17.4815628295
496.130260176,203.28046883,19.0410966662,17.4516299301
495.924292052,203.076083035,19.0406152331,17.4491851716
495.864045381,203.877447581,19.0094077212,17.3523135469
495.620825887,203.412193868,18.9399488174,17.3036322926
495.961830023,203.429897365,18.8677212745,17.2981475052
496.240708472,203.442559828,18.7900775555,17.2331304465
495.396045504,203.326860461,18.6702564912,17.3062779091
495.407545114,203.190882679,18.5943606706,17.1749909749
495.774492436,203.563238409,18.5085875618,17.1117267832
495.041305277,202.839417422,18.3948888816,17.1968748848
495.220110849,203.415742675,18.3121244703,17.1171920259
495.09527085,204.102497999,18.3077467038,17.1350798085
494.915464896,204.12198895,18.2939206107,17.3333554464
494.8942722,204.524473997,18.3307543481,17.4566022863
494.53519816,204.53127087,18.4453695769,17.6268810316
495.153367284,205.737214485,18.4799721107,17.6550482189
495.569511648,205.562011516,18.651925684,17.5957949489
495.289575289,207.514344556,18.6069396448,17.576929231
494.690574997,208.140063871,18.6154924697,17.4136130881
495.037300307,209.045495657,18.6570801297,17.339406182
495.32951019,210.053858484,18.6295515068,17.3802547994
494.54650864,211.345262674,18.5696628012,17.3753511216
494.942756092,212.885806549,18.5136672075,17.4251835436
495.189217647,213.877399841,18.5746443389,17.2384616402
495.183422612,215.641285969,18.5943112743,17.1115253767
494.868945155,216.853224346,18.5915182281,17.0977247633
494.635941278,218.446561668,18.4679022332,17.1158063782
495.089541999,219.428456212,18.4222516574,17.0969207834
494.570366781,221.883775901,18.4085029844,17.083188736
494.857409992,222.780793014,18.3308702647,16.9283637792
494.603356274,224.78410094,18.3364082043,16.7841200882
494.030910361,226.225427283,18.3786578522,16.8071442447
494.596037241,226.913153591,18.4682198241,16.767937641
494.295138482,229.367338737,18.5359795131,16.9665047584
494.250559436,230.734045873,18.531596423,16.8674643889
494.206576604,231.529612929,18.5736966167,16.7352760292
494.743278218,233.429235789,18.6603018202,16.703532377
493.884114729,234.848816743,18.662340946,16.9132415103
493.598496296,236.12110738,18.7398588313,16.9755108603
494.618332057,238.108749896,18.7556665972,17.0109289142
494.15529103,239.287811079,18.711954974,16.9267218398
493.8717709,240.989946039,18.7246766273,16.690346998
493.564043038,241.821301279,18.502971109,16.5406832594
493.543103162,243.827667496,18.4904490833,16.483860317
493.611552165,245.28200628,18.342619791,16.681150509
493.356073708,246.106046503,18.4056604938,16.8113306514
493.156890211,247.495291933,18.3999948418,16.7872269323
494.061080682,249.550733134,18.4679874284,16.7349640292
493.508558918,250.881158051,18.4357786261,17.0557826662
493.414427653,252.190518915,18.4772278667,17.1097706427
493.425797251,254.004378648,18.5057650379,17.2235129303
493.368798015,255.168657576,18.676004297,17.1933917156
492.748891448,256.239620961,18.6080631516,17.0651284763
492.553013456,258.488740129,18.7995251934,16.9448203054
493.573139807,259.875610596,19.008909617,16.8172290057
492.544035759,260.617691743,19.1045238014,16.794697533
493.151282219,262.556807074,19.1644606783,16.6951839127
492.850829405,264.665955737,19.3085813424,16.5250776578
492.577000701,265.999360421,19.3878183944,16.5059399889
492.755761844,266.896386746,19.3435389908,16.4938655876
492.091971154,267.802702451,19.424428071,16.7310765352
492.349305078,270.125252015,19.4641544084,16.856359813
492.535504748,270.628398308,19.4687082541,16.8459419889
492.842171394,272.945314991,19.4498321105,16.6812243573
492.144319496,274.239045149,19.4620421256,16.7154633729
492.593768729,274.783384621,19.5634565841,16.6546375614
493.148074332,276.732893221,19.761496732,16.637796046
492.147674318,277.676907417,19.8219946271,16.628684275
491.930726318,279.875549091,19.8614168653,16.6425509053
492.54584636,280.671483624,19.6743397239,16.4197822898
492.192883231,282.78482718,19.6126912542,16.4161843972
491.620512449,284.356284038,19.5882368078,16.2213080661
491.658945364,285.889872397,19.6712822077,16.1509494139
492.048069549,287.890611714,19.6652782912,16.0937628484
492.214343196,288.09499775,19.8114316644,15.9103751312
491.42322521,288.643630752,19.7441981421,15.9262898835
