234,172,10,7
234.814142436,170.131094635,10.0,10.0
234.590226948,170.655687869,10.0,10.0
234.155502647,170.145408332,10.0,10.0
234.688913435,170.884527028,10.0,10.0
234.51679945,170.55714044,10.0,10.0
234.428741872,170.205548942,10.0,10.0
235.105260074,170.894685507,10.0,10.0
234.783400625,170.636030316,10.0,10.0
234.20748648,170.425885946,10.0,10.0
234.346367732,171.142156571,10.0,10.0
234.708706126,170.66221118,10.0,10.0
234.244101569,170.375446856,10.0,10.0
234.843590245,171.258935869,10.0,10.0
234.550443962,171.355590962,10.0,10.0
234.458054453,171.327852057,10.0,10.0
235.27325961,171.355829041,10.0,10.0
235.207580291,171.383915372,10.0,10.0
235.417655263,171.246329166,10.0000169946,10.0
235.494261898,171.111485131,10.0000259737,10.0
235.58218305,171.002706431,10.0000356985,10.0
235.662401221,170.870343126,10.0000465971,10.0
235.55696145,170.544145651,10.0000645603,10.0
235.272007943,170.274127699,10.0000684991,10.0
235.330781186,170.151916184,10.000882256,10.0
235.326089367,169.789198436,10.0009358558,10.0
235.323935851,169.416336216,10.0009690051,10.0
235.374659299,169.185265116,10.0009991822,10.0
235.303842327,168.942226119,10.0010235307,10.0
235.332346168,168.726226367,10.001069601,10.0
235.326061071,168.53025084,10.0010992738,10.0
235.25515217,168.196995102,10.00113427,10.0
235.249014549,167.926256321,10.0011646591,10.0
235.059104684,167.615674399,10.0012026958,10.0
234.943081219,167.462574683,10.0012282644,10.0
234.878136165,167.362519763,10.0012595955,10.0
234.778879453,167.159168579,10.0012876143,10.0
234.737673284,166.91493275,10.0013074161,10.0
234.74758506,166.691997491,10.0013290272,10.0
234.738565498,166.428961061,10.0013528228,10.0
234.769081884,166.177966379,10.0013786478,10.0
234.794153214,165.95861312,10.0014001389,10.0
234.755777392,165.737453483,10.0014182306,10.0
234.747285771,165.505814649,10.0014544827,10.0
234.735465687,165.225140221,10.0015001815,10.0
234.773378203,165.035710506,10.001528327,10.0
234.752643633,164.793054111,10.0015490372,10.0
234.726894237,164.688069649,10.001570054,10.0
234.779104873,164.601486243,10.0015793398,10.0
234.813570187,164.502682224,10.0015927704,10.0
234.806547571,164.349913388,10.0016022998,10.0
234.81571591,164.245763391,10.0016092563,10.0
234.884759328,164.087488592,10.0016164581,10.0
234.780168172,163.980525151,10.0016230334,10.0
234.663787134,163.680190518,10.001634322,10.0
234.557399247,163.382977113,10.0016473226,10.0
234.4551689,163.052276894,10.001664233,10.0
234.375092847,162.723564193,10.0016896974,10.0
234.31053028,162.383846268,10.001708548,10.0
234.277239707,162.161428064,10.0017232285,10.0
234.244165361,161.935328051,10.0017343815,10.0
234.253875297,161.805897415,10.0017411635,10.0
234.261244082,161.565064982,10.0017581878,10.0
234.239162601,161.386780143,10.0017698008,10.0
234.23258944,161.2434697,10.0017826184,10.0
234.216311143,161.079833001,10.0017930148,10.0
234.330805505,160.982356876,10.0017997785,10.0
234.447062622,160.882882871,10.0018065574,10.0
234.548212743,160.782063395,10.0018146862,10.0
234.664333742,160.634586945,10.0018427512,10.0
234.789452977,160.474753067,10.0018738416,10.0
234.928938443,160.379013471,10.0019079903,10.0
235.052374601,160.25711637,10.0019362786,10.0
235.17581093,160.135219097,10.0019645662,10.0
235.299247438,160.013321653,10.0019928533,10.0
235.422684125,159.89142403,10.0020211398,10.0
235.452637629,159.774990343,10.0020421392,10.0
235.518769794,159.662879422,10.002059263,10.0
235.578037044,159.590556934,10.0020681941,10.0
235.588625021,159.541634269,10.0020728801,10.0
235.573340789,159.41345448,10.0020835275,10.0
235.545348786,159.470481984,10.0020886364,10.0
235.655632049,159.233130954,10.0021172754,10.0
235.652368857,159.081010394,10.0021373726,10.0
235.560032039,158.920773618,10.0021641636,10.0
235.47512895,158.674893029,10.0021893727,10.0
235.451930165,158.334566928,10.0022398278,10.0
235.422778359,158.09374287,10.0023003764,10.0
235.365827579,158.001066864,10.0023357711,10.0
235.429025423,157.905160323,10.0023750209,10.0
235.535127781,157.740706146,10.0024206711,10.0
235.800157533,157.601208985,10.0025190312,10.0
235.843802787,157.637991175,10.0025437859,10.0
235.985092859,157.642713884,10.0025686042,10.0
236.164996199,157.72029821,10.0025943012,10.0
236.202084264,157.675600873,10.0026081081,10.0
236.33812119,157.670683822,10.0026403075,10.0
236.450319134,157.628144311,10.0026656541,10.0
236.620124604,157.592062129,10.0026853164,10.0
236.800903722,157.573019337,10.0027097468,10.0
236.912083433,157.545290562,10.0027261053,10.0
237.100528075,157.682824614,10.0027701276,10.0
237.181730344,157.974180582,10.0027791438,10.0
237.363525476,158.275253626,10.0028119919,10.0
237.532326972,158.637877049,10.0028281842,10.0
237.837013094,159.24906558,10.0028643799,10.0
237.970526564,159.912360313,10.0029132762,10.0
238.238774795,160.553161683,10.0030972148,10.0
238.495344248,160.950552108,10.0024697997,10.0
238.764892887,160.69550133,10.0030188484,10.0
238.897584528,160.52746095,10.0048124335,10.0
239.047746602,160.341691839,10.0071535495,10.0
239.213806103,160.323549271,10.0086960136,10.0
239.577028404,160.302685127,10.0088748273,10.0
239.74719531,160.235453919,10.0091301228,10.0
239.91736443,160.168221854,10.0093853383,10.0
240.091426341,160.0959493,10.0096575797,10.0
240.289715289,159.939917736,10.0099397769,10.0
240.517200417,159.760949128,10.010349157,10.0
240.472171178,159.579646685,10.0110100541,10.0
240.510476194,159.570323924,10.0111090108,10.0
240.431812102,159.526241931,10.0112064437,10.0
240.518472051,159.371727901,10.0113112816,10.0
240.421284422,159.247948656,10.011418372,10.0
240.614486666,159.0408536,10.0116865302,10.0
240.605594478,158.790395359,10.0122361999,10.0
240.501894369,158.477358738,10.0126256424,10.0
240.390330262,158.224814008,10.0127320352,10.0
240.362671499,157.949675212,10.0127626911,10.0
240.388330033,157.332650969,10.0128147667,10.0
240.692611017,156.722551117,10.0127254426,10.0
240.752011427,156.164504657,10.0125554563,10.0
240.459935332,156.122198349,10.0126193819,10.0
240.570003745,155.602836973,10.0126018081,10.0
240.497982585,155.749144545,10.0127411413,10.0
240.359268459,155.743633435,10.0128820588,10.0
240.512930138,155.74014122,10.0130531324,10.0
240.456537858,155.933572761,10.0131405296,10.0
240.61764407,155.998247161,10.013236348,10.0
240.719489755,156.005904887,10.0133116221,10.0
240.732350529,155.909514848,10.0136448949,10.0
240.804181306,155.60700855,10.0138370956,10.0
240.883134172,155.614579484,10.0138839999,10.0
240.979280631,155.645934798,10.0139525692,10.0
241.144777404,155.764664427,10.0140740619,10.0
241.326479351,155.815864716,10.0141661725,10.0
241.46871952,155.787551958,10.0142512246,10.0
241.642370961,155.742061667,10.014392906,10.0
241.611333004,155.645024657,10.0144710406,10.0
241.668671628,155.635241122,10.0145234655,10.0
241.662562952,155.582490546,10.0145674711,10.0
241.769440705,155.441605446,10.0146455346,10.0
241.827787805,155.424986662,10.0146777413,10.0
241.879777839,155.409875522,10.0147100588,10.0
241.975446658,155.458222466,10.0147410453,10.0
241.907890883,155.551696832,10.0147735982,10.0
241.732159382,155.708136002,10.0146807462,10.0
241.609176895,155.850504393,10.0148936392,10.0
241.484095924,155.990788291,10.0151032203,10.0
241.519207007,156.222281853,10.01514546,10.0
241.580065526,156.408649052,10.0151801707,10.0
241.564028571,156.479189465,10.0152116144,10.0
241.487560942,156.627598504,10.0152958267,10.0
241.519016737,156.757966975,10.0153815931,10.0
241.489912057,156.899832482,10.0154430204,10.0
241.527305931,156.995628538,10.015529391,10.0
241.526435601,157.002790015,10.0155682802,10.0
241.505610117,157.051863961,10.0156080982,10.0
241.349315923,156.991489657,10.0156542271,10.0
241.450791702,156.760181241,10.015770999,10.0
241.439463763,156.673677869,10.01586006,10.0
241.473421378,156.558356233,10.0159760206,10.0
241.522863273,156.483499713,10.0160659013,10.0
241.517827671,156.379968047,10.0161316625,10.0
241.545539863,156.254905477,10.0162025477,10.0
241.575380627,156.172279686,10.016234945,10.0
241.550781118,156.024072394,10.0163345512,10.0
241.469192071,156.016511509,10.0163667898,10.0
241.538083253,155.889885643,10.0164132243,10.0
241.518443956,155.777599575,10.0164553697,10.0
241.468953747,155.903675498,10.0164601134,10.0
241.497824172,155.980464773,10.0164217503,10.0
241.50025791,156.09859162,10.0164475992,10.0
241.504569908,156.283705825,10.0164720174,10.0
241.492015863,156.412419999,10.0165291999,10.0
241.535601259,156.338941136,10.0165877938,10.0
241.600623345,156.191355983,10.0166380022,10.0
241.663410023,156.113136651,10.0166887512,10.0
241.669090245,156.054522676,10.0167016406,10.0
241.607435794,155.683177395,10.016765876,10.0
241.556631243,155.593254445,10.0167806494,10.0
241.482447758,155.282693414,10.0167991839,10.0
241.511743563,155.142901255,10.0168192234,10.0
241.576763362,155.005431173,10.0168299727,10.0
241.595480418,154.850516347,10.0168398896,10.0
241.66020812,154.725351913,10.0168521066,10.0
241.724935859,154.600187404,10.0168643235,10.0
241.724791803,154.375178842,10.0168695406,10.0
241.715967407,154.151338173,10.0168760114,10.0
241.696238688,153.925073279,10.0168834785,10.0
241.692202869,153.693109242,10.0168884187,10.0
241.688167049,153.461145146,10.0168933589,10.0
241.680713885,153.279950438,10.0168990281,10.0
241.744406955,153.142386151,10.0169096051,10.0
241.82956201,153.04413571,10.0169211094,10.0
241.914717116,152.945885209,10.0169326135,10.0
241.999872276,152.847634649,10.0169441176,10.0
242.085912216,152.771250678,10.0169580896,10.0
242.171952217,152.694866648,10.0169720614,10.0
242.257992277,152.618482565,10.0169860331,10.0
242.326239028,152.513669846,10.0169988347,10.0
242.412279207,152.43728566,10.0170128059,10.0
242.490490889,152.357323734,10.0170261395,10.0
242.568702623,152.277361756,10.017039473,10.0
242.65031288,152.156623443,10.0170551587,10.0
242.71588343,152.124119857,10.0170708911,10.0
242.761842045,152.100150082,10.0170872625,10.0
242.807800697,152.076180286,10.0171036336,10.0
242.853759386,152.052210472,10.0171200044,10.0
242.899718113,152.028240638,10.0171363751,10.0
242.90337017,151.971207877,10.0171463427,10.0
242.907022228,151.914175087,10.0171563102,10.0
242.956503158,151.849418143,10.0171718457,10.0
243.025187301,151.785066942,10.0171850379,10.0
243.093871489,151.720715703,10.01719823,10.0
243.099141834,151.626794787,10.0172090908,10.0
243.104412181,151.532873826,10.0172199514,10.0
243.109682532,151.438952805,10.0172308119,10.0
243.119965756,151.372898238,10.0172406328,10.0
243.130248986,151.30684364,10.0172504536,10.0
243.140532221,151.240789005,10.0172602743,10.0
243.150815461,151.174734341,10.0172700949,10.0
243.161098705,151.108679646,10.0172799153,10.0
243.1715031,151.015877792,10.0172918456,10.0
243.203513039,150.921902822,10.0173018548,10.0
243.235522997,150.827927807,10.0173118638,10.0
243.245693712,150.73501827,10.0173237282,10.0
243.255864434,150.642108673,10.0173355924,10.0
243.266035161,150.549199031,10.0173474565,10.0
243.264748538,150.499393938,10.0173600992,10.0
243.289191325,150.448869316,10.0173741224,10.0
243.380958776,150.348447798,10.0173850335,10.0
243.461674595,150.227921976,10.0173935439,10.0
243.544131442,150.106797477,10.0174017455,10.0
243.659483836,149.99708212,10.0174108164,10.0
243.774952764,149.887485644,10.017419873,10.0
243.890317803,149.777792541,10.0174289427,10.0
244.004694637,149.66868185,10.0174382131,10.0
244.119058031,149.559554716,10.0174474845,10.0
244.233435648,149.45043954,10.0174567549,10.0
244.349091796,149.27960266,10.0174646463,10.0
244.464660381,149.108677445,10.0174725437,10.0
244.570255616,148.935654981,10.0174808221,10.0
244.701641525,148.757060094,10.0174903261,10.0
244.751414695,148.609688816,10.017500715,10.0
244.800982464,148.462363017,10.017511029,10.0
244.867510028,148.275494484,10.0175234493,10.0
244.93401952,148.090701965,10.0175355806,10.0
245.000065101,147.903063861,10.017547727,10.0
245.066355667,147.75120659,10.0175599434,10.0
245.132697334,147.599340526,10.0175721498,10.0
245.199039046,147.447474358,10.0175843561,10.0
245.313699203,147.312861366,10.0175966842,10.0
245.372842826,147.10447715,10.0176087129,10.0
245.465263819,146.889521075,10.0176226044,10.0
245.660887323,146.647355823,10.0176378004,10.0
245.839081311,146.40004876,10.0176636358,10.0
246.0200622,146.223135097,10.0176765144,10.0
246.201032818,146.046154765,10.017689402,10.0
246.382003555,145.869174314,10.0177022895,10.0
246.562974411,145.692193759,10.0177151767,10.0
246.660322943,145.52967268,10.0177338053,10.0
246.757671558,145.367151452,10.0177524336,10.0
246.851761555,145.242269492,10.0177737773,10.0
246.946991841,145.121288469,10.0177950171,10.0
247.041674458,145.003408974,10.0178146305,10.0
247.139380483,144.86999177,10.017842069,10.0
247.249302577,144.779906688,10.0178662126,10.0
247.343932736,144.678743725,10.0178820086,10.0
248.599574385,144.928801661,10.0,10.0
248.57287092,145.137460267,10.0000072376,10.0
248.614844775,145.124220674,10.0000296798,10.0
248.663950917,145.030993526,10.0000501476,10.0
248.684774478,145.020500712,10.0000714719,10.0
248.731268859,144.949042484,10.0001077904,10.0
248.805336814,144.771442547,10.0001776082,10.0
248.799989286,144.696834862,10.0002296868,10.0
248.818052895,144.564539566,10.0002546219,10.0
248.847922375,144.420250937,10.0002811495,10.0
248.868372635,144.311843455,10.0003105651,10.0
248.902824078,144.225198149,10.0003361678,10.0
248.968041775,144.115025051,10.0003611548,10.0
249.040223194,143.992721304,10.0003868877,10.0
249.125531322,143.88120541,10.0004117425,10.0
249.231611615,143.836650435,10.0004345412,10.0
249.316614157,143.720245246,10.0004603793,10.0
249.404564888,143.609893899,10.000485483,10.0
249.503826158,143.513562176,10.0005105009,10.0
249.579636552,143.42630073,10.000533093,10.0
249.600026662,143.446434784,10.0005494253,10.0
249.522435224,143.477925088,10.0005629937,10.0
249.453891143,143.414342765,10.0005829431,10.0
249.404866515,143.37853843,10.0006029961,10.0
249.329490906,143.395024977,10.000625139,10.0
249.291332367,143.393852662,10.0006477409,10.0
249.27331577,143.373656423,10.0006649417,10.0
249.255299155,143.353460168,10.0006821422,10.0
249.266286444,143.343412688,10.0007195686,10.0
249.291834252,143.316271736,10.0007775266,10.0
249.348400538,143.166017471,10.0008569157,10.0
249.416255508,143.093225954,10.0008747537,10.0
249.482468211,142.978716364,10.0009340805,10.0
249.490524867,142.870311587,10.0009639346,10.0
249.514892226,142.718644409,10.0009863819,10.0
249.605878054,142.571248068,10.0010040528,10.0
249.668396,142.4587901,10.0010203309,10.0
249.727229618,142.256227246,10.0010389032,10.0
249.740342703,142.19713456,10.0010518095,10.0
249.738739992,142.085598378,10.0010665388,10.0
249.717675303,141.995832382,10.0010838005,10.0
249.711153216,141.952136865,10.0010990931,10.0
249.761467083,141.826937756,10.0011203202,10.0
249.828698509,141.747681721,10.001140643,10.0
249.916146137,141.690689737,10.0011582706,10.0
250.008951741,141.588725457,10.0011717674,10.0
250.105559315,141.470956171,10.0011877994,10.0
250.171751416,141.300336117,10.001201576,10.0
250.236226739,141.203574064,10.0012133583,10.0
250.273102142,141.118879611,10.0012295357,10.0
250.286930762,141.083048849,10.0012538539,10.0
250.300759399,141.047218042,10.0012781716,10.0
250.268708255,141.008433795,10.0013036127,10.0
250.258524531,140.973267889,10.0013260303,10.0
250.226256706,140.934972803,10.0013512527,10.0
250.194449312,140.895883931,10.0013761167,10.0
250.175560867,140.845966248,10.0013983639,10.0
250.080218565,140.803507472,10.0014136697,10.0
250.037196686,140.764667785,10.0014288732,10.0
249.989708915,140.721371165,10.0014430183,10.0
249.906489837,140.646363689,10.0014556784,10.0
249.845677443,140.569208449,10.0014652057,10.0
249.776734899,140.489188416,10.0014775375,10.0
249.762140044,140.371189041,10.0014855063,10.0
249.74688949,140.334520078,10.0015002205,10.0
249.729775317,140.288558008,10.0015148339,10.0
249.712293572,140.235810558,10.0015293864,10.0
249.6948862,140.182990646,10.0015438875,10.0
249.746080182,140.038236013,10.001555921,10.0
249.711601282,139.954625106,10.001566532,10.0
249.677122364,139.871014154,10.0015771428,10.0
249.643885032,139.787998928,10.001587562,10.0
249.610647681,139.704983665,10.0015979811,10.0
249.578488939,139.619881286,10.0016083412,10.0
249.545251555,139.536865933,10.00161876,10.0
249.505178711,139.451693913,10.001629811,10.0
249.525114153,139.396339732,10.0016417429,10.0
249.544748556,139.272919776,10.0016502142,10.0
249.586330129,139.200222703,10.0016598749,10.0
249.627975366,139.127755719,10.0016695433,10.0
249.6446285,139.067340279,10.0016813099,10.0
249.66806848,138.923897351,10.0016905179,10.0
249.689532022,138.77992923,10.0017000016,10.0
249.710588731,138.636685172,10.0017095061,10.0
249.735096021,138.493764544,10.0017185361,10.0
249.749998375,138.364381099,10.0017294043,10.0
249.766689453,138.229472245,10.0017410965,10.0
249.786121323,138.062953333,10.0017501292,10.0
249.805744416,137.925453285,10.0017613303,10.0
249.826594652,137.787289152,10.0017722865,10.0
249.847444899,137.64912493,10.0017832425,10.0
249.826157039,137.497911254,10.0018004511,10.0
249.936545532,137.385756592,10.0018159082,10.0
249.910277672,137.267422619,10.0018370862,10.0
249.816432108,137.270799572,10.0018702614,10.0
249.821011248,137.155321288,10.0018907128,10.0
249.830645644,137.07460958,10.0019027936,10.0
249.756364685,137.030585508,10.0019157809,10.0
249.665937631,137.018450311,10.0019312298,10.0
249.783159758,136.946029886,10.0019626182,10.0
249.772558255,136.827668263,10.0019845196,10.0
249.76195674,136.709306507,10.0020064205,10.0
249.755533994,136.606520048,10.002029609,10.0
249.751587725,136.536838277,10.0020534759,10.0
249.735499006,136.429148755,10.002072993,10.0
249.699596283,136.336540772,10.0020916707,10.0
249.600914039,136.446335941,10.002114091,10.0
249.634631268,136.448998628,10.0021356683,10.0
249.541799703,136.537254309,10.0021528022,10.0
249.419274434,136.550243352,10.002169614,10.0
249.404580221,136.595941772,10.0021836716,10.0
249.442705364,136.496981275,10.0021964406,10.0
249.493331839,136.386778292,10.0022093826,10.0
249.542365207,136.248534483,10.0022222605,10.0
249.603494481,136.137275,10.0022335369,10.0
249.673244485,136.02204134,10.0022460384,10.0
249.749243939,135.903862764,10.0022598957,10.0
249.775411132,135.855190971,10.0022744955,10.0
249.723484602,135.814703644,10.0022900498,10.0
249.671558036,135.774216288,10.0023056038,10.0
249.605883656,135.717840307,10.0023186424,10.0
249.540215128,135.659679123,10.0023319288,10.0
249.497497585,135.64994912,10.0023473747,10.0
249.594340258,135.627108808,10.0023679911,10.0
249.645887261,135.612955125,10.002390131,10.0
249.708118279,135.565707626,10.0024073815,10.0
249.77291732,135.538639067,10.0024262167,10.0
249.83771642,135.511570483,10.0024450515,10.0
249.831672133,135.493083104,10.0024589361,10.0
249.840238869,135.567483619,10.0024719736,10.0
249.844348615,135.447802052,10.0024978975,10.0
249.929946467,135.417879341,10.0025037807,10.0
249.943708716,135.359528808,10.0025201039,10.0
250.017508635,135.373898776,10.0025513748,10.0
250.060892835,135.298565248,10.0025784983,10.0
250.128814051,135.296721812,10.0026010991,10.0
250.220900463,135.269975516,10.0026256724,10.0
250.269409414,135.264586192,10.0026496219,10.0
250.32267509,135.258087142,10.0026698581,10.0
250.382790833,135.263951541,10.0026907875,10.0
250.472326684,135.213377838,10.0027070381,10.0
250.336921669,135.257773393,10.0027643095,10.0
250.20151627,135.302169075,10.0028215758,10.0
250.066110485,135.346564883,10.0028788369,10.0
249.930704316,135.390960818,10.0029360929,10.0
249.795297762,135.435356879,10.0029933438,10.0
249.659890808,135.479753071,10.0030505899,10.0
249.547193232,135.296707937,10.0031057038,10.0
249.441288653,135.127849468,10.0031546833,10.0
249.378002406,134.975420886,10.003240369,10.0
249.312762713,134.823645511,10.0033253106,10.0
249.301822892,134.631597602,10.0033631001,10.0
249.290883051,134.439549336,10.0034008871,10.0
249.230248094,134.31997429,10.0034678689,10.0
249.274364295,134.168171422,10.0034856287,10.0
249.290028613,134.048609005,10.0034977178,10.0
249.310518195,133.9867659,10.0035160931,10.0
249.331017523,133.924785872,10.00353447,10.0
249.32129807,133.9117553,10.0035567354,10.0
249.292920681,133.752574883,10.0035743183,10.0
249.297356871,133.696120142,10.0035919494,10.0
249.355827764,133.723655279,10.0036080438,10.0
249.336590873,133.702282555,10.0036222755,10.0
249.242158046,133.601633243,10.003642817,10.0
249.159851414,133.484449148,10.0036622205,10.0
249.083384711,133.475851874,10.0036889109,10.0
248.905643698,133.39878356,10.0037133924,10.0
248.924256502,133.218511115,10.0037260875,10.0
248.899737391,133.057024162,10.003739423,10.0
248.83412768,133.062107734,10.0037586199,10.0
248.932121388,133.00224635,10.0037760263,10.0
249.015674945,133.009035481,10.0038027956,10.0
249.074917634,132.9831698,10.0038242522,10.0
249.130976818,132.954904273,10.0038453025,10.0
249.18730875,132.926112046,10.0038665222,10.0
249.21233725,132.934204299,10.0038838323,10.0
249.261131553,132.993115477,10.0039074866,10.0
249.31038297,133.091015279,10.0039270339,10.0
249.338774055,133.155384079,10.0039507264,10.0
249.3623222,133.238191955,10.003974028,10.0
249.350241929,133.171960845,10.0039933138,10.0
249.350621744,133.139580522,10.004012483,10.0
249.35100156,133.107200168,10.0040316517,10.0
249.351853056,133.074946597,10.0040507453,10.0
249.352232872,133.042566184,10.0040699133,10.0
249.349273251,132.976569068,10.0040857483,10.0
249.31035673,132.954907501,10.0041027136,10.0
249.369798441,132.825603226,10.0041094721,10.0
249.429240171,132.696298906,10.0041162306,10.0
249.451985606,132.501604179,10.0041404812,10.0
249.474731067,132.306909213,10.0041647307,10.0
249.493202324,132.11536012,10.004189237,10.0
249.489824364,131.894119421,10.0042169659,10.0
249.452256967,131.723407606,10.0042308622,10.0
249.404482591,131.488986397,10.0042476378,10.0
249.351452095,131.202443743,10.0042712651,10.0
249.298421537,130.915900731,10.0042948918,10.0
249.286644433,130.621037478,10.0043244071,10.0
249.293181898,130.347912723,10.0043488986,10.0
249.348876267,130.2062751,10.004364937,10.0
249.425226984,130.035534391,10.0043888425,10.0
249.3190729,129.830926487,10.0044202694,10.0
249.3269872,129.659944096,10.0044340708,10.0
249.334901506,129.488961587,10.004447872,10.0
249.360844055,129.338280329,10.0044730309,10.0
249.327836433,129.183509657,10.0045069532,10.0
249.351373167,129.037165144,10.004535501,10.0
249.374909934,128.890820423,10.004564048,10.0
249.398446736,128.744475493,10.0045925943,10.0
249.421983573,128.598130355,10.0046211399,10.0
249.445520445,128.451785007,10.0046496847,10.0
249.462082755,128.32929408,10.0046838388,10.0
249.458638972,128.214662636,10.0047082202,10.0
249.453948997,128.14518282,10.004731723,10.0
249.449259016,128.075702922,10.0047552253,10.0
249.492951978,127.996376099,10.0047716315,10.0
249.536644976,127.917049209,10.0047880374,10.0
249.579449699,127.838829117,10.0048019455,10.0
249.571562222,127.732935684,10.0048154466,10.0
249.55395607,127.658063264,10.0048266929,10.0
249.520295143,127.588613788,10.0048382344,10.0
249.486634199,127.519164273,10.0048497758,10.0
249.449833976,127.452114032,10.0048685638,10.0
249.377357849,127.358411284,10.0048861628,10.0
249.291444175,127.162493901,10.0049090684,10.0
249.176353764,127.095559576,10.0049195957,10.0
249.081198846,127.019744569,10.004933958,10.0
248.97910673,126.915679643,10.0049431798,10.0
248.895947791,126.799974779,10.004953802,10.0
248.83991334,126.710600929,10.0049646006,10.0
248.785041542,126.620108055,10.0049805753,10.0
248.730169704,126.529615106,10.0049965497,10.0
248.690218625,126.386821182,10.0050127917,10.0
248.670587493,126.27004441,10.005023881,10.0
248.695665186,126.14366194,10.0050388911,10.0
248.669154545,125.995585406,10.005050254,10.0
248.663637741,125.844421873,10.0050622692,10.0
248.662127558,125.747114049,10.0050777681,10.0
248.633693709,125.680485787,10.0050939097,10.0
248.632183524,125.583177807,10.0051094078,10.0
248.632071945,125.550814984,10.0051198274,10.0
248.655141748,125.479617661,10.0051289111,10.0
248.676896242,125.366697622,10.0051368549,10.0
248.698691523,125.253903767,10.0051447511,10.0
248.722258938,125.137092357,10.005153317,10.0
248.745826364,125.020280896,10.0051618828,10.0
248.852573254,124.956203995,10.0051912515,10.0
248.974771254,124.861481285,10.005218746,10.0
249.109664471,124.79054339,10.0052454909,10.0
249.248092249,124.671946121,10.0052641795,10.0
249.392992174,124.5498417,10.0052788925,10.0
249.531693935,124.431876009,10.0052974706,10.0
249.653215349,124.37403381,10.005317094,10.0
249.820786437,124.280472988,10.0053335345,10.0
249.988357659,124.186912091,10.0053499748,10.0
250.071229934,124.106577093,10.0053706212,10.0
250.230816465,124.026612708,10.0053827864,10.0
250.313688874,123.946277575,10.0054034324,10.0
250.360417014,123.883658031,10.0054220169,10.0
250.346669558,123.767383823,10.0054334899,10.0
250.33060611,123.64946969,10.0054443637,10.0
250.289974761,123.454880671,10.0054764132,10.0
250.30870712,123.340822013,10.0054919119,10.0
250.383430267,123.340006399,10.0055117004,10.0
250.243864853,123.075394976,10.0055326929,10.0
250.10207259,122.810747731,10.0055547381,10.0
250.078409695,122.645160216,10.0055703068,10.0
250.041826417,122.491438019,10.0055797747,10.0
249.977621589,122.32463691,10.0055914441,10.0
249.963471269,122.238959323,10.0056004922,10.0
249.949801183,122.153770018,10.0056093373,10.0
249.936131091,122.068580675,10.0056181822,10.0
249.91432422,121.902900148,10.0056294957,10.0
249.949460026,121.670463222,10.005637192,10.0
249.984595846,121.438026223,10.0056448883,10.0
249.936144915,121.135708603,10.0056609877,10.0
249.978043158,120.914874244,10.0056684455,10.0
249.961461055,120.775351364,10.0056858231,10.0
249.932056509,120.627378497,10.0057093771,10.0
249.924298722,120.465249571,10.0057297919,10.0
249.917505647,120.346208814,10.0057520522,10.0
249.910712565,120.227167922,10.0057743121,10.0
249.899023254,120.107582393,10.0057947292,10.0
249.938749085,119.953611049,10.0058080038,10.0
249.921660163,119.852485012,10.0058250361,10.0
249.746263895,120.069262038,10.0058676023,10.0
249.574702944,120.287210028,10.005911994,10.0
249.429181047,120.212649192,10.005934142,10.0
249.352758099,120.227974462,10.0060442232,10.0
249.275738876,120.23689528,10.0061727924,10.0
249.205296911,120.251153431,10.0062971363,10.0
249.162886884,120.11573518,10.006347352,10.0
249.120476747,119.980316586,10.0063975653,10.0
249.08072487,119.748074613,10.0064753284,10.0
249.04097284,119.515831731,10.0065530858,10.0
248.977858193,119.280746765,10.00664989,10.0
248.929973573,119.190495535,10.0067386782,10.0
248.887866853,119.171937402,10.0067816129,10.0
248.932295523,119.150162063,10.0068358061,10.0
248.976724313,119.128386666,10.0068899967,10.0
248.989176207,119.033712407,10.0068975128,10.0
248.962347914,119.02370643,10.0069399773,10.0
248.886393117,119.047015221,10.006967131,10.0
248.78070816,119.081005887,10.0069966931,10.0
248.811429185,118.969210194,10.0070089793,10.0
248.84215023,118.857414433,10.0070212652,10.0
248.872871293,118.745618605,10.0070335508,10.0
248.894724311,118.628700638,10.0070449647,10.0
248.920262031,118.513129928,10.0070562161,10.0
248.969680346,118.342647502,10.0070802668,10.0
248.911717113,118.220874266,10.007089534,10.0
248.988027254,118.128752412,10.0071029498,10.0
249.024437875,118.037359969,10.0071201988,10.0
248.982652572,118.121640922,10.0071445629,10.0
248.908422464,118.148698883,10.0071705708,10.0
248.812160787,118.283690499,10.0072074898,10.0
248.809373837,118.435225533,10.0072452036,10.0
248.719269144,118.572581233,10.0072790169,10.0
248.719327895,118.622719248,10.0073547739,10.0
248.711882362,118.669289091,10.0074276636,10.0
248.713611226,118.719107804,10.0074930312,10.0
248.602641164,118.761463837,10.0075581746,10.0
248.580209561,118.795496476,10.0076524356,10.0
248.635275362,118.606988711,10.0077101828,10.0
248.614075965,118.49456652,10.0077333778,10.0
248.583183268,118.361451094,10.0077539162,10.0
248.520843302,118.291309138,10.007811043,10.0
248.43937839,118.229853553,10.0078670607,10.0
248.515957105,118.162199688,10.0078928835,10.0
248.511623316,118.003330213,10.007903677,10.0
248.569684865,117.878685181,10.0079165864,10.0
248.663332323,117.744083126,10.0079314129,10.0
248.757320235,117.60818175,10.0079470144,10.0
248.774347255,117.483920304,10.0079616815,10.0
248.773876241,117.341546101,10.007977746,10.0
248.77404556,117.19900502,10.007993949,10.0
248.774214879,117.05646382,10.0080101517,10.0
248.774067649,116.91320209,10.008026132,10.0
248.773963864,116.769740445,10.0080419578,10.0
248.736759449,116.615382535,10.0080522851,10.0
248.79065905,116.556840469,10.0080749047,10.0
248.844558715,116.498298337,10.0080975236,10.0
248.86795258,116.383715597,10.0081152076,10.0
248.891346467,116.269132753,10.0081328912,10.0
248.903222546,116.15498474,10.0081455804,10.0
248.92690095,116.045180423,10.0081592719,10.0
248.95057937,115.935376031,10.0081729631,10.0
248.949637237,115.904540399,10.0081911474,10.0
248.897075778,115.845083696,10.0082117035,10.0
248.893274467,115.769565125,10.008222722,10.0
248.8140962,115.49302428,10.0082371785,10.0
248.802236457,115.370925782,10.0082504317,10.0
248.794371452,115.267620397,10.0082605476,10.0
248.699776296,115.054486928,10.0082686075,10.0
248.760615015,114.87765081,10.0082801763,10.0
248.750406299,114.718226341,10.0082923741,10.0
248.733544084,114.548464564,10.0083054598,10.0
248.721313392,114.367063669,10.0083149555,10.0
248.782489111,114.17469081,10.0083304242,10.0
248.837269447,114.002692876,10.0083444276,10.0
248.904296135,113.867513848,10.0083556053,10.0
248.97586888,113.729879705,10.008365826,10.0
249.003350682,113.602581841,10.008376163,10.0
249.030050087,113.463713763,10.0083844211,10.0
249.10193889,113.323738885,10.0083951386,10.0
249.182752109,113.180735824,10.0084061251,10.0
249.258289427,113.064929468,10.0084148107,10.0
249.34984653,112.935523984,10.0084237461,10.0
249.291796898,112.91140264,10.0084333374,10.0
249.368487646,112.745396075,10.0084572251,10.0
249.437695329,112.624736679,10.0084678494,10.0
249.376987458,112.604284556,10.0084835115,10.0
249.371159661,112.471201972,10.0084908406,10.0
249.433792711,112.363220551,10.0085063439,10.0
249.486630778,112.294768975,10.0085251509,10.0
249.48761287,112.262230778,10.0085455437,10.0
249.39977899,112.195027219,10.0085654339,10.0
249.354193545,112.109941841,10.008587128,10.0
249.353582708,112.018983149,10.0085971351,10.0
249.324394573,111.912967318,10.0086089986,10.0
249.260069339,111.846281358,10.008638305,10.0
249.22962438,111.740597689,10.008648013,10.0
249.217371604,111.671897495,10.0086556307,10.0
249.213378047,111.63396825,10.008666426,10.0
249.219763294,111.556024888,10.0086740983,10.0
249.226676698,111.491777637,10.0086863137,10.0
249.281920107,111.434447331,10.0086944583,10.0
249.278986304,111.335508285,10.0087090815,10.0
249.302722445,111.224768092,10.0087201225,10.0
249.241017905,111.08312582,10.0087436073,10.0
249.243237601,110.901679431,10.0087613853,10.0
249.265949487,110.781961357,10.00878123,10.0
249.29195562,110.670177286,10.0087932209,10.0
249.272311548,110.50280868,10.0088175437,10.0
249.186962156,110.289751043,10.0088515389,10.0
249.176673605,109.988692065,10.0088815797,10.0
249.10828097,109.687146058,10.0089005656,10.0
249.005106764,109.362636318,10.0089189313,10.0
248.990481542,108.985285511,10.0089453113,10.0
248.955765123,108.706489255,10.0089661554,10.0
248.914797796,108.374740114,10.0089900956,10.0
248.911201243,108.062462737,10.0090207088,10.0
248.915067275,107.719296088,10.0090529088,10.0
248.91089663,107.409519424,10.009084566,10.0
248.949970084,107.132107457,10.0091259285,10.0
248.906512673,106.794723084,10.0091723739,10.0
248.886244963,106.455749263,10.0092183812,10.0
248.87561158,106.276607071,10.0092846149,10.0
248.864808275,106.100211044,10.0093540209,10.0
248.798845431,105.895317127,10.0094275877,10.0
248.784072598,105.719849532,10.0094621329,10.0
248.762371289,105.614662108,10.0095257757,10.0
248.737124709,105.456754965,10.0095533545,10.0
248.69587612,105.328990219,10.0095781256,10.0
248.663293128,105.206275982,10.009597775,10.0
248.617604546,105.038396356,10.0096272685,10.0
248.595424572,104.897097093,10.0096717545,10.0
248.469461752,104.710878116,10.0097062281,10.0
248.342430608,104.478491185,10.0097497922,10.0
248.269545886,104.363963914,10.0097976226,10.0
248.238605235,104.245510911,10.0098236455,10.0
248.160175065,104.108237644,10.0098516038,10.0
248.081744783,103.970964183,10.0098795614,10.0
248.003314398,103.833690544,10.0099075182,10.0
247.924883901,103.696416711,10.0099354745,10.0
247.842490596,103.540675824,10.0099588868,10.0
247.760097202,103.384934758,10.0099822985,10.0
247.647155033,103.212115785,10.0100052355,10.0
247.575757639,102.964162563,10.0100239372,10.0
247.550425133,102.79075334,10.0099960372,10.0
247.166269431,102.757600078,10.0101665884,10.0
247.252312331,102.48318828,10.0102055773,10.0
247.391907492,102.437207406,10.0102245696,10.0
247.466010916,102.279646417,10.0102368307,10.0
247.462660024,102.146283378,10.0102471003,10.0
247.499768867,101.998485689,10.0102572388,10.0
247.525038513,101.881443759,10.0102700333,10.0
247.537621032,101.778409903,10.0102836254,10.0
247.595504077,101.721822423,10.0102989027,10.0
247.654101025,101.649411981,10.0103124823,10.0
247.661191285,101.587576994,10.0103221946,10.0
247.784769673,101.541014475,10.0103408295,10.0
247.85208736,101.485637785,10.0103562953,10.0
247.940032857,101.373026059,10.0103676538,10.0
248.029446431,101.273958789,10.0103769558,10.0
248.117168325,101.174409324,10.0103862052,10.0
248.204910111,101.061535419,10.0103973341,10.0
248.292191208,100.961977133,10.0104063418,10.0
248.358676947,100.942663988,10.0104203053,10.0
248.365909542,100.80928344,10.0104261315,10.0
248.432184883,100.701541727,10.0104373108,10.0
248.505560366,100.594558795,10.01044979,10.0
248.55151669,100.459742432,10.0104614364,10.0
248.631808979,100.275107344,10.0104873702,10.0
248.712101372,100.090472003,10.0105133035,10.0
248.792393871,99.9058364382,10.0105392362,10.0
248.842656008,99.709366267,10.0105689734,10.0
248.856131928,99.5233198901,10.0105950187,10.0
248.947580249,99.3325859805,10.0106212175,10.0
249.067818805,99.1462599238,10.010663196,10.0
249.183230573,99.0027562877,10.0106874513,10.0
249.203562174,98.8936337953,10.0107254366,10.0
249.246876198,98.7336234426,10.0107434102,10.0
249.252759204,98.5795216387,10.0107606117,10.0
249.258427447,98.3456854796,10.0107830359,10.0
249.298350814,98.1913143521,10.0108063612,10.0
249.405420713,98.0171167379,10.0108267815,10.0
249.542463294,97.7739545231,10.0108644539,10.0
249.59571407,97.538558436,10.010888912,10.0
249.538320242,97.2670752531,10.0109437368,10.0
249.461912508,96.9737124866,10.0115463168,10.0
249.38571148,96.5924542373,10.0120433576,10.0
249.362131352,96.3295048302,10.012676384,10.0
249.516369759,96.2368640577,10.0129523754,10.0
249.612818691,96.074804542,10.0130531291,10.0
249.63801596,95.9439127868,10.013114239,10.0
249.663213307,95.8130206292,10.0131753461,10.0
249.921777698,95.8154808223,10.013395987,10.0
250.076198483,95.7734512702,10.0134850521,10.0
250.237525831,95.6864451483,10.0136145711,10.0
250.398854226,95.5994384676,10.0137440835,10.0
250.564669128,95.5243057326,10.0138686345,10.0
250.772559101,95.4394360498,10.0140009896,10.0
251.015433965,95.2380625919,10.0141390863,10.0
251.078890595,95.1335946039,10.0141837065,10.0
251.275764838,95.1662439011,10.0142496054,10.0
251.475490841,95.1944442854,10.0144671572,10.0
251.588807971,95.2513321355,10.0145778015,10.0
251.555923987,95.0245487407,10.014694337,10.0
251.733123594,95.0640156061,10.0147274082,10.0
251.946975833,95.0885636337,10.0147567994,10.0
252.017972319,95.0576217078,10.0148504667,10.0
251.951821898,94.912058001,10.014866205,10.0
252.204121817,94.8418577887,10.0149194643,10.0
252.362367965,94.7149355538,10.0149740857,10.0
252.334716229,94.5664660163,10.0152618966,10.0
252.422811143,94.8061213471,10.0152910704,10.0
252.498087792,94.7504931703,10.0153182226,10.0
252.545660342,94.6792078629,10.0153376297,10.0
252.616552166,94.5298390553,10.0153601228,10.0
252.385909568,94.3124080912,10.0153856556,10.0
252.188462779,94.4636819825,10.0152952853,10.0
252.075518227,94.7214818165,10.0152189656,10.0
251.959253578,94.5470356509,10.0152314665,10.0
252.001659924,94.3552346841,10.015263917,10.0
252.204885562,94.5236491129,10.0153245733,10.0
256.157659123,95.6410814688,10.0,10.0
256.133136854,95.5176495031,10.0000182677,10.0
256.24952229,95.3727473632,10.0000523502,10.0
256.381884594,95.2078319952,10.0000869256,10.0
256.514524768,94.9651235804,10.0001293821,10.0
256.606848218,94.7830129728,10.0001715559,10.0
256.608820813,94.724066896,10.0002428618,10.0
256.658395336,94.613737879,10.0002850275,10.0
256.636732168,94.5404809766,10.00034145,10.0
256.658764786,94.4580748432,10.0003780965,10.0
256.593458391,94.4476962766,10.000416691,10.0
256.528151877,94.4373176905,10.0004552841,10.0
256.487099159,94.4546140662,10.0004966037,10.0
256.401068278,94.5612398988,10.0005863159,10.0
256.44945663,94.5889421819,10.0006143352,10.0
256.518228904,94.5288164994,10.0006289179,10.0
256.614448749,94.4195422685,10.0006521181,10.0
256.729217792,94.3028642616,10.0006748997,10.0
256.751108253,94.2093697867,10.0006895437,10.0
256.622544847,94.2749806201,10.0006675539,10.0
256.493493368,94.2753188872,10.0006448498,10.0
256.583931385,94.0953178221,10.000732361,10.0
256.510461487,93.9702952617,10.000746724,10.0
256.529985027,93.8591880166,10.0007834588,10.0
256.550042687,93.7373463401,10.0008085187,10.0
256.568692195,93.5735523888,10.0008451509,10.0
256.576784865,93.4662554004,10.0008671364,10.0
256.56069385,93.3578906768,10.0008826337,10.0
256.574769446,93.3010648304,10.00089543,10.0
256.555946079,93.1508109533,10.0009042829,10.0
256.550053131,93.0699415022,10.0009129183,10.0
256.635945171,92.9641932362,10.0009218678,10.0
256.7004725,92.9054526353,10.0009294893,10.0
256.757324619,92.8187939265,10.0009350441,10.0
256.754120309,92.6999935472,10.0009416373,10.0
256.739602927,92.5854030141,10.0009495677,10.0
256.768953663,92.4639149049,10.0009561744,10.0
256.763938461,92.2568087616,10.0009625827,10.0
256.777267206,92.0967700073,10.0009661426,10.0
256.787188792,91.9270568379,10.0009700091,10.0
256.790293581,91.8125667461,10.0009728794,10.0
256.79339837,91.6980766394,10.0009757497,10.0
256.777586908,91.5543417373,10.0009805518,10.0
256.735522313,91.5017416106,10.0009843351,10.0
256.682790619,91.5452684761,10.0009837488,10.0
256.547140696,91.5323791105,10.0009855155,10.0
256.42673534,91.5086756136,10.0009871878,10.0
256.391673374,91.5024769317,10.0009852267,10.0
256.356611412,91.4962782502,10.0009832656,10.0
256.386474817,91.4195716694,10.0009816405,10.0
256.41633822,91.3428650961,10.0009800155,10.0
256.416003519,91.3294708092,10.0009798584,10.0
256.387436379,91.3122727998,10.0009804618,10.0
256.399232699,91.2973372691,10.000980015,10.0
256.370677917,91.2800976239,10.0009806177,10.0
256.480102525,91.1534638159,10.0009832665,10.0
256.578885372,91.0616262235,10.0009932461,10.0
256.548979556,90.9545783453,10.0009955333,10.0
256.520152835,90.8301795401,10.000997772,10.0
256.490448435,90.7229351603,10.0010000558,10.0
256.521390449,90.6073207461,10.0010014438,10.0
256.530410718,90.5146340929,10.0010037623,10.0
256.544856222,90.429620219,10.0010062694,10.0
256.645769953,90.209923444,10.0010080925,10.0
256.754437238,90.0032838114,10.0010096553,10.0
256.863456036,89.7718477376,10.0010114368,10.0
256.972474842,89.5404116489,10.0010132182,10.0
256.970697435,89.3891050197,10.0010146223,10.0
257.100047581,89.0993047931,10.0010155963,10.0
257.18553118,88.7946364559,10.0010167956,10.0
257.138396439,88.5219432689,10.0010193944,10.0
257.098710339,88.252854047,10.0010219232,10.0
267.06815081,75.8233563282,10.2729182634,10.0
266.976600514,74.8533461668,10.51472978,10.0
266.627336356,75.3237872698,10.707990297,10.0
266.761978015,75.251679679,10.865749493,10.0
266.753604081,75.3208055772,10.9864893926,10.0
266.752634821,75.3850454149,11.0930153102,10.0105636259
266.757521048,75.4438070952,11.1884082344,10.032851975
266.798294798,75.4935854014,11.2734612582,10.061247804
266.488166845,74.8160983922,11.319465514,10.0817808758
266.308447871,75.2151489247,11.376005948,10.0601102985
267.237130257,74.4703915131,11.3877853765,10.1454766623
267.056204414,74.8721462144,11.4451468549,10.1232254851
266.879714647,75.2707961982,11.4921006745,10.1107544785
266.571101361,74.576563225,11.5208188209,10.1475779355
266.396532037,74.9743838089,11.5625225207,10.1403797965
266.088297439,74.2752341504,11.5877729473,10.1808117533
266.222066791,74.6004807092,11.7357668918,10.2215701522
266.351095498,74.6141750534,11.7391726733,10.245380993
266.478892993,74.629226989,11.7453695396,10.2665410018
266.598482366,74.6445868801,11.7567463072,10.2844774524
266.717695204,74.6604839178,11.7692114234,10.3014047201
265.539534483,74.7237288508,11.8023154733,10.3269674653
266.834103525,74.8929613765,11.8068677842,10.3002555676
265.57879688,75.0007522746,11.877961192,10.3369366321
265.665641101,75.0728186077,11.9136692921,10.3885014522
266.665348986,74.3012741166,11.908678461,10.456723925
266.493738877,74.5933464179,11.9192878043,10.4680040936
266.321846289,74.8858151263,11.9301360667,10.4790750969
266.077826068,74.024367056,11.943490154,10.5301026747
265.902901052,74.3202684477,11.9591094954,10.536624369
267.074673735,74.6371417532,11.9407055587,10.5516668062
265.706449998,74.8655433697,12.0063089548,10.542658398
266.73193243,74.0979623312,12.0124722823,10.5935302329
266.571726908,74.3938870975,12.028132854,10.5889804644
266.412342383,74.6889080155,12.0415291885,10.5865237798
266.253623897,74.9832675498,12.0533737727,10.5856978394
266.007697213,74.1224721679,12.0705429023,10.6233231588
265.847257017,74.4200756617,12.0839052599,10.620606427
267.048448165,74.7378305786,12.059533236,10.6290381743
265.489196892,73.7963894735,12.1614423265,10.6849376481
265.339224829,74.335282427,12.2703149128,10.7301679791
266.63193909,74.3395441719,12.2333535488,10.6905457119
266.181962605,73.7307080626,12.1802113208,10.8342769382
266.019517569,74.2821142272,12.3056369226,10.8658482875
266.025756716,74.2557031405,12.3540402299,10.8031548414
266.038416241,74.2231072417,12.3895604821,10.7529112696
266.056070002,74.1857141824,12.4150496501,10.7123428726
266.077598001,74.1446090285,12.4327475445,10.6792798686
265.93618199,74.6768490631,12.5156928117,10.7537516971
265.715754126,73.6709213818,12.466928152,10.8166868098
266.853829294,73.9638762598,12.4155428793,10.786404817
266.49988327,74.6619492999,12.3731595532,10.8472816421
266.268431029,73.668977229,12.3473881722,10.8880652758
266.0556203,73.8574439239,12.3174725207,10.888589326
265.895693136,74.4095807639,12.4364221964,10.9280261399
265.683907959,74.5969847238,12.4021666207,10.9326383516
266.802280726,73.7562220091,12.3623872591,10.9296356685
266.58741727,73.9466827967,12.3356855231,10.9269762556
266.37058586,74.1369035849,12.3103739212,10.9224417128
266.153027703,74.328073962,12.2874324747,10.9159793524
266.155570859,74.3049655432,12.3443157255,10.8453380429
266.170553326,74.282044805,12.3867227073,10.7888704935
266.191314694,74.2535558599,12.4175228026,10.7436087524
266.216553119,74.2207625814,12.4393194078,10.7070254754
266.245251542,74.1846491648,12.4541464558,10.6771525398
266.276617911,74.1459798842,12.4635879549,10.6524615316
265.936509695,74.8341559341,12.4004827286,10.7333636032
265.965038933,74.8022487823,12.4204960905,10.6975227628
265.996883968,74.7671576775,12.433821637,10.6681225164
264.693384564,73.8823698969,12.3596533189,10.6810672993
264.932709742,74.4214674468,12.2794421915,10.6837591595
265.078307953,73.6285713984,12.1965377764,10.6862439901
265.314859164,74.1810199788,12.1185749896,10.6860780314
265.512275527,73.4073280327,12.042938577,10.6850559186
264.223614714,73.1220379967,11.9432239189,10.7074666163
264.240323384,72.956144287,11.8592904304,10.7274504862
264.281519723,72.8110707201,11.777527908,10.7417974215
264.313430201,72.6754297594,11.6900650733,10.7558874167
264.290987895,72.509797689,11.6192755465,10.7588933412
264.435939064,73.6558643454,11.5692608782,10.7504995951
264.648656585,74.0083885095,11.5477555473,10.7204823328
264.773499535,73.4510395504,11.50501012,10.7035771293
264.887125826,73.9493153563,11.4640427055,10.677472283
264.999325705,74.4456353536,11.4235424249,10.6523934737
265.152224775,73.8414271655,11.3676476059,10.6317604057
265.312430415,74.4161855536,11.3253854235,10.6185375177
265.534045905,73.75000271,11.2720029744,10.5956633367
265.741883105,74.2996478058,11.2278364285,10.5762169045
265.958827842,73.6624914186,11.1767122468,10.5510977589
264.827448413,73.5948984414,11.092292407,10.5433595833
265.102467854,74.4686483354,11.0591686085,10.5193190391
265.32391628,73.9901547687,11.017090044,10.4921068869
265.544371769,73.5134800169,10.975711236,10.4644052435
264.385494266,73.4091633639,10.9139396262,10.4386916682
265.810409177,73.4183392255,10.8492488886,10.4289790431
265.90158266,73.1974940582,10.7873061142,10.4186743029
266.035091886,74.1830050439,10.7449771306,10.3912372505
266.124470942,73.96497924,10.6870086579,10.3768512529
266.218491714,73.7391730658,10.6413122752,10.356152492
266.080369308,73.6078837829,10.6019027198,10.3505079509
266.172705754,73.387868582,10.5602208473,10.3270273626
266.298209486,73.1533552719,10.50569193,10.3016109537
266.338188303,73.2250070325,10.4539129676,10.302255138
266.404342458,73.3565158673,10.3989348509,10.2991725793
266.462102425,73.4772292396,10.3457416513,10.2946170176
266.523991995,73.5853473047,10.2928287534,10.2872179198
266.592215078,73.6957339551,10.2409205333,10.2769431605
266.65897781,73.8070710199,10.1916775487,10.2641314568
266.719411927,73.951961352,10.1443540102,10.2537891392
266.773236362,73.5859511474,10.1327888489,10.2301298814
265.607256774,73.4625977502,10.117453217,10.2197080498
265.68691136,73.3429737572,10.103676236,10.196999046
265.793287381,74.3828625139,10.0909020987,10.1590926034
265.889772963,74.2642162327,10.0726642306,10.1403273074
265.994533049,74.1694025463,10.0557698939,10.1227040255
266.130371068,74.0820691071,10.041585951,10.1082365893
266.270080014,73.9879142735,10.0253774032,10.0944494515
266.409496573,73.8939850783,10.0093617563,10.0805119212
266.54539055,73.8002695773,10.0,10.0664474396
265.429818932,73.7399969312,10.0,10.055453998
266.812904421,73.5942807664,10.0,10.054887822
265.642690603,73.4552421847,10.0,10.0387629556
265.7520946,74.4570199985,10.0,10.0055803626
265.843739409,74.2877972695,10.0,10.0
265.935358655,74.1158323261,10.0,10.0
266.038866337,73.9474572066,10.0,10.0
266.14237402,73.779082087,10.0,10.0
266.272384372,73.6064171317,10.0,10.0
266.402394723,73.4337521765,10.0,10.0
266.531820472,74.3887277219,10.0,10.0
265.510078951,74.9968832108,10.0006368402,10.0
265.709010636,74.5044523451,10.0043041224,10.0
265.895689174,73.9961144897,10.0119551655,10.0
265.990426723,73.7806341621,10.0,10.0
266.063285153,73.5839951459,10.0,10.0
266.136143584,73.3873561296,10.0,10.0
266.235910002,74.3400404128,10.0,10.0
266.30877826,74.142710534,10.0,10.0
266.381646518,73.9453806552,10.0,10.0
266.485350024,73.7487690869,10.0,10.0
266.593655307,73.550190908,10.0,10.0
265.518404574,74.1383384886,10.0102753392,10.0
265.631903168,73.9396582964,10.0,10.0
265.740208451,73.7410801175,10.0,10.0
265.822211538,73.53401382,10.0,10.0
265.904214624,73.3269475225,10.0,10.0
265.993509714,74.2458181503,10.0,10.0
266.065897021,74.0461443338,10.0,10.0
266.13938934,73.8550833288,10.0,10.0
266.212071542,73.6624048325,10.0,10.0
266.28556386,73.4713438276,10.0,10.0
266.362355489,74.4190024856,10.0,10.0
266.429854956,74.2319712016,10.0,10.0
266.497354422,74.0449399176,10.0,10.0
266.559152972,73.861859453,10.0,10.0
266.521366842,73.6913275429,10.0,10.0055212905
266.483570285,73.5208461186,10.0,10.0108489836
266.566043861,73.3403888183,10.0,10.0032426984
265.43447841,74.2901675376,10.0,10.0
266.798180945,74.0731832209,10.0,10.0
265.637611039,73.87502597,10.0,10.0
265.713932753,73.6737439755,10.0,10.0
265.790254466,73.4724619809,10.0,10.0
265.877931424,74.4049495879,10.0,10.0
265.949450962,74.2049718025,10.0,10.0
266.020970501,74.0049940172,10.0,10.0
266.09249004,73.8050162318,10.0,10.0
266.164009579,73.6050384465,10.0,10.0
266.232295394,73.4065208259,10.0,10.0
266.319741584,74.3492803398,10.0,10.0
266.390389964,74.1661062214,10.0,10.0
266.461038344,73.982932103,10.0,10.0
266.529044703,73.7994500074,10.0,10.0
266.484994814,73.6725724691,10.0,10.0019072133
266.538021188,73.5239128742,10.0,10.0
265.388199311,73.3703423861,10.0,10.0
266.766151648,74.3320036057,10.0,10.0
265.63673101,74.181541917,10.0,10.0
265.742908772,74.0424328569,10.0,10.0
265.849086534,73.9033237967,10.0,10.0
265.955264296,73.7642147365,10.0,10.0
266.04386631,73.5673869225,10.0,10.0
266.117817018,73.3806933138,10.0,10.0
266.220045019,74.322240946,10.0,10.0
266.293995727,74.1355473372,10.0,10.0
266.367946435,73.9488537285,10.0,10.0
266.441897143,73.7621601197,10.0,10.0
266.51898196,73.5721194121,10.0,10.0
265.354680803,73.3878251734,10.0,10.0
266.724253085,74.3286351386,10.0,10.0
265.559951928,74.1443408999,10.0,10.0
265.637036745,73.9543001923,10.0,10.0
265.715360899,73.7653404,10.0,10.0
265.793685053,73.5763806078,10.0,10.0
265.872009207,73.3874208155,10.0,10.0
265.980673876,74.3295561495,10.0,10.0
266.0803889,74.2097016844,10.0,10.0
266.180103924,74.0898472193,10.0,10.0
266.279818948,73.9699927542,10.0,10.0
266.350169752,73.8409604999,10.0,10.0
266.420520555,73.7119282457,10.0,10.0
266.490871359,73.5828959915,10.0,10.0
266.561222162,73.4538637373,10.0,10.0
266.499357995,74.5385524008,10.0,10.0
266.659225892,74.1015035483,10.0,10.0
266.580463406,74.033299857,10.0,10.0129029451
266.501563463,73.9652260548,10.0,10.02530218
266.422614645,73.8973470457,10.0,10.0372351772
266.48801605,73.7712475595,10.0,10.0293999163
266.554079179,73.6462338226,10.0,10.0215895579
266.476515729,73.5732325631,10.0,10.0335736112
266.543717038,73.4480648914,10.0,10.026362947
266.478343513,74.5235131026,10.0,10.0273181785
266.642583843,74.0941818591,10.0,10.0
266.56435683,74.0116136206,10.0,10.0139171983
266.484014716,73.9328544015,10.0,10.0274801674
266.548468154,73.8124792377,10.0,10.0192086818
265.379806917,73.6796758676,10.0,10.0129104468
266.707574766,73.5332185574,10.0,10.0150881832
265.539153975,73.4003554624,10.0,10.008965337
265.638830576,74.426328228,10.0,10.0
265.703195598,74.3019881333,10.0,10.0
265.76756062,74.1776480387,10.0,10.0
265.828063518,74.0525373529,10.0,10.0
265.888566416,73.9274266671,10.0,10.0
265.949069314,73.8023159812,10.0,10.0
266.009572212,73.6772052954,10.0,10.0
266.07007511,73.5520946096,10.0,10.0
266.130578008,73.4269839238,10.0,10.0
266.228439171,74.4504111718,10.0,10.0
266.288942069,74.3253004859,10.0,10.0
266.349444967,74.2001898001,10.0,10.0
266.409947865,74.0750791143,10.0,10.0
266.470450763,73.9499684285,10.0,10.0
266.529517267,73.8273444261,10.0,10.0
266.448696446,73.7629753788,10.0,10.0112827463
266.510811038,73.6424530391,10.0,10.0039525312
266.43035733,73.5781919381,10.0,10.0150783638
266.492483698,73.4577416658,10.0,10.0075569263
266.590979345,74.4859482582,10.0,10.0
266.510528043,74.4216043567,10.0,10.0112764504
266.430031389,74.3574383315,10.0,10.022130957
266.492179643,74.2371219789,10.0,10.0142541659
266.556062657,74.111274495,10.0,10.0079223847
266.474750917,74.0477042801,10.0,10.018682354
266.534858927,73.9268284406,10.0,10.0109266057
266.453530118,73.8633127626,10.0,10.0215734704
266.514098268,73.7417715302,10.0,10.0141647035
266.462104543,75.0915954906,10.298296267,10.0
266.436345531,75.3843574423,10.5038696484,10.0
266.59111729,75.2722761381,10.7071161545,10.0
266.766946961,75.197242004,10.8697876765,10.0
266.780106825,75.420732859,11.005953011,10.0276122869
266.842342371,75.7375182015,11.0933195984,10.0615111035
266.865781601,74.7820101408,11.1994549347,10.102597196
266.925214734,75.0494547919,11.3079559197,10.1387700414
266.801981828,75.2178375833,11.3672286525,10.0351751617
266.695282805,75.3205444786,11.4159860633,10.0
266.593616175,75.4055296752,11.4549029941,10.0
266.321317076,74.748671379,11.5047418721,10.0213890692
266.162425133,75.2660609701,11.5591673732,10.0325300206
266.521307486,75.1919014502,11.6536566782,10.0
266.232399564,74.5074027504,11.6846606448,10.0551478311
266.039589748,74.9112038885,11.7379666486,10.0598705557
266.144398657,75.2624301841,11.8973873823,10.0983986493
266.213404715,75.4167358148,11.909938671,10.1739834906
266.310770474,74.2771256675,11.9318541217,10.2456902143
266.237709357,74.8739522221,12.0250363827,10.388253674
265.963733089,74.0679034419,12.0672280694,10.4112643443
267.003138274,74.4277642056,12.0678811823,10.3896824843
265.61547009,74.6752325639,12.140500484,10.3656580455
266.665377849,75.0215006856,12.1169541154,10.3696142951
266.393681567,74.1918299345,12.139717452,10.4093212883
266.191971117,74.5033831129,12.1652295262,10.3918582039
266.008550265,74.8205517353,12.1776860638,10.3843444441
265.73803595,74.006047503,12.2037273433,10.4227494378
266.776645977,74.3635519096,12.2081673216,10.4250887234
266.652315115,74.696767373,12.1839999308,10.4377730323
266.443456845,75.028053293,12.209517938,10.4210522679
266.142987835,74.2131650128,12.2361127537,10.4563913485
265.942153423,74.5404227277,12.260488407,10.4413589532
265.743599739,74.8655841204,12.2801791347,10.4308637769
266.715143588,74.1138470597,12.2840593973,10.4990889273
266.319858164,74.8522819608,12.2008679946,10.5522843039
266.42885406,74.907009993,12.1944065749,10.5192195417
266.215251272,74.1179250331,12.1916037093,10.5499439258
266.100721948,74.4641012175,12.1618640875,10.535815763
265.985710019,74.8076128124,12.1333306841,10.5210700834
265.768508623,74.023309397,12.1367940105,10.5452453468
266.903194677,74.4241118614,12.0873220346,10.5232329322
266.786484588,74.7687840896,12.0650006753,10.5021390366
266.587390584,73.9962189119,12.0712497598,10.5235797643
266.482463884,74.3544213229,12.0507516506,10.5002486918
266.378090333,74.7115924253,12.0295951,10.4776326948
266.254512216,75.0164170163,12.027975792,10.4622489737
266.028870743,74.1916476511,12.0566823109,10.4712362562
265.891084475,74.5008657499,12.0612939796,10.4514283412
267.023202052,74.8628136223,12.041362529,10.4374406645
266.403873678,73.9590304054,11.9851850209,10.4590336688
266.25129363,74.2418609712,11.9990604352,10.4420266762
266.100553045,74.5228932898,12.0093045189,10.4285265326
265.951237805,74.8025278406,12.016745598,10.4177321004
266.928254635,74.0538690692,12.0500417772,10.4326893995
266.789743876,74.3599623441,12.0647784203,10.4284656965
266.653796449,74.6629033704,12.0766180313,10.4268357438
266.512769821,74.9611489441,12.0856618074,10.4269970445
266.271367476,74.1208296775,12.1156091821,10.4535251461
266.147007033,74.4459076262,12.1347695602,10.4515677341
266.023726796,74.7698920122,12.1515315963,10.4517726519
265.900495068,75.0925881729,12.1660672552,10.4536783684
266.259648707,75.0149909858,12.2297148617,10.3891412777
266.050670714,74.188533919,12.2429534633,10.4319179487
265.93347404,74.5064200173,12.2455039496,10.445687905
265.815461809,74.8252378137,12.2495161394,10.458069097
266.180904267,74.7428533278,12.304415647,10.4022066034
266.068711859,75.0562210284,12.2966515324,10.4258708871
265.860034539,74.2246111076,12.3077608529,10.471122527
265.840327496,74.8000572367,12.4031176227,10.5311258071
265.935015001,74.8160459388,12.4043765351,10.5380653186
266.030495784,74.8318828985,12.4053798931,10.5441040552
266.12561338,74.8469498491,12.4064905416,10.5499866032
266.220404436,74.8623629705,12.4083134875,10.555187956
266.31496172,74.878033281,12.4106632114,10.5598860802
266.021588218,74.9594067246,12.3179712066,10.566417308
266.108480308,74.9229005487,12.3143825609,10.5425010186
266.196645812,74.8851175381,12.3080393069,10.5212567287
266.287859619,74.8465807603,12.2987133102,10.5018413912
266.379861257,74.8065273175,12.2882567369,10.4837927114
266.131956853,74.8819451381,12.186071097,10.4891134907
265.893374728,74.051934911,12.2010895716,10.5195093398
267.037692968,74.3447125214,12.1773304115,10.4871897094
265.732912154,74.5142365823,12.2184229912,10.460460926
266.878586408,74.82442235,12.1924908674,10.4365880587
266.635715768,73.9668421904,12.1918213518,10.4629083464
266.498195602,74.211814689,12.1844894178,10.4493142228
266.360890476,74.4403770004,12.1733891846,10.4368130107
266.235939002,74.6680259939,12.1715967385,10.4181084074
266.111900662,74.8942318952,12.1677978991,10.4015215056
265.884267874,74.00785946,12.1800220024,10.4235896249
267.002145205,74.3163812303,12.1471658421,10.415659241
265.716261456,74.4718011219,12.1863000354,10.4025317243
266.83517189,74.7783796261,12.1498827855,10.3980745145
266.711453747,75.0037911562,12.146184169,10.3815954479
266.50103482,74.1211978346,12.1519963419,10.3982604055
266.367893936,74.463993418,12.1265979233,10.4067932221
266.23283943,74.8093595517,12.1052019261,10.411840636
265.999542017,74.0348690068,12.1005204684,10.4429719227
265.860410735,74.3834087566,12.0862480561,10.4413805781
266.978662856,74.7858443395,12.0356871776,10.4391145644
266.738547802,74.016379642,12.0414048576,10.460026429
266.595117959,74.3686821095,12.0362583206,10.4496525869
266.452181447,74.720360511,12.0303279537,10.4400446157
266.309723835,75.0716209587,12.0240263284,10.4309860325
266.067940257,74.3023468659,12.0284951032,10.4602698681
265.913624391,74.6571344493,12.025010154,10.45614464
267.015954354,75.0683875149,11.9879158122,10.4563046174
265.553042265,74.2077512276,12.0757950045,10.5033157413
266.659702176,74.6203595773,12.0390746859,10.502794629
266.493076833,74.9820973082,12.0492816082,10.4957464935
266.233652083,74.2203984538,12.0638557264,10.5212140332
266.066916147,74.5826269877,12.0736655558,10.5145554368
265.901150352,74.9439432568,12.0814939465,10.5098126248
266.252118761,74.8462039771,12.1398993686,10.4216358388
266.002701341,74.0740858391,12.1357217308,10.4657347856
265.843582645,74.4287441596,12.1304495792,10.4739290832
266.957158404,74.8367187012,12.0832273172,10.4841291062
266.700471077,74.0722932259,12.0928960526,10.5150464305
266.535687551,74.4339748855,12.0987600541,10.5129024722
266.371351349,74.795256344,12.1036780564,10.5116732972
266.112413483,74.0298095968,12.1141024941,10.5414868747
265.946575196,74.3928056928,12.1207295481,10.538398292
265.778283219,74.753263425,12.1265329072,10.536196588
266.122137625,74.6577140184,12.1865255611,10.4519857492
265.955949263,74.9779126687,12.1931087202,10.4352932992
265.688452647,74.1577411425,12.212717457,10.4593870288
266.773694724,74.5393225399,12.1983714845,10.4474293206
266.611354501,74.8627751795,12.2073850468,10.4303352092
266.348012614,74.0400987741,12.2283038596,10.4572415505
266.183570401,74.3637543548,12.2350465184,10.4395036747
266.02685327,74.6477285106,12.2303391118,10.4243340245
265.870472615,74.9309009848,12.2238187253,10.4106360111
266.891241394,74.2131354944,12.2264944621,10.4414627786
265.576037352,74.4386042405,12.2733654428,10.4374975076
266.713830556,74.8073815962,12.2372640606,10.4581899333
266.467468518,73.9884526453,12.2283400086,10.5142428443
266.309849412,74.3218872065,12.2030191263,10.5285746434
266.126041911,74.7257270139,12.1848661313,10.559201396
266.186431019,74.7842290335,12.2034763578,10.5500439597
266.24857898,74.8410782452,12.2186238038,10.5442346446
266.312051787,74.8966945431,12.231176513,10.5409336702
266.387293042,74.9393957436,12.2373082611,10.536170721
265.194579883,75.0193201823,12.2465021945,10.5516539725
266.497270508,75.0763763513,12.2119455675,10.5322093895
266.252442715,74.2608784669,12.2245513844,10.5670088646
266.330149649,74.3096340557,12.2318870002,10.5506046924
266.409389255,74.3568626489,12.2360893236,10.5372206562
265.217610469,74.4394772356,12.245910037,10.5518367412
266.522052963,74.4966635529,12.2126046934,10.5319632477
266.210457756,74.5934359794,12.1435279282,10.5208874794
266.043442507,74.9326704886,12.1522266175,10.5156811168
265.801620788,74.1218478583,12.1725147526,10.5451035676
266.925527923,74.5030386986,12.1552791451,10.5462194781
265.589258324,74.7422422858,12.2035331211,10.5506128173
265.671025047,74.7923794974,12.2076644421,10.5314805737
266.012586806,74.7273112404,12.2612990365,10.4506909721
265.855307604,75.1035736208,12.2306970748,10.4715327818
266.215459959,75.0160091689,12.2543365326,10.4081650691
265.961799304,74.1664260475,12.224784027,10.4859384658
265.801742933,74.457425455,12.1934107417,10.5047357544
266.903685024,74.80480868,12.1395869747,10.5281162841
266.631547633,73.9634323325,12.1368013263,10.5805553442
266.460377815,74.2587951748,12.1259726235,10.578312874
266.28843545,74.5812349803,12.1185211118,10.5755079076
266.113013193,74.9045004879,12.1137056061,10.5711556066
265.860566105,74.0901855504,12.1261617034,10.5998348105
266.990029219,74.4918954726,12.1267469453,10.5872723407
266.535586698,74.7753226801,12.0583117349,10.5494025321
265.467824678,74.7435683148,12.11580185,10.4440906729
266.558388586,75.157595332,12.0901801686,10.4512518494
265.503765828,75.1236029295,12.1311745517,10.3613293471
266.463173627,74.4029867146,12.1691384332,10.4018374853
266.216185052,74.6835995602,12.2046356415,10.3946862603
265.971824174,74.9625679653,12.2359237277,10.3917501724
265.645172147,74.0958384241,12.2774853445,10.4286777205
266.726630029,74.4491391197,12.2656609181,10.4581809966
266.480303376,74.7301087569,12.2981513165,10.4540933944
265.210547566,74.7211047456,12.3494095817,10.4273093535
266.415537044,74.6391343416,12.3625942785,10.3735624653
266.174003602,74.9259390752,12.376101581,10.3967903994
266.187189254,74.8902137675,12.3955579316,10.387590566
266.204732394,74.8533383597,12.4137219642,10.3849666347
266.224547368,74.818297481,12.4293159507,10.3858726794
266.243001814,74.7832050461,12.4407745736,10.3864184774
266.263232789,74.7466884648,12.4521929117,10.3905752692
266.28247518,74.7080631557,12.4634816151,10.3934736379
265.029958471,74.6564191382,12.4847096139,10.4170635199
266.279391798,74.6194615076,12.4609801942,10.4091605211
265.024077689,74.5689983211,12.4838461988,10.4306160882
266.273413379,74.5329443204,12.461605236,10.4210390531
265.01478922,74.4803014392,12.4886117884,10.4398147756
266.26775733,74.4425322539,12.4680097263,10.4284952686
265.009292121,74.3898993935,12.4961315109,10.4468929565
266.263009715,74.3521535902,12.4756150105,10.4354713202
265.003699179,74.299528591,12.5038407751,10.4537979057
266.258187244,74.2617862713,12.4833685793,10.4423138921
266.129121668,74.8234228905,12.5769589038,10.5403685547
266.14814123,74.7869523671,12.5969298882,10.5364728664
266.168628673,74.7490621318,12.6140041962,10.5353648279
266.190217162,74.7101041634,12.6289155371,10.5363404369
264.918013056,74.6557491527,12.6541670538,10.5579667386
266.186970287,74.6181446864,12.6310543326,10.5487797336
264.914861169,74.5632617742,12.6574038109,10.5692766202
264.801561674,73.8008816819,12.5860615941,10.5969420544
264.950713499,74.3001672298,12.5111437846,10.5847683442
264.965649981,73.497673969,12.4382053168,10.589376591
265.162293259,73.9444061324,12.3549789644,10.5753988847
265.375647547,74.4335283419,12.2728741946,10.5615765724
264.006923754,73.5783769219,12.2202676968,10.566701509
265.506567036,74.097469877,12.1761460425,10.5616922595
265.575312088,73.4665696783,12.1013546308,10.5920510399
265.642259067,74.1579827291,12.0418203276,10.59916973
265.689637652,73.5344509679,11.9771743883,10.6199594774
265.726133824,74.1859374424,11.9199524828,10.6226139937
265.754017457,73.5878549462,11.8671757591,10.6363583746
265.779196272,74.2514880835,11.8171337063,10.6356771544
265.817177818,73.6546148228,11.7581240051,10.6472683051
265.855578241,74.2919013768,11.7102160183,10.6382918253
265.891546893,73.6998644499,11.6548597796,10.6463179963
265.887427992,73.0624515534,11.6058296219,10.651146431
264.597583654,73.9620687167,11.5664859163,10.6506336563
264.802114733,73.6505237332,11.5228007358,10.6505854341
264.967188151,74.1073173416,11.4923848276,10.6293268967
265.131737267,74.5632025878,11.4623356149,10.607820677
265.199874954,73.8192436937,11.4254749397,10.586884672
265.363831537,74.2718369208,11.3961709416,10.5650056152
265.426326489,73.5271570814,11.3608819815,10.5395233799
265.590276589,73.9655509769,11.3318544622,10.5130640939
265.753784325,74.4028394265,11.3029188669,10.4866505015
265.829696787,73.8848939954,11.2746376975,10.4889958696
265.905165084,73.3682496867,11.2474432149,10.4903067143
265.959583395,74.0785388729,11.2305238997,10.4682694348
266.057878964,73.5810462308,11.2052486691,10.4675969172
266.144774489,74.3437468291,11.1899318867,10.4471345616
266.217461703,73.8624544351,11.1643828424,10.447536172
266.305199463,73.3801058949,11.1388912504,10.4466473054
266.279450458,73.3987788369,11.0745385446,10.4599193735
266.375232942,74.17397189,11.0689780066,10.4314802934
266.470651226,73.6704261706,11.0513630115,10.4280239751
266.45126959,73.7012543362,11.006180071,10.4329412787
266.431191946,73.7328175942,10.9625677946,10.4363331737
266.410439558,73.7650457152,10.9204610089,10.4382714693
266.389057192,73.7978938731,10.8797701339,10.4388458476
265.108991962,73.5930705125,10.8515512513,10.4306557836
265.172422754,73.4037968781,10.814134059,10.4246125756
265.235218851,73.2154269137,10.7778431522,10.4175188875
265.32230861,74.1719361023,10.7607917292,10.3993737717
265.384415918,73.9847275909,10.7255484833,10.3913752315
265.456970211,74.6653507783,10.7164654445,10.3720376693
265.537441968,74.1394205883,10.7208894601,10.3371694765
265.625359201,74.7316819891,10.712758086,10.3103262326
265.730722088,74.2068213105,10.7143186797,10.275232803
265.809743093,74.8515647248,10.7140009008,10.2499141177
265.963745502,75.0716460177,10.7307210252,10.2009401533
267.207788965,75.3536939562,10.7487211645,10.1537402262
266.987197578,75.674708894,10.752741628,10.115826552
266.923342657,74.7889533638,10.7608968025,10.0701688997
266.80991377,75.2570782686,10.769075639,10.0476869644
265.601037731,73.6877301289,10.7333434212,10.0662882292
266.887535401,74.6508657048,10.7273172369,10.060706422
266.773892084,75.1184643652,10.7363748152,10.0373970448
265.567042666,73.5527997766,10.7016354837,10.0550482435
266.83897771,74.4679838407,10.6978635871,10.0435574546
265.624982385,74.1126338325,10.6663319895,10.0446747251
266.907820158,73.7775456551,10.6316589637,10.0407496674
266.837253586,74.7263954559,10.6206034804,10.030158511
265.627279824,74.3738502644,10.5917246902,10.0287519402
266.931212498,74.0514758428,10.5605466785,10.0223658156
265.780916762,73.689931903,10.5346777889,10.0187735952
265.890607781,74.5884846981,10.5329323367,10.0
265.926485808,74.2355760868,10.5234419401,10.0
265.962164995,73.8828295703,10.5143206226,10.0
266.030076664,74.026818885,10.471492646,10.0085876782
266.040402207,73.6546417771,10.4585081831,10.0093223327
266.117166402,74.516546541,10.45176304,10.0
266.129764448,74.1680380936,10.4376518342,10.0
266.142090346,73.8197688396,10.4240773155,10.0
266.219856744,74.6785394485,10.4177972778,10.0
266.231807546,74.3306071098,10.4049786351,10.0
266.251566375,73.9778150256,10.3904151679,10.0
266.338511162,74.8297868903,10.3832538971,10.0
266.298402968,74.3559677239,10.3867465675,10.0
266.318172887,74.0040510829,10.3745574972,10.0
266.281616631,73.8731970546,10.3405133155,10.0171745177
266.345401755,73.7554794124,10.3046220889,10.0189649292
266.408302255,73.6304781336,10.271768715,10.0210309997
266.378582969,73.4996298614,10.2405902323,10.0342147843
266.444663973,73.3768091516,10.2094172832,10.031658708
266.370404199,74.4462042211,10.1913079933,10.0345309281
266.435220768,74.3247984437,10.1624205643,10.02974306
266.401907886,74.1926302802,10.1358290284,10.0378776429
266.465240205,74.072872455,10.109650886,10.0304309249
266.431157286,73.9419096625,10.084839543,10.0368146786
266.493204075,73.8235996801,10.0609734107,10.0271089419
266.449990995,73.6992048198,10.0373957855,10.0316998336
266.50305392,73.5866104103,10.015288033,10.0198747017
266.455840917,73.4631587437,10.0,10.0232224295
266.520352559,74.4860751232,10.0,10.0044556628
266.50824778,74.3751365553,10.0,10.0087890178
266.494030819,74.2614143995,10.0,10.012283286
266.590758078,74.1726286501,10.0,10.0021367809
266.574955117,74.0626039632,10.0,10.0074122612
266.563554836,73.9608033422,10.0,10.0159529223
266.540674483,73.8480634287,10.0,10.0206721059
266.517788736,73.7353669779,10.0,10.0252523291
266.498303018,73.6250815237,10.0,10.0296377124
266.590518332,73.5317134275,10.0,10.0204126531
266.571037324,73.4213833181,10.0,10.0249395753
266.514292316,74.4907185286,10.0,10.0217157027
266.476541067,74.0727340739,10.0145113861,10.0
266.571562707,73.9784242298,10.0,10.0
266.560452241,73.8541985715,10.0,10.0031802149
266.549340009,73.730003197,10.0,10.006260866
266.538226066,73.6058371744,10.0,10.009245024
266.527110465,73.4816996075,10.0,10.0121356882
266.479781188,74.5442791361,10.0,10.0073196007
266.609108362,74.1023777361,10.0125487229,10.0
266.617349798,73.9771211002,10.0,10.0057720704
266.619316206,73.8522110232,10.0,10.0109338734
266.612342586,73.717790553,10.0,10.0152975907
266.603637313,73.5923884323,10.0,10.0198714831
266.591927739,73.4520738467,10.0,10.0240024261
266.546626368,74.4934667553,10.0,10.0211516828
266.516239057,74.0500869463,10.0216874341,10.0
266.519611821,73.9040244988,10.001479397,10.0066043713
266.515544248,73.7583141359,10.0,10.012371953
266.507019435,73.6242366415,10.0,10.0167692064
266.497115818,73.4882232785,10.0,10.0216203771
266.578208124,74.5062699265,10.0,10.0121636816
266.547228131,74.0603600304,10.0200446792,10.0
266.553050062,73.9234628985,10.0020880134,10.0058455171
266.550939575,73.7870014355,10.0,10.0109817615
266.544399318,73.6546902863,10.0,10.0174629595
266.537856944,73.5224394962,10.0,10.023739814
266.531786357,73.3867608655,10.0,10.0264550074
266.491633345,74.4124223756,10.0,10.0218486772
266.555848834,74.3305901148,10.0,10.0131744003
266.551092705,74.1899567846,10.0,10.0160633489
266.527108574,74.0832887952,10.0,10.019953419
266.532692925,73.9488581564,10.0,10.0228017597
266.524495561,73.8299754332,10.0,10.0264112235
266.524448228,73.7078999446,10.0,10.0295283485
266.524400887,73.5858478049,10.0,10.0325612695
266.52435354,73.4638184116,10.0,10.0355122199
266.480078763,74.5058273046,10.0,10.0306751512
266.580143458,74.1052374105,10.0043598249,10.0
266.574389392,73.9726525373,10.0,10.0031876631
266.566455878,73.8401769657,10.0,10.0061720712
266.558521181,73.7077217901,10.0,10.0090765866
266.550585332,73.5752864802,10.0,10.0119033429
266.543119281,73.4427193394,10.0,10.014624838
266.488965641,74.4722287617,10.0,10.0097701645
266.544523325,74.381038501,10.0,10.0022745916
266.537060866,74.2484062647,10.0,10.0052525203
266.529597297,74.1157941529,10.0,10.0081511591
266.522132646,73.9832016012,10.0,10.0109726497
266.514666943,73.8506281431,10.0,10.0137189687
266.507200216,73.7180732834,10.0,10.0163920896
266.494090194,73.5852354339,10.0,10.0188700088
266.547728473,73.4945729546,10.0,10.0110626645
266.538851117,73.3631733406,10.0,10.0137873068
266.483695787,74.3923474088,10.0,10.008683761
266.537306779,74.3015465971,10.0,10.0012492983
266.528433775,74.1700815817,10.0,10.0042322676
266.519559448,74.0386364464,10.0,10.0071367038
266.510683833,73.9072106494,10.0,10.0099647338
266.501359044,73.7759683884,10.0,10.0127460368
266.491006467,73.6873926936,10.0,10.0147530371
266.55985308,73.6295420134,10.0,10.0068975377
266.549799086,73.5410685141,10.0,10.0090803801
266.541353781,73.4480650763,10.0,10.0111519113
266.500254285,74.5142928709,10.0,10.0062817332
266.451636716,74.0455887365,10.011187846,10.0
266.531849307,73.9721785757,10.0,10.0
266.53321411,73.8676521831,10.0,10.0011462111
266.534578991,73.7631353291,10.0,10.0022614242
266.538278044,73.6577483166,10.0,10.0032797603
266.539645334,73.5532625139,10.0,10.00433524
266.54334477,73.4478930747,10.0,10.0052966739
266.509435662,74.4906125414,10.0,10.0
266.510819569,74.3860871304,10.0,10.001145634
266.512203556,74.2815712434,10.0,10.0022602988
266.510591256,74.1651190604,10.0,10.0051105545
266.508978726,74.0486889902,10.0,10.007883802
266.507365972,73.9322804807,10.0,10.0105820398
