311,222,19,13
311.481297172,221.796672404,18.6723427332,12.9132800108
312.080294755,223.117509784,18.4787602187,12.7305500481
311.787458683,223.351558926,18.2836971682,12.4859620442
312.17055726,222.954030439,18.1870308835,12.2165149908
312.32537391,223.666425726,17.9906423179,12.0396921369
311.718737171,224.463065435,17.8067924594,11.9107497089
311.436650578,224.653078116,17.6249606463,11.9168576604
312.277089895,224.166774805,17.509230485,11.9040733208
311.499340389,224.516199411,17.4704387627,11.9867430452
312.582163265,224.58108102,17.3415373676,12.0138349046
312.121695791,225.06784773,17.1348092986,11.9918849882
312.824644854,224.302184704,16.9184353466,11.9438997898
312.961085763,225.114940412,16.7967661162,11.9208480424
312.843345477,224.998373,16.8412762687,11.8282085535
312.783944469,224.459527214,16.8317127821,11.9357999612
312.693747534,225.067343939,16.9037956181,11.8202886058
312.614309668,224.568600851,16.9913921521,11.6873557669
312.593566909,225.078747121,16.8685058805,11.6218935755
312.580944858,224.264148205,16.7173189824,11.6267506346
312.730261987,223.801566857,16.5351572815,11.6942231155
312.728487445,224.328307425,16.7719237535,11.4881562934
311.995204867,223.552991404,16.8281629067,11.4239601076
311.862296749,223.748731197,16.9008650706,11.3023234445
311.760185319,223.615655119,16.8284612831,11.1955001302
311.838798072,223.900496243,16.8778722504,11.1330745102
311.836865415,224.002593828,16.9630545058,11.0973813131
311.451355504,223.460190167,16.8709212283,11.0613968415
311.615644889,223.485024839,16.8467519914,11.0343439462
311.790332662,223.455486894,16.8007403345,11.0660768183
311.503072911,223.40077348,16.8281201916,11.0457241723
311.078128099,223.336687704,16.9715671615,11.0645816555
310.880905471,223.476877473,17.1237759381,11.0234858293
310.917992244,224.353667661,17.060521965,10.9969031859
310.77982365,224.381244636,17.0317824044,11.1181232536
310.900893973,224.772324269,17.1024546229,11.1667127844
311.143435,224.267990084,17.2052526449,11.2546294633
311.193522998,224.930728941,17.4141928636,11.3151175729
310.894864671,224.009508957,17.2081011932,11.3427868438
311.230270086,224.205054782,17.3236059813,11.2483526669
310.538639276,224.448822004,17.3950968049,11.1685917759
311.108850834,224.881984025,17.3551103768,11.2024862798
310.68809573,225.444010399,17.4966202999,11.2532309492
311.097612634,225.060076638,17.6351462558,11.357766605
311.059666847,225.520512416,17.6237052383,11.4285850283
310.993537458,224.821926327,17.703474307,11.3625360136
310.993668975,224.699872448,17.6828694806,11.4355236201
310.7707907,224.328804887,17.4963415076,11.4771500887
310.077215081,224.419453542,17.441384592,11.4600098267
310.573112917,223.670780683,17.3453247192,11.4725788082
310.552812583,223.900290998,17.3456982989,11.4030354908
310.652227876,223.087497412,17.3246245285,11.3106869822
310.366635751,223.106174242,17.1831512073,11.3286355217
310.245003808,222.733762206,17.0339264647,11.3766290818
310.394740584,222.385103247,17.0226132383,11.4988216633
310.143428575,222.767184709,16.9170828979,11.5595228293
310.466295746,222.357431471,16.9346180173,11.6261050406
310.217038201,222.725113511,17.028521728,11.5885307484
309.72436109,222.067113617,17.1351818926,11.5382835993
309.770721497,222.515192281,17.2810478166,11.5347291311
310.299839571,223.443038377,17.4470798666,11.5517226103
309.685153378,223.112405658,17.3594007229,11.6651230756
309.862011932,223.886845293,17.3926015651,11.7261993546
309.870932773,223.950888527,17.4353419732,11.8300087653
309.81552667,224.270717481,17.6228531973,11.8672517811
309.547072478,224.473898327,17.446265194,11.9616978505
309.504259464,224.811537519,17.5843214156,12.0706249636
310.155983828,224.803848486,17.500224814,12.1563665429
309.848160951,224.991795218,17.7063681811,12.1047835012
309.596593494,225.425422107,17.9284572402,12.1179817589
309.628085049,225.347171293,18.0143761301,12.2718332365
309.220588735,225.408122803,18.3197309256,12.4211942342
309.396556169,224.578817519,18.3474879567,12.5659420736
309.967484559,225.226304885,18.3189865741,12.6022091879
309.632668184,224.720937989,18.1999976006,12.4822489472
309.850433661,224.471077463,18.0471455481,12.5024838613
310.201891549,223.837079407,17.8149674973,12.3693848219
310.215761377,223.39044636,17.6987816193,12.3473618123
310.021451564,224.115876455,17.7043326552,12.141841373
310.379093025,223.938408518,17.6314009418,12.1562662237
310.77684294,223.937781121,17.8035258372,11.9884383758
310.5190594,223.637032463,17.7049699296,11.9905532311
310.872840345,223.079071985,17.6997591326,11.9089217439
310.50427335,223.747854603,17.7026111061,11.8499909378
310.949497225,223.176893282,17.7799105669,11.6988551852
310.739678812,223.846468179,17.6243146499,11.5761843336
310.91818113,224.140886754,17.6135715441,11.5612854952
311.216571607,224.538236222,17.5461105335,11.6358629623
311.518530338,224.089623983,17.5165376464,11.6737649524
310.777332174,225.214370329,17.560978237,11.716500005
311.33143468,223.997470855,17.5820356729,11.7845169312
311.201970628,225.119252501,17.4410651273,11.9014780557
311.878223907,224.790699584,17.3264999547,12.0176077222
311.78486775,225.594947445,17.1368092638,12.143756295
311.515554511,225.687790009,17.0338071798,12.2105574537
311.369372469,225.989447518,17.1312985548,12.197145612
312.064815562,225.521291178,17.06938757,12.3348970172
311.453408565,226.041908176,17.0356548281,12.2925881104
312.211261535,225.742743201,17.0974901216,12.4222652765
312.165355565,226.050225298,17.0020522222,12.4591443331
311.636842429,225.685302384,17.0872995635,12.3355167345
312.378454462,225.296812747,17.0177020491,12.2703777455
312.491285367,225.473742023,17.0827088474,12.1767427922
311.753239336,225.428892531,16.8951238131,12.2020101534
311.770859747,225.480574321,16.8486126317,12.116434615
311.770318178,225.544084476,16.8509565617,12.0811390286
311.795556955,225.674503615,16.8482016393,12.0936001151
311.792436139,225.122010571,16.8774789455,12.1178366916
311.509351855,224.528820752,16.8671019176,12.2477008742
312.345123568,224.526342304,16.9130287804,12.3111683734
312.288514048,224.359594621,16.9130920299,12.2671512835
312.179182742,223.744893054,17.0606193885,12.3089812239
311.96754284,224.305931352,17.231450635,12.2835813346
311.214810523,224.48880792,17.265645542,12.2391263501
311.754664711,223.421597701,17.2199283833,12.1149887537
311.701890183,224.13989868,17.2816185385,12.0207319143
311.752675415,223.940491274,17.3568342747,12.0013903712
311.631522638,224.705643691,17.2955179402,12.0019929287
311.614383451,224.705043743,17.2951380272,11.9435723468
311.594944351,224.522111528,17.3267885093,11.8813597947
311.619490966,224.593728411,17.4895440158,11.7260900452
311.699299492,224.752392737,17.5383225186,11.7794912274
311.862539208,225.024948978,17.628954276,11.8161755097
311.655285288,225.417139587,17.5318508316,11.6713149962
311.854733747,225.359848719,17.6185686319,11.597773373
312.214692131,225.368492868,17.755585874,11.5205140696
311.548390328,225.408021192,17.6822776777,11.4545879798
311.564552049,225.426490644,17.7644026698,11.4953529393
311.617400996,225.790011841,17.8901783723,11.4704604718
311.703874171,225.934499814,17.9340758053,11.5751047781
311.464380539,225.51963693,17.9457674521,11.6021007022
312.666550393,225.838995702,17.9944332961,11.59907337
311.372691744,225.121687752,17.8215147422,11.6510460481
312.134050413,225.2284446,17.8418969266,11.6348722878
311.769850653,225.001970613,17.9002461843,11.6260595631
311.415185735,224.544598064,17.9776789869,11.5461870204
312.287188502,224.825609041,18.0209177738,11.541361504
311.669812373,223.858939238,17.9807778193,11.4730786708
311.674064927,223.833324022,17.7743558617,11.5115168851
311.814124519,223.945424795,17.6365263459,11.4706725478
311.764076616,223.821249154,17.4524258653,11.4685697016
312.253654068,223.237302648,17.2997609457,11.5465432655
311.632511811,223.869670839,17.1989718537,11.5597956761
311.986057486,223.58704478,17.1839051504,11.6029417431
311.51597171,224.487004813,17.1313637885,11.757761724
312.35254942,224.453013894,17.0717126586,11.9386896769
312.651699554,223.849809047,17.0335047797,11.9782408179
311.876616877,224.515333911,17.0870660503,11.9691586918
312.321098265,224.142194997,17.0782071,11.9583347441
312.979377399,223.450142627,16.9758619657,12.0256412746
312.215013141,224.406505596,16.9804707468,11.9161289342
311.996511989,224.593345181,16.9771399811,11.9953620036
312.189217935,225.000219621,17.0290982403,11.8771500956
312.376986789,225.071385332,17.0890606174,11.891402027
312.892082594,224.586297869,17.1304655115,11.9542073405
312.162989582,225.016759558,17.3344429707,11.9552698833
312.696650731,225.234319887,17.3067457205,12.0564230625
311.912007063,224.748466527,17.3860447296,11.9819745676
312.299672231,225.333621811,17.3658659641,11.9789508735
312.588286594,224.341837686,17.2740347262,12.0259400151
311.84628728,224.763343868,17.2972747871,11.957735343
312.130226818,225.031018849,17.2831059332,11.9788167331
312.332649887,224.225334446,17.1925700184,12.0330729654
312.636251733,223.972326121,17.071811455,12.0632591793
311.831554093,223.789203312,17.0752349219,11.9264558408
311.840035251,224.081797929,17.1238326113,11.8882346493
311.653553999,223.405041656,17.1995677922,11.8999381612
311.269494648,223.747365313,17.3484228462,11.6930566766
312.143713742,223.916708379,17.2888896588,11.6272381332
311.624126946,223.637721198,17.2236317398,11.557376685
312.070593664,224.244486566,17.2868690423,11.5279980756
311.707270709,223.750834017,17.3051290071,11.4508980898
312.066000934,224.406081308,17.3560072973,11.5110954044
311.725116605,224.382579076,17.3437450747,11.5423455128
312.133460938,224.547949591,17.3871448772,11.5780213542
311.569664895,224.884245657,17.3968212118,11.6241950775
311.618818806,225.034232335,17.2815287921,11.7586588182
311.407837715,225.411820234,17.4740501367,11.6447313051
311.204389591,224.78838778,17.3661298618,11.7846400892
311.752479052,225.207545073,17.3370280986,11.9726911412
311.648960289,224.652080991,17.3794635234,11.8929562049
311.582045034,225.119923914,17.4573613219,11.9321338878
311.563900561,224.684944623,17.4334713181,12.0595538983
312.092143902,225.206402618,17.3164067659,12.1579702963
311.572302236,225.564686033,17.1739189931,12.271306772
312.261576293,224.565457348,17.2189214843,12.286446767
311.799597518,224.838312962,17.3191113716,12.2215274354
312.457714581,224.902039105,17.3525706629,12.2538115137
311.985174856,224.874549932,17.3983500755,12.2392663472
311.376095015,224.295148153,17.2704707,12.1501784788
311.722105681,224.293674064,17.2955179807,12.0843226531
311.74805776,223.575721689,17.3058165566,11.9648581461
311.652133694,223.521905287,17.3862464324,11.9287663895
311.667884893,223.293210301,17.3361668577,11.8364375049
311.709320689,222.285082215,17.3284844321,11.8018583045
311.856279209,222.196280357,17.3672468711,11.7817677047
312.153121669,221.97503575,17.2426798914,11.7810148459
312.335824072,222.700480603,17.1709905631,11.726343201
312.129882432,221.823138235,17.0788998212,11.6516890289
311.769730991,222.194866032,17.0746508468,11.7163444476
312.301743207,222.493040581,17.0795324845,11.7053507498
312.052294764,222.846969063,17.1069634254,11.6467799968
311.632347148,222.307122286,17.0654960401,11.5025758538
312.365614575,223.323154245,17.092816067,11.4908342601
312.109812045,223.623436208,17.0466635102,11.4778181723
311.617764523,224.669169725,16.9960126218,11.5086701223
312.483879198,224.766594034,17.0007593002,11.462653229
312.324217619,224.478214503,17.1213839376,11.3347527096
312.266577171,224.268830765,17.0005227337,11.3949456456
311.997537006,225.027310968,16.867676851,11.5008882286
311.915945934,224.895102463,16.8939439814,11.6596688058
312.39364536,224.187961895,16.8619709233,11.7975524753
311.655381598,224.584046523,16.8386015631,11.895344045
312.057396313,223.893344348,16.9037647333,11.9298552033
311.581153785,224.279335946,16.8790027304,11.8367693285
312.158464345,224.157799613,16.9864397498,11.8669261719
311.932857143,223.767195429,16.8895389596,11.8904334412
312.429675707,223.40866026,16.9171965446,11.9110041335
311.782359559,224.059646762,16.8673503526,11.8831017508
312.569388668,222.938418478,16.8711516554,11.6798467051
312.281383731,222.319836057,16.7660498962,11.6404012926
312.677184184,221.511743725,16.7624904614,11.8045759214
311.88998188,222.280333331,16.9483972406,11.8254413798
312.475523963,221.508226284,16.8965613461,11.9326073977
311.57428168,222.047892011,16.9359516051,11.8050483339
312.260405403,220.83543507,16.9328865083,11.8998256797
312.003850333,220.564929916,16.9008534014,11.9647507705
312.595350176,220.19439848,16.8807626265,12.0253322104
312.050812251,221.131672033,16.9174977314,12.0943964866
312.514279679,220.493201996,16.8693645186,12.1923011369
313.022940161,221.140417663,16.6628450024,12.222427584
312.772992059,221.798171389,16.6516530731,12.177968319
312.721856616,221.20012629,16.7786258112,12.0677945937
312.797534146,221.747442446,16.7346076069,12.1720939765
312.484180252,221.40118777,16.720743562,12.2029526705
313.425154341,222.184651115,16.7457050893,12.1378106618
312.74503245,222.983226773,16.7894207888,12.0808061746
313.295444792,223.108190271,16.9023076053,11.9359005275
312.394121499,223.646357815,17.1244777874,11.8308184176
312.948171837,223.633668615,17.1496875493,11.8130429442
312.885108669,223.590883486,16.8685730186,11.8838283159
313.091856021,222.688071037,17.0859311923,11.8279574818
312.603695209,222.855144493,17.2071627943,11.7531675158
312.556603127,223.369370052,17.2687059641,11.7199181035
312.424078809,222.891595645,17.3709841949,11.6677513345
311.95808751,222.888748277,17.484544774,11.7592599136
312.802751667,222.328039822,17.6112804594,11.7256766146
312.291270823,221.473649298,17.5922219454,11.8079521688
311.90967975,221.272698222,17.41542424,12.0130225133
311.908725741,221.172404488,17.3905994735,12.045268776
311.885986085,220.50497009,17.3578474052,11.9446568584
312.244914108,219.950594759,17.482355731,11.9772969182
312.626611501,219.386267599,17.395916704,12.0613750713
312.684891376,220.009870879,17.3835006332,12.0773733233
313.030185742,219.93267483,17.3407761224,11.9652581246
312.596292048,220.435696008,17.3508048113,11.8867338973
312.776660635,219.882492692,17.3068904039,11.8784590463
313.058855101,220.635529534,17.3168853855,11.9063939842
313.017761526,220.523038148,17.3793635568,11.8266602891
312.980827942,220.446203584,17.4333039407,11.7738856164
313.324643455,220.027977546,17.3313148352,11.8906432572
313.650426459,221.219236837,17.4992821153,11.8778804201
313.206009208,220.915841827,17.5676363291,11.7172540223
313.624382983,221.930556815,17.5588902782,11.5900872096
313.381346456,222.046995013,17.608657243,11.593580991
312.939798744,222.375790827,17.5490752294,11.6419410538
313.388035745,221.602853447,17.7290747015,11.7311538742
313.545872746,222.637016279,17.7923855084,11.8553123497
313.83872769,221.860456664,17.8495929567,11.7891905794
313.169707272,222.236199051,17.8159935863,11.7785124453
313.62998142,222.297351826,17.7594229609,11.8023923689
313.293406915,221.981932795,17.582141363,11.8398866946
312.708814416,222.010662019,17.6393970639,11.8056014257
312.914237869,221.303103582,17.6300570582,11.8233142238
312.391348809,221.604855594,17.4731284844,11.7419996981
312.404050531,221.367234071,17.4801144838,11.7180875512
312.267733615,220.671005898,17.5035040282,11.6390150087
312.154006084,220.575891024,17.5904569342,11.57491281
313.089212939,219.925599345,17.671525641,11.489669461
312.876729673,219.828793252,17.5522391817,11.5704222125
313.037867179,219.713775214,17.3583066921,11.6403841883
312.929657821,219.459833812,17.1907434654,11.6093356219
312.361660351,219.787910747,17.2581617126,11.5690015046
313.189971874,219.076722962,17.3526066626,11.5281472994
312.498467892,219.551253747,17.3485563685,11.4005953283
312.938763672,219.859152515,17.4396881258,11.4108457623
312.378533973,219.215669857,17.3778070207,11.4094004144
312.711133215,219.626990083,17.3432982178,11.4363996165
313.57368158,220.133150904,17.3719491904,11.4285282953
313.214586498,220.067754143,17.3931309818,11.4111315721
312.727728034,220.360372451,17.5209409378,11.5053288385
313.093792507,220.71033709,17.5053798649,11.5544276474
313.482290384,221.338187588,17.5512754662,11.6432962156
312.777527068,220.99137508,17.377307674,11.6850943721
312.856630706,222.106423904,17.4201183888,11.6539396243
313.077556036,222.331016944,17.4432574204,11.5727008248
313.567724473,221.135886831,17.2941516633,11.5976141422
313.277068065,221.803344414,17.2928797402,11.6281560342
313.255849149,221.05460142,17.24480377,11.7083817337
313.16423803,221.13315354,17.1393526364,11.8081599521
313.501861292,221.041897272,17.1745650458,11.7270305646
313.109846965,221.5998152,17.3567827091,11.7257299202
313.645390842,221.22743369,17.3087567063,11.7825082949
313.303917644,220.324825138,17.1835874419,11.9031581861
313.500577201,220.324339608,17.2567036411,11.9603798937
312.357279929,219.968274141,17.3980152008,11.9260939018
312.143044258,220.208051783,17.4628954383,11.9762856849
313.053502113,219.268008424,17.2756914247,12.061227727
313.398844574,218.874531676,17.3519236121,11.9681266291
312.557328895,219.683295857,17.2383096853,11.9140669617
312.3983867,219.458424947,17.3777260717,11.8728087561
312.09819923,219.047752348,17.2954995011,11.8872738379
312.796567772,219.712364752,17.2935568812,11.9935070928
312.29420801,219.657830852,17.3713393008,11.9003563315
313.056376307,219.587844897,17.4415603501,11.8546450506
312.823133679,219.850264528,17.378139155,11.8384427406
312.79380835,220.169274757,17.3065479118,11.8183137122
312.490867368,220.016773955,17.2687549064,11.7479806665
312.33221918,220.889370019,17.2418930808,11.7958160579
313.219565469,221.492510422,17.3926822989,11.7277610467
313.191067047,221.368847133,17.3862708199,11.5627150352
312.219729041,221.885520779,17.2751221689,11.5923693749
312.491171074,221.39614266,17.2378454689,11.5243832946
312.979285814,221.896074681,17.1613803487,11.6259254684
312.579859886,221.488072589,17.1302877718,11.6894561197
312.96527677,222.338615468,17.296375362,11.7442390338
312.907757546,221.646781905,17.3423904542,11.6807595055
313.30281698,222.074864952,17.156576437,11.7765555256
312.989473697,222.055254688,17.2328429561,11.6626208904
312.515562054,221.800014528,17.1287436832,11.5461115479
313.325666945,220.737572026,16.968048995,11.5977648559
312.729783179,220.782484461,16.9493906749,11.6580325417
313.431111022,220.621012048,17.039810955,11.6273056678
312.671716152,221.308099265,17.0399020027,11.5955488319
312.72311531,220.592988515,17.1405288995,11.5507737663
312.663737233,220.632793418,17.309036463,11.4801866792
313.137488587,220.624389626,17.3401700797,11.6058211398
312.271261435,220.513208018,17.2855665058,11.7432488161
313.151622279,219.721375006,17.1742443368,11.8767724581
312.217757365,219.865842576,17.0113681339,11.8523651739
311.81005776,219.529011418,17.0601260854,11.8496745134
312.27820088,220.16555404,17.1469169753,12.0251119557
312.366798684,219.675753144,17.2251291176,12.0609481071
312.676665834,220.438557293,17.1116678497,12.0860056641
311.695546435,220.472320166,16.9202754366,12.0648231161
311.499528899,220.504545423,16.7942243728,12.0827990596
311.756359707,220.190228677,16.9037671081,12.0401099674
311.52833544,220.576117695,16.8008477528,12.054403888
311.816647255,220.725909043,16.7102572048,12.1028826336
312.105730016,221.351128019,16.7494805878,12.0624102695
312.188826066,222.236650856,16.8687390349,12.0065460653
311.154859096,222.375882957,16.9320061702,11.8872137173
311.243002467,222.404672975,16.9435160957,11.8067276648
311.251845417,222.564697548,17.055241372,11.7229448791
310.840131374,222.669128832,17.1843449035,11.6587245149
311.155019452,222.718268003,17.4070955332,11.5738388202
311.016829921,222.199676824,17.4580194731,11.4934798643
310.491770173,221.785328185,17.3811099077,11.5119771067
310.849168595,221.400286619,17.4438392645,11.629087661
310.549659454,221.342342855,17.3684218121,11.6632060939
310.309820739,221.049129847,17.3455363621,11.6447672755
311.250738723,220.924388166,17.3368408466,11.7675966528
310.774226769,220.821261621,17.3167934189,11.6626544589
310.196900744,220.511453769,17.222220091,11.6384935666
308.542738273,220.352222472,17.3639054668,11.6343015569
308.796968929,219.569208175,17.5575471138,11.657178413
309.622810203,219.401714477,17.5224498204,11.711914008
310.086904888,219.385660631,17.4143945545,11.8055677799
310.255257081,219.527285893,17.4164535535,11.8748132545
310.11663131,219.563923995,17.5403009787,11.9371556479
309.421170296,219.311812089,17.5843162247,11.9232926693
309.972253915,220.279740453,17.6646239592,11.9467065383
309.49479391,220.583767488,17.5714095219,11.869682168
310.746450317,220.056027608,17.6485574946,11.6571286636
310.363095217,221.321449802,17.6851729042,11.7748850909
310.255519518,221.64779016,17.6222227102,11.7578503606
309.788703874,222.104279765,17.632424032,11.7253292086
310.770934163,221.921215862,17.5553200924,11.9048991097
310.505971663,222.038837545,17.5041527345,11.8963286464
310.542296736,222.790876568,17.6097985589,11.9791595376
310.758128285,221.865255141,17.753677254,12.0340547739
310.421415553,222.25884366,17.7156547657,12.1062224568
310.86281715,222.542291743,17.65814851,12.172816317
310.374736972,221.835359176,17.466623119,12.1936308993
310.731653677,222.221857543,17.4402042946,12.2391995333
311.128073327,222.549758063,17.3784402824,12.2459928705
310.525807167,221.878922219,17.338512376,12.100547389
310.86264763,222.353435214,17.2857244528,12.0214054118
310.833943048,222.102103363,17.2456632508,11.9827757319
310.696587631,221.631519947,17.0407939797,11.9481101014
310.039777748,222.033915937,17.0780379753,11.8840535926
309.8801086,221.869427187,17.0672015276,11.9415608745
310.099517804,228.052781622,16.7024033124,12.5802793632
310.049197014,227.846939656,16.7024554004,12.580175638
309.876082905,227.73442052,16.7024971582,12.5800986995
309.564566577,227.165565418,16.7025681749,12.5799750698
309.392131402,226.222364848,16.7026758705,12.5798235188
308.805789616,225.221977104,16.702833919,12.5795449574
308.495222571,224.500937135,16.703007593,12.5792093013
307.980231941,223.565598792,16.7006566718,12.5784491514
307.331805524,223.03431357,16.7013100651,12.5760197785
305.152666991,221.425707895,16.7129985186,12.4814833389
305.489382683,221.821314044,16.7144342293,12.4586538271
305.893869839,221.7810756,16.7189398177,12.4356286143
305.228954692,223.317303955,16.7388106999,12.3579619808
304.401860091,222.803576324,16.7429211287,12.298327108
303.927324519,222.731684651,16.7343275439,12.1976657569
303.593928166,222.728824611,16.7361972386,12.0849717983
303.48811525,222.291630723,16.7323682835,12.0835929392
302.944394632,222.301291062,16.7332986216,12.0792353969
302.781318498,222.226467388,16.7260655124,12.0768084381
302.422040246,222.218366906,16.7266697052,12.0705267834
302.039239676,222.215503539,16.7278877079,12.0641846007
301.64681288,222.232251562,16.7259353122,12.0517184071
301.62723532,222.087213259,16.7098853118,12.0463597348
301.544078104,222.15737081,16.7071383645,12.0325184313
301.43250199,222.293915052,16.7042400374,12.0163426563
301.387928704,222.429948819,16.700856753,12.0005061617
301.333340401,222.175795618,16.694145911,11.9985761817
301.28342504,222.008628056,16.6868853786,11.9968060179
301.095360502,222.041254057,16.6871846678,11.9883218216
311.115660308,226.179558545,15.9843707762,12.9524173837
311.49724469,227.405714467,16.1029702386,12.9287406589
311.096179572,231.615015674,16.4385979873,12.7527472696
311.2131202,227.200352489,16.4533999755,12.5811295012
311.362756832,224.817983789,16.5763824955,12.3373853993
311.359880915,225.336185241,16.9312778942,12.1171219553
311.474336566,224.804317674,17.0947757085,12.0865651626
310.581380443,225.541856895,17.0771455791,12.0234841586
310.444540679,225.373900351,17.149460873,11.9384896607
310.584648044,225.043604384,17.2191007325,11.9135102221
310.890276065,224.744461927,17.326956787,11.9196071345
311.398072775,225.697445574,17.5111160558,11.8723816012
311.158499758,225.680785201,17.4514397365,12.0025366184
311.412150172,225.328529937,17.3852268715,12.0309957698
312.059981904,226.182987098,17.3466271523,12.1682524679
311.687596207,226.366150112,17.240176628,12.2237644565
312.555700968,226.567049477,17.1656060805,12.2980612536
312.508890742,225.522513304,16.9640351849,12.3293483263
312.634654905,226.147187011,17.051373183,12.2693915721
311.672756596,225.881390634,17.0952192779,12.1077054171
312.314736291,226.423483988,17.0554765686,12.1337614329
312.79167627,225.576389378,16.9294967219,12.2323929637
311.822993926,225.861458407,16.9305201247,12.2235513085
311.605139084,225.855745285,16.8669346933,12.2598458901
311.763374927,225.517418969,16.7930002958,12.415636062
311.940908451,225.134566067,16.7899447505,12.5357391029
312.340236085,224.864946062,16.9311942903,12.4013967984
313.003391667,224.197952028,17.005513602,12.3683350533
312.712140892,224.503642759,17.248366636,12.2867403571
313.051286061,223.757749243,17.273811947,12.2991383172
312.615451223,223.977609613,17.3198986422,12.2450467834
313.005627699,224.051079112,17.3767782801,12.1307358874
312.302255388,224.21177546,17.3611584298,12.073729755
312.922898443,224.370532912,17.3841150873,11.9718665575
313.058946893,223.939658628,17.4146843455,11.9761698843
313.230363194,224.57286193,17.3826556324,11.9792548351
313.456358637,223.972046779,17.3008114095,12.0490537293
312.441365983,224.841149884,17.2995746112,11.98604822
312.27870291,224.46057183,17.2884846032,11.9240941052
312.912412659,224.297958743,17.3965635182,11.7997908684
312.895867714,224.35175523,17.4518310159,11.8669671927
313.026524174,224.897786096,17.5179598782,11.8002722434
313.472438316,225.626776394,17.5799161788,11.8629414378
313.601288768,224.866730309,17.5768065909,11.8286784632
313.436454057,225.588615093,17.569802425,11.8304616026
313.061742792,225.20589676,17.6326212307,11.7083708028
313.684060222,224.899290021,17.662962146,11.6217048738
313.62167792,225.361666359,17.5781737621,11.7467866868
313.573312507,224.950723676,17.4496166598,11.8992433461
313.875324181,225.513700682,17.333344021,11.9960634832
313.928031239,224.830778011,17.2085055703,12.1534172615
313.911210168,224.868394266,17.4202307453,12.1781453229
313.391435232,224.269074655,17.4805429408,12.2020338596
313.743490542,224.615347642,17.4460041367,12.2422908725
314.297999634,223.87831966,17.3011152237,12.2929358246
313.682273636,224.412775848,17.3895060585,12.2549663669
314.249382268,223.38196583,17.3302130238,12.1907421617
314.096562666,224.136582621,17.4221215056,12.0905137449
314.042036225,223.54253827,17.4287661952,11.9974040638
313.888843695,222.493479842,17.3745371936,11.9016198581
313.58036129,222.828283601,17.6048841347,11.8377862079
313.922978916,222.350383021,17.7326333493,11.7094297816
313.815831447,222.229441742,17.7799301825,11.6085529381
313.787661198,222.545744533,18.0199062733,11.4730399906
313.750023261,223.251916889,17.895597648,11.558094252
314.081432359,222.439687198,17.9567356801,11.6266532977
314.280967316,223.19453378,17.9581940181,11.7543488394
314.009087775,222.746110964,18.0176401197,11.7697183073
313.576017384,222.635699518,18.0452441611,11.7760013751
313.568467571,222.615911177,17.8848605749,11.7997695716
313.931908292,222.848930627,18.0689530994,11.7675614089
313.971753987,223.001727906,18.2304655385,11.8334748533
313.624559301,223.750272439,18.2878966692,11.8095449807
313.858732156,223.497196293,18.1019038841,11.7985414475
313.453681966,223.850686861,18.0286357719,11.7395175764
314.207695975,222.78808837,17.9243447035,11.7321845843
314.303024362,222.474664833,17.8870055152,11.8067398484
314.550919761,223.525805887,17.8470522638,11.8395595352
314.843085277,223.752075455,17.8008935967,11.9048810496
314.342642302,223.006644337,17.7871508986,11.843659317
314.62109326,222.997199446,17.7997201035,11.8740786467
313.828120991,222.462070189,17.8205361958,11.8959687073
313.932575653,222.540040905,17.8676166917,11.8755698019
314.398529265,222.532968328,17.6774384887,11.9698912048
314.679020509,221.364341554,17.8611856979,11.8494280507
313.900264595,221.781776461,17.8841892981,12.0099897783
314.068945725,221.124966543,18.0537156052,12.0533637051
313.941033216,220.611923265,18.0592508268,12.1314235441
314.612925257,221.21956197,18.1023575132,12.2275955419
314.085233407,220.491169006,18.0196402316,12.2419462062
312.806111426,220.903196472,18.020980355,12.16753603
313.856624535,221.365075602,18.2380576876,12.1307216469
314.100716928,220.441678094,18.4653789784,12.058760655
314.50128403,221.255707491,18.7419294151,12.0180425731
314.17936729,220.981765332,18.6938224101,11.9965334357
313.864561462,220.502565409,18.6111010422,11.9023642492
314.718987691,220.916016331,18.4698724373,11.8751741102
314.678950974,220.813637747,18.3811028697,11.8163920239
314.771664261,220.86210545,18.4233204863,11.7066936545
315.015876523,220.796915267,18.4330707792,11.5707137373
314.197306296,221.158227697,18.3122598532,11.5166793038
314.935422605,221.416346591,18.4707830869,11.455817932
315.335652998,221.845272705,18.323448599,11.4679260123
315.309402058,221.282242202,18.3251993635,11.351833731
314.853735495,221.674194411,18.4149265089,11.3263085339
314.286926206,221.871244037,18.4508334054,11.3490876254
314.142770646,220.850100308,18.5021933364,11.3048377212
315.285304109,220.571508516,18.3855669923,11.2713665749
315.156824031,221.316631545,18.4192216989,11.2839233649
314.587496054,220.540361198,18.3630427042,11.482662571
313.652888422,220.592154952,18.4994489021,11.4948599233
314.271457542,219.695862623,18.4581549558,11.5623626614
314.066135911,219.651952296,18.4672931648,11.7233058607
314.064964082,219.467700472,18.5001010443,11.8987897774
313.988927185,219.050490014,18.7249536154,11.9229749546
314.634976729,219.256385762,18.9370069439,11.8880918198
314.410598405,219.342777218,18.9818865426,11.9560537516
314.679574532,218.955381925,18.9418422539,11.9833982174
313.878192581,219.135831476,18.8492153358,11.9923645029
314.458615689,218.641580619,18.7426479718,12.0790838842
313.903097826,218.039198911,18.7882498378,12.1701073324
314.065459831,218.037436306,18.7997047268,12.1522700439
314.110112506,218.166593193,18.7118428362,12.1829238799
314.591240949,218.504217768,18.5687521338,12.2413015718
313.988737063,218.437761065,18.7097191249,12.1690346456
313.698676762,219.004871463,18.7897607518,12.0907952481
313.033956313,218.761933292,18.7171549693,11.9844952719
314.224668913,218.934807317,18.6926762372,11.8808966492
313.254080431,219.296961502,18.7554445307,11.7288933028
313.664824074,219.711246813,18.8327730555,11.7254244134
314.12428773,219.172441223,18.7717548874,11.8575027352
313.14880248,219.64953873,18.6768405399,11.9859058115
314.101051585,219.19356947,18.6098598296,11.9494093239
314.324298949,219.655880144,18.6499500334,11.9320769441
313.29343268,219.127408465,18.6179547447,11.940629555
313.558115778,219.652860076,18.7048546789,11.8152522373
313.801264169,218.814326249,18.7196599866,11.7856994365
313.945482779,218.831915934,18.7185214753,11.6296524721
313.635619459,219.152972727,18.7587609715,11.589070331
313.161806988,219.015760291,18.6546555187,11.6586687598
313.63463515,218.620806528,18.4086123487,11.7716855544
313.682524303,218.015293847,18.3622106721,11.822875936
313.591403776,218.578157706,18.4551841155,11.7377728356
313.275646719,217.851760013,18.4028399523,11.7292373306
312.455323661,218.193019219,18.489010643,11.6310842866
313.420629236,217.961492851,18.4109538145,11.6335869826
313.453021024,218.512002207,18.3146668892,11.6266035383
312.167565508,218.429414069,18.3842291862,11.5792997172
312.689841175,217.865178371,18.254721386,11.6508026619
312.441584941,217.736936645,18.1670818707,11.6709451741
311.873644675,217.779488311,18.1276217503,11.616103762
312.590869022,217.842086279,18.1638431585,11.5543227037
312.214226338,218.183143267,18.1015188925,11.417730942
313.011667326,218.406322669,17.9603446132,11.3504527316
312.852049444,218.25262747,17.8811018082,11.3250073648
312.574459996,219.021514785,17.9045386092,11.5187507657
312.11495078,219.057582307,17.9446616992,11.6551643574
312.672104307,218.819387335,17.8639361408,11.6750208681
312.088115288,218.650179966,17.7106565875,11.6543637254
313.221834855,218.858708359,17.6502911419,11.6826502547
312.172579303,219.373000954,17.6094568385,11.7038549705
312.973533795,218.991031975,17.640511153,11.7936284558
313.124455671,219.380830219,17.585143872,11.9789048033
312.511823818,219.674982785,17.6148766872,11.8774849811
313.369393936,218.888028118,17.5567054023,11.8218530384
312.213763256,219.388946924,17.5063942585,11.8064486326
313.533965992,219.052675687,17.5340521881,11.7829634117
312.724163245,219.688681375,17.4465788682,11.904485027
312.903117253,219.370671485,17.5422430663,11.8014554913
313.042319075,219.110133075,17.652697264,11.801962986
312.433622302,219.066943502,17.6946178338,11.7553760625
312.611244535,218.692848595,17.8285209424,11.7350174463
311.383698708,218.163098794,17.6775406479,11.7812521546
312.303518236,218.450008186,17.6552224144,11.7460537228
312.089239756,217.915370443,17.5376936593,11.8218010814
312.908625105,218.803358411,17.6156554637,11.7509988764
312.603017997,219.009386309,17.6202726132,11.7946330164
312.283097617,218.938583114,17.4612199217,11.9632439578
312.304653207,218.449174765,17.4814711473,11.9567013455
312.216095308,218.922440556,17.4161571676,11.8862666673
313.063867769,219.013921718,17.4491396713,11.8659000768
312.863666377,219.252718286,17.4461539246,11.8278281653
312.849981008,218.828926979,17.4693448229,11.7828119714
312.702501319,219.318572718,17.6008160056,11.7266335997
312.649604209,218.906554575,17.551716291,11.6576084868
312.295936414,219.224509749,17.4915908788,11.6485977394
312.095021051,218.915534015,17.4893916395,11.7041147121
313.129782616,219.530693496,17.4267511781,11.7098181032
312.651995978,219.248106569,17.2952499354,11.7808031718
312.248692658,218.97975729,17.3044709422,11.7840016552
313.032986129,219.737340946,17.3630259535,11.7068197627
312.638914852,219.57199293,17.1573356812,11.7657290455
312.811801897,219.935657383,17.1736647544,11.9030900264
312.136984905,219.905415269,17.151920436,11.8580067846
312.696973902,219.859255069,17.3027638952,11.8063728921
311.93936396,219.664301158,17.2582600439,11.7550189164
312.439610887,219.404247689,17.3345052628,11.7508615186
311.535748507,219.207857441,17.201375831,11.7213525226
312.230586423,219.401194777,17.2784632569,11.7353335081
312.809001857,219.115383295,17.2546228674,11.7687429218
312.2128739,219.803336293,17.0975168856,11.8910533167
312.365394775,219.551651212,17.0423936996,11.8297099405
311.371346924,219.880065242,17.1742536592,11.7165321497
311.969170572,219.231796743,17.1782324524,11.5878210016
311.502989429,219.701343056,17.1865065575,11.5817721542
311.997314923,220.021014479,17.3043907666,11.5038890872
311.768872013,219.79239865,17.2701323166,11.5254089146
312.481517283,219.315465308,17.269614516,11.5234941392
312.236251316,219.874514987,17.2158348074,11.6906945584
312.100363131,220.029960325,17.1758114733,11.6742477281
311.968276792,220.145849531,17.1532641728,11.6742323067
311.796517313,220.2945993,17.1008441674,11.7204059391
312.750066806,220.503528023,17.0849832755,11.6440735411
312.570944171,220.882075286,17.004047217,11.5396988691
312.907953444,220.365864326,16.8712564294,11.5500775622
312.800405673,220.697019929,17.0379986187,11.5426120702
313.8530835,221.454016479,17.1233301461,11.5890061045
313.669280046,221.433874613,17.1800283789,11.5186661049
313.627969686,221.612848226,17.0684409089,11.5285635501
313.576680829,221.786971612,17.0336649494,11.5400174876
313.122789293,220.910783272,17.0854878902,11.4569597313
313.242296413,221.051599456,17.0829782795,11.4592275041
313.786626166,221.160776613,17.1077936194,11.4972877818
314.330319348,220.800037326,16.9965895363,11.6090492853
313.895780543,220.617650769,16.8698049612,11.6720429212
314.144405983,221.01634439,16.8643503365,11.824785367
313.560905839,220.464143103,16.7058752895,11.842799115
313.732089663,220.902616553,16.6881030617,11.9590355884
314.310879073,220.621168413,16.5466221464,12.0892512621
314.090391909,220.211821002,16.5400299057,12.1078749642
314.749650014,220.797494062,16.6188617423,12.2509493057
315.128650683,220.564370479,16.7645071105,12.143587178
314.325180264,220.793508238,17.0473670038,11.9957941021
315.269630349,221.774499574,17.0684385493,12.0716246175
315.01312059,222.073345384,17.250346279,12.0692509577
314.874652512,221.585646991,17.3430588562,12.0763493075
314.481922473,221.880409361,17.430223937,12.0371309479
315.067945678,222.926246969,17.5973556132,11.9202334309
314.780735787,223.345639602,17.5990859811,11.7804820804
314.83364114,223.089560172,17.6602016585,11.622449116
314.70241183,224.42797587,17.8598085078,11.5358992063
314.853962306,223.486184017,17.86437946,11.4883894574
315.135655835,223.895686978,17.9099441485,11.5213254787
314.426610411,224.435601639,17.9792798753,11.5294122929
315.333105716,224.387020903,17.8698496175,11.647860167
315.180517613,224.480366931,17.7744953955,11.7017350806
315.086586013,224.637670886,17.860071862,11.5927826408
314.700721471,224.152223604,17.7944456911,11.5636712431
315.077346671,224.310245259,17.8315864965,11.5968265737
315.281959794,223.503035577,17.8577962626,11.6451369951
315.171455599,224.500651112,17.8696627264,11.6074006614
315.258540173,224.586298686,17.8023346067,11.5685683565
314.85321801,223.999136168,17.8017677036,11.57189029
315.181590049,224.388868705,17.9173832954,11.5291815402
314.617412064,223.338347128,17.7344392262,11.5891842733
314.667531858,223.357457795,17.7022914697,11.5886883249
314.901780919,223.427919746,17.7172452505,11.5506615236
315.286627207,223.499967377,17.6113805122,11.6085717082
314.626305826,223.654501722,17.5607576239,11.6702259973
314.832684847,224.157893254,17.7256810642,11.6612185462
314.869178696,224.734039001,17.62478677,11.7442228261
315.086538812,224.293420501,17.6650656981,11.7600278615
315.285905828,223.98384316,17.5851072007,11.7847703953
314.451540666,224.936790443,17.5777871002,11.746151426
314.678229531,225.137607437,17.4662054696,11.7855226678
314.496696328,224.540259522,17.6501182403,11.776093212
314.44798126,224.988079786,17.7645983522,11.7393051308
314.90429362,224.946434409,17.5782857929,11.8597138641
314.676436972,225.121989915,17.4665333651,11.8569084945
314.71728133,225.144926966,17.4190172301,11.9235835856
314.301589924,225.422658723,17.4687251795,12.0257681584
314.459885262,226.168605148,17.3796123527,12.1766857725
314.593265904,226.077057734,17.2817638961,12.3272585063
314.983295775,226.22285736,17.3130307765,12.4612857709
314.48852112,226.573622581,17.2692618069,12.47664483
314.896056698,225.653595343,17.2165772102,12.6205437583
313.782472794,225.716837704,17.1738680609,12.5368056095
314.6552671,225.448459832,17.1104394703,12.5486738521
314.933503266,225.144659623,17.0605454046,12.5699679962
314.822329913,225.979953897,17.0736730424,12.5144192737
314.631443392,225.986284435,17.0073285592,12.4650039535
314.180812998,225.414500499,17.1040486545,12.4071137286
313.538744828,224.956424385,17.1456724108,12.3682619801
313.931389177,225.351403076,17.0694250682,12.4185752976
314.308078653,224.612490041,16.953259645,12.4311322784
313.369855297,225.080158814,16.8337506512,12.4225347814
313.863741013,224.834619505,16.8167991092,12.4137347547
313.385275961,224.738273918,16.6750787587,12.4934214753
313.96899373,225.619538187,16.6208879918,12.5735167675
313.287280523,225.849890179,16.558922494,12.5807804736
313.909889,225.238221966,16.4713243002,12.6558497481
313.304589577,226.046292252,16.6863029563,12.5637106562
314.120334669,225.823374702,16.9415767033,12.5473300048
313.466133369,226.325125247,16.9604026536,12.5308448766
313.830379113,225.831007817,17.0050346668,12.5765947025
314.28099561,226.248101623,17.0282202427,12.5897480923
313.943598914,226.023766171,16.9100888729,12.5967002687
314.621656887,227.005644048,16.9718871967,12.5304656514
314.624038389,227.119202115,16.906442464,12.5041738241
314.670248925,227.303516492,16.8626886802,12.4791862312
314.000938784,226.977022826,16.8636351789,12.3681210539
313.890860583,226.642279685,16.7591482676,12.3653233278
313.759306159,227.382569154,16.726645614,12.4043475244
313.568613829,226.964492567,16.8754512971,12.3124976255
313.575000128,226.346079556,16.8228931494,12.2767309831
314.448393943,226.692377797,16.7075844256,12.4084046892
314.324792036,227.336566632,16.6855904781,12.4606043832
314.133059098,226.936821043,16.6380143382,12.5230252999
314.157623126,226.405160862,16.5732678623,12.5724447859
313.729247136,226.449916397,16.6428751208,12.5890607475
313.204163454,226.62892731,16.6572235508,12.5543994233
313.803710353,226.509043687,16.5109176521,12.7026382915
313.024116008,226.424536195,16.4456897517,12.7259421202
313.554911819,226.494163924,16.4492241928,12.7150069104
313.915947675,226.452755506,16.5454220899,12.6861461223
313.577763634,226.399665897,16.5254199281,12.7019873264
314.126142598,226.411069682,16.5493878715,12.693434638
313.290417225,226.833976685,16.4736046298,12.5346567292
313.84913395,225.930999031,16.3498006347,12.5894167249
313.4318343,226.041594716,16.2425532664,12.6392167998
314.308076921,226.412519546,16.2391198332,12.5692332586
314.582025967,226.788768922,16.4744417341,12.4743037356
314.452432804,226.839143194,16.496433299,12.4900530892
314.620785407,227.028139735,16.4666262101,12.5995604058
314.534354309,227.393967111,16.4864890505,12.577252365
314.522492355,227.891752364,16.4757351912,12.552950157
314.315781227,227.61156028,16.4865078956,12.4899400734
314.394960677,228.49674155,16.5959319517,12.3910529439
314.355433618,228.282389236,16.4902371075,12.3858718772
313.610886055,228.605321496,16.3551336786,12.4806446601
313.815043676,227.78476598,16.2807728596,12.5727741447
314.088145885,227.991462779,16.3355944402,12.6010824966
314.253071903,227.453037998,16.2336243729,12.6481638288
314.534121877,228.02036177,16.2686734388,12.6844634792
314.328610807,227.895965439,16.3447869748,12.6200457736
314.207866337,227.064138814,16.295000085,12.6868133415
313.846348713,227.06570187,16.3680375022,12.6431711963
313.464772288,227.244169552,16.4013940018,12.5864584679
314.295473166,227.026972874,16.2507473085,12.686932834
313.924597826,226.47537901,16.0783500152,12.6349978068
313.638770918,226.450109996,16.0881209192,12.5773918415
313.575836355,226.561088898,16.0940615124,12.5484063539
313.472909419,226.589094259,16.0402211358,12.5054505304
314.47572151,226.596826762,16.0506070014,12.5232160104
313.391922333,226.685822693,15.9246961101,12.5334905014
314.555540787,226.545607057,15.8905276115,12.5221609699
313.595302051,226.565394851,15.8091821339,12.4276285105
314.368274239,227.090751333,15.8659408525,12.3578657234
313.992580884,226.812366214,15.7747368133,12.2822595878
314.500456863,227.777177237,16.0140834358,12.193359985
314.118042585,227.564490383,16.1844991295,12.1154705172
314.039424154,227.580344764,16.3627988792,12.0496168843
314.016377248,227.763135985,16.3569011393,12.092399006
314.410563897,227.699189938,16.3753959186,12.0922997519
313.901819623,228.047791041,16.3415883515,12.0465045488
313.748209216,227.644827058,16.2647247908,11.9639718791
314.436463583,228.240913348,16.250393309,11.9323440513
314.30452403,227.708601334,16.0791532333,11.9644085652
313.951957587,228.247569397,16.0086642284,12.0157948487
314.276189927,227.597185956,15.9519685284,12.162268671
313.336256683,227.932053482,16.0139038418,12.1499448376
313.834206995,227.104804295,16.0296134871,12.2129246895
314.231684062,226.963787167,16.0234597122,12.2214130834
313.436965831,226.67368168,16.0304938253,12.2219002226
313.598561611,227.047429596,16.0600577226,12.3130205828
313.841758118,226.42887571,16.1193152512,12.3680321119
313.301433268,226.302173208,16.1086778139,12.323281511
313.992851377,226.968477914,16.2976470739,12.3724596367
313.665269354,226.528924428,16.2624290559,12.4058932262
313.295496867,226.088137943,16.3058055479,12.2629565293
314.050712202,226.486836926,16.5051033569,12.1332987891
313.551615941,225.975156804,16.5332592526,12.1177444714
312.839217399,226.482133249,16.7034366202,12.023487614
313.520182517,226.954487844,16.6628735276,12.1261774681
313.076211971,226.545982675,16.5835702927,12.2219352446
313.468367095,226.299900953,16.6315123098,12.0785031304
313.224022293,226.879414016,16.5002222932,12.12400617
314.194780669,226.718060492,16.3478997668,12.2403086218
314.197670095,226.673120895,16.3617653578,12.2605051435
314.257765549,226.803758066,16.5107055449,12.1617536679
313.535910278,227.066532333,16.5621898668,12.2139955729
313.320228917,227.372416916,16.7105081028,12.1735797821
313.164384615,227.543074257,16.7177276871,12.2741176116
313.617190496,227.372342069,16.595407206,12.3206272692
313.855256301,227.739242225,16.6378236671,12.1418694623
314.159128111,227.518916443,16.6197696589,12.13979677
314.068670697,227.448439344,16.5535633017,12.1314745915
314.045759027,227.401262053,16.4987611194,12.1227729072
313.535714153,228.047528598,16.5315696043,12.0175523008
313.054291771,227.74782327,16.6950349607,11.9783909189
313.853449305,227.361813931,16.6519933055,12.0340771014
313.677898603,228.00643879,16.6917747629,12.0930162614
313.195070916,227.124865077,16.7120099323,12.1312586729
312.688586597,227.358651811,16.7113075293,12.1376390779
313.164218368,227.154571317,16.6753807152,12.2097744999
312.540646203,227.012193494,16.6871931514,12.2031036369
312.736477771,226.875304394,16.7250431133,12.2169387974
312.503870587,227.345012057,16.6641649514,12.193456425
312.715766042,226.936707725,16.555377436,12.275746893
312.745457255,226.053031838,16.4921059843,12.3417974502
312.965117716,226.011523226,16.5224960382,12.4804302698
312.277913577,225.737791856,16.5849110764,12.4137339626
312.639778347,226.364146659,16.5342267531,12.4580300093
312.898756356,225.951445573,16.5306214479,12.4210621076
312.230121032,225.600816925,16.4965818628,12.4790508194
312.488238078,226.343652414,16.5011123598,12.4133578643
312.783307231,225.947298509,16.4537676247,12.4351888496
312.681470127,226.514260728,16.4364577613,12.494727736
312.862888863,226.275460621,16.3900359867,12.5900148172
312.052881025,226.603504921,16.3903202376,12.5427996454
312.136102362,227.037833197,16.3704211247,12.5268210943
312.197643782,226.310095802,16.27548933,12.5679463268
312.627267281,226.037429207,16.2894093096,12.5640402998
311.868795066,226.918621773,16.4211273717,12.553321355
311.882284769,226.415819564,16.3529601159,12.507001425
312.32750696,226.277971421,16.3821813098,12.510385279
312.225290805,226.71558109,16.4541691329,12.42173667
312.845878549,226.17733313,16.3201897383,12.4496931891
312.2106356,226.823771207,16.3366235922,12.4323267511
312.642080334,226.399480074,16.3780975789,12.4166625284
311.809287936,225.954871301,16.3406986373,12.3822070995
311.755073226,226.365379491,16.3893047759,12.3200166191
312.004576641,225.516639174,16.5293881859,12.2854657879
311.981100351,225.238235628,16.6400665728,12.2439092418
311.512218388,226.046260847,16.9267498305,12.1122676587
311.773492998,225.176417438,17.0679275367,12.0920735779
311.008571497,225.337841536,17.1901414048,12.0652174864
311.182332363,225.330249275,17.2467134156,12.1005499046
311.302300592,225.34699126,17.2180088453,12.1310587858
311.529882391,225.294517318,17.1802367858,12.1670642713
310.561537534,225.492661804,17.2377221079,12.1097289137
310.786359211,225.429614356,17.3118408015,12.1600380539
311.61030044,224.90263092,17.3540509057,12.2125287576
311.177761403,225.780341857,17.3445868635,12.2072374167
310.970093066,225.390740329,17.2887559722,12.228991741
311.044670778,225.199038538,17.3524788501,12.2563153568
311.263750785,226.332912313,17.2686757807,12.3963506002
311.695852164,225.723785029,17.1877068451,12.4716739439
312.002369332,226.093276034,17.0960147263,12.5318456199
311.234858785,226.40504102,17.0316783343,12.6191162354
311.695029524,225.76982593,17.0080113701,12.6291427824
311.670160603,226.473633847,16.9387952165,12.7430522121
311.936396435,226.13160996,16.85381207,12.7759888018
311.996170006,225.613808623,16.8461900834,12.7707427437
311.917115786,226.265145721,16.9888904242,12.6575825875
311.802858999,225.888111067,17.0419851448,12.575038957
311.733271566,226.367590316,17.1781169136,12.5211331198
311.892328103,225.756073704,17.1344771799,12.4680331647
311.62421141,226.116353017,17.0972048057,12.4128466125
311.385605943,226.121875758,17.0866984105,12.3027271098
311.065845193,226.07211142,17.0465411718,12.3125867736
311.145749316,225.08767454,16.9885549292,12.2822518449
311.105438895,225.437765163,16.9671940719,12.2778334117
311.027611156,225.791549951,16.9943657489,12.1998285385
310.879180937,226.050760093,16.9659407507,12.1797994962
310.698818994,225.236217952,16.8683565663,12.1421685126
310.53650374,225.218306849,16.694589933,12.2331911992
311.290744593,225.010172858,16.6584541752,12.2127880134
310.713149284,225.306719833,16.7011252902,12.2203147506
310.327744501,225.221618566,16.662230195,12.2802322788
310.823381092,225.083664695,16.6722406587,12.3298229272
310.648916669,225.033719521,16.6194495768,12.3511715051
311.38923954,224.878195314,16.8273462001,12.2734528557
311.445016881,224.946353712,16.7083638904,12.3508814154
311.173904933,225.283364586,16.722389247,12.3455099365
310.94380139,225.983478797,16.9567362434,12.1992528529
311.091325568,225.425934599,17.0919737287,12.1850472117
310.967356826,226.010433426,17.1240910782,12.2174772546
310.806818983,225.599868042,17.1862685957,12.2136259154
310.920656651,225.545067302,17.0635649666,12.1956466786
310.615261117,225.894879392,16.9778619925,12.2989219792
310.343160237,225.157477576,16.8599086608,12.4469370662
310.799614577,225.192165398,16.8895517722,12.562025027
311.036140244,225.966521289,16.9983184834,12.4805901766
309.799572845,225.417683212,16.8597501233,12.3612956473
309.394227718,225.045543771,16.9230224511,12.2962781611
309.864604263,224.48340639,17.0203089261,12.2875935558
309.963693101,224.62284482,17.1700283309,12.238365317
309.20735521,224.308165172,17.1919085006,12.2038445614
309.618329415,224.27486277,17.0573849298,12.2769973767
309.181885846,223.543119634,17.1543180592,12.1936884006
309.145740794,223.600464391,17.4130927983,12.0441433038
308.666150755,223.167174735,17.4525654599,11.9470478929
309.012169308,223.195439059,17.436334279,12.0485914773
308.925714273,223.582250685,17.4928843266,11.8923102215
309.38952239,223.438645311,17.5930598309,11.7930427839
308.952459856,223.28913454,17.530992267,11.7073430464
309.452465369,222.940813003,17.4863510704,11.7432366248
309.157229585,223.537120283,17.7048209026,11.6746188002
309.211247669,222.991662071,17.6924772408,11.68190645
308.915061971,223.298337823,17.7817213615,11.7124765588
309.207800528,222.955770438,17.8197918594,11.7559076636
309.066387821,222.34331018,17.862222533,11.8410906932
309.204906102,222.854921389,17.7774165226,11.9692758739
309.494086494,222.267135852,17.7086163839,11.9818675846
310.071163349,222.94891489,17.647210601,11.972924005
309.840227277,222.593375147,17.5692208263,11.8852114863
309.451634458,222.114156517,17.5735448049,11.8118954443
309.633138778,222.027602307,17.6094944026,11.8571335124
310.091525929,222.495311462,17.6328637437,11.9020170003
309.492481589,223.020277831,17.7002201267,11.8270451268
309.919936417,222.12459063,17.7778339603,11.7766693843
309.582787898,221.894828958,17.9030233276,11.705504501
309.086387852,221.712385138,17.9761233334,11.6501891119
309.392324336,221.100967721,17.9689984357,11.8035143186
310.052312576,221.363100369,18.0551360569,11.6201351102
309.632224057,221.50319616,18.1665892114,11.5075125398
308.909427048,221.331622087,18.0859029446,11.4187924594
308.9616367,221.291237807,18.1627825677,11.4164689706
308.820886148,220.994329388,18.1897351209,11.4110200555
308.558222915,220.578635231,18.3024305221,11.4585915548
308.378696266,221.066811847,18.286186542,11.5096912692
308.388026729,220.575386882,18.2106385345,11.6165439532
309.288852608,220.981801479,18.2413316647,11.7391715118
308.928447018,220.655791253,18.2675855968,11.7832052161
308.507721014,220.309323349,18.166019109,11.9395910384
308.853895419,220.013322047,18.2579526852,11.9377250881
309.460001521,220.661069199,18.3411258415,11.9570592986
309.01365387,220.345401548,18.3732914818,11.9002710173
308.550650333,220.107100092,18.3467350905,11.8766489824
309.159487394,220.209858245,18.3026137205,11.9152240826
308.606126486,220.559441096,18.4198809106,11.848679311
309.60106174,220.525636189,18.3904190884,11.9182261417
309.65154076,220.784891402,18.3888698687,11.9286083516
309.991976857,221.39779613,18.5051809509,11.9082072312
309.96656741,221.447391025,18.5582698379,11.8406206239
309.178953629,221.040098997,18.4732633063,11.8545191556
309.12195858,221.734078173,18.6301226482,11.7870425797
309.223078379,221.521596558,18.6342424959,11.7989623998
308.718104611,221.866974808,18.5509372546,11.7417107688
309.551670386,221.56036962,18.5694726228,11.631261867
309.718308451,221.106569664,18.4355223674,11.564227489
309.778903916,221.558696211,18.3158742939,11.6651837226
309.634998864,220.811365411,18.1868524272,11.7182041107
309.03768022,220.613049633,18.0571339944,11.7071058925
309.584921365,221.557537256,18.0496285894,11.7649383886
309.141913453,221.143805551,18.0436553014,11.854852314
309.991628547,220.707323695,17.9632094559,11.8849938317
309.95632112,220.203162105,17.9431183784,11.9530419402
309.548629706,220.746534897,17.8623959167,12.1127850463
309.484397535,221.294028685,17.9248968491,12.1139844647
309.725272655,220.511299787,17.7285899153,12.1655726178
309.839393562,220.969454401,17.5925681699,12.1062426404
309.220785898,221.088641154,17.5779537541,12.079288599
309.445307644,221.1627895,17.7383390849,12.0525804641
309.526420331,221.288736745,17.7462258285,12.1166664077
309.571802738,221.327331687,17.5609552655,12.2214699039
309.295110424,221.676910873,17.4671304282,12.2812543746
309.218997959,220.721333047,17.3221622785,12.3110034809
309.215220558,221.04538045,17.2067042831,12.4087540529
309.448405469,222.005294487,17.3778046472,12.2907808276
309.5545182,221.919290307,17.3601483702,12.2168955748
309.255114436,222.098558073,17.4682920731,12.0139530813
309.028900652,222.289817277,17.5175346006,11.9211080904
309.19239573,222.338303802,17.5149795592,11.8550980667
309.569260195,222.056973547,17.5501482625,11.7890085513
309.135783452,222.970644632,17.4632780032,11.6973944067
309.656318185,222.57279099,17.412609209,11.7216418714
309.450788356,222.191206594,17.3894507298,11.643752231
309.191646026,221.793975862,17.3149997419,11.6769326219
309.779653763,222.004985803,17.1883454967,11.7885935952
309.260744037,222.043652023,17.1043495045,11.8447037805
309.448493498,221.663833458,17.1622472799,11.8584014174
308.885689191,221.241207605,17.0900373771,11.8592428831
309.213225527,220.923095561,17.0923307415,11.925477887
309.948806931,221.544531523,16.9670607205,12.0013531245
309.841212208,220.889311976,16.9411076112,11.9487294804
310.048776729,220.437791373,16.8120124962,12.0241036283
310.033836869,221.325427963,16.8470895324,12.0220259528
309.93437157,221.106500453,16.9085689288,12.0122884174
310.338061191,220.97877934,16.9897539745,12.0313442843
310.401080697,221.284282733,16.8828030789,12.0645524264
310.600345729,220.635352867,16.784210501,12.1005912467
309.791739551,220.938613668,16.9604148862,12.0745526035
309.353254785,221.763742381,17.0485769657,12.0593262828
309.743385132,221.239769396,17.1591507814,12.0306706283
309.479964631,220.899762049,17.3346762854,11.8904666991
309.456739237,221.724539941,17.2885867276,11.9542442839
309.222997024,221.656413839,17.3555268091,12.0114337786
310.058816413,221.931311362,17.4418109173,12.0878009045
310.085951587,222.150006876,17.4473993774,11.9417482316
310.524657814,221.587492328,17.2878496483,11.9460779214
310.181213464,222.294466629,17.0806570538,11.953568251
310.309350893,222.129363785,17.2269040133,11.8432863763
310.330505459,221.944878178,17.3008371202,11.7990739598
310.210652055,222.660897998,17.3747089187,11.7993444249
310.077209354,222.578764688,17.3981177972,11.8230297793
310.119643353,222.681649746,17.4447745101,11.7476363612
310.292013678,222.682962971,17.4103004147,11.7735945801
310.567652691,222.703069449,17.3574363101,11.7813736571
309.818568,222.780550645,17.1913993058,11.7136003579
310.537823834,221.608834402,17.1676734993,11.7121072024
310.041762276,222.643239997,17.2001779884,11.7007887454
309.789778938,222.838575702,17.158068783,11.7425325812
310.566431368,222.02517064,17.2697207314,11.7535761814
309.755177239,222.802058069,17.1713975958,11.8422560665
309.595336181,222.313209747,17.0505587381,11.8699443767
309.796533319,222.506516299,17.1831286668,11.8733072691
309.640173043,222.204311196,17.3404031357,11.7732792046
309.726185113,221.763196813,17.1967835909,11.7700199385
309.827018927,222.714531758,17.3368273367,11.7537348922
310.074913967,222.904484237,17.3729231189,11.7545159499
310.48435468,223.520738734,17.3612787223,11.835872855
310.092781918,223.041302243,17.2465715269,11.9312295063
310.655219454,222.585567956,17.1124659014,12.0053936081
310.231836559,223.571826731,16.9045673176,12.0810609301
310.517435644,223.957625319,16.8987350576,12.1478098764
310.924326303,223.535167763,16.9849252851,12.2063145969
310.562409324,224.259165853,17.1663599556,12.1151448418
310.689921449,223.912688406,17.0859719348,12.1450514687
310.685219223,224.678093091,17.1439998064,12.0515035604
310.748407174,224.123460775,17.0667598028,12.1600358908
310.731524308,223.799545795,17.0663407984,12.1279831446
310.718437995,224.648048066,17.2411827869,11.9997231438
310.567063124,224.229159582,17.29359615,11.9656495011
310.476123471,223.855217712,17.3526571511,11.8991550991
310.315237598,224.403615063,17.5225708042,11.8365123097
309.532772848,223.688703829,17.4527063088,11.8559087576
309.531728274,223.774551351,17.5161104181,11.8537875551
309.656182966,223.720375129,17.4675055584,11.9569127052
310.333005267,223.163679694,17.5797847415,11.9153809716
310.179783801,223.708233967,17.7112991573,11.865269598
309.941877009,222.974374416,17.7876487309,11.7725573397
309.688604326,223.140118454,17.8499682799,11.7423667481
309.376765674,223.318420407,17.918200567,11.6975690738
309.554489435,223.582446384,18.0714702856,11.6193813003
308.739619417,223.859594884,18.061184348,11.6242196167
308.441204939,223.123235565,18.2116025873,11.5051414999
309.011572053,223.223106246,18.0505968195,11.5949854589
309.264234162,223.721431139,17.9930451641,11.6462874919
309.410592478,223.311014207,18.0789817003,11.5191995419
309.780508174,224.205488997,18.1990380885,11.3958608724
309.17860106,224.06320165,18.2114989946,11.2654975332
309.091612816,224.701798546,18.2301800522,11.1733916597
308.873582645,224.52385245,18.3280156539,11.2290728096
308.690477783,225.094483156,18.5554678213,11.2100806709
309.082566851,224.836238966,18.6295377413,11.2209734272
309.587360262,225.683886899,18.837269453,11.2959318144
308.474984266,225.188524873,18.858010005,11.3768700602
308.848302188,225.632268234,18.9030856705,11.3826550234
308.079949057,225.378971293,18.9239882371,11.3382505154
308.35315536,225.320390595,18.8357239921,11.4836817795
308.603012226,225.27014344,18.7889678598,11.6621969077
308.556085242,226.019901035,18.983244747,11.5429299072
308.266704629,225.724412719,19.1511016543,11.5080763649
307.766388383,226.418505596,19.3698284371,11.3709612292
308.401792597,225.880374016,19.4855724615,11.3055769309
308.072174612,225.39504153,19.5415271128,11.2148073963
307.532193914,225.960926075,19.6299096305,11.112819767
308.428400457,225.425202446,19.5127841491,11.2274775912
308.684480666,225.797186378,19.4927193218,11.3229857764
308.579587617,226.160746935,19.5326364431,11.3782553752
308.289416278,225.598327209,19.6330899674,11.3509006851
307.227348224,225.499697126,19.6344514734,11.2931316502
307.417981846,225.821527104,19.7574664655,11.2905526095
307.448195592,225.872542479,19.8076447957,11.2120470119
307.482354648,226.060559456,19.6855769801,11.2770259781
307.799734577,225.882123283,19.7646406186,11.2957751215
308.061853958,226.208940763,19.8095234573,11.2191764824
308.888062638,226.5514874,19.7400320128,11.2816304178
309.349918091,226.158945568,19.4591862271,11.3504640799
308.94628608,226.516215085,19.1825451484,11.413899888
308.872345194,226.901470027,18.8451912893,11.427988295
309.55985175,227.245608766,18.7033528584,11.4948551747
310.280022544,227.97170863,18.5812589473,11.5016819036
310.460644265,227.973180234,18.2965249361,11.5002369724
310.23685068,227.682811692,18.0495848384,11.4989507324
311.195938673,228.212115601,17.9702651921,11.5582558032
310.850679848,227.981353903,17.9400328066,11.4755514807
310.715732916,228.257530899,17.9718105411,11.4356472298
310.953488895,228.517955229,18.0323711362,11.4908840186
310.909996431,228.077386393,17.9105059932,11.520544187
311.47495303,228.201628404,17.9101835449,11.5044993243
311.033389805,228.239051742,17.7625556656,11.543580556
311.820801715,227.454604179,17.6204606138,11.6613468428
311.655100058,227.550267899,17.5894184253,11.6756830238
311.508655521,227.263049557,17.5034573364,11.6644422033
311.157332911,227.30591364,17.5376430814,11.5707516269
312.158778993,227.136405073,17.5568637638,11.4690228715
312.151147967,228.000126944,17.5675642643,11.4875093246
312.192603482,227.942442538,17.6131547085,11.5610381928
312.110765614,227.839000946,17.5610710488,11.5887352417
311.864154036,227.83883156,17.4841073508,11.5711094578
311.484408698,228.069678692,17.467265231,11.4896701475
312.244387234,227.790638481,17.4441303965,11.5111751334
311.644086258,227.532082669,17.4500187562,11.4924133432
312.12205162,228.105279709,17.5804494415,11.4480527598
311.831170893,228.470909296,17.574192298,11.4169848441
311.635981591,227.945243413,17.5373179249,11.4301904992
312.249080123,228.054951613,17.5162328413,11.5375936984
311.188655824,228.814966682,17.2546210845,11.6749074248
311.907671716,227.984325877,17.149780694,11.7952078607
312.534473422,228.530616346,17.1521994968,11.7992292435
311.084392621,228.795443062,17.0909415165,11.6963158023
311.579354957,228.490038234,17.1867630146,11.5923107359
312.092892958,229.088026564,17.1252159166,11.6133553037
311.247187173,229.085128837,17.1566972572,11.5249816091
311.8612267,229.218277602,17.1512122262,11.4071343653
312.449665953,229.336704221,17.1338618564,11.3091638377
311.253347525,229.489668986,16.9415244243,11.3450417937
312.23487116,228.755896601,16.9170331103,11.2360620671
312.527805176,229.038923474,16.8817330027,11.1800787044
312.503704691,229.180763068,16.9686912821,11.1371692449
312.793220443,228.962395575,16.9198460748,11.2098755986
312.03557091,228.754568592,16.7263822554,11.2875354071
312.623567908,228.894445899,16.7837063501,11.3847515596
311.788473743,228.537188224,16.6803137713,11.375274087
312.038636794,228.083172579,16.8149576783,11.3095227766
312.268363523,228.379845981,16.9818725051,11.3215250971
312.682802953,227.570901682,16.9796129128,11.3667040155
311.938103841,227.727344945,16.9141153786,11.490466185
312.245212528,227.630372264,16.9517860769,11.5269385643
312.501432048,227.532844874,17.0714609101,11.5680116598
312.295483192,228.060822495,17.034902008,11.6823406885
312.494094654,227.80062526,17.0018133955,11.7181004005
312.970042633,227.574386326,16.8874910841,11.8305006896
313.517075789,228.377953318,16.8320292695,11.9576416892
312.706747741,228.262494849,16.7826341492,12.028138434
313.176952557,228.083430053,16.7872267754,12.1006043608
312.502707733,228.320490179,16.7943856562,12.1536688338
313.490965131,227.997632199,16.8410732798,12.2126766653
313.528021898,227.999113513,16.9161092536,12.2094363031
313.521323105,228.353297906,17.0552109184,12.0805670016
312.863653714,228.727565629,16.9424319495,12.0756072468
313.336295273,228.942482821,16.9472725578,12.1139489604
314.14950545,229.174194187,16.8041965205,12.1471443186
313.931267506,228.566271206,16.7814216906,12.0890609242
314.019165879,228.569154498,16.8078204386,12.091141402
314.040991175,228.524196949,16.8450490957,12.0810577874
313.591264897,229.099883458,16.8905543099,12.0738951079
313.481529965,228.544307771,16.8613967051,12.0448846103
313.879176114,228.644898048,16.9329048349,12.0538783928
313.900260462,229.023287168,17.0133601335,12.0680874853
313.75626508,228.202151386,17.0490569538,12.0979616171
313.563423555,228.276788746,17.0828652344,12.1710401467
313.228229535,228.281774839,17.1160685358,12.3255371873
313.573462065,228.684302342,17.0817522676,12.4639350749
313.9920201,228.057267072,16.9748700451,12.5892828295
314.48842597,228.597322811,17.1377575574,12.4335695937
313.82830365,228.229396654,17.1488953724,12.331959424
313.868363543,228.728688037,17.3105524242,12.2968348388
312.654472088,228.508914226,17.4821765068,12.1927284361
313.66398384,228.394363377,17.4967714515,12.0899363324
313.425021931,229.303607194,17.6257957266,12.0378836048
313.519456777,229.115847436,17.6127181172,12.0944755057
313.754188378,229.187500273,17.430531631,12.1233949485
313.759652235,229.31863674,17.2683309201,12.1199612955
313.209555443,228.939702897,16.9986346474,12.1195973419
313.769697891,229.84035368,16.8539849227,12.1869720805
313.320410227,229.722836421,16.6009827794,12.2059562553
313.27276728,229.414035112,16.4479561684,12.1760966839
314.109046797,229.094042748,16.3900099536,12.1872921076
314.23081768,229.815089402,16.3117576943,12.2581870083
314.266101866,229.549140816,16.2558249145,12.2181347595
314.352730355,229.199852437,16.1129756676,12.2242168848
313.707466033,229.56404884,16.0873963218,12.1346687495
314.180289266,229.766975248,16.076615808,12.109068979
313.740752868,229.951808723,16.079715499,12.0159954161
314.200396118,230.087159613,16.1167505959,11.9440403619
313.859352653,229.319236885,16.2340393488,11.8075403002
314.321089421,229.270122379,16.3290238216,11.7473038958
313.705508939,229.328999193,16.3726489031,11.655187657
313.820780669,229.315776603,16.4574802656,11.6145660253
313.200547158,229.065061259,16.5006213434,11.5822316347
313.907725389,230.061195285,16.5837482532,11.5597093388
313.758518205,229.993517708,16.6436050285,11.5553052946
313.730837374,229.519996841,16.6376862759,11.5703481806
313.597580084,229.1939458,16.6260997096,11.6408153833
314.172579934,228.791749567,16.5953509049,11.6577562243
314.096091667,229.426639568,16.7738181024,11.6318834361
314.023719602,228.91637179,16.8669544957,11.6246214106
314.264932828,229.075063873,16.8669557309,11.6372168729
313.576093445,229.308783638,16.8987963078,11.6674544622
313.914635776,229.331137597,16.8790143841,11.753549025
314.27633108,229.448440148,16.930344087,11.7369353214
314.091053684,229.640990435,16.9853828538,11.8082390146
313.860283409,228.879219855,17.0882136206,11.8023215326
314.593132712,229.45140262,17.0715642486,11.9173880801
313.910859342,229.788640877,17.043501036,11.9455261132
314.455322506,230.365275588,16.9262347848,11.9431977052
314.614837079,230.393131864,16.9459157377,11.9406239089
314.693557392,230.498030538,17.0144642904,11.9584054234
314.251506145,230.058502269,17.00460297,11.943534983
314.548152126,229.503380231,17.0379020941,11.9828299826
314.01405889,229.894924805,17.0531726363,12.0085458831
314.798070361,233.261325534,17.4070319657,12.0573410854
314.799230407,231.004909537,17.4178615879,12.0222776475
314.624129979,230.456843537,17.4182028189,12.0208991904
314.28361299,230.39893356,17.4185730919,12.0194150953
313.777172489,229.942179925,17.4168782536,12.0195098535
313.445000843,229.647329179,17.4146266838,12.019703588
313.193448468,229.295916934,17.4128018311,12.0199079283
313.034448392,228.958360349,17.4100022458,12.0198259996
312.776277534,228.700084326,17.407665535,12.0195984456
312.518731204,228.590672535,17.3997034744,12.0191720926
312.288688478,228.693342021,17.3951228289,12.0193984835
311.93875869,228.591506851,17.388733407,12.0191955915
311.542879645,228.550289646,17.3862602011,12.0192749644
311.464393461,228.445201645,17.386212774,12.0187566382
311.417474308,228.382439762,17.3862754358,12.0180931092
311.314456915,227.750461545,17.3814743778,12.0177848418
311.219373243,227.636968857,17.380682401,12.0140653429
311.160948356,227.236257972,17.3776485493,12.0136266615
310.784198594,226.995559288,17.3744951822,12.0133091858
310.460273588,226.718125293,17.3656362979,12.0125352849
310.459932173,226.435446751,17.3595472028,12.0112522902
310.427433921,226.33359228,17.3597354135,12.0067849172
310.12180487,226.338762297,17.3598490328,12.0054910802
309.845807394,226.688151586,17.352400451,12.0049168413
309.723206638,226.963569502,17.3418663273,12.0038154832
309.664061531,227.223408579,17.3292758868,12.002867551
309.685236948,226.807515033,17.3239835078,12.0018718376
309.754839174,226.562937072,17.3178952557,12.0010011678
308.986491429,226.639256135,17.3178958622,11.9989879878
308.730624649,226.603669851,17.3135915988,11.9986151558
308.361762944,226.516556452,17.3108274947,11.998253393
308.01602171,226.450261632,17.3082170316,11.9979452832
307.621578441,226.458615869,17.3056090228,11.9974869227
307.455821217,226.274325232,17.3005216767,11.9968449895
307.314020541,226.098681665,17.2950221127,11.9961645502
307.780213641,225.439717809,17.2931019691,11.9960603549
308.106156497,224.907404364,17.2910931491,11.9957563289
308.303429676,224.463673241,17.2914741452,11.9941485411
308.491196876,224.012591498,17.2918091368,11.9927510892
308.881707692,223.59272965,17.2921893779,11.9910136638
309.240706224,223.109078611,17.2942699479,11.9830827838
309.804125828,222.70997763,17.297058444,11.9747924174
310.484330815,222.425193599,17.3002003258,11.9685873592
310.581043905,222.432408854,17.3037663488,11.952205929
310.881994671,222.387230859,17.310997287,11.932229087
311.131686355,222.466580752,17.3258752839,11.8868045531
311.168170535,222.476890142,17.3506989233,11.8260609971
311.133663052,222.433644399,17.3579236492,11.80912277
310.89356448,222.487192468,17.3737692595,11.7881093443
310.687063341,222.597223773,17.3982073075,11.7548812183
310.674985644,222.635140153,17.4174580702,11.728401111
310.662982843,222.672985926,17.4365606479,11.7020460652
310.644895509,222.679818848,17.4574513679,11.6728988933
310.824691526,222.726861621,17.4746621657,11.6485759054
310.532184622,222.918359737,17.5106378614,11.5908790255
310.24006073,223.108531215,17.546171365,11.533514806
310.008532067,223.268663977,17.5685514952,11.4973143492
310.413580996,223.071680147,17.5687651922,11.4955539275
310.757741263,223.042854075,17.5690643327,11.4918438085
310.799390492,223.160298949,17.5699518171,11.4871359774
310.598874313,223.180601879,17.5703396634,11.4810728611
310.648906781,223.060045919,17.5708422621,11.4759313203
310.631398359,222.857597674,17.5704080116,11.4672274253
310.614535538,222.847159229,17.5706873708,11.4575862082
310.613751982,222.880124986,17.5721816479,11.4491780053
310.76192115,222.798485716,17.5725979106,11.4449867009
311.132833733,222.517005157,17.5727872707,11.4407923383
311.503693864,222.235564289,17.5729719836,11.4366022783
311.680909291,222.064492222,17.573179258,11.4331039951
311.868545676,221.897857315,17.5733508418,11.4297763668
312.056149728,221.731229179,17.5735189612,11.4264522729
312.268068657,221.544471222,17.5736051322,11.4224857421
311.966641109,221.551855962,17.5690703606,11.4117515524
311.705115756,221.661171909,17.5653851658,11.4019488688
311.54601532,221.731154225,17.5629951237,11.3937148962
311.703436008,221.789876358,17.5621083694,11.3852343357
311.532363007,222.052009252,17.5607579009,11.3795175139
313.470423167,222.271478069,17.5557806833,11.3514649159
313.437876839,222.462586877,17.5545507213,11.3461145654
313.143941026,222.338927945,17.5543061783,11.3453698038
312.74062477,222.172248756,17.5541869619,11.3444460818
312.475360848,222.222911053,17.5510954627,11.3365970442
312.345402416,222.282997085,17.5505210437,11.3258273469
312.223317367,222.348694588,17.5498802031,11.3158303657
312.020050253,222.484023963,17.5505751087,11.3108905525
311.853224708,222.616093584,17.5509596713,11.2939290003
311.216596174,222.379498359,17.5514850781,11.2882336211
310.604183022,222.110916283,17.5517783003,11.2853704529
310.114967373,221.992957698,17.5549650768,11.2763633453
309.641403106,221.868434994,17.557732758,11.2683952242
309.248710637,221.749624996,17.5587902481,11.2555696747
308.714901043,221.828097542,17.5591939932,11.2442900056
308.389900286,221.702601437,17.5593606366,11.2402161183
307.920178062,221.465117907,17.5590904147,11.2364776522
307.702296648,221.566275843,17.5590413959,11.2344134192
307.502273092,221.364916696,17.5588514235,11.2310831486
307.636816366,220.360416442,17.5496214867,11.2328381158
307.600860058,220.291073475,17.5478685516,11.2327655986
307.686386534,220.397687185,17.5480263204,11.2319510731
307.877760791,219.88443909,17.5343449991,11.2335985623
307.78506271,219.39504295,17.5276185823,11.2339397106
307.669778303,219.083527527,17.5235285279,11.2340679834
307.379888111,218.683231729,17.521226462,11.2340015318
307.163397858,218.222226544,17.5188662652,11.2341017957
306.923267118,217.821032292,17.516129672,11.2341478241
306.700721798,217.413439569,17.5109501078,11.2344661918
306.351408184,216.994508247,17.5062989126,11.2350339597
306.047019152,216.443277768,17.5050740411,11.2353013225
305.785536783,215.77620784,17.5028090275,11.2357688935
305.712365718,215.137214644,17.5001349718,11.2363819728
305.397044754,214.534470335,17.4987711486,11.2368222676
305.214776144,214.343400691,17.4987303001,11.2359587978
304.796418345,213.768370899,17.4980442089,11.236084447
304.27821123,213.396534296,17.4976904796,11.2352273929
303.904958754,213.182408153,17.4964216658,11.2354133349
303.665496357,212.905609434,17.4962879558,11.2349394671
303.571853911,212.815123283,17.4948177374,11.2351816632
303.435053935,212.658204313,17.4935681563,11.2353674159
303.37364181,212.202112716,17.4931495198,11.2354514284
303.333214007,211.737092802,17.492830648,11.2355128854
303.322635665,211.161543002,17.492382262,11.2355792022
303.35677593,210.731124856,17.4913022653,11.2357524986
303.382714941,210.13037841,17.4907784659,11.2358163806
303.420032465,209.501566205,17.4903021233,11.2358752914
303.482413707,208.831893078,17.489684454,11.2359618021
303.275022243,208.108732341,17.4894980271,11.2360048236
303.14423012,207.652313787,17.4886292833,11.2362296716
303.070184519,207.122432644,17.486223511,11.2367178806
302.718550345,206.864114732,17.4789261137,11.239117911
302.499089871,206.830708014,17.4760996637,11.2401502677
302.198746179,206.671090637,17.472079986,11.2417000135
302.121065689,206.050401222,17.469748817,11.2423154165
302.026431059,205.469398301,17.4685814453,11.2426293541
302.172334397,204.665757343,17.4661470052,11.2432838076
302.377061654,203.79111785,17.4636732151,11.2438471543
303.066585748,203.481300528,17.4464816053,11.2531543161
303.104622445,202.469045372,17.4347249241,11.256659951
312.911488633,197.921882867,16.6806517431,12.3450769486
315.073409735,194.437147229,16.818733616,12.4195620713
315.594605061,200.790701376,17.071466182,12.4610900229
316.79316883,196.523823039,17.0188601669,12.5880597776
316.883619514,192.916555049,17.2280227107,12.5748268608
317.68568349,193.087560705,17.2657268714,12.7278276829
318.530387534,193.414048314,17.3734306526,12.5910121781
319.287602247,193.078035575,17.2345402916,12.6645061723
320.48525605,192.450476166,17.0834507958,12.6323774508
321.079727889,192.903607434,16.9413871259,12.5507793894
320.866509686,193.9192274,17.0697966427,12.6876543581
320.63635893,193.615497455,17.0698665815,12.6874985371
320.176882248,193.398657061,17.0701222901,12.6870030004
319.496331942,193.037327395,17.0706946718,12.686381605
319.316551718,192.780198962,17.0708384567,12.6860987516
319.232418569,192.566755073,17.0708678584,12.6860296672
319.093914424,192.301776606,17.0709164609,12.6859602253
319.002428209,192.112153861,17.0709814421,12.6858719505
318.859444282,191.97502346,17.0710388402,12.6857935536
318.690518977,191.720047182,17.0711209841,12.6856556391
318.724718015,191.514772603,17.0712032652,12.6854736016
318.726784417,191.319754782,17.0713411265,12.6853193869
318.656719706,191.061177483,17.0714024963,12.6852143865
318.494614625,190.934469511,17.0714607244,12.6851227468
318.516277144,190.183026393,17.0714042027,12.6851247131
318.692670484,189.4208026,17.0713543527,12.6851306996
318.92912339,188.66307571,17.0712680495,12.6851454459
319.25906693,187.754519855,17.0711043689,12.6851511478
319.540461405,186.735454792,17.0707784641,12.6851278646
319.951867629,185.694141874,17.0703034655,12.6850353268
320.372685615,184.731959173,17.0695140312,12.6847634128
320.744614185,183.798420647,17.0679677143,12.6840495267
321.234601291,183.24178016,17.0685794351,12.67968321
321.56632395,182.673062873,17.0701120854,12.6729390358
321.562009783,182.457605166,17.0725543272,12.6661507813
321.069288022,182.310442734,17.0752100024,12.659078887
320.795390803,182.212256556,17.0763496794,12.656927946
320.945095738,181.921915783,17.0784311597,12.6519716241
320.696101176,181.835816252,17.0789766077,12.6506033327
320.683528287,181.830639201,17.0804414805,12.6471334795
320.654136416,181.528141904,17.0806066889,12.6467828854
320.794041748,181.222135735,17.0807729286,12.6464901782
320.913415604,180.98678673,17.0809304527,12.646228286
321.122227332,180.500902834,17.0806573179,12.6462333015
321.322249124,179.985996553,17.0802819222,12.6462407986
321.391745228,179.65503133,17.0800508923,12.6462213713
321.564267257,179.519133738,17.080282712,12.6458446425
321.508155011,179.592307747,17.0765190767,12.643709793
321.422728077,179.230084969,17.0663574226,12.6412368312
321.39298148,178.82898273,17.0593861998,12.6390160091
321.423063048,178.67474054,17.0462910298,12.6371220768
321.459573265,178.292767242,17.0378229924,12.6348125184
321.31115793,178.381759068,17.0336926166,12.6323333731
321.165990888,178.511311793,17.0275882138,12.6289659418
321.081035272,178.624092656,17.0117734738,12.6209059758
320.996141257,178.736790083,16.9959840368,12.6128389694
321.214038731,179.051298545,16.9707672815,12.6026289453
321.17308721,178.897477906,16.9429054936,12.5935840387
321.146507407,179.130483674,16.9132374054,12.5847890052
320.995532713,179.37875676,16.8749775774,12.570954387
321.074273867,179.414904917,16.8488730553,12.5600243296
321.064546874,179.504636181,16.8410773128,12.5560138098
321.081170786,179.590088055,16.8178455324,12.5426742693
321.481414123,181.691600638,16.8231487471,12.4911626793
321.298651228,181.746299265,16.8261273178,12.4832543373
321.115485357,181.936157007,16.827479524,12.4807055404
321.079122173,181.944649482,16.8292641616,12.4753095208
320.74114829,181.935340791,16.8298252601,12.4727999658
320.382560904,182.076231038,16.8309688388,12.4581208187
320.324611057,182.256107675,16.8314667271,12.4503197107
320.195352012,182.326331587,16.8320785586,12.4428135791
320.056572554,182.412537421,16.8326488196,12.4355153014
320.138596299,182.29474614,16.832902443,12.4337071809
320.305496746,182.146744681,16.8331595953,12.4288064517
320.47253246,181.99625422,16.8334185472,12.4241143403
320.629755561,181.845262219,16.8336521458,12.4192988702
320.630218943,181.6949068,16.834204197,12.4024255813
320.624766502,181.800195033,16.8341884146,12.3879533445
320.61933512,181.905414834,16.8341361654,12.3735165081
320.619863841,181.75525213,16.8345551472,12.3567715816
320.61463159,181.860802411,16.8344252658,12.3423885656
320.616435534,181.713468216,16.8347691456,12.3254794262
320.591111856,181.744788681,16.8353574697,12.3231478383
320.217279263,181.539505244,16.8354648973,12.3229123497
320.300573472,181.680701783,16.8377247704,12.2934794459
321.976686909,179.763741603,16.7336613584,12.2909733094
321.729660206,179.828254443,16.6798369764,12.2813614004
321.486391044,178.351135324,16.574005624,12.2655621783
321.658304217,178.502785033,16.4536285088,12.2477172419
321.76410249,178.580034526,16.3571255654,12.2230648144
321.983723118,178.441218121,16.2998105183,12.2159557147
322.198301062,178.374846644,16.1317284584,12.1787777036
322.348801189,178.395820573,16.052574293,12.1638868264
322.553191682,178.411016414,15.9008984498,12.1406110165
322.629491317,178.358777671,15.8201959936,12.1228803764
322.511572624,178.455473131,15.7432051955,12.106431776
322.70181893,178.224497811,15.7152462218,12.0983990757
322.505796485,180.094803988,15.6517026526,12.0772586544
322.674741685,180.308372751,15.6224489171,12.055983192
322.817955698,182.315123282,15.6332201698,11.9995505723
322.947444403,180.743706369,15.5748338039,11.970155347
322.826944438,180.803699358,15.4958225345,11.9369194593
322.786204239,181.037690874,15.3982042362,11.8784379505
322.74546102,181.27060218,15.3016070923,11.8197958551
322.617908459,181.38922693,15.2286597217,11.7793173223
322.324738538,181.639748947,15.2312460388,11.7494966131
322.181182152,181.740345624,15.2376030817,11.7099740184
322.047150778,181.868071255,15.238707921,11.6850626435
322.245698624,181.685594505,15.2217577191,11.6741082451
322.510006978,181.491055844,15.1985872061,11.6599703686
322.788712546,181.572286221,15.1546451696,11.634536803
323.021414594,181.476883935,15.1446866031,11.6289212263
323.315932638,181.41744467,15.1408433133,11.6271473872
323.610388865,181.358018326,15.1370018275,11.6253728282
323.721470768,181.308567258,15.1281116813,11.62168535
323.876032348,181.214939711,15.120764305,11.6186950544
323.943517245,181.117623203,15.1178593889,11.6174867431
324.095867689,181.332632564,15.118667443,11.6150927821
324.254157705,181.543492724,15.1194858092,11.6126601429
324.106181969,181.808896759,15.1201136113,11.6113488625
324.233384924,181.852639234,15.1205254554,11.6103602884
324.001516984,182.072828712,15.1212646153,11.580403062
324.234887817,182.138730983,15.1254611852,11.5696430585
324.389270854,182.422270178,15.1276427362,11.5638191099
324.136332365,182.68223041,15.1282769496,11.5482406061
323.810757812,182.790302928,15.117786425,11.5430952234
323.850902222,182.613838216,15.0988986788,11.5353891867
323.811624965,182.577197717,15.0820378094,11.5281643974
321.980492776,182.509936875,15.0822745894,11.4965689796
322.328182417,182.602610113,15.0720232803,11.4928687166
322.638200072,182.703419049,15.0679564371,11.4912553315
322.909472378,182.841731857,15.0636443301,11.489371068
322.977247908,182.823562094,15.0644733024,11.4847967248
323.077920267,180.924589738,15.0268414868,11.472967276
323.193537289,180.834463578,14.9812454246,11.4598178435
323.232116106,181.086996983,14.9527151636,11.4463264822
323.27060869,181.339159804,14.9242806635,11.4328008935
323.408668215,181.451241933,14.8946618677,11.4167385183
323.648498062,181.677350068,14.8903980031,11.4144038328
322.906338975,182.017327164,14.8916192191,11.4064778242
321.539012632,182.082659131,14.8049032106,11.3543939868
321.91621117,182.222642236,14.7460649818,11.3161580796
321.8582953,182.312762364,14.7468157905,11.2529698938
320.774945962,180.948200161,14.6068390327,11.1818242195
321.246553369,181.076110645,14.517316332,11.1247029056
321.593258769,181.191851068,14.3439297133,11.0126867533
322.044979035,181.518104957,14.1777703845,10.9104656263
322.381496808,181.640923324,14.0843221786,10.848325234
