245 250 36 27
253 249 35 27
258 249 34 26
261 249 34 26
265 249 35 27
269 249 34 25
273 249 32 25
280 250 34 26
283 250 33 26
286 249 35 26
291 248 34 25
296 250 34 26
301 251 33 26
306 250 32 25
311 250 33 27
315 250 34 26
321 248 33 25
324 248 33 24
330 248 33 25
334 248 33 25
338 248 33 25
327 248 35 26
291 248 38 27
255 248 37 27
228 248 35 25
226 247 33 23
235 249 32 23
239 248 32 23
242 247 33 25
246 247 33 24
250 247 33 25
255 247 33 24
259 246 33 24
262 247 33 24
266 247 33 25
270 246 33 25
276 246 34 24
280 246 33 24
284 246 33 24
287 246 33 24
293 247 33 24
296 246 33 25
300 246 34 23
305 244 33 24
309 245 32 24
313 245 31 24
318 244 32 24
323 244 32 24
311 244 35 26
274 243 37 28
242 244 38 27
232 243 33 23
239 243 34 24
245 242 34 24
247 242 33 24
251 242 34 26
255 242 34 26
260 242 36 26
264 241 36 26
269 241 33 24
273 242 32 23
275 242 33 25
280 241 33 24
284 241 36 26
287 241 39 26
292 239 37 27
297 242 34 24
301 242 33 24
304 242 32 24
309 241 31 23
312 239 33 25
317 239 34 26
319 239 35 27
319 239 35 27
290 239 34 26
253 239 36 27
244 239 33 24
252 239 34 26
257 239 34 25
260 239 33 25
263 238 34 25
268 238 34 25
271 238 34 25
274 238 35 25
280 237 33 25
283 237 34 26
288 236 34 27
292 237 34 26
296 236 32 27
300 236 33 27
303 236 33 26
307 236 33 26
311 236 33 27
315 236 32 25
319 237 32 24
323 236 34 26
328 235 34 27
332 235 34 26
320 236 36 28
283 236 39 32
248 234 40 29
217 236 38 27
208 235 34 25
214 236 35 25
219 234 37 26
223 235 34 24
227 235 33 25
231 235 33 24
234 234 34 26
238 235 35 25
242 234 34 25
246 234 34 25
250 234 34 26
254 234 35 26
258 234 35 26
261 234 34 25
265 234 34 25
268 234 35 25
273 234 34 25
276 233 34 26
280 234 35 26
284 233 34 26
288 232 35 27
291 232 34 28
295 233 34 27
282 233 37 29
247 234 41 28
212 234 40 27
192 233 35 27
195 233 34 27
202 234 33 26
204 233 34 26
206 233 34 27
211 233 34 28
214 233 36 28
220 233 35 27
223 234 34 26
225 234 35 27
230 232 38 28
235 233 34 26
239 234 34 27
243 233 36 27
246 233 33 26
250 235 32 24
252 234 33 25
256 234 35 24
260 233 35 25
266 234 33 24
270 234 31 23
273 233 33 24
276 233 34 23
279 233 35 25
267 233 38 25
228 233 43 26
194 232 40 26
162 231 41 27
130 231 40 27
108 231 37 27
111 231 36 27
117 231 36 27
119 231 37 26
123 231 37 27
126 230 37 27
130 231 37 26
133 231 37 26
137 230 37 26
141 230 36 26
145 230 36 26
148 231 36 26
152 230 37 26
155 231 37 26
159 230 36 26
163 230 35 26
166 230 36 26
170 231 37 25
174 230 36 25
177 231 36 26
181 231 36 26
184 231 36 25
188 230 36 26
191 231 36 26
195 230 36 26
199 230 35 25
202 231 36 26
206 231 36 26
209 231 36 25
213 230 36 26
217 231 35 25
220 230 36 26
223 231 36 25
226 231 36 25
230 230 35 26
234 230 35 25
238 230 35 26
241 231 35 25
245 230 35 26
248 230 35 26
252 230 35 25
255 229 35 26
258 229 36 26
262 229 35 25
265 229 35 26
269 228 35 26
247 229 39 26
209 228 41 27
188 228 35 26
193 228 35 27
199 227 35 27
201 227 35 27
203 227 35 27
207 227 35 26
210 227 36 26
213 227 35 25
216 226 35 26
219 227 35 26
223 227 36 26
226 226 35 26
229 226 36 26
233 226 35 26
236 226 36 26
240 225 37 27
243 226 35 27
247 226 36 26
250 226 35 27
254 226 36 27
257 226 34 26
260 226 35 27
264 225 34 27
267 225 35 26
271 225 34 26
274 225 35 26
277 225 35 26
281 225 35 27
285 225 35 26
278 225 37 27
244 225 41 27
214 224 37 27
215 224 36 27
223 224 35 27
226 225 36 26
228 225 36 26
231 224 35 26
234 224 35 27
238 225 35 26
242 224 35 27
245 224 35 27
249 225 35 26
253 225 35 26
256 225 35 26
259 225 36 27
262 225 36 27
266 225 36 27
270 226 35 26
274 225 35 27
278 225 35 26
282 226 35 26
285 226 34 26
289 226 34 27
292 225 35 27
296 225 35 27
299 225 35 27
302 226 36 26
305 226 35 26
309 225 35 26
313 226 35 25
317 226 35 26
320 227 35 26
300 226 39 26
263 226 41 26
233 226 37 28
229 226 35 27
237 226 35 26
241 226 35 26
243 227 35 25
246 227 34 26
250 227 34 25
253 227 36 25
257 227 35 25
260 227 35 26
263 227 35 26
268 227 34 26
272 227 35 27
275 226 35 27
278 226 34 27
282 226 35 27
285 226 36 27
289 226 35 27
293 226 35 27
296 226 35 27
301 226 35 27
305 227 35 27
308 227 35 27
311 227 35 27
315 226 35 28
318 226 35 27
321 226 35 27
294 226 40 27
257 226 42 27
231 226 36 27
232 227 35 27
240 228 35 25
243 228 34 25
246 227 35 26
250 227 35 26
252 227 36 26
256 227 35 26
260 227 35 27
263 227 35 26
267 228 34 25
271 227 35 27
274 226 35 28
279 227 34 27
282 227 34 26
286 226 34 26
291 226 34 26
295 226 33 25
301 227 34 25
304 227 34 25
305 227 35 27
308 228 36 27
313 228 36 25
316 227 36 26
321 227 35 26
326 227 35 26
330 227 35 26
318 227 38 26
280 227 42 26
247 226 40 27
216 225 39 28
207 225 34 27
215 225 35 27
220 226 34 26
223 225 34 27
226 226 35 26
230 226 34 26
235 226 34 26
239 226 34 26
243 226 34 26
247 225 34 27
251 226 35 26
255 226 35 27
259 225 35 26
263 225 35 27
267 226 35 26
271 225 34 26
275 226 34 26
279 225 34 27
285 225 34 28
289 225 34 27
293 225 34 27
297 225 35 27
301 225 35 28
290 224 39 28
255 225 41 28
225 224 38 30
221 224 36 29
230 226 36 27
235 225 36 28
237 225 36 27
241 226 35 26
245 225 36 25
250 225 35 27
254 226 34 26
259 227 32 24
264 227 31 24
266 226 34 26
273 226 35 27
275 226 36 29
279 227 36 27
285 228 35 26
288 227 36 27
294 228 34 26
298 228 34 26
302 227 35 26
307 227 34 26
307 227 34 26
278 227 40 27
242 227 40 27
210 227 40 27
181 227 38 28
177 227 36 27
185 227 36 27
189 227 36 27
193 227 35 26
198 228 37 26
202 228 36 26
206 228 36 26
210 229 35 26
215 229 36 26
220 229 35 27
223 229 36 26
228 228 36 27
233 228 36 27
237 229 36 26
241 229 36 27
244 229 36 25
250 230 35 25
254 229 36 26
259 230 36 26
263 230 36 25
267 230 35 26
272 231 35 26
276 231 35 26
281 230 35 27
285 230 35 26
290 230 36 27
293 230 36 26
266 231 41 25
230 231 42 26
201 231 39 26
198 230 38 27
207 230 37 26
212 231 36 25
216 231 36 25
219 231 37 25
224 231 36 25
228 232 36 25
233 232 37 25
236 232 38 25
241 232 37 25
245 231 36 25
249 231 37 27
253 232 37 26
257 231 36 26
262 232 35 26
266 231 36 26
271 231 35 25
274 232 36 26
279 232 36 26
283 232 36 26
287 233 36 26
292 233 36 25
296 232 36 25
300 232 36 26
305 232 36 27
309 232 35 26
312 232 36 26
316 232 37 26
315 232 37 27
285 232 42 26
250 231 42 27
218 231 41 28
207 232 36 26
214 232 37 26
219 232 36 26
222 232 35 26
226 232 35 25
230 232 36 26
234 232 35 25
238 232 35 25
242 231 35 26
247 231 34 26
251 232 35 26
255 232 34 25
260 231 34 26
264 232 34 26
268 232 34 25
271 232 35 24
275 232 35 25
279 232 35 25
283 231 34 25
288 232 34 25
292 232 34 25
297 232 34 26
299 232 35 26
303 231 34 25
306 231 35 26
312 231 34 25
316 231 34 26
319 231 35 26
323 231 35 26
328 231 35 26
331 232 37 28
336 231 36 26
331 234 36 26
297 233 40 27
261 232 39 29
229 232 39 27
220 232 35 24
228 232 35 24
232 232 35 24
237 232 33 24
241 232 34 25
244 232 33 25
248 231 34 25
252 231 35 25
256 231 34 24
260 232 34 25
264 231 34 25
268 231 34 25
272 230 34 25
276 230 34 25
280 230 33 25
283 230 35 26
287 230 34 25
292 230 34 26
295 229 34 25
299 229 35 26
303 229 35 26
307 229 35 25
311 229 34 25
315 228 34 25
319 227 35 27
323 227 35 27
327 227 35 27
330 227 35 27
314 228 37 27
276 227 39 28
254 227 35 27
259 226 33 28
266 226 34 27
268 226 33 27
271 226 33 27
275 226 34 28
278 226 35 28
282 226 35 28
287 226 34 27
291 226 33 26
294 226 34 27
298 226 34 27
303 227 33 26
306 227 35 27
310 227 32 26
313 226 35 27
318 227 32 25
323 226 32 25
326 226 33 27
330 225 34 28
334 226 34 27
338 226 32 26
340 225 36 30
336 225 36 30
315 227 31 29
340 227 36 30
340 227 36 30
253 227 31 24
247 227 33 24
251 226 34 25
255 227 32 24
258 226 33 23
261 226 33 23
265 226 34 25
269 225 34 25
274 226 33 24
278 227 33 24
282 226 33 23
286 227 33 23
289 226 32 23
294 226 32 23
296 227 30 23
300 226 30 24
300 227 32 26
274 227 33 29
236 228 33 27
214 226 34 26
225 226 37 29
232 228 33 26
236 229 32 26
238 227 32 26
242 226 34 26
249 226 29 23
251 226 31 24
257 226 35 26
256 226 33 25
261 225 33 24
265 224 33 25
268 225 33 26
273 226 33 25
277 226 34 25
287 224 33 25
286 223 36 28
289 222 37 25
293 223 36 26
296 223 35 25
299 222 37 26
303 223 37 25
307 222 36 26
311 222 37 25
314 221 36 25
313 221 38 24
281 221 44 25
246 222 43 24
214 221 41 23
193 221 38 25
197 221 37 24
203 221 38 25
206 221 37 24
210 221 36 25
214 220 36 25
217 220 36 25
221 219 36 26
226 220 35 25
230 220 35 24
233 219 35 24
237 220 36 24
241 219 36 24
244 218 36 25
248 218 36 25
252 217 36 25
256 217 36 27
261 217 35 26
264 217 35 26
268 217 36 26
272 218 36 26
276 217 36 26
279 217 36 27
284 217 35 26
289 216 35 28
282 216 38 29
248 217 40 29
213 217 39 28
183 216 36 29
179 217 36 28
188 217 35 27
191 218 35 27
194 217 36 28
199 217 35 26
202 216 35 27
206 217 36 28
209 217 36 27
214 217 35 24
218 216 34 26
221 218 33 25
225 217 34 25
228 227 35 28
232 245 36 28
237 262 33 25
241 263 35 24
244 262 34 24
248 261 34 24
252 261 37 25
256 261 37 25
260 262 34 25
246 261 38 27
209 261 42 28
173 261 43 27
147 261 40 26
150 261 36 25
158 260 35 27
161 261 36 26
165 261 35 25
169 261 35 25
172 261 36 25
176 260 35 25
179 260 35 24
183 260 35 25
187 261 34 25
190 261 36 25
194 261 35 25
197 261 36 25
201 261 35 24
204 260 36 24
208 260 35 25
212 261 35 24
215 260 35 25
219 260 35 25
223 260 34 26
226 260 35 25
230 259 35 25
233 259 35 25
237 260 34 24
241 259 34 25
245 259 35 25
248 259 36 25
251 258 35 26
255 259 35 26
259 259 33 25
261 258 35 27
264 259 37 28
270 259 37 27
274 258 36 28
277 258 35 28
280 258 35 26
284 258 34 26
287 259 33 25
291 259 34 25
296 259 35 25
300 259 34 23
292 258 39 26
254 258 41 29
221 256 43 29
214 257 35 26
222 258 34 26
226 258 35 26
229 258 34 26
231 259 35 24
235 258 36 24
239 258 34 24
241 257 36 27
247 257 33 25
250 257 34 25
252 257 35 26
257 257 34 25
260 256 36 25
264 257 34 24
268 256 34 25
273 257 33 24
275 255 34 25
279 256 33 24
282 256 35 25
286 256 35 25
291 257 35 23
293 256 33 24
297 256 31 23
299 256 34 24
304 257 32 24
308 257 32 24
312 256 34 25
317 256 33 25
321 256 32 25
327 253 34 26
329 256 29 22
335 257 32 23
337 256 33 23
339 255 35 25
325 257 34 23
295 258 29 21
254 256 35 23
217 256 36 26
217 254 35 24
226 254 34 24
230 254 34 25
232 255 33 23
235 254 33 24
238 254 36 25
241 254 36 25
246 254 34 25
250 255 35 24
254 255 34 24
258 254 35 23
262 254 33 23
265 254 34 23
269 254 34 24
273 254 35 24
278 254 33 24
281 255 33 24
285 255 34 25
287 255 36 24
291 254 36 24
294 254 35 25
298 254 35 24
301 254 35 25
305 254 34 24
310 254 34 24
313 255 34 24
317 255 35 24
321 255 34 24
324 255 33 24
328 255 33 23
332 256 33 23
335 256 33 23
339 255 34 24
344 256 32 24
347 255 33 24
344 256 32 24
308 257 34 23
277 257 33 23
247 255 36 25
253 255 35 24
261 255 32 22
263 255 32 23
267 255 32 22
269 255 33 22
273 255 32 22
277 255 34 23
280 255 33 23
283 254 35 23
287 255 35 23
288 253 36 26
292 255 36 24
296 254 35 24
298 255 36 24
301 255 37 24
306 254 35 24
310 254 34 25
313 254 36 25
316 253 36 25
320 254 36 25
323 254 36 25
326 254 35 25
329 254 36 25
333 253 36 26
336 253 36 25
339 254 36 25
343 253 35 25
346 253 36 25
349 254 36 25
353 253 36 25
356 253 36 26
359 253 36 25
361 252 36 25
334 252 41 26
297 252 42 25
263 252 42 26
243 253 36 25
247 253 37 25
253 253 37 26
255 253 37 26
258 253 37 25
261 252 37 25
264 252 37 25
268 252 37 26
271 252 36 26
275 252 35 25
278 252 37 25
282 251 36 25
285 251 37 26
288 251 37 26
291 251 37 26
295 251 37 27
298 250 37 26
301 251 37 25
305 250 36 26
309 250 37 26
312 250 37 25
315 249 38 26
318 249 37 26
322 249 36 26
326 249 36 26
329 249 36 25
333 248 36 26
336 249 36 25
340 249 36 25
343 248 37 26
346 248 37 26
349 248 37 26
353 248 38 25
356 248 38 25
360 248 37 25
363 248 37 25
366 248 37 26
370 247 37 26
374 248 36 25
377 248 37 25
374 248 38 26
343 248 44 25
307 247 42 26
274 247 42 26
241 247 43 26
229 247 37 25
236 248 38 25
240 248 37 25
242 248 38 25
245 248 37 25
248 247 37 24
252 247 36 24
255 247 37 25
258 246 37 25
261 247 37 25
264 246 36 25
268 246 36 25
271 246 36 25
273 246 37 26
277 246 36 25
280 246 36 25
284 246 37 25
287 246 37 25
290 246 36 25
293 245 36 25
296 245 36 25
299 245 36 25
291 245 39 26
256 245 43 25
220 245 43 26
191 244 40 26
186 245 38 25
194 244 38 25
197 244 37 25
199 244 38 25
202 244 39 25
205 244 38 25
208 244 39 25
211 244 39 25
215 244 38 25
218 244 38 25
221 244 38 26
224 244 38 25
227 244 38 25
230 244 38 25
234 244 38 25
237 243 38 25
240 244 38 25
243 243 38 26
247 243 38 26
250 243 38 25
253 243 38 25
257 243 37 25
260 243 37 25
263 242 37 26
266 242 37 26
269 243 37 25
273 243 37 26
276 243 37 25
279 242 38 26
282 243 38 26
285 243 37 26
288 242 36 26
292 242 33 27
294 241 36 27
300 243 37 26
303 242 35 27
306 243 35 25
305 243 40 28
282 245 36 26
247 245 33 27
222 246 33 27
207 243 38 29
215 243 37 27
221 243 36 25
222 244 35 25
225 243 36 26
230 243 35 23
232 242 35 24
236 241 34 25
238 241 36 24
241 242 36 23
246 241 35 24
249 240 35 23
252 241 35 24
254 240 35 23
260 240 34 23
263 239 34 23
266 239 34 22
270 239 33 22
272 239 34 23
276 239 35 23
278 239 35 23
282 239 36 24
286 239 36 23
289 238 36 24
293 238 35 23
296 238 36 24
300 238 36 24
303 237 35 24
307 238 36 24
310 238 34 23
313 238 35 24
317 237 34 23
321 238 36 24
325 238 36 24
329 237 35 24
332 237 34 25
335 236 36 26
339 237 35 24
342 237 34 25
347 237 31 23
351 237 34 23
353 237 34 24
358 236 33 23
361 237 35 25
364 236 35 27
369 237 33 25
372 236 34 26
368 235 36 28
333 236 34 26
306 236 35 28
267 235 38 29
249 236 34 26
254 235 35 27
260 235 34 27
262 234 37 29
266 234 34 27
270 233 35 27
274 234 34 27
277 232 34 27
280 233 36 27
283 233 37 27
288 233 37 26
292 232 36 27
296 231 36 26
300 231 36 27
303 231 38 28
307 231 37 26
311 231 38 26
315 231 37 25
319 230 38 27
323 230 37 26
327 230 38 26
331 230 38 26
335 229 37 26
340 229 37 25
343 229 36 26
348 229 37 26
347 229 37 26
316 229 43 26
280 228 43 27
254 228 37 26
255 228 38 27
264 228 37 27
266 228 37 26
270 228 37 26
275 227 37 26
278 227 38 26
283 227 37 27
287 228 37 26
292 227 37 26
295 227 37 26
300 227 37 26
304 227 37 26
309 227 37 25
