334 287 57 33
332 293 63 23
333 294 62 22
333 294 63 22
333 293 62 22
333 293 63 22
334 293 63 22
334 292 63 21
333 292 64 21
335 291 63 22
334 291 64 22
336 291 63 22
335 290 64 22
335 289 63 22
336 289 64 22
337 288 63 22
337 287 63 23
338 287 63 23
337 286 63 23
337 285 64 23
338 285 63 22
340 285 62 23
340 284 62 23
339 284 63 22
340 283 63 23
341 283 62 23
340 283 63 23
340 282 64 22
342 282 62 22
341 281 64 23
342 280 63 23
343 279 63 24
343 279 63 24
342 278 63 23
343 277 63 23
343 277 63 22
343 276 64 22
343 275 63 22
343 274 65 23
344 273 64 23
345 272 63 23
346 270 62 23
346 269 63 23
346 267 63 23
346 267 64 22
346 265 63 24
347 263 63 24
348 262 62 24
347 260 64 24
348 259 63 24
349 258 62 23
349 256 63 23
350 255 62 23
350 254 62 22
349 252 64 23
351 250 61 24
350 249 64 23
352 248 63 24
352 246 62 24
351 245 63 23
351 243 64 23
351 242 64 22
352 241 64 23
353 240 63 23
353 238 63 24
353 237 63 23
354 236 63 24
354 235 62 23
354 234 63 23
356 233 62 23
355 232 62 22
356 231 62 23
355 230 63 23
356 229 63 23
356 229 63 23
357 228 63 24
357 227 63 23
358 227 63 21
358 226 62 22
358 225 63 23
358 225 63 22
358 229 63 22
360 234 62 22
360 238 62 22
361 242 62 22
360 241 63 22
361 240 63 23
362 238 62 23
362 238 63 21
361 237 63 22
361 236 64 23
362 237 64 22
362 243 64 21
363 247 63 22
364 251 62 22
364 255 62 22
366 260 61 22
364 262 64 22
365 261 63 23
366 260 63 22
365 259 64 22
366 257 64 23
366 256 64 23
366 255 63 22
367 254 64 23
367 253 64 22
367 252 64 23
367 251 64 22
369 250 64 23
369 248 64 24
368 246 64 24
369 248 63 23
369 252 63 23
370 256 64 22
370 259 63 23
370 264 63 22
370 263 63 23
370 262 65 22
371 260 64 22
371 259 64 23
371 258 64 23
371 257 64 23
371 257 65 22
371 257 65 23
372 256 65 23
373 256 65 23
374 255 63 23
374 256 65 22
373 255 65 23
374 261 64 22
374 266 64 22
374 271 63 21
375 276 64 23
376 282 63 22
374 287 64 22
375 287 65 23
375 286 64 22
376 286 65 22
375 287 65 22
377 287 65 23
377 288 64 22
377 288 65 23
377 289 65 23
378 289 64 22
378 290 64 23
379 291 64 22
378 292 65 21
379 292 65 22
380 292 65 22
379 293 65 22
379 293 66 21
379 294 66 22
381 298 66 22
382 299 65 21
382 299 65 22
382 300 65 22
382 301 65 22
383 301 66 22
382 302 66 22
383 303 66 23
384 304 67 22
383 304 66 24
385 306 65 23
384 307 66 21
384 308 66 22
384 309 67 21
384 310 66 23
385 311 66 22
385 312 66 24
386 313 66 23
386 314 66 23
385 315 66 23
386 317 65 22
380 318 67 22
370 320 68 20
360 320 67 23
353 322 66 21
352 323 67 22
355 324 66 22
357 325 66 23
359 327 65 22
359 328 66 24
360 329 65 23
360 331 66 23
360 332 65 22
361 333 66 22
360 334 66 23
361 335 67 24
360 336 66 24
360 337 67 23
360 339 67 23
360 341 67 22
360 342 67 22
353 343 68 22
346 344 67 23
334 346 66 22
325 347 67 22
318 348 66 22
320 349 67 22
323 349 68 21
323 345 66 23
323 340 65 23
323 337 67 23
323 332 66 22
323 328 66 24
322 324 67 22
322 320 67 23
323 315 66 22
323 312 66 24
323 313 66 22
323 314 66 23
322 315 66 22
324 316 65 22
323 316 66 23
323 318 66 22
323 318 65 23
324 319 66 22
324 319 66 21
324 320 66 24
324 321 65 22
324 321 66 22
325 321 66 23
325 322 66 23
324 322 66 22
325 323 67 21
324 322 66 22
324 323 67 22
324 323 68 22
323 323 68 22
324 323 67 22
323 323 68 21
324 323 66 21
324 323 67 21
325 322 66 23
324 322 67 22
325 322 67 23
326 322 66 21
325 322 67 20
325 322 67 20
325 321 67 21
325 321 67 22
326 320 67 23
325 320 67 23
327 319 65 23
326 318 68 23
326 317 67 22
326 317 67 23
325 317 67 22
327 316 66 22
326 315 67 22
326 315 67 21
327 314 66 22
326 313 68 22
328 312 66 23
327 311 66 23
327 310 66 23
328 308 66 23
328 308 66 22
328 306 66 23
327 304 67 23
328 303 67 23
327 301 65 24
328 300 66 23
328 299 66 24
328 297 66 23
329 296 67 23
329 295 65 24
330 293 65 24
329 292 66 24
330 291 66 23
328 290 66 23
331 288 65 24
330 287 66 24
331 286 65 23
331 287 65 24
330 291 65 24
330 295 66 23
330 299 66 23
330 303 65 24
331 308 65 23
332 309 65 22
331 308 65 22
331 307 66 23
331 306 66 23
331 305 67 23
332 305 65 23
332 303 66 25
332 303 66 23
331 303 67 23
331 302 67 22
333 301 65 24
332 302 66 22
332 301 66 22
332 301 67 22
332 301 67 22
333 301 66 22
334 300 66 21
333 300 67 21
334 300 66 22
334 300 67 22
334 301 67 23
334 306 66 22
335 311 65 23
335 314 65 24
335 313 66 23
335 313 67 22
336 312 67 22
335 311 66 23
334 312 68 22
335 312 67 21
336 312 67 22
336 312 66 23
336 312 68 22
337 311 67 23
337 312 67 22
337 312 67 23
337 312 68 23
338 312 66 22
338 312 67 23
338 312 68 22
338 313 67 22
339 312 67 23
339 313 67 22
340 313 67 23
339 313 67 21
340 313 67 23
340 313 68 22
340 314 67 22
340 314 67 20
341 313 67 22
341 313 67 22
341 314 67 21
341 314 68 22
341 314 69 21
341 314 68 21
342 315 67 22
342 314 68 22
344 315 66 21
344 315 66 20
343 315 67 21
344 315 67 21
343 315 68 22
344 316 68 21
345 316 67 21
344 316 68 21
345 316 68 22
345 317 67 21
345 317 67 23
347 317 67 21
346 317 67 22
346 318 68 20
347 318 67 21
347 318 67 21
347 318 68 21
347 318 67 21
348 318 67 24
348 319 68 22
348 319 66 20
348 319 67 21
349 319 68 22
349 320 67 22
349 320 68 20
349 320 67 21
351 320 67 21
350 320 67 22
350 320 68 22
350 321 68 21
351 321 67 22
351 321 67 22
350 321 67 21
351 322 68 22
351 322 68 20
351 322 68 23
351 323 68 23
352 324 67 21
353 324 67 24
353 325 67 22
353 326 68 21
354 327 67 22
353 327 68 24
354 328 68 23
353 329 68 24
354 330 67 24
353 332 69 20
355 333 67 23
354 334 68 22
354 335 67 24
354 336 67 23
354 337 67 22
355 338 67 23
355 339 66 24
355 340 67 22
355 336 68 24
355 332 67 22
356 328 67 24
356 325 67 24
356 320 68 23
356 317 68 23
356 314 69 24
356 316 68 20
355 317 68 23
357 318 68 21
357 319 67 24
356 320 68 23
357 321 66 24
356 322 67 21
356 323 68 23
356 324 68 21
357 320 68 24
356 316 68 22
357 312 68 24
357 309 68 21
357 310 67 22
357 311 68 22
358 312 68 24
358 313 67 22
358 313 67 23
358 314 67 21
357 314 68 23
359 315 66 21
358 316 67 23
358 316 66 22
359 317 67 21
359 317 66 22
359 317 66 22
359 318 67 23
359 319 67 22
359 318 66 23
359 320 67 22
359 320 66 22
360 321 67 22
359 321 67 22
359 321 68 23
359 321 66 23
359 317 68 22
360 312 68 23
359 307 68 23
360 303 67 24
360 299 67 22
360 299 67 23
360 300 68 22
359 301 68 22
360 301 68 22
360 301 67 22
360 302 67 21
359 302 67 22
359 302 68 21
359 302 67 22
359 302 68 21
360 302 68 22
360 301 67 22
360 301 68 22
361 301 67 22
361 297 67 23
362 292 66 23
360 288 67 25
360 289 67 23
361 289 67 23
361 289 67 24
361 288 67 24
361 289 66 23
362 288 66 23
361 288 66 23
352 288 68 23
342 287 67 23
332 286 68 23
321 286 68 22
312 286 66 22
308 285 66 23
311 285 66 23
311 285 67 22
314 284 66 23
314 283 66 23
315 283 66 23
316 282 66 23
316 282 65 25
317 280 65 24
317 275 65 25
317 270 65 24
316 265 66 24
316 265 66 23
317 265 65 23
317 264 65 24
317 264 65 25
316 263 66 24
316 263 67 23
316 261 66 25
317 261 65 24
316 260 66 24
317 260 65 24
316 259 67 23
317 258 66 24
317 257 66 24
318 256 66 24
318 255 66 26
319 248 65 24
318 247 65 24
319 245 65 25
318 243 64 25
319 243 65 23
319 241 66 23
319 239 65 24
319 237 65 24
320 235 66 24
319 234 65 24
320 232 65 24
321 230 64 24
322 229 64 24
321 227 65 24
320 225 66 24
322 224 66 25
322 222 65 25
321 221 65 24
322 220 66 24
322 218 65 25
321 218 66 24
322 216 66 24
324 215 65 24
323 213 65 25
323 216 66 25
325 220 64 25
323 224 65 24
323 228 65 25
323 233 66 24
323 236 66 24
323 240 66 23
323 244 66 23
325 249 65 22
324 253 66 22
324 257 66 23
324 261 65 23
324 262 67 25
325 261 65 25
324 259 66 24
324 259 66 23
325 258 67 23
324 256 67 24
324 256 67 23
325 256 66 24
325 259 66 24
325 264 67 23
326 268 66 23
327 272 65 24
327 276 65 23
327 274 66 23
326 273 67 23
328 271 65 25
328 270 65 24
327 269 65 25
329 269 64 24
328 273 66 24
328 277 66 24
329 282 65 23
328 285 67 24
328 290 65 23
329 295 65 23
328 297 67 24
329 296 66 24
327 295 68 23
329 295 68 23
330 294 67 23
330 293 67 23
330 293 67 23
330 292 65 23
330 292 68 23
331 291 67 23
331 291 66 23
331 291 66 22
331 290 67 22
331 290 67 22
331 290 68 22
332 289 67 22
325 289 68 22
314 289 69 22
304 288 68 22
299 287 67 23
300 287 68 23
304 286 66 24
305 286 67 23
305 285 67 23
306 285 68 22
307 284 67 22
307 283 67 23
308 282 67 25
309 281 67 26
308 280 66 26
309 279 65 27
309 278 64 27
310 277 65 27
309 276 65 27
309 276 65 27
309 275 65 26
309 274 65 26
309 273 65 25
308 272 67 26
309 272 65 26
308 270 66 26
308 270 67 26
306 269 68 25
308 268 66 25
307 267 67 25
306 267 67 25
306 267 67 24
306 266 66 24
307 267 66 23
305 266 67 23
306 265 67 24
305 264 67 25
306 264 67 24
305 263 67 24
306 263 66 24
305 263 66 25
305 263 65 24
305 262 66 26
305 262 66 26
304 261 67 25
304 261 67 24
305 261 65 25
305 261 66 24
305 261 66 24
304 261 67 25
304 261 67 25
304 261 67 25
304 262 67 25
304 262 66 25
304 264 67 24
303 266 67 23
303 268 67 23
303 270 67 24
303 272 67 24
304 273 66 24
304 276 66 24
304 278 66 23
303 280 67 23
304 282 66 23
304 284 67 22
303 285 67 24
303 287 67 24
304 290 68 24
304 292 68 23
304 291 68 23
304 288 69 24
304 285 69 25
303 283 70 24
304 279 69 25
305 276 67 24
306 272 66 25
307 269 67 25
306 266 66 25
307 262 66 25
307 259 66 25
308 256 65 25
307 252 67 25
307 249 66 26
309 246 65 26
308 245 65 25
308 247 66 25
308 249 66 24
307 251 66 24
308 253 66 23
308 255 67 25
308 257 67 25
308 259 67 24
309 261 66 23
309 263 66 24
309 266 66 24
310 268 66 24
309 270 66 24
310 272 67 25
310 271 65 23
310 268 66 24
311 265 65 25
310 263 66 26
311 260 66 26
311 262 65 25
311 266 66 24
310 269 66 25
310 271 66 25
310 274 66 25
312 277 65 24
311 279 66 24
311 282 66 24
313 283 66 24
312 285 66 23
313 282 66 24
313 278 65 25
312 274 66 24
312 271 67 25
312 268 66 24
313 264 67 26
313 260 66 24
313 257 66 25
313 252 67 25
313 248 67 25
314 243 66 24
313 239 67 26
313 237 66 26
314 239 65 24
313 239 67 25
314 241 65 23
315 243 65 23
314 244 65 24
314 245 66 23
314 246 67 23
314 247 66 23
314 248 65 23
315 249 65 24
314 250 66 23
314 251 66 24
314 252 65 24
314 253 65 24
313 255 66 24
314 255 66 24
314 251 66 24
314 247 67 25
314 243 68 24
313 243 67 23
313 244 67 23
314 245 66 23
314 246 66 24
314 248 67 23
314 248 65 23
314 250 66 23
314 250 66 24
315 251 65 23
314 251 66 23
315 252 65 23
314 253 65 24
315 253 66 22
315 253 65 24
316 254 64 25
316 254 64 25
315 254 65 25
315 254 67 23
315 254 67 25
316 250 65 25
316 245 66 24
315 241 66 23
315 235 67 23
315 230 67 22
316 230 67 22
316 231 66 23
316 231 65 23
315 231 65 24
316 231 67 23
316 231 66 24
316 231 65 24
316 230 66 24
315 230 67 23
315 229 67 23
315 226 66 24
316 221 67 22
315 215 66 23
316 210 66 23
316 205 66 24
316 201 65 24
316 200 66 25
316 202 66 25
316 204 66 25
316 205 66 24
316 206 66 26
316 208 66 23
315 209 66 23
315 210 66 24
316 211 65 23
315 211 65 24
316 212 65 23
315 213 66 23
315 214 66 22
316 214 66 24
315 215 66 22
315 215 66 23
315 216 66 23
315 216 66 23
316 217 65 22
316 218 66 23
315 218 65 23
315 218 65 23
315 219 66 24
315 219 66 24
314 220 67 23
315 220 65 24
315 220 66 23
314 221 66 23
315 221 66 22
314 221 67 23
314 220 66 23
313 216 66 24
314 212 65 23
313 207 66 24
314 202 66 23
313 197 66 25
313 192 66 24
313 188 66 24
313 183 66 24
313 183 65 24
313 183 65 24
313 184 65 24
313 185 65 24
313 186 65 24
312 187 65 24
312 187 65 23
312 188 65 24
312 189 65 24
311 190 66 23
311 191 66 22
312 192 64 22
311 193 63 22
312 193 64 24
311 194 64 23
310 194 64 23
311 196 65 22
309 196 66 24
310 196 65 23
310 197 64 22
309 198 65 23
309 199 66 23
310 199 64 22
309 201 65 22
308 201 65 23
309 201 64 23
308 201 65 23
308 201 65 23
308 201 65 23
307 201 66 22
307 201 65 22
307 201 66 23
307 200 65 23
307 200 65 24
307 199 65 24
306 198 66 24
307 200 65 24
307 204 65 23
306 209 64 23
305 213 65 22
307 218 63 24
305 222 65 22
304 222 66 22
304 220 66 24
305 219 65 23
305 219 65 24
306 218 64 23
305 218 65 24
304 218 65 23
304 218 64 22
304 217 65 23
303 218 65 22
302 217 66 22
302 217 66 24
300 218 66 24
300 218 66 23
300 220 66 22
300 219 68 22
301 219 68 22
302 219 67 23
302 220 68 21
302 221 68 21
303 221 69 22
312 221 70 22
323 220 70 25
334 222 69 24
345 222 69 23
355 223 68 24
369 224 65 22
378 224 64 22
390 225 64 22
402 225 63 24
409 225 60 23
408 226 58 22
408 226 56 24
407 226 56 24
408 227 54 23
407 227 55 24
407 228 55 23
408 228 54 23
408 228 54 23
408 228 54 24
409 229 54 24
409 234 54 23
410 240 54 23
410 245 53 23
409 246 54 23
409 246 54 24
409 246 54 24
409 246 55 23
410 247 54 24
410 247 53 23
410 249 54 22
410 249 53 23
410 250 55 23
409 250 55 24
409 251 54 22
409 251 55 23
409 251 55 23
409 252 54 24
409 252 56 23
409 253 54 23
409 254 54 24
409 254 54 23
408 254 55 23
408 255 56 23
408 255 56 24
407 255 56 24
406 257 57 24
406 257 57 23
406 258 56 24
406 259 56 24
404 259 56 25
405 259 56 24
403 260 57 24
403 260 56 25
402 260 57 25
402 261 57 24
401 261 58 24
401 261 57 24
400 261 56 25
400 261 57 25
399 261 57 25
398 261 57 25
397 261 56 25
397 261 57 25
395 261 58 25
394 261 59 25
393 261 59 25
391 262 58 25
391 262 57 25
391 264 57 24
389 263 57 24
388 263 56 25
387 263 57 25
385 264 57 24
384 264 57 24
383 265 57 24
382 265 57 24
379 265 57 24
379 265 57 24
377 266 58 24
376 266 56 24
374 267 57 24
372 268 57 23
371 267 56 24
376 267 58 24
383 269 58 24
389 268 59 25
399 268 58 25
403 269 57 24
401 269 58 25
397 270 58 25
394 271 59 25
392 272 57 24
387 272 58 25
385 272 58 25
384 273 57 24
380 272 58 25
377 273 57 23
375 274 57 24
371 274 58 24
370 275 58 24
367 274 57 25
369 275 57 25
373 275 57 24
380 275 58 25
388 275 58 25
395 276 57 25
400 276 58 25
407 276 59 25
413 276 58 25
418 276 59 24
421 277 58 24
417 277 59 25
413 277 57 24
409 278 58 24
405 277 58 25
401 278 58 24
397 278 58 24
393 278 58 24
391 280 58 24
390 279 57 24
394 280 57 24
397 279 58 24
404 280 59 25
411 280 58 25
418 280 58 25
418 280 57 25
412 281 58 25
409 282 57 24
403 282 57 25
399 282 57 24
395 283 58 25
392 283 57 24
388 284 57 24
384 283 57 23
380 284 59 24
377 285 58 24
374 285 58 24
370 283 58 24
367 280 56 24
362 273 58 23
358 272 58 25
356 273 58 24
