268	202	63	41
269	202	59	40
269	201	59	40
267	200	59	41
267	201	59	41
267	200	60	40
267	200	59	41
266	199	59	40
266	200	59	41
265	200	59	40
265	199	59	40
265	199	58	41
264	199	59	40
264	199	59	40
264	199	59	41
263	198	59	41
263	198	59	41
263	198	59	41
262	197	59	40
262	197	60	41
262	196	59	41
263	197	59	41
263	196	59	41
263	196	59	42
263	195	59	41
263	196	60	41
263	196	59	41
264	195	60	41
264	195	60	42
265	195	60	42
265	194	60	41
265	193	60	42
265	194	60	42
266	193	60	41
266	193	60	42
267	193	61	41
268	193	60	42
268	193	61	41
269	192	60	41
270	192	60	41
271	192	60	41
272	192	60	41
272	192	60	41
274	192	61	41
274	192	61	41
275	192	61	41
277	191	61	40
277	191	61	41
278	191	61	40
279	191	62	40
281	191	61	41
282	190	61	41
283	191	61	41
284	191	61	40
285	190	61	40
287	191	60	40
289	191	61	40
289	190	60	40
290	191	60	40
293	190	60	39
294	190	60	39
296	190	59	39
297	190	60	39
298	190	59	39
300	190	60	39
301	189	59	39
303	190	60	39
304	189	60	39
306	189	60	40
312	267	61	44
313	268	62	44
316	268	61	43
317	268	60	43
319	268	60	43
321	268	60	43
323	268	60	42
324	269	60	43
326	269	60	42
328	268	60	43
329	269	60	43
332	269	60	42
334	268	60	42
336	269	60	42
338	269	59	42
340	268	60	43
342	268	59	43
344	268	59	43
345	268	59	43
347	268	60	43
349	268	60	42
352	268	60	42
354	268	60	42
355	267	60	42
358	268	60	42
360	268	60	42
362	267	60	43
364	267	60	43
366	268	59	43
368	268	60	43
370	267	61	44
372	268	60	43
375	267	60	44
376	266	61	44
379	268	60	43
381	267	60	44
384	268	60	44
387	267	60	44
389	268	60	43
391	268	60	43
393	268	60	44
396	268	60	44
398	268	60	44
401	269	60	44
403	268	60	44
406	269	59	44
408	268	60	44
410	268	59	44
413	269	59	44
416	269	59	44
418	268	60	44
421	269	59	44
424	269	59	44
426	268	59	45
341	176	160	99
265	271	60	42
264	269	60	42
263	269	60	42
265	270	60	42
268	270	60	42
270	269	60	43
272	269	60	43
275	269	60	43
278	268	60	44
282	268	60	44
284	268	61	45
287	269	61	44
290	267	61	44
292	268	62	45
295	268	61	44
299	268	61	44
302	268	61	44
304	268	62	44
307	268	61	44
310	268	61	43
313	269	61	43
316	269	61	43
319	269	61	43
323	269	60	43
325	269	60	43
329	269	60	43
332	269	60	43
335	268	60	43
338	269	60	43
341	269	60	43
344	269	60	43
347	269	60	43
351	269	59	42
353	268	60	43
357	268	59	43
359	268	60	43
363	269	60	43
366	269	59	43
369	268	60	44
372	269	59	43
375	268	60	44
379	268	60	44
382	269	59	43
385	268	60	44
388	268	60	44
391	269	59	44
394	268	60	44
397	269	59	44
314	187	128	70
202	270	61	42
210	270	59	42
210	270	60	42
210	270	60	42
212	271	60	42
215	270	60	41
218	271	60	42
221	271	60	42
224	271	60	41
227	271	60	41
230	271	60	41
233	272	60	41
237	272	60	41
239	272	60	40
242	272	60	41
246	272	60	40
249	272	60	41
251	272	60	41
254	272	60	41
257	273	60	41
260	272	60	41
263	273	60	42
266	273	59	42
269	272	60	42
271	273	60	42
275	272	60	43
278	272	60	44
280	273	60	44
283	273	60	44
286	272	60	44
289	273	60	44
291	273	62	44
294	273	61	44
297	273	61	44
299	274	62	44
302	274	61	44
305	275	61	43
307	274	61	44
310	274	61	43
313	275	60	43
315	275	60	43
318	275	60	43
321	275	61	43
324	276	60	43
326	275	61	43
329	276	60	43
331	275	60	42
334	275	60	42
336	276	60	42
339	275	60	41
341	275	60	41
344	276	59	42
346	275	60	42
349	275	59	42
350	276	59	42
353	275	60	42
356	276	60	42
358	274	60	43
360	275	59	42
362	274	60	43
364	275	59	43
367	274	60	43
369	274	60	44
371	274	59	44
374	275	60	43
376	275	60	44
377	274	60	44
380	274	60	44
382	274	60	44
385	274	60	45
386	274	59	44
388	274	60	44
390	274	60	44
392	274	59	44
395	274	59	44
397	273	60	45
304	174	127	76
160	273	60	43
170	274	59	43
169	274	60	43
168	274	59	43
169	273	60	44
171	274	60	44
173	273	60	44
175	273	60	44
177	273	61	44
179	273	61	44
181	272	60	44
182	272	60	44
185	271	61	44
187	271	60	43
189	271	60	44
191	270	60	44
193	271	60	43
196	270	61	43
197	269	60	43
199	269	60	43
201	268	61	43
203	267	61	43
206	267	60	43
208	265	61	43
209	265	60	42
212	263	61	43
214	262	60	43
216	261	61	43
218	260	60	43
219	259	60	43
221	257	61	43
224	256	61	44
225	255	61	43
227	254	61	43
230	252	62	43
231	251	62	43
233	251	61	43
235	249	62	44
237	247	62	43
239	246	62	44
242	246	61	43
243	244	62	44
244	243	61	43
247	241	61	44
249	241	61	43
251	239	62	43
253	239	61	43
255	238	61	43
256	237	61	43
259	235	61	43
261	235	61	43
262	234	61	43
264	234	61	43
266	232	61	43
267	232	61	43
270	231	61	43
271	230	61	43
273	230	61	43
275	228	61	44
278	227	61	43
279	227	61	43
281	227	60	43
283	225	61	43
284	225	60	43
286	225	61	43
288	224	61	43
291	224	60	42
292	223	60	43
294	223	59	43
296	221	60	43
298	222	59	42
300	221	60	43
302	220	59	43
303	220	59	43
305	219	59	42
306	219	59	42
308	218	59	43
310	218	60	43
311	217	59	42
313	216	59	42
315	216	58	42
316	216	59	42
317	215	60	43
319	215	59	42
321	213	59	42
323	214	59	42
324	212	59	42
325	212	59	42
327	212	59	42
329	211	59	42
330	210	59	42
331	210	59	42
332	210	59	42
336	197	161	123
64	205	65	42
45	205	59	42
53	205	59	42
51	205	60	42
50	203	60	42
50	203	60	42
51	202	60	42
52	201	60	43
53	201	60	42
53	200	60	43
54	200	60	42
55	198	60	43
56	198	60	42
56	198	60	43
57	197	60	43
144	187	82	43
264	194	71	44
285	193	61	42
278	192	61	42
281	192	62	43
284	193	61	42
289	187	60	42
289	188	61	41
290	187	61	42
289	187	61	42
290	186	61	41
291	186	61	41
291	185	61	42
291	184	61	41
290	185	60	41
291	183	60	42
291	183	60	42
291	183	61	41
291	183	60	41
290	181	60	42
290	200	63	48
290	234	60	49
291	254	60	44
289	253	60	43
289	252	60	43
288	252	60	43
288	252	60	43
287	251	60	43
287	250	60	43
286	251	59	43
285	249	60	43
285	248	59	43
284	248	60	43
283	248	60	43
282	247	60	43
281	247	60	42
281	247	59	42
280	247	60	42
279	245	60	42
278	245	60	43
278	245	61	42
277	244	61	42
277	244	60	42
275	243	61	42
275	243	61	42
274	242	61	42
273	242	60	42
273	242	60	43
273	240	61	42
272	241	60	43
271	240	60	42
271	240	61	43
270	239	61	43
269	239	60	43
269	238	61	42
268	238	61	43
267	237	61	42
267	237	61	42
267	236	61	43
266	235	61	43
266	235	60	43
265	235	60	43
264	234	61	43
264	233	60	43
264	233	61	43
264	232	61	43
263	232	60	42
262	232	60	42
263	230	60	43
262	230	60	43
263	230	60	43
262	230	60	43
262	228	61	43
261	228	60	44
261	228	60	43
261	227	60	43
260	227	60	43
260	226	60	43
260	225	60	43
259	225	60	43
259	225	60	43
259	225	59	43
260	223	60	43
259	223	60	43
258	223	60	43
259	223	60	43
259	222	61	43
293	221	76	45
369	220	75	44
427	220	63	45
429	219	60	44
430	219	59	44
430	218	59	45
430	217	59	44
430	217	59	44
430	215	59	45
430	216	58	44
430	214	59	45
430	214	59	45
429	214	58	45
429	214	59	45
429	212	59	44
429	212	58	45
429	213	58	45
428	212	59	45
428	211	59	45
427	212	58	44
428	210	59	44
427	211	59	45
427	210	59	45
427	210	59	44
426	209	59	44
426	209	59	44
426	208	59	44
425	209	59	44
425	208	59	45
425	208	59	45
425	208	58	44
424	206	59	45
424	207	59	44
424	206	59	44
424	206	58	45
424	206	59	45
423	206	58	45
423	206	59	44
423	205	58	45
423	205	59	45
423	205	59	45
422	205	58	44
422	203	59	45
423	205	58	44
422	204	59	45
423	203	58	44
422	203	58	44
422	203	58	44
422	204	58	44
422	203	58	44
422	202	58	44
422	204	58	44
420	207	60	50
421	241	58	49
420	276	61	50
421	315	58	42
422	314	58	43
421	315	58	43
421	314	59	43
422	314	59	43
421	314	59	43
421	313	59	43
421	314	59	43
421	313	59	43
421	313	59	43
422	313	59	43
422	313	59	43
421	313	59	43
422	313	59	43
422	313	59	43
422	312	59	44
423	311	59	44
423	312	59	44
424	312	59	43
424	312	59	43
424	312	59	43
424	312	59	43
425	311	60	44
425	312	59	43
392	311	71	44
319	311	76	44
212	310	58	43
210	310	59	44
210	309	60	43
210	309	60	44
211	309	61	43
212	309	61	44
212	308	61	44
213	308	61	43
216	308	60	44
216	309	60	43
217	307	61	44
219	307	60	43
221	308	60	43
223	307	60	43
225	307	60	43
226	306	60	43
228	307	61	43
230	305	60	43
231	306	60	43
235	305	60	44
236	305	61	43
238	304	61	44
240	305	61	43
242	305	61	43
245	304	60	43
248	305	60	42
250	304	61	43
252	304	61	43
255	304	61	43
257	304	61	43
260	304	60	43
264	303	61	43
266	304	61	43
269	303	61	44
272	302	61	44
275	303	61	43
278	303	61	43
281	301	61	44
285	302	61	43
288	301	61	45
291	301	61	44
294	301	61	44
298	300	61	44
302	300	61	45
305	300	61	45
309	299	62	44
313	299	62	44
317	299	62	44
321	298	61	44
325	298	61	44
329	298	61	44
333	298	61	43
337	298	61	43
342	298	60	43
346	298	60	43
349	297	61	43
354	297	60	42
359	297	60	43
362	297	60	43
367	297	60	43
370	297	60	43
375	297	59	42
379	296	59	43
384	296	59	43
389	296	59	43
392	296	59	43
397	295	59	43
328	292	148	111
152	294	72	46
88	295	73	46
27	295	70	45
11	293	57	43
43	292	56	42
47	292	56	42
52	293	50	39
57	292	51	41
61	290	51	41
66	292	50	39
71	294	48	37
75	292	46	37
81	293	41	38
85	292	39	37
87	288	23	29
92	293	20	20
90	293	21	21
86	266	52	71
78	312	180	124
0	456	136	55
37	385	91	101
6	432	94	79
101	331	82	55
80	337	107	75
117	345	97	62
92	333	114	84
0	446	128	65
7	429	92	82
35	376	109	106
3	430	119	81
9	412	99	99
38	405	87	87
2	436	99	75
6	433	104	78
11	442	95	69
11	452	114	59
14	443	85	68
0	337	188	151
125	56	96	44
123	51	89	40
103	42	130	86
123	53	95	38
164	52	72	45
135	54	41	26
119	50	69	56
134	54	49	31
126	0	101	107
149	54	70	33
167	58	39	27
190	61	29	23
170	16	65	88
173	58	42	25
130	52	42	28
129	50	39	32
114	44	79	54
136	56	50	32
129	53	48	29
110	43	87	64
132	55	46	30
111	45	78	45
134	56	43	28
123	49	63	36
105	35	110	98
336	277	64	29
340	278	61	39
343	277	63	40
349	276	62	39
353	276	62	38
357	275	62	39
362	274	62	42
366	274	63	41
371	274	62	43
374	273	63	42
379	273	62	43
384	272	62	44
389	273	61	43
382	270	65	45
323	272	72	42
251	271	73	43
189	270	71	42
141	270	63	45
144	270	63	44
155	272	60	42
155	271	62	45
175	272	59	43
178	271	61	45
182	271	61	44
186	270	61	43
190	271	61	43
195	271	61	43
199	271	61	43
202	271	61	43
207	270	62	45
210	272	62	43
215	271	62	45
218	272	62	43
222	271	62	44
226	272	61	42
229	271	63	44
233	272	63	43
237	271	63	45
239	272	63	44
245	272	63	44
247	273	64	45
249	273	64	44
253	272	63	44
257	272	63	43
258	273	64	43
261	273	63	43
265	273	63	43
267	274	63	43
268	274	63	42
271	274	63	40
274	275	62	41
276	276	62	40
278	277	62	42
279	277	63	40
281	277	63	42
282	278	64	41
284	278	64	39
286	279	63	40
288	280	64	40
289	280	63	38
292	281	63	39
293	281	63	39
295	281	63	39
295	281	64	40
297	281	63	40
298	281	64	39
299	282	64	40
300	282	64	40
302	282	64	40
302	282	64	40
304	283	64	41
305	282	64	40
305	282	64	38
306	284	64	39
307	284	65	41
309	285	64	39
310	285	64	40
310	285	65	37
312	285	64	42
312	285	65	38
315	285	63	42
314	286	65	38
317	286	63	41
316	287	64	35
317	288	63	41
317	288	65	36
318	288	64	40
319	289	65	38
321	288	65	37
321	288	63	36
322	288	63	36
322	289	64	34
323	289	64	36
323	289	65	33
323	289	66	37
324	291	64	31
323	291	66	36
324	291	65	34
325	291	66	36
325	291	66	37
325	292	65	37
326	290	65	38
324	290	68	38
324	291	68	37
326	292	66	35
325	292	66	36
326	293	65	35
326	293	66	34
326	292	65	36
325	293	67	37
326	294	65	34
326	294	67	32
326	293	65	35
325	294	65	35
326	292	65	35
325	293	67	39
327	293	62	39
327	292	63	40
327	293	61	38
327	291	64	37
326	292	64	40
326	293	61	36
325	294	64	38
326	293	63	38
326	294	63	37
326	294	63	37
326	293	63	39
326	294	63	35
326	295	62	35
325	296	63	34
324	295	64	37
324	294	64	36
322	292	68	46
325	291	63	42
325	293	63	39
324	295	66	35
323	296	64	38
323	297	64	33
322	297	65	37
323	296	63	36
322	297	64	37
322	296	63	36
322	297	63	38
322	299	62	35
321	298	64	33
321	298	62	38
321	299	62	35
321	300	61	35
320	298	62	36
319	298	62	39
320	299	62	39
319	299	63	36
319	299	62	38
319	299	63	39
319	298	65	38
335	299	49	32
318	300	63	36
317	299	65	39
316	301	63	39
315	299	63	40
315	299	63	40
315	300	64	40
314	302	63	38
314	300	63	39
313	301	63	39
314	301	62	39
313	301	63	37
313	301	62	39
314	302	62	38
313	303	62	36
312	302	62	36
313	301	63	37
311	302	65	34
310	303	64	37
312	304	63	33
311	303	67	33
333	305	41	28
311	306	58	31
310	305	60	35
311	304	62	34
311	304	64	33
343	307	30	24
310	306	61	29
340	308	31	25
321	307	50	27
338	308	33	25
315	307	55	28
341	309	31	24
333	310	36	25
341	310	31	24
323	309	48	27
339	312	33	25
345	313	27	22
345	312	27	22
348	312	26	24
350	312	26	23
353	313	27	23
353	312	26	23
353	311	27	24
354	313	28	23
358	312	27	25
360	312	28	26
363	312	28	26
365	312	28	25
365	313	29	26
368	313	29	27
370	314	28	25
369	314	31	26
369	313	35	22
355	311	54	34
353	309	63	36
353	309	65	37
355	308	64	39
356	309	67	39
360	308	64	46
363	308	69	43
370	307	61	46
374	307	63	47
378	307	64	50
382	306	65	51
386	306	65	48
391	306	65	48
397	308	63	45
403	309	62	43
409	308	63	42
414	307	62	42
419	308	63	45
407	307	65	41
339	307	70	40
276	307	67	37
218	306	65	43
208	302	61	50
221	302	61	50
249	302	64	49
257	303	63	47
266	303	61	48
275	303	60	47
283	302	60	47
289	302	59	46
297	302	58	46
304	301	58	46
249	295	60	47
255	296	60	46
258	294	61	48
263	295	61	47
268	295	61	47
272	294	60	48
275	295	60	47
279	294	60	47
283	293	60	47
285	294	60	47
288	294	61	47
291	293	60	47
292	293	61	47
296	293	60	46
299	293	60	46
299	292	61	46
302	293	61	45
303	293	61	46
305	293	60	45
307	293	61	45
308	293	61	45
310	293	60	45
311	292	60	45
312	292	60	45
314	293	60	44
