265	225	37	30
277	226	32	21
280	222	37	24
285	223	35	24
296	222	33	25
303	223	24	21
313	223	32	27
319	220	30	28
325	222	26	24
310	197	19	14
320	226	15	12
309	232	33	18
311	224	37	32
283	222	36	27
256	224	35	24
262	224	32	19
268	222	39	20
273	222	39	21
280	221	41	22
287	221	44	23
296	222	42	25
304	221	40	25
312	222	40	23
319	222	43	23
327	223	44	21
334	222	43	23
341	223	40	22
348	221	43	24
349	222	42	24
323	222	41	22
293	222	40	21
263	222	40	22
234	222	37	22
221	198	47	23
223	202	44	16
223	191	37	26
186	227	27	22
190	223	23	23
184	185	28	18
184	202	27	23
224	170	21	22
221	168	22	25
219	163	28	33
232	222	34	29
239	223	22	17
236	222	22	18
247	226	25	20
247	228	30	17
238	253	21	17
239	253	18	18
238	254	18	16
238	244	15	13
226	227	46	32
200	233	83	62
129	201	35	23
92	200	35	19
65	201	28	17
25	201	29	18
0	200	21	17
0	205	19	15
0	193	14	11
0	194	16	11
0	193	16	12
0	194	14	11
0	196	14	12
0	197	13	10
0	198	14	10
0	198	12	10
0	195	17	14
0	197	17	11
0	198	13	10
1	181	15	13
1	179	16	15
1	191	18	13
0	193	13	11
0	194	13	11
0	194	13	11
0	194	13	11
0	199	13	10
0	198	10	10
0	194	19	14
0	186	13	15
0	187	17	17
0	184	18	24
1	171	36	47
86	222	32	19
109	218	41	26
112	219	43	25
117	219	43	26
121	218	43	27
125	217	42	26
129	218	41	26
134	218	41	25
138	219	40	25
143	218	41	25
148	218	40	24
151	217	41	25
154	217	41	25
158	218	41	25
161	218	40	25
165	218	40	25
169	217	40	25
173	216	40	26
176	217	40	25
179	217	40	24
182	217	40	25
186	216	40	24
190	217	37	25
193	216	34	23
197	217	32	24
199	217	30	24
196	218	27	21
169	220	31	22
140	223	33	20
108	222	32	23
114	197	20	19
116	198	21	20
117	199	19	19
118	200	18	18
116	201	18	18
112	194	21	23
114	199	21	20
115	199	19	19
116	200	19	18
116	201	18	18
116	202	18	18
118	203	17	16
117	199	19	18
109	187	34	36
171	207	23	22
168	176	23	24
204	142	21	18
203	138	17	17
203	138	17	16
203	138	17	16
203	138	18	17
202	137	21	21
169	176	23	21
169	175	21	21
205	144	17	16
186	113	17	17
185	115	14	15
183	113	34	39
162	57	82	134
245	168	104	77
234	183	59	52
240	202	41	31
225	206	24	21
212	172	30	24
217	174	24	23
254	140	18	16
254	139	18	17
254	139	16	15
255	139	15	15
254	140	15	14
254	139	15	15
254	139	17	16
254	139	18	17
250	140	22	24
229	141	23	20
213	140	22	20
196	117	19	17
214	138	16	16
213	138	18	16
212	139	17	16
212	139	17	17
211	139	18	18
211	139	20	19
196	117	18	17
213	137	16	18
212	139	16	16
211	139	16	16
211	138	18	19
209	135	22	25
177	174	25	25
176	174	23	23
157	189	30	22
188	168	26	23
209	223	18	10
198	218	28	19
204	247	26	22
187	244	29	27
141	269	26	23
140	268	26	23
138	267	27	24
138	267	27	24
139	266	27	25
137	267	26	24
138	266	26	23
137	267	26	24
138	268	27	22
139	271	25	18
138	268	25	22
138	268	26	23
139	267	25	21
138	267	26	22
138	266	26	25
137	267	27	24
165	245	36	27
183	265	37	23
144	268	31	18
108	267	44	21
72	268	35	20
36	217	27	22
37	218	27	21
39	216	30	24
41	215	30	24
43	216	29	24
48	218	27	21
48	218	28	25
50	218	26	23
51	217	26	24
53	218	21	21
54	217	22	22
54	217	24	21
57	218	24	19
58	218	23	18
61	217	28	19
65	217	27	18
65	216	25	21
63	216	28	21
63	216	31	21
65	215	39	24
74	214	33	22
68	213	38	24
75	213	36	26
86	218	28	21
83	237	63	35
34	209	46	34
19	169	30	25
8	128	47	44
29	164	48	49
108	197	33	25
105	163	74	52
256	215	30	28
255	215	27	23
257	215	24	21
260	213	26	24
261	214	24	21
260	212	25	23
265	213	24	21
264	212	24	21
265	212	26	21
269	213	27	22
265	210	23	18
264	211	19	17
271	219	29	23
273	218	30	25
261	242	35	23
266	244	31	22
265	243	31	23
265	243	31	25
265	244	29	22
265	242	32	23
266	242	30	25
270	243	27	25
305	220	30	23
266	200	36	27
252	170	47	34
244	173	37	27
254	137	25	20
249	135	25	21
212	146	28	22
175	131	72	52
234	203	29	20
239	203	32	24
246	203	31	23
244	200	33	23
245	200	36	23
247	200	35	21
259	199	30	18
257	196	36	20
258	195	39	22
260	192	41	22
263	192	40	20
269	204	39	21
271	221	40	22
274	238	42	23
277	255	41	26
281	273	44	26
285	289	42	25
286	288	47	26
291	287	43	25
297	286	42	27
302	286	42	23
308	287	40	23
310	287	41	25
316	286	38	23
321	287	40	22
323	286	41	23
325	287	45	23
331	286	41	23
335	286	40	21
338	286	40	20
343	287	34	19
345	289	34	16
352	289	21	13
355	289	17	13
358	289	19	16
365	287	22	21
348	294	30	18
317	291	31	25
286	290	33	25
254	288	40	28
216	287	36	29
203	293	32	25
209	291	28	27
213	295	26	21
216	295	27	24
218	293	23	24
219	293	32	25
225	291	35	26
231	288	38	27
237	286	36	27
244	288	33	22
247	288	32	21
250	288	31	19
256	287	29	19
258	284	32	25
225	268	30	20
256	287	24	18
218	259	20	18
212	260	24	18
197	261	28	19
214	254	29	23
164	201	18	13
164	200	17	13
164	202	17	12
164	202	17	12
162	202	18	12
164	202	17	12
164	201	17	13
164	202	17	12
167	194	18	17
172	196	47	32
178	209	41	31
185	201	32	25
162	148	19	14
163	147	18	15
164	148	17	13
163	148	17	13
164	149	16	12
164	148	16	12
165	148	15	13
164	148	16	13
163	148	16	13
163	149	16	12
165	150	16	11
163	149	16	11
164	149	16	12
139	150	28	11
108	150	23	12
77	150	16	10
51	148	13	12
25	150	14	11
26	150	16	11
27	149	16	12
27	149	16	11
28	149	14	11
28	149	14	11
26	150	17	12
29	149	14	12
26	150	16	11
28	149	15	11
31	149	12	10
28	149	14	11
29	150	14	10
27	149	15	10
27	150	15	11
27	149	15	11
26	150	15	11
21	150	17	11
0	150	10	11
0	149	10	12
0	139	10	10
0	121	11	11
0	113	14	10
0	110	12	11
0	127	10	10
0	126	10	10
0	125	11	12
0	120	10	12
0	129	12	13
0	122	10	11
0	111	10	13
0	107	10	12
0	109	10	10
0	108	10	11
0	107	10	10
0	108	10	10
0	108	10	10
0	108	10	10
0	113	10	10
0	113	10	10
0	106	10	12
0	108	10	10
0	108	10	11
0	111	10	10
0	102	16	25
0	128	22	19
0	172	13	15
0	185	28	12
19	179	21	19
18	178	20	18
24	180	19	19
22	179	19	17
22	180	17	16
21	180	18	17
21	180	18	17
21	180	18	17
20	179	20	17
19	178	20	18
20	179	21	19
21	179	19	18
18	180	20	18
21	179	18	17
20	180	18	17
20	179	19	18
19	177	21	20
18	178	19	19
20	178	19	18
19	178	20	19
17	179	21	21
0	178	16	19
0	185	24	22
0	156	40	61
0	120	59	49
100	214	26	15
133	202	25	23
121	199	39	31
130	200	33	27
175	186	22	22
175	186	21	19
155	153	20	18
152	152	23	21
155	189	21	20
131	203	25	20
121	201	36	27
132	203	28	25
151	162	27	18
127	169	34	24
147	166	29	21
162	170	30	27
116	152	38	29
164	183	25	22
145	161	33	25
118	151	26	22
153	152	22	20
157	135	32	25
131	120	24	18
124	131	41	27
81	116	16	13
84	115	14	11
84	115	13	10
83	114	14	10
78	102	15	12
78	102	13	10
84	115	14	10
78	103	13	10
83	115	15	10
73	114	18	12
68	92	36	53
25	97	135	98
137	260	41	35
86	252	109	93
109	296	63	35
189	212	25	26
209	236	20	19
213	238	16	13
202	211	18	17
211	237	18	13
202	212	17	17
203	212	16	17
211	236	17	13
202	212	18	18
212	240	19	18
212	261	17	15
211	277	22	20
209	296	21	18
210	295	19	17
202	275	18	20
204	272	16	19
203	275	19	21
203	275	19	20
208	297	17	15
212	297	16	13
211	295	18	15
203	276	17	18
205	296	18	15
182	283	51	35
152	272	39	33
105	279	20	23
110	274	20	21
111	275	20	21
112	277	17	17
116	295	20	17
110	275	18	19
119	296	19	16
116	294	20	17
115	295	21	17
117	296	20	14
111	282	16	14
117	296	17	14
110	281	18	16
110	280	17	16
106	296	21	18
85	260	61	47
54	279	45	27
18	245	96	131
269	346	43	27
276	345	46	31
284	347	45	30
291	346	45	30
296	345	45	30
303	346	45	30
310	345	46	31
317	345	45	32
324	345	45	31
330	345	44	31
337	345	41	33
345	344	41	33
353	344	34	31
361	344	29	25
366	344	32	28
347	305	32	24
313	342	33	25
280	340	35	31
245	340	37	30
203	338	43	32
173	372	32	27
148	411	26	20
144	378	25	18
136	377	26	22
166	358	19	16
145	340	27	21
138	301	40	29
130	272	29	24
129	251	21	22
130	233	27	22
127	231	27	24
131	268	20	17
127	267	28	22
131	267	24	24
127	252	21	21
127	249	22	19
126	230	25	19
129	267	21	22
148	238	23	21
124	216	28	23
128	230	31	27
168	194	25	19
131	197	21	20
128	180	22	18
126	181	24	19
128	174	27	23
129	196	23	25
130	198	21	21
127	182	19	17
129	197	27	21
129	197	27	24
128	181	21	19
127	177	26	19
127	170	29	24
125	180	23	16
116	160	30	24
79	134	59	38
22	197	34	28
0	167	15	20
0	160	22	22
0	155	24	22
0	174	14	15
0	188	11	17
0	187	13	13
0	186	13	14
0	188	10	13
0	185	10	17
0	187	13	17
0	186	11	18
0	185	16	18
0	190	11	15
0	186	10	17
0	192	12	17
0	194	14	17
0	186	13	15
0	188	10	12
0	188	12	13
0	186	11	16
0	199	14	14
0	207	20	15
0	180	37	48
0	130	73	83
0	69	123	255
12	363	74	53
0	381	20	20
0	372	15	20
15	348	27	21
0	368	25	24
0	369	22	28
13	347	27	22
0	368	25	30
0	371	23	37
0	373	24	31
0	368	23	28
11	350	23	20
14	349	30	21
61	346	23	17
86	341	24	19
108	338	26	20
107	338	26	19
89	342	25	18
90	341	24	19
70	343	29	22
68	343	34	23
60	343	32	23
105	339	31	19
92	340	35	20
108	339	27	17
107	338	28	20
77	327	67	65
25	337	31	24
0	333	17	24
0	337	14	19
0	339	20	16
0	363	12	19
0	337	19	20
0	336	21	22
0	336	22	21
0	336	19	22
0	336	21	22
0	337	18	21
0	337	19	20
0	336	18	20
0	335	19	21
0	337	19	21
0	337	19	21
0	341	16	18
0	345	10	15
0	339	18	17
0	337	18	20
0	351	16	19
0	361	15	11
0	344	26	24
0	325	31	33
24	289	22	18
0	295	27	20
0	296	21	22
0	296	26	21
0	296	22	22
22	290	26	19
23	290	24	19
0	297	20	20
0	296	24	21
0	295	22	22
0	295	23	22
0	296	23	21
0	295	27	22
0	294	22	22
0	295	25	21
0	295	22	23
0	296	25	20
0	296	20	21
0	295	23	20
0	295	20	22
0	296	24	22
0	295	25	21
0	296	20	21
0	296	29	20
0	296	22	22
10	286	34	24
65	268	32	24
61	228	26	21
29	263	26	22
8	229	22	26
11	228	22	21
0	232	16	18
0	236	19	18
12	228	22	20
0	232	24	21
9	228	24	19
0	211	17	17
0	202	20	18
0	192	25	21
0	193	24	21
0	195	18	18
0	195	14	17
0	197	19	19
0	205	17	14
0	203	16	17
0	202	15	13
0	196	25	19
30	152	16	14
28	152	23	14
25	150	20	16
28	151	17	14
1	154	14	13
1	156	16	16
0	177	21	19
0	208	13	14
0	205	14	18
0	207	13	16
0	208	13	15
0	207	12	15
0	207	12	15
0	210	11	12
0	209	10	11
0	206	12	15
0	206	11	15
0	209	11	12
0	218	18	18
0	217	19	19
0	215	18	22
0	206	17	16
0	214	17	21
0	217	19	20
0	216	20	19
0	216	20	21
0	204	14	17
0	203	15	17
0	206	13	16
0	215	20	20
0	213	12	14
0	219	10	11
0	222	12	14
0	217	10	10
0	219	13	13
0	227	10	14
0	219	13	17
0	229	10	13
0	228	11	13
0	227	12	13
0	228	10	13
0	217	12	11
0	200	12	11
0	198	15	17
0	201	13	12
0	194	16	28
0	185	48	64
0	197	28	27
0	180	65	76
0	192	28	36
0	193	27	25
0	187	37	38
0	175	37	33
0	196	22	18
0	204	19	15
0	179	23	25
0	143	41	79
31	144	97	169
79	261	43	32
82	259	43	34
91	260	44	33
96	260	43	33
102	261	44	32
108	261	43	32
114	260	43	32
119	260	43	32
125	261	44	32
132	260	45	32
138	261	44	32
144	260	44	32
150	261	44	32
156	260	44	32
163	262	43	32
170	261	41	32
174	261	43	32
179	260	45	34
187	261	47	33
196	261	45	32
203	260	44	32
210	260	44	32
217	260	43	31
216	260	43	30
184	261	46	29
151	260	46	31
120	260	48	31
99	258	46	33
105	259	45	33
112	259	46	33
119	259	46	33
125	258	46	33
131	258	45	34
138	257	45	33
144	258	46	34
150	257	46	33
157	257	45	34
163	257	45	35
169	257	46	34
176	257	45	34
182	257	46	33
189	257	45	33
195	257	46	33
202	257	46	33
208	256	46	33
214	256	46	34
221	256	46	34
227	256	46	34
234	256	46	33
240	255	46	33
246	255	47	34
253	256	47	33
260	255	47	33
266	255	47	33
272	255	47	33
251	255	49	32
217	254	50	34
188	254	48	33
179	254	45	34
188	254	46	33
197	254	45	33
202	254	44	33
207	254	45	35
214	253	45	34
220	253	45	33
225	253	46	33
232	252	46	34
239	253	45	33
246	252	45	33
251	252	45	33
258	252	45	33
264	252	45	33
271	253	45	32
277	252	46	31
283	252	45	31
290	253	45	31
296	253	46	31
297	253	47	30
270	253	50	30
236	252	49	31
205	250	51	33
179	250	47	32
177	249	45	33
187	248	44	34
193	248	45	34
199	247	45	34
203	247	47	34
209	247	47	34
215	246	47	34
222	247	46	34
228	245	46	35
234	245	48	35
238	246	49	33
246	245	47	32
253	245	46	30
260	246	46	32
263	244	47	32
270	244	46	34
276	244	46	33
283	244	46	34
290	244	46	32
295	243	47	33
282	243	49	32
249	245	48	30
216	245	48	30
189	244	46	30
176	242	47	32
186	243	47	33
193	243	46	31
198	242	46	32
204	242	46	32
210	242	47	32
217	243	45	32
222	243	46	32
229	242	45	32
236	242	46	33
242	242	46	33
248	242	46	32
255	242	46	33
262	242	45	32
268	242	46	33
273	242	46	33
253	242	48	32
219	243	50	32
189	242	48	33
159	241	49	33
130	242	48	32
100	241	48	33
91	240	46	33
101	240	46	33
109	240	46	32
114	240	46	32
121	240	45	32
127	239	46	33
133	239	46	34
140	240	46	33
146	240	46	32
152	240	45	33
159	240	46	31
165	240	46	32
173	240	46	33
180	241	46	32
186	241	45	32
192	241	46	32
199	239	46	32
206	239	46	34
212	239	46	32
218	240	45	33
226	239	46	33
223	240	47	33
194	241	50	31
160	241	48	31
133	241	47	32
131	239	46	31
142	239	45	32
148	240	44	31
154	239	44	31
160	239	44	32
166	240	44	32
173	240	44	31
168	255	23	13
168	256	13	11
168	258	10	10
162	258	10	10
157	257	10	10
150	256	10	10
145	256	10	10
138	255	10	10
132	254	10	10
127	255	10	10
121	255	10	10
115	254	10	10
108	255	10	10
103	255	10	10
96	254	10	10
86	255	10	10
83	256	24	30
65	227	71	77
58	275	63	30
53	256	102	97
69	296	40	34
56	270	73	43
55	261	67	45
72	273	26	21
72	273	25	19
53	265	69	65
68	273	28	20
73	272	23	19
72	273	25	22
72	271	26	20
54	267	64	53
73	274	30	22
73	276	33	23
53	265	77	67
227	236	40	34
228	236	47	32
237	237	41	31
222	238	42	30
184	237	46	30
149	237	45	31
116	237	48	32
83	236	47	34
57	235	47	34
59	234	48	36
65	233	47	35
67	234	48	35
70	232	48	36
72	233	48	36
76	233	48	36
80	232	48	37
83	233	48	36
85	232	49	37
92	232	50	37
124	234	52	36
167	235	52	35
207	236	51	33
246	236	50	33
266	235	47	33
266	235	47	34
269	234	46	34
273	234	47	34
277	234	47	34
281	234	47	35
284	234	46	34
287	234	46	34
291	234	47	34
294	234	46	35
297	235	47	34
300	235	46	34
305	235	46	33
307	234	47	34
310	235	47	34
313	235	48	34
317	235	47	34
320	235	47	34
324	235	47	33
327	235	47	34
330	234	47	34
334	234	46	34
330	235	46	32
298	236	50	32
261	236	50	33
238	235	47	34
240	233	46	36
246	234	49	36
248	233	47	34
252	234	52	35
255	234	49	35
258	233	49	35
262	233	49	35
266	233	48	35
269	233	48	35
