357	313	68	27
356	314	70	25
353	315	67	24
350	317	67	24
347	317	68	24
345	318	68	24
341	319	68	24
339	319	68	25
337	321	68	25
335	322	67	25
334	323	66	25
332	324	66	25
329	326	67	25
327	326	67	25
324	327	68	25
322	328	68	25
320	325	68	27
318	317	68	25
316	308	67	25
313	300	68	25
310	291	68	26
309	284	68	24
307	286	68	24
305	288	68	24
303	290	68	24
301	291	68	24
299	292	68	25
298	293	67	25
304	294	69	23
322	293	70	23
342	295	70	24
360	295	70	24
378	296	70	24
378	297	69	24
376	298	69	24
374	299	68	24
371	300	68	24
369	300	68	24
367	301	67	24
364	302	67	24
362	303	68	24
360	304	68	24
359	304	68	24
357	304	68	24
355	305	68	24
353	306	69	24
350	307	70	24
349	307	69	25
347	308	70	25
346	309	69	25
344	309	69	25
342	311	69	25
341	311	69	25
339	313	69	25
337	313	69	25
336	314	69	25
334	315	68	25
332	316	69	25
331	316	69	25
329	317	69	24
327	317	69	24
326	319	69	24
324	320	69	24
322	320	69	24
320	321	69	24
318	322	70	25
317	323	70	25
316	324	68	24
314	325	69	23
312	325	69	23
310	325	68	24
308	325	69	24
306	326	70	25
304	326	70	25
302	326	70	25
301	327	70	25
299	326	70	26
298	327	70	25
307	328	71	25
325	328	71	25
344	328	71	25
363	328	72	26
376	328	72	26
373	328	71	25
370	328	70	25
369	328	69	25
368	329	69	24
366	329	69	24
364	329	68	24
361	329	69	25
360	328	68	25
360	328	68	25
358	328	67	25
356	328	68	25
354	328	69	26
353	327	69	25
351	327	70	26
349	327	70	26
349	327	69	26
347	327	69	25
346	327	68	25
346	326	67	25
344	326	67	25
343	326	68	24
342	325	67	24
340	325	68	24
339	325	68	23
338	323	67	24
336	323	69	24
335	323	68	24
334	323	68	24
332	321	67	24
331	321	67	23
337	320	69	24
354	318	70	24
374	317	70	25
392	317	71	25
411	316	69	25
425	316	69	25
423	316	69	25
420	315	69	25
418	315	68	24
417	314	68	25
416	314	67	24
414	314	67	24
412	312	67	25
411	312	67	25
410	311	68	25
408	310	68	25
407	311	68	24
406	310	68	24
406	309	67	24
404	308	67	24
403	308	66	23
401	307	67	24
401	305	67	24
399	305	68	24
398	303	66	25
397	303	67	25
396	303	67	25
395	301	67	26
394	301	66	25
392	300	66	25
391	299	66	25
389	298	67	25
388	297	67	25
387	302	67	28
385	312	67	26
384	320	67	26
383	318	67	25
382	316	67	26
381	316	68	25
380	315	67	25
378	315	68	24
378	314	67	24
377	313	67	24
375	313	66	24
374	312	66	24
372	312	68	24
370	311	67	24
368	311	68	24
367	310	68	25
367	309	66	24
365	309	67	24
362	308	68	25
361	308	67	24
359	307	68	25
357	307	66	24
355	306	67	24
354	306	67	24
353	305	66	24
350	305	67	25
350	302	67	25
347	303	68	25
346	302	67	24
344	301	67	25
342	301	67	24
341	301	67	24
338	300	67	25
336	300	67	24
334	299	68	25
333	299	67	24
331	299	68	24
329	298	67	25
327	299	68	25
325	298	68	25
323	297	67	25
321	297	68	25
319	297	68	25
318	296	67	25
316	296	67	25
314	297	68	25
311	306	67	26
309	315	67	26
307	318	68	24
306	317	67	24
303	316	68	24
301	316	67	23
299	315	68	24
296	315	69	23
295	315	69	23
293	314	69	23
290	314	69	23
288	315	68	23
287	315	68	23
286	315	67	22
283	314	67	23
281	314	67	22
279	314	67	22
277	314	67	23
278	314	68	22
291	312	71	25
312	312	69	24
330	312	69	25
339	312	69	25
335	312	68	25
332	313	68	25
330	312	68	24
327	313	68	23
324	312	67	24
322	312	67	24
320	312	67	23
318	312	67	23
316	312	67	23
314	312	67	23
311	313	67	24
311	312	66	23
308	313	68	24
306	312	67	23
303	312	68	23
302	313	67	23
300	312	67	23
298	312	67	23
295	312	67	23
293	311	68	23
290	312	68	23
288	312	68	23
287	312	67	23
285	312	67	23
294	310	69	24
312	311	70	24
332	310	69	25
349	310	70	25
359	311	68	25
355	311	68	25
352	311	67	25
350	310	67	25
347	311	67	24
345	311	66	24
343	311	67	24
341	311	66	24
337	310	67	25
336	311	67	24
334	310	67	24
332	310	67	24
329	310	67	24
327	310	66	23
325	309	68	24
323	309	68	23
320	309	68	23
318	309	68	23
317	309	67	23
314	315	67	25
312	325	67	25
310	325	67	24
308	323	68	25
306	322	68	25
304	322	68	24
302	322	68	24
300	321	68	24
299	321	68	24
297	320	67	24
295	320	68	24
292	320	68	24
291	320	67	24
288	320	68	23
285	319	68	23
283	320	68	23
282	320	67	23
280	320	67	23
278	320	66	23
275	320	67	23
273	319	67	23
271	320	67	23
269	319	67	23
267	320	67	23
265	320	67	23
263	320	66	23
261	320	67	23
258	319	67	23
257	319	67	23
256	319	67	23
266	318	69	24
286	319	70	24
304	319	70	25
323	318	69	25
341	319	69	25
347	319	67	25
341	318	68	25
339	320	66	24
337	320	66	24
335	320	66	24
331	321	66	24
329	321	65	24
327	321	66	23
325	320	67	24
321	320	68	24
320	321	68	24
318	321	67	24
315	321	67	24
314	321	67	23
311	321	67	24
308	321	68	24
307	322	67	23
305	323	67	23
303	322	67	23
301	322	67	23
299	322	67	23
296	322	68	24
293	322	68	24
292	322	68	23
291	322	67	23
288	323	67	23
286	322	66	23
284	322	68	23
281	322	68	23
280	322	67	22
277	321	67	23
275	321	67	24
274	321	67	24
273	321	66	23
271	321	67	24
269	321	67	23
267	321	66	24
265	322	67	23
263	322	67	23
261	322	67	23
260	322	67	23
257	321	67	23
256	322	68	23
254	322	67	23
252	322	67	23
251	323	68	23
249	323	67	23
247	324	67	23
246	323	66	23
244	323	66	24
243	324	67	23
242	325	65	23
240	324	66	23
238	325	66	24
237	324	66	24
235	325	66	24
233	325	67	24
231	324	67	25
229	325	67	25
227	325	67	24
226	325	67	24
225	324	67	24
222	324	67	24
220	325	68	25
220	324	67	25
218	325	67	24
216	324	67	24
214	325	68	24
213	325	67	24
212	324	66	24
211	324	66	24
208	324	66	24
207	324	66	23
206	325	67	24
204	324	66	24
201	324	67	24
200	324	66	24
198	324	66	24
196	324	67	24
195	324	66	24
193	322	66	25
203	322	68	25
221	322	69	25
239	321	69	25
257	321	69	24
275	321	68	24
276	322	68	23
272	321	68	24
270	321	67	23
268	321	67	23
267	321	66	23
265	321	66	23
262	321	66	23
261	321	66	24
259	320	66	24
257	319	66	24
255	319	67	25
254	319	67	24
252	319	67	24
250	319	67	24
248	319	68	23
247	318	66	23
245	318	67	24
243	318	66	24
242	318	66	24
240	318	66	23
238	318	66	23
236	318	66	23
234	319	66	23
232	318	66	23
231	318	66	23
229	318	66	23
227	319	66	23
224	318	66	23
222	318	66	23
220	319	66	23
218	319	66	23
216	318	65	23
213	318	66	24
211	318	66	24
209	318	66	25
206	317	67	25
203	318	67	25
201	318	67	24
200	317	67	25
210	316	69	25
227	315	70	25
246	315	69	25
264	316	69	24
282	315	69	25
299	315	69	26
304	315	68	26
298	315	68	25
296	316	68	25
292	315	68	26
289	316	68	26
287	316	67	24
283	316	68	24
281	316	68	24
278	317	67	23
275	317	67	23
273	318	67	23
270	317	66	24
266	318	67	24
263	319	66	23
260	318	66	23
257	319	67	23
254	319	67	23
251	319	67	23
260	318	69	24
278	319	69	24
295	318	70	24
312	319	70	25
330	318	69	25
348	318	69	25
354	319	67	25
349	320	67	25
343	320	67	25
341	320	66	26
337	320	66	26
333	320	66	26
330	321	66	26
326	320	66	27
323	320	66	27
319	321	68	26
315	321	68	26
313	320	68	27
309	321	68	27
306	321	68	28
305	320	68	28
317	322	69	25
335	321	68	26
352	322	68	25
369	323	69	25
385	324	69	24
401	324	66	24
398	323	66	25
393	324	67	25
387	324	67	25
384	324	66	26
380	325	66	25
377	326	66	25
372	326	66	25
367	326	67	25
364	328	66	24
360	327	66	24
356	328	66	23
352	329	66	24
347	330	66	24
344	330	65	23
339	330	66	24
333	331	67	23
330	332	67	23
325	333	67	23
321	333	66	23
317	334	66	23
311	334	67	23
306	330	68	26
301	322	67	24
297	313	68	24
293	306	67	22
288	307	66	21
283	310	66	21
278	309	67	22
273	312	66	20
270	311	67	21
280	312	69	22
297	311	70	23
312	312	70	23
329	311	70	25
344	311	70	25
350	312	68	25
342	312	66	24
337	314	66	24
332	314	66	23
326	314	66	23
320	315	66	23
315	316	67	23
310	315	66	23
316	316	66	23
331	316	66	23
348	318	65	22
364	318	64	22
379	318	64	22
395	319	65	22
410	319	64	23
413	320	63	23
406	320	63	24
399	321	63	24
394	322	61	23
388	323	63	23
381	323	62	23
376	324	62	24
371	323	63	24
366	324	63	25
361	325	59	23
356	325	64	24
351	325	63	24
347	326	63	24
341	327	62	23
337	328	63	23
332	328	63	22
328	330	62	22
324	330	61	21
320	330	61	22
315	331	61	21
310	331	61	22
307	332	60	22
302	332	62	22
297	332	62	23
293	333	63	24
294	332	64	23
308	333	65	23
326	334	64	24
342	334	64	24
342	334	64	25
336	334	63	25
331	335	62	25
325	335	63	26
322	335	62	25
315	336	63	26
312	337	62	26
308	337	62	25
303	337	62	26
300	336	62	26
295	338	62	26
291	337	62	26
287	337	62	26
281	336	63	26
278	338	63	26
274	337	63	26
269	339	63	26
266	338	62	26
262	338	63	27
266	337	65	28
282	338	66	27
298	338	66	27
314	339	65	26
331	339	66	26
347	339	65	25
351	339	62	26
344	340	62	25
339	339	62	25
336	339	62	25
332	339	61	25
327	339	62	25
324	339	62	25
321	339	62	25
318	338	63	25
315	339	62	25
312	339	63	26
310	338	63	26
307	338	63	26
303	338	63	27
300	337	63	27
298	337	63	27
294	337	63	26
292	337	63	26
289	337	63	26
287	336	63	26
285	337	63	26
283	336	63	26
280	335	62	26
277	337	62	25
275	335	63	25
272	336	63	25
270	335	63	26
275	334	66	27
288	333	70	28
307	333	72	29
324	333	73	28
341	333	67	27
339	333	67	27
336	333	65	27
333	333	65	27
331	332	65	28
324	332	68	29
322	330	70	31
318	330	69	30
315	328	71	32
310	330	74	34
305	330	74	31
300	326	79	35
299	328	77	32
295	328	77	33
293	329	76	32
289	328	79	35
283	328	79	35
281	330	78	34
278	329	79	35
278	329	77	35
273	329	79	35
269	329	80	36
271	329	79	36
268	329	76	36
262	328	82	37
264	329	80	36
276	328	81	37
296	329	81	36
313	329	81	37
329	329	79	37
328	328	79	37
323	327	79	38
320	327	78	37
319	326	77	36
317	326	77	35
313	326	78	36
312	326	78	35
309	325	77	35
309	325	76	34
306	325	75	35
302	323	79	38
302	324	75	36
300	324	76	36
297	323	77	36
294	323	79	37
296	324	72	34
292	323	75	36
293	326	71	32
288	324	72	34
290	327	69	31
286	324	71	34
287	326	67	30
282	325	72	33
283	327	68	30
281	326	71	32
282	326	65	30
281	327	67	31
291	325	74	33
314	326	73	32
329	326	70	31
328	327	67	30
324	327	68	30
324	328	67	30
322	329	69	31
321	331	65	28
319	331	66	29
317	329	67	29
315	331	67	29
315	331	65	28
315	333	64	27
312	332	64	28
310	333	65	27
310	334	63	27
308	335	63	28
306	335	63	26
304	334	64	27
303	337	63	27
301	335	64	28
300	336	63	27
299	338	62	26
297	338	61	25
294	339	63	26
292	338	63	28
290	339	63	28
289	339	63	27
287	340	63	26
286	341	62	26
284	341	62	26
282	343	62	26
280	343	63	26
278	342	63	26
277	344	63	26
275	344	62	26
274	345	62	26
273	345	62	27
271	345	63	27
270	345	62	26
267	346	62	27
266	346	62	27
265	347	61	26
264	348	61	25
268	348	66	26
285	348	68	27
307	348	67	27
318	349	63	26
313	349	63	27
311	349	63	27
310	350	63	27
308	350	61	26
306	351	61	26
304	352	61	26
302	352	63	26
301	352	61	25
298	353	62	25
297	353	63	25
295	353	63	26
292	353	63	27
291	353	63	27
289	354	64	27
288	355	63	27
286	356	63	27
284	357	63	26
283	358	62	25
280	359	63	26
278	359	64	26
277	360	63	25
275	361	64	26
273	360	64	26
271	362	65	27
270	362	64	26
268	362	64	26
268	363	62	26
266	365	63	25
265	365	63	25
263	366	62	25
261	367	62	25
258	368	62	25
257	367	63	26
255	368	63	26
255	369	62	25
251	371	63	26
252	362	61	26
250	359	61	26
248	362	62	25
245	364	62	26
244	364	62	25
242	364	63	25
240	366	62	25
240	365	61	24
238	367	61	24
236	367	62	24
236	367	60	24
240	369	64	25
258	369	64	24
268	370	63	25
266	370	63	26
264	372	62	26
263	372	62	25
263	372	61	25
261	374	61	25
260	374	61	24
259	375	63	25
258	375	62	24
256	377	63	25
256	380	63	25
256	382	63	25
256	385	63	25
256	387	63	26
255	391	63	25
255	393	63	25
255	397	62	25
258	401	63	25
274	407	65	23
295	409	67	25
317	413	65	24
334	415	65	27
335	420	63	26
332	425	64	26
332	427	64	26
330	432	65	26
330	435	64	27
329	439	65	27
329	443	65	27
329	448	65	28
330	451	64	26
331	455	64	26
331	459	63	27
332	463	63	26
331	465	64	29
331	470	63	26
331	473	63	26
331	476	63	26
331	479	64	26
331	483	64	25
332	487	62	23
330	490	63	21
331	493	61	17
331	496	60	14
330	500	60	11
347	502	51	10
358	502	54	10
374	502	63	10
393	502	49	10
418	502	53	10
445	502	50	10
474	502	56	10
495	502	48	10
508	502	52	10
522	502	55	10
542	502	56	10
552	502	58	10
601	502	38	10
621	502	18	10
607	502	32	10
610	502	29	10
596	467	43	44
559	396	80	115
545	475	94	34
571	495	68	16
605	500	34	11
608	498	31	10
612	502	27	10
616	502	23	10
611	502	28	10
609	500	29	10
599	502	40	10
608	502	28	10
626	495	13	16
614	502	23	10
601	502	38	10
614	502	24	10
615	501	24	10
611	502	26	10
601	502	33	10
621	502	18	10
606	502	33	10
610	502	29	10
614	502	25	10
607	502	32	10
611	502	25	10
622	495	17	16
588	502	31	10
586	502	36	10
590	499	40	10
611	502	28	10
615	502	23	10
602	502	37	10
603	500	36	10
618	502	21	10
606	501	31	10
617	502	21	10
602	502	36	10
621	502	18	10
606	502	33	10
610	502	29	10
596	467	43	43
563	408	76	97
386	275	135	68
334	300	65	28
336	305	64	27
335	301	65	28
336	294	64	28
337	287	64	27
336	281	64	27
337	273	64	27
337	270	64	26
337	271	65	28
337	275	64	27
336	280	65	26
337	283	65	27
338	287	64	27
338	292	63	26
337	295	64	27
338	299	64	26
337	303	63	26
337	307	63	26
337	307	64	27
337	299	63	27
336	293	64	26
336	288	64	26
336	281	64	27
335	274	64	26
334	269	64	26
333	263	65	27
333	259	66	26
332	263	65	26
332	268	64	26
331	271	63	26
330	276	63	25
329	280	63	25
329	281	64	26
327	273	64	26
326	266	63	26
326	261	63	25
325	254	63	25
323	249	63	25
322	245	63	25
321	242	63	25
320	238	63	25
319	235	63	25
317	239	62	25
316	249	63	26
315	258	63	25
313	266	63	25
311	277	63	26
311	287	62	26
310	297	62	25
307	307	63	25
306	317	63	26
305	327	63	26
303	333	62	25
302	331	63	25
301	332	62	25
299	331	63	26
298	332	62	25
296	333	62	25
294	333	62	25
293	333	62	24
290	334	63	25
296	334	62	24
312	334	64	24
330	335	64	24
349	334	65	25
366	333	65	26
368	332	64	27
364	333	64	28
361	334	63	26
359	336	63	26
357	336	63	25
355	336	63	26
353	336	63	25
351	336	62	25
350	337	62	25
348	338	62	25
346	338	62	24
344	339	63	25
343	338	62	24
340	339	64	26
339	339	63	24
337	339	62	24
335	339	63	25
334	340	62	24
331	341	63	24
330	341	62	24
328	341	62	24
326	342	62	24
323	342	63	24
322	342	62	24
320	343	62	24
318	344	62	24
316	343	62	23
313	344	62	23
311	344	63	23
308	344	62	23
306	345	63	24
304	344	63	23
301	345	63	23
300	345	62	22
297	345	62	22
294	345	62	22
290	345	63	22
287	345	64	23
285	345	63	23
283	346	64	23
280	346	63	22
277	345	63	23
274	345	63	23
272	345	64	23
269	345	64	23
266	342	63	23
263	332	64	24
260	322	63	24
257	313	63	23
254	312	63	23
250	314	64	23
246	314	64	22
243	314	64	22
240	315	64	23
236	315	64	22
234	315	63	22
237	315	63	22
253	314	64	21
271	314	65	22
288	315	66	22
298	314	65	22
292	314	66	23
288	314	66	22
284	314	65	22
280	314	64	23
276	314	65	23
272	313	65	23
269	314	65	23
